// Export time: Sat Nov 14 23:54:38 2020

// Exported using Blender v2.90.1
// Export filename: 'E:/blackops3/mod_xmodel/iw4/tac50/ch_body_gk_tac50_lod1.XMODEL_EXPORT'
// Source filename: 'E:/blackops3/mod_xmodel/iw4/tac50/tac50.blend'
MODEL
VERSION 6

NUMBONES 73
BONE 0 -1 "tag_origin"
BONE 1 0 "j_mainroot"
BONE 2 1 "j_hip_le"
BONE 3 2 "j_knee_le"
BONE 4 3 "j_ankle_le"
BONE 5 4 "j_ball_le"
BONE 6 1 "j_hip_ri"
BONE 7 6 "j_knee_ri"
BONE 8 7 "j_ankle_ri"
BONE 9 8 "j_ball_ri"
BONE 10 1 "j_spinelower"
BONE 11 10 "j_spineupper"
BONE 12 11 "j_spine4"
BONE 13 12 "j_clavicle_le"
BONE 14 13 "j_shoulder_le"
BONE 15 14 "j_elbow_le"
BONE 16 15 "j_wrist_le"
BONE 17 16 "j_index_le_1"
BONE 18 17 "j_index_le_2"
BONE 19 18 "j_index_le_3"
BONE 20 16 "j_mid_le_1"
BONE 21 20 "j_mid_le_2"
BONE 22 21 "j_mid_le_3"
BONE 23 16 "j_pinky_le_1"
BONE 24 23 "j_pinky_le_2"
BONE 25 24 "j_pinky_le_3"
BONE 26 16 "j_ring_le_1"
BONE 27 26 "j_ring_le_2"
BONE 28 27 "j_ring_le_3"
BONE 29 16 "j_thumb_le_1"
BONE 30 29 "j_thumb_le_2"
BONE 31 30 "j_thumb_le_3"
BONE 32 16 "j_wrist_le1"
BONE 33 32 "tag_weapon_left"
BONE 34 15 "j_wristtwist_le"
BONE 35 14 "j_shouldertwist_le"
BONE 36 35 "tag_reflector_arm_le"
BONE 37 12 "j_clavicle_ri"
BONE 38 37 "j_shoulder_ri"
BONE 39 38 "j_elbow_ri"
BONE 40 39 "j_wrist_ri"
BONE 41 40 "j_index_ri_1"
BONE 42 41 "j_index_ri_2"
BONE 43 42 "j_index_ri_3"
BONE 44 40 "j_mid_ri_1"
BONE 45 44 "j_mid_ri_2"
BONE 46 45 "j_mid_ri_3"
BONE 47 40 "j_pinky_ri_1"
BONE 48 47 "j_pinky_ri_2"
BONE 49 48 "j_pinky_ri_3"
BONE 50 40 "j_ring_ri_1"
BONE 51 50 "j_ring_ri_2"
BONE 52 51 "j_ring_ri_3"
BONE 53 40 "j_thumb_ri_1"
BONE 54 53 "j_thumb_ri_2"
BONE 55 54 "j_thumb_ri_3"
BONE 56 40 "j_wrist_ri1"
BONE 57 56 "tag_weapon_right"
BONE 58 56 "j_gun"
BONE 59 39 "j_wristtwist_ri"
BONE 60 38 "j_shouldertwist_ri"
BONE 61 60 "tag_reflector_arm_ri"
BONE 62 12 "j_neck"
BONE 63 62 "j_head"
BONE 64 12 "j_shoulderraise_le"
BONE 65 12 "j_shoulderraise_ri"
BONE 66 12 "tag_bipod"
BONE 67 12 "tag_inhand"
BONE 68 12 "tag_shield_back"
BONE 69 12 "tag_stowed_back"
BONE 70 12 "tag_weapon_chest"
BONE 71 1 "tag_stowed_hip_rear"
BONE 72 0 "tag_sync"

BONE 0
OFFSET 0.000000 0.000000 0.000000
SCALE 1.000000 1.000000 1.000000
X 1.000000 0.000000 0.000000
Y 0.000000 1.000000 0.000000
Z 0.000000 0.000000 1.000000

BONE 1
OFFSET -2.000000 0.000780 37.078247
SCALE 1.000000 1.000000 1.000000
X -0.024749 -0.000056 0.999694
Y 0.999694 0.000059 0.024749
Z -0.000061 1.000000 0.000054

BONE 2
OFFSET -2.595085 3.067382 35.054417
SCALE 1.000000 1.000000 1.000000
X -0.017192 0.000119 -0.999852
Y 0.999842 -0.004517 -0.017192
Z -0.004518 -0.999990 -0.000041

BONE 3
OFFSET -2.878661 3.069270 18.564644
SCALE 1.000000 1.000000 1.000000
X -0.069217 0.000357 -0.997602
Y 0.997591 -0.004503 -0.069218
Z -0.004517 -0.999990 -0.000045

BONE 4
OFFSET -3.938371 3.074621 3.304003
SCALE 1.000000 1.000000 1.000000
X 0.007775 0.007017 -0.999945
Y 0.999749 -0.021051 0.007625
Z -0.020996 -0.999754 -0.007179

BONE 5
OFFSET 0.203518 3.063707 -0.001454
SCALE 1.000000 1.000000 1.000000
X 0.983211 -0.021943 0.181149
Y -0.181262 -0.003260 0.983429
Z -0.020989 -0.999754 -0.007182

BONE 6
OFFSET -2.595085 -3.065822 35.054409
SCALE 1.000000 1.000000 1.000000
X 0.017153 -0.000431 0.999741
Y -0.999852 -0.000213 0.017159
Z 0.000206 -1.000000 -0.000433

BONE 7
OFFSET -2.878688 -3.058808 18.562914
SCALE 1.000000 1.000000 1.000000
X 0.069195 0.001329 0.997491
Y -0.997603 -0.000231 0.069196
Z 0.000323 -0.999999 0.001310

BONE 8
OFFSET -3.938100 -3.079218 3.300612
SCALE 1.000000 1.000000 1.000000
X -0.007839 0.008340 0.999823
Y -0.999643 -0.025593 -0.007614
Z 0.025527 -0.999638 0.008537

BONE 9
OFFSET 0.203157 -3.053979 -0.005452
SCALE 1.000000 1.000000 1.000000
X -0.983120 -0.026643 -0.180981
Y 0.181171 -0.003753 -0.983337
Z 0.025522 -0.999638 0.008516

BONE 10
OFFSET -2.000000 0.000000 41.187237
SCALE 1.000000 1.000000 1.000000
X -0.029880 -0.000052 0.999554
Y 0.999553 0.000059 0.029880
Z -0.000060 1.000000 0.000051

BONE 11
OFFSET -2.379820 0.000199 44.696533
SCALE 1.000000 1.000000 1.000000
X 0.020434 -0.000061 0.999791
Y 0.999791 0.000062 -0.020434
Z -0.000060 1.000000 0.000063

BONE 12
OFFSET -2.603790 0.000017 47.658089
SCALE 1.000000 1.000000 1.000000
X 0.046977 -0.000058 0.998896
Y 0.998896 0.000063 -0.046977
Z -0.000060 1.000000 0.000061

BONE 13
OFFSET -2.833102 1.314824 50.709435
SCALE 1.000000 1.000000 1.000000
X 0.022169 0.997012 0.072682
Y -0.999643 0.021024 0.016457
Z 0.014881 -0.072892 0.997183

BONE 14
OFFSET -2.828113 3.944159 50.679836
SCALE 1.000000 1.000000 1.000000
X -0.011907 0.999750 -0.012001
Y -0.996231 -0.012905 -0.085766
Z -0.085913 0.011057 0.996206

BONE 15
OFFSET -3.256449 12.996541 50.679123
SCALE 1.000000 1.000000 1.000000
X -0.006185 0.999723 0.017583
Y -0.996362 -0.004679 -0.085088
Z -0.084996 -0.017921 0.996182

BONE 16
OFFSET -3.253349 21.961582 50.679691
SCALE 1.000000 1.000000 1.000000
X -0.105455 0.991287 -0.077466
Y -0.070221 -0.085247 -0.993856
Z -0.991942 -0.099352 0.078594

BONE 17
OFFSET -2.538239 24.088800 50.717060
SCALE 1.000000 1.000000 1.000000
X 0.078577 0.993732 -0.078068
Y -0.214459 -0.059742 -0.974875
Z -0.973567 0.093363 0.208447

BONE 18
OFFSET -2.445505 25.260254 50.624634
SCALE 1.000000 1.000000 1.000000
X 0.079123 0.993808 -0.076539
Y -0.214350 -0.058139 -0.974996
Z -0.973547 0.093568 0.208450

BONE 19
OFFSET -2.383497 26.040113 50.564354
SCALE 1.000000 1.000000 1.000000
X 0.084284 0.994904 -0.053295
Y -0.212394 -0.034437 -0.976545
Z -0.973542 0.093645 0.208436

BONE 20
OFFSET -3.069056 24.183952 50.805527
SCALE 1.000000 1.000000 1.000000
X -0.000170 0.996871 -0.077572
Y -0.051884 -0.077595 -0.995607
Z -0.998653 0.003859 0.051741

BONE 21
OFFSET -3.069155 25.477140 50.704586
SCALE 1.000000 1.000000 1.000000
X -0.000120 0.996744 -0.079196
Y -0.051815 -0.079215 -0.995483
Z -0.998657 0.003988 0.051661

BONE 22
OFFSET -3.069378 26.338030 50.636032
SCALE 1.000000 1.000000 1.000000
X -0.001113 0.994999 -0.098698
Y -0.051725 -0.098740 -0.993743
Z -0.998661 0.004003 0.051582

BONE 23
OFFSET -4.019646 23.736650 50.493099
SCALE 1.000000 1.000000 1.000000
X -0.125822 0.988891 -0.077694
Y -0.033456 -0.082620 -0.995992
Z -0.991488 -0.122707 0.043469

BONE 24
OFFSET -4.155237 24.803038 50.409012
SCALE 1.000000 1.000000 1.000000
X -0.125691 0.988916 -0.077588
Y -0.033390 -0.082500 -0.996004
Z -0.991507 -0.122586 0.043379

BONE 25
OFFSET -4.229099 25.383907 50.363331
SCALE 1.000000 1.000000 1.000000
X -0.125681 0.988822 -0.078797
Y -0.033108 -0.083682 -0.995915
Z -0.991518 -0.122547 0.043244

BONE 26
OFFSET -3.570773 24.009087 50.705635
SCALE 1.000000 1.000000 1.000000
X -0.062991 0.994848 -0.077974
Y 0.009657 -0.077636 -0.996908
Z -0.997967 -0.063548 -0.004724

BONE 27
OFFSET -3.648632 25.239973 50.608776
SCALE 1.000000 1.000000 1.000000
X -0.062882 0.994845 -0.078097
Y 0.009798 -0.077752 -0.996897
Z -0.997973 -0.063450 -0.004865

BONE 28
OFFSET -3.700591 26.060675 50.544247
SCALE 1.000000 1.000000 1.000000
X -0.062683 0.993542 -0.093338
Y 0.010794 -0.092959 -0.995586
Z -0.997975 -0.063412 -0.004904

BONE 29
OFFSET -2.442768 22.049221 50.355133
SCALE 1.000000 1.000000 1.000000
X 0.534579 0.834510 -0.132832
Y -0.836965 0.544569 0.053632
Z 0.117108 0.082623 0.989649

BONE 30
OFFSET -1.776113 23.090889 50.189068
SCALE 1.000000 1.000000 1.000000
X 0.534708 0.834691 -0.131166
Y -0.837003 0.544505 0.053684
Z 0.116245 0.081199 0.989869

BONE 31
OFFSET -1.287495 23.854324 50.068897
SCALE 1.000000 1.000000 1.000000
X 0.615863 0.782740 -0.088798
Y -0.782998 0.620600 0.041157
Z 0.087335 0.044303 0.995162

BONE 32
OFFSET 0.682543 20.729269 49.072819
SCALE 1.000000 1.000000 1.000000
X -0.105445 0.991288 -0.077472
Y -0.070226 -0.085253 -0.993855
Z -0.991942 -0.099342 0.078598

BONE 33
OFFSET 13.220904 14.592593 25.056288
SCALE 1.000000 1.000000 1.000000
X 0.533078 0.845954 0.006421
Y -0.503197 0.311004 0.806266
Z 0.680161 -0.432929 0.591457

BONE 34
OFFSET -3.254180 19.336908 50.679317
SCALE 1.000000 1.000000 1.000000
X -0.006184 0.999722 0.017596
Y -0.996365 -0.004678 -0.085053
Z -0.084961 -0.017933 0.996184

BONE 35
OFFSET -2.832312 4.301032 50.675438
SCALE 1.000000 1.000000 1.000000
X -0.011927 0.999751 -0.011899
Y -0.996228 -0.012916 -0.085808
Z -0.085954 0.010954 0.996204

BONE 36
OFFSET -2.708112 4.932249 52.345551
SCALE 1.000000 1.000000 1.000000
X 0.039470 -0.292482 0.955375
Y -0.938462 -0.339162 -0.065115
Z 0.343119 -0.893987 -0.288001

BONE 37
OFFSET -2.835145 -1.313696 50.709435
SCALE 1.000000 1.000000 1.000000
X -0.019467 0.997197 -0.072238
Y 0.999655 0.018143 -0.018945
Z -0.017581 -0.072582 -0.997207

BONE 38
OFFSET -2.852156 -3.929047 50.679836
SCALE 1.000000 1.000000 1.000000
X 0.007045 0.999895 0.012639
Y 0.996460 -0.008079 0.083669
Z 0.083763 0.012005 -0.996413

BONE 39
OFFSET -3.238367 -12.995352 50.677399
SCALE 1.000000 1.000000 1.000000
X 0.006394 0.999829 -0.017368
Y 0.996552 -0.004934 0.082818
Z 0.082718 -0.017838 -0.996413

BONE 40
OFFSET -3.237704 -21.960600 50.679806
SCALE 1.000000 1.000000 1.000000
X 0.061523 0.988342 0.139266
Y -0.083715 -0.133929 0.987448
Z 0.994588 -0.072409 0.074499

BONE 41
OFFSET -2.522766 -24.088289 50.717030
SCALE 1.000000 1.000000 1.000000
X -0.078740 0.993830 0.078121
Y 0.055025 -0.073913 0.995745
Z 0.995375 0.082703 -0.048866

BONE 42
OFFSET -2.429949 -25.260397 50.624775
SCALE 1.000000 1.000000 1.000000
X -0.078727 0.993751 0.079128
Y 0.055112 -0.074914 0.995666
Z 0.995371 0.082746 -0.048870

BONE 43
OFFSET -2.368093 -26.040447 50.562786
SCALE 1.000000 1.000000 1.000000
X -0.077987 0.992654 0.092499
Y 0.056189 -0.088258 0.994511
Z 0.995369 0.082757 -0.048894

BONE 44
OFFSET -3.053585 -24.183441 50.805496
SCALE 1.000000 1.000000 1.000000
X 0.000658 0.996865 0.079124
Y -0.103147 -0.078634 0.991553
Z 0.994665 -0.008814 0.102772

BONE 45
OFFSET -3.054502 -25.476458 50.702908
SCALE 1.000000 1.000000 1.000000
X 0.000806 0.997006 0.077324
Y -0.103105 -0.076829 0.991699
Z 0.994670 -0.008772 0.102734

BONE 46
OFFSET -3.055153 -26.339741 50.635986
SCALE 1.000000 1.000000 1.000000
X -0.008532 0.985965 0.166738
Y -0.102800 -0.166726 0.980629
Z 0.994665 -0.008774 0.102779

BONE 47
OFFSET -4.004174 -23.736141 50.493023
SCALE 1.000000 1.000000 1.000000
X 0.125659 0.989010 0.077911
Y -0.119213 -0.062912 0.990873
Z 0.984884 -0.133800 0.109997

BONE 48
OFFSET -4.139787 -24.803890 50.408939
SCALE 1.000000 1.000000 1.000000
X 0.125939 0.988969 0.077979
Y -0.118526 -0.063041 0.990948
Z 0.984931 -0.134041 0.109279

BONE 49
OFFSET -4.213919 -25.385345 50.363155
SCALE 1.000000 1.000000 1.000000
X 0.173696 0.979675 0.100337
Y -0.120682 -0.079943 0.989467
Z 0.977376 -0.183975 0.104343

BONE 50
OFFSET -3.555302 -24.008545 50.705704
SCALE 1.000000 1.000000 1.000000
X 0.062746 0.994947 0.078385
Y -0.161373 -0.067392 0.984590
Z 0.984896 -0.074428 0.156329

BONE 51
OFFSET -3.633012 -25.238895 50.608803
SCALE 1.000000 1.000000 1.000000
X 0.062733 0.994972 0.078077
Y -0.161306 -0.067094 0.984621
Z 0.984908 -0.074362 0.156285

BONE 52
OFFSET -3.684568 -26.058029 50.544487
SCALE 1.000000 1.000000 1.000000
X 0.052052 0.988477 0.142141
Y -0.165062 -0.131860 0.977429
Z 0.984908 -0.074339 0.156296

BONE 53
OFFSET -2.427299 -22.048717 50.355160
SCALE 1.000000 1.000000 1.000000
X -0.534317 0.834830 0.132528
Y 0.843725 0.517220 0.143565
Z 0.051306 0.188526 -0.980727

BONE 54
OFFSET -1.760746 -23.090555 50.189659
SCALE 1.000000 1.000000 1.000000
X -0.534378 0.834828 0.132297
Y 0.843679 0.517290 0.143587
Z 0.051434 0.188346 -0.980755

BONE 55
OFFSET -1.270663 -23.856319 50.068314
SCALE 1.000000 1.000000 1.000000
X -0.497855 0.856159 0.138319
Y 0.865731 0.481151 0.137851
Z 0.051470 0.188377 -0.980747

BONE 56
OFFSET -7.337219 -23.362518 51.586029
SCALE 1.000000 1.000000 1.000000
X 0.061525 0.988341 0.139277
Y -0.083705 -0.133940 0.987448
Z 0.994589 -0.072411 0.074488

BONE 57
OFFSET -11.873383 -27.853577 53.588242
SCALE 1.000000 1.000000 1.000000
X 0.550953 -0.833040 0.049951
Y 0.586105 0.343639 -0.733753
Z 0.594080 0.433540 0.677578

BONE 58
OFFSET -11.873380 -27.853575 53.588242
SCALE 1.000000 1.000000 1.000000
X 0.550685 -0.833174 0.050657
Y 0.613777 0.363051 -0.701050
Z 0.565705 0.417151 0.711309

BONE 59
OFFSET -3.237908 -19.335854 50.679131
SCALE 1.000000 1.000000 1.000000
X 0.006376 0.999829 -0.017375
Y 0.996554 -0.004916 0.082799
Z 0.082699 -0.017843 -0.996415

BONE 60
OFFSET -2.854434 -4.250711 50.675777
SCALE 1.000000 1.000000 1.000000
X 0.007049 0.999895 0.012632
Y 0.996460 -0.008081 0.083669
Z 0.083762 0.011997 -0.996413

BONE 61
OFFSET -2.723059 -4.883042 52.347385
SCALE 1.000000 1.000000 1.000000
X -0.043014 0.244433 0.968711
Y 0.925959 -0.354346 0.130527
Z 0.375164 0.902603 -0.211093

BONE 62
OFFSET -2.601121 0.000000 52.014503
SCALE 1.000000 1.000000 1.000000
X 0.309750 -0.000044 0.950818
Y 0.950818 0.000075 -0.309751
Z -0.000058 1.000000 0.000065

BONE 63
OFFSET -2.601120 0.000000 54.344643
SCALE 1.000000 1.000000 1.000000
X 0.216397 -0.000041 0.976305
Y 0.976305 0.000072 -0.216397
Z -0.000061 1.000000 0.000055

BONE 64
OFFSET -2.468975 3.696729 54.180607
SCALE 1.000000 1.000000 1.000000
X -0.019310 -0.997191 -0.072368
Y 0.999659 -0.017985 -0.018907
Z 0.017552 -0.072708 0.997199

BONE 65
OFFSET -2.468526 -3.697414 54.180302
SCALE 1.000000 1.000000 1.000000
X 0.022382 -0.997311 0.071318
Y -0.999638 -0.021261 0.016476
Z -0.014914 -0.071808 -0.997359

BONE 66
OFFSET 15.300226 -26.192743 28.933697
SCALE 1.000000 1.000000 1.000000
X 1.000000 -0.000081 0.000100
Y 0.000081 1.000000 0.000045
Z -0.000100 -0.000045 1.000000

BONE 67
OFFSET 10.054743 -26.193617 35.878254
SCALE 1.000000 1.000000 1.000000
X -0.000162 1.000000 0.000202
Y 0.764297 0.000254 -0.644863
Z -0.644863 0.000050 -0.764298

BONE 68
OFFSET -10.339820 0.735502 48.022961
SCALE 1.000000 1.000000 1.000000
X -0.989756 -0.000190 0.142769
Y 0.000192 -1.000000 -0.000000
Z 0.142769 0.000027 0.989756

BONE 69
OFFSET -8.643003 -4.222486 46.072407
SCALE 1.000000 1.000000 1.000000
X -0.006993 0.025919 -0.999639
Y -0.984168 -0.177220 0.002290
Z -0.177096 0.983827 0.026749

BONE 70
OFFSET 10.054741 -26.193617 35.878258
SCALE 1.000000 1.000000 1.000000
X 1.000000 -0.000034 0.000100
Y 0.000034 1.000000 -0.000002
Z -0.000100 0.000002 1.000000

BONE 71
OFFSET -8.642948 -2.408084 33.977833
SCALE 1.000000 1.000000 1.000000
X -0.188122 0.137937 0.972411
Y 0.149141 -0.974594 0.167100
Z 0.970756 0.176462 0.162771

BONE 72
OFFSET -0.002094 -0.000000 -0.000000
SCALE 1.000000 1.000000 1.000000
X -1.000000 0.000000 0.000000
Y 0.000000 -1.000000 0.000000
Z 0.000000 0.000000 1.000000


NUMVERTS 5442
VERT 0
OFFSET -6.069013 2.198457 30.870398
BONES 3
BONE 6 0.028636
BONE 1 0.182959
BONE 2 0.788406

VERT 1
OFFSET -5.626084 -0.002537 29.973227
BONES 5
BONE 6 0.499871
BONE 3 0.000000
BONE 2 0.500129
BONE 34 0.000000
BONE 59 0.000000

VERT 2
OFFSET -5.758471 1.449395 29.980944
BONES 5
BONE 1 0.034984
BONE 6 0.061027
BONE 2 0.903989
BONE 34 0.000000
BONE 59 0.000000

VERT 3
OFFSET -6.265714 0.996478 31.810118
BONES 3
BONE 6 0.103216
BONE 1 0.407674
BONE 2 0.489110

VERT 4
OFFSET -6.363980 2.262669 31.715353
BONES 2
BONE 2 0.526404
BONE 1 0.473596

VERT 5
OFFSET -6.019031 3.478528 30.857113
BONES 4
BONE 2 0.808586
BONE 1 0.191414
BONE 34 0.000000
BONE 59 0.000000

VERT 6
OFFSET -5.692026 4.297536 29.971939
BONES 2
BONE 2 0.926814
BONE 1 0.073186

VERT 7
OFFSET -5.903242 4.410515 31.545259
BONES 2
BONE 1 0.293121
BONE 2 0.706879

VERT 8
OFFSET -5.296605 5.249661 31.737064
BONES 2
BONE 1 0.244147
BONE 2 0.755853

VERT 9
OFFSET -6.172768 3.703799 31.568613
BONES 2
BONE 1 0.376275
BONE 2 0.623725

VERT 10
OFFSET -4.292219 5.550909 29.972178
BONES 2
BONE 1 0.020000
BONE 2 0.980000

VERT 11
OFFSET -4.383333 5.778628 32.114536
BONES 2
BONE 1 0.210767
BONE 2 0.789233

VERT 12
OFFSET -3.218533 5.653883 29.974459
BONES 2
BONE 1 0.010000
BONE 2 0.990000

VERT 13
OFFSET -3.159469 5.812018 32.470955
BONES 2
BONE 2 0.827972
BONE 1 0.172028

VERT 14
OFFSET -6.709972 2.823773 32.601460
BONES 2
BONE 1 0.752738
BONE 2 0.247262

VERT 15
OFFSET -6.060618 4.709818 32.625496
BONES 2
BONE 1 0.518840
BONE 2 0.481160

VERT 16
OFFSET -6.657194 3.902153 33.270363
BONES 2
BONE 1 0.730081
BONE 2 0.269919

VERT 17
OFFSET -6.118089 4.868691 33.895008
BONES 2
BONE 1 0.684581
BONE 2 0.315419

VERT 18
OFFSET -7.018058 3.030012 33.802212
BONES 2
BONE 2 0.151685
BONE 1 0.848315

VERT 19
OFFSET -7.107346 1.967763 33.735977
BONES 2
BONE 1 0.888585
BONE 2 0.111415

VERT 20
OFFSET -6.777832 4.018384 34.659168
BONES 2
BONE 2 0.157387
BONE 1 0.842614

VERT 21
OFFSET -5.323570 5.421934 32.718803
BONES 2
BONE 1 0.419010
BONE 2 0.580990

VERT 22
OFFSET -4.325487 5.799368 33.645535
BONES 2
BONE 1 0.441271
BONE 2 0.558729

VERT 23
OFFSET -7.098820 0.817279 34.503517
BONES 2
BONE 2 0.033210
BONE 1 0.966790

VERT 24
OFFSET -5.268087 5.518455 33.951721
BONES 2
BONE 2 0.416630
BONE 1 0.583370

VERT 25
OFFSET -5.942107 4.720808 35.684780
BONES 2
BONE 1 0.867171
BONE 2 0.132829

VERT 26
OFFSET -5.028276 5.262039 35.831909
BONES 2
BONE 1 0.827927
BONE 2 0.172073

VERT 27
OFFSET -3.881637 5.322460 36.429325
BONES 2
BONE 1 0.867005
BONE 2 0.132995

VERT 28
OFFSET -7.087443 3.134761 35.164108
BONES 2
BONE 2 0.083165
BONE 1 0.916835

VERT 29
OFFSET -7.275096 2.260431 34.835133
BONES 2
BONE 2 0.067804
BONE 1 0.932196

VERT 30
OFFSET -7.255057 1.507230 35.294754
BONES 2
BONE 2 0.025009
BONE 1 0.974991

VERT 31
OFFSET -7.062074 2.258945 36.339569
BONES 2
BONE 2 0.018864
BONE 1 0.981136

VERT 32
OFFSET -7.095843 1.551610 36.345570
BONES 2
BONE 1 0.994475
BONE 2 0.005525

VERT 33
OFFSET -6.765634 3.042572 36.729778
BONES 2
BONE 2 0.023962
BONE 1 0.976038

VERT 34
OFFSET -7.092112 0.613696 35.281609
BONES 2
BONE 1 0.997210
BONE 2 0.002790

VERT 35
OFFSET -7.046918 0.749638 36.007202
BONES 2
BONE 1 0.998373
BONE 2 0.001627

VERT 36
OFFSET -6.888703 0.765972 36.588364
BONES 1
BONE 1 1.000000

VERT 37
OFFSET -6.668981 0.685183 37.068260
BONES 1
BONE 1 1.000000

VERT 38
OFFSET -6.646293 1.595160 37.310638
BONES 1
BONE 1 1.000000

VERT 39
OFFSET -5.736527 1.862415 38.714764
BONES 2
BONE 10 0.018998
BONE 1 0.981002

VERT 40
OFFSET -6.088363 0.820177 38.007694
BONES 2
BONE 1 0.997417
BONE 10 0.002583

VERT 41
OFFSET -5.943423 0.008197 38.236317
BONES 1
BONE 1 1.000000

VERT 42
OFFSET -5.572052 0.735066 39.214165
BONES 2
BONE 10 0.108628
BONE 1 0.891373

VERT 43
OFFSET -5.451245 1.473453 39.397724
BONES 2
BONE 10 0.102525
BONE 1 0.897475

VERT 44
OFFSET -5.562378 2.672395 38.706245
BONES 3
BONE 2 0.000424
BONE 1 0.977577
BONE 10 0.021999

VERT 45
OFFSET -4.933746 2.838789 39.648342
BONES 4
BONE 1 0.887872
BONE 10 0.112128
BONE 34 0.000000
BONE 59 0.000000

VERT 46
OFFSET -4.554905 3.417881 39.670036
BONES 4
BONE 1 0.882546
BONE 10 0.117454
BONE 34 0.000000
BONE 59 0.000000

VERT 47
OFFSET -5.265975 4.256401 37.725811
BONES 2
BONE 2 0.033326
BONE 1 0.966674

VERT 48
OFFSET -6.071444 3.701377 37.323074
BONES 2
BONE 2 0.030707
BONE 1 0.969293

VERT 49
OFFSET -4.338045 4.573157 38.145035
BONES 2
BONE 1 0.978700
BONE 2 0.021300

VERT 50
OFFSET -3.930348 3.954299 39.619984
BONES 2
BONE 1 0.885124
BONE 10 0.114876

VERT 51
OFFSET -3.490677 4.795352 38.124424
BONES 3
BONE 2 0.024687
BONE 1 0.963053
BONE 10 0.012260

VERT 52
OFFSET -3.349102 4.282641 39.552345
BONES 5
BONE 1 0.883242
BONE 10 0.116758
BONE 3 0.000000
BONE 34 0.000000
BONE 59 0.000000

VERT 53
OFFSET -2.541677 4.429292 39.411549
BONES 5
BONE 1 0.878983
BONE 10 0.121017
BONE 3 0.000000
BONE 34 0.000000
BONE 59 0.000000

VERT 54
OFFSET -6.508394 3.918611 36.162167
BONES 4
BONE 1 0.941289
BONE 2 0.058711
BONE 34 0.000000
BONE 59 0.000000

VERT 55
OFFSET -2.752416 5.141212 36.708199
BONES 2
BONE 2 0.138990
BONE 1 0.861010

VERT 56
OFFSET -6.572220 2.242388 37.410324
BONES 2
BONE 2 0.000882
BONE 1 0.999118

VERT 57
OFFSET -6.707752 0.347368 33.045017
BONES 2
BONE 1 0.941429
BONE 2 0.058571

VERT 58
OFFSET -6.266187 -0.002246 32.409855
BONES 6
BONE 1 0.250000
BONE 3 0.000000
BONE 6 0.375054
BONE 2 0.374946
BONE 34 0.000000
BONE 59 0.000000

VERT 59
OFFSET -6.265790 -1.001430 31.808622
BONES 3
BONE 2 0.103265
BONE 1 0.407650
BONE 6 0.489085

VERT 60
OFFSET -6.069135 -2.206723 30.868385
BONES 3
BONE 2 0.028693
BONE 1 0.182951
BONE 6 0.788356

VERT 61
OFFSET -5.911486 -2.390156 29.984890
BONES 3
BONE 1 0.067845
BONE 2 0.000012
BONE 6 0.932143

VERT 62
OFFSET -6.364796 -2.265779 31.716333
BONES 2
BONE 6 0.526180
BONE 1 0.473820

VERT 63
OFFSET -6.017863 -3.486669 30.858261
BONES 4
BONE 6 0.808598
BONE 1 0.191402
BONE 34 0.000000
BONE 59 0.000000

VERT 64
OFFSET -5.903490 -4.415811 31.547689
BONES 2
BONE 1 0.293155
BONE 6 0.706845

VERT 65
OFFSET -5.296592 -5.255488 31.742476
BONES 2
BONE 1 0.244361
BONE 6 0.755639

VERT 66
OFFSET -6.173151 -3.707915 31.570335
BONES 2
BONE 1 0.376246
BONE 6 0.623754

VERT 67
OFFSET -4.382814 -5.783391 32.117836
BONES 2
BONE 1 0.210594
BONE 6 0.789406

VERT 68
OFFSET -3.218446 -5.664758 29.980614
BONES 2
BONE 1 0.010000
BONE 6 0.990000

VERT 69
OFFSET -3.158450 -5.816276 32.470295
BONES 2
BONE 6 0.828602
BONE 1 0.171398

VERT 70
OFFSET -2.218383 -5.410941 29.982990
BONES 2
BONE 1 0.010000
BONE 6 0.990000

VERT 71
OFFSET -2.055716 -5.509411 32.985039
BONES 2
BONE 1 0.202055
BONE 6 0.797945

VERT 72
OFFSET -1.284513 -5.022447 31.471872
BONES 5
BONE 3 0.000000
BONE 1 0.040141
BONE 6 0.959859
BONE 34 0.000000
BONE 59 0.000000

VERT 73
OFFSET -0.658915 -4.415992 32.906448
BONES 2
BONE 1 0.169191
BONE 6 0.830809

VERT 74
OFFSET -0.239217 -3.434051 31.532667
BONES 2
BONE 6 0.958399
BONE 1 0.041601

VERT 75
OFFSET -0.096491 -2.508795 33.448990
BONES 2
BONE 1 0.278048
BONE 6 0.721952

VERT 76
OFFSET -0.759643 -4.220127 29.985561
BONES 2
BONE 1 0.010665
BONE 6 0.989335

VERT 77
OFFSET -0.103766 -1.171617 32.417934
BONES 3
BONE 2 0.031004
BONE 1 0.163338
BONE 6 0.805658

VERT 78
OFFSET -0.019465 -0.822140 33.702003
BONES 2
BONE 1 0.669251
BONE 6 0.330749

VERT 79
OFFSET -0.662123 -4.121365 36.030598
BONES 2
BONE 6 0.334720
BONE 1 0.665280

VERT 80
OFFSET -1.251481 -5.023560 33.709946
BONES 2
BONE 1 0.254493
BONE 6 0.745507

VERT 81
OFFSET -1.257989 -4.628883 36.636940
BONES 2
BONE 1 0.755136
BONE 6 0.244864

VERT 82
OFFSET -0.853465 -4.164981 37.831364
BONES 3
BONE 10 0.024722
BONE 6 0.051210
BONE 1 0.924069

VERT 83
OFFSET -1.444172 -4.533001 37.951756
BONES 3
BONE 1 0.921642
BONE 6 0.066876
BONE 10 0.011483

VERT 84
OFFSET -1.993354 -5.227723 35.278111
BONES 2
BONE 1 0.543793
BONE 6 0.456207

VERT 85
OFFSET -2.587264 -4.957111 37.458836
BONES 3
BONE 10 0.003089
BONE 6 0.069043
BONE 1 0.927868

VERT 86
OFFSET -0.388375 -3.675276 37.195969
BONES 3
BONE 1 0.897784
BONE 10 0.008780
BONE 6 0.093436

VERT 87
OFFSET -0.242283 -3.481883 35.489304
BONES 2
BONE 6 0.380671
BONE 1 0.619329

VERT 88
OFFSET -0.132555 -2.628276 37.248875
BONES 3
BONE 6 0.049208
BONE 1 0.917162
BONE 10 0.033630

VERT 89
OFFSET -3.022874 -5.660923 34.154819
BONES 2
BONE 1 0.416255
BONE 6 0.583745

VERT 90
OFFSET -0.120367 -2.820219 35.157978
BONES 2
BONE 1 0.539702
BONE 6 0.460298

VERT 91
OFFSET -0.102605 -2.030633 34.581318
BONES 2
BONE 6 0.444164
BONE 1 0.555836

VERT 92
OFFSET -0.010715 -2.201230 38.069664
BONES 5
BONE 1 0.844916
BONE 10 0.155084
BONE 3 0.000000
BONE 34 0.000000
BONE 59 0.000000

VERT 93
OFFSET 0.324538 -0.823978 37.780846
BONES 5
BONE 1 0.848209
BONE 10 0.151791
BONE 3 0.000000
BONE 34 0.000000
BONE 59 0.000000

VERT 94
OFFSET 0.228362 0.643633 36.375275
BONES 3
BONE 6 0.001339
BONE 10 0.036648
BONE 1 0.962013

VERT 95
OFFSET 0.324537 0.823979 37.780849
BONES 5
BONE 1 0.848208
BONE 10 0.151792
BONE 3 0.000000
BONE 34 0.000000
BONE 59 0.000000

VERT 96
OFFSET -0.132505 2.628126 37.249096
BONES 3
BONE 2 0.049179
BONE 10 0.033631
BONE 1 0.917189

VERT 97
OFFSET 0.167890 1.564112 37.910046
BONES 5
BONE 1 0.844735
BONE 10 0.155265
BONE 3 0.000000
BONE 34 0.000000
BONE 59 0.000000

VERT 98
OFFSET -0.010715 2.201231 38.069664
BONES 5
BONE 1 0.844916
BONE 10 0.155084
BONE 3 0.000000
BONE 34 0.000000
BONE 59 0.000000

VERT 99
OFFSET 0.139878 1.290214 35.877625
BONES 2
BONE 1 0.973131
BONE 2 0.026869

VERT 100
OFFSET 0.204364 -0.692142 36.197411
BONES 3
BONE 2 0.001236
BONE 1 0.963402
BONE 10 0.035362

VERT 101
OFFSET -0.255697 3.506945 35.773132
BONES 2
BONE 2 0.318309
BONE 1 0.681691

VERT 102
OFFSET -0.388337 3.675466 37.195446
BONES 3
BONE 10 0.008760
BONE 2 0.093487
BONE 1 0.897753

VERT 103
OFFSET -0.853457 4.165219 37.830383
BONES 3
BONE 10 0.024679
BONE 2 0.051326
BONE 1 0.923995

VERT 104
OFFSET -1.444541 4.533297 37.952091
BONES 3
BONE 1 0.921573
BONE 2 0.066984
BONE 10 0.011443

VERT 105
OFFSET -1.257936 4.629426 36.636852
BONES 2
BONE 2 0.244782
BONE 1 0.755218

VERT 106
OFFSET -0.697272 4.142387 36.211105
BONES 2
BONE 2 0.300096
BONE 1 0.699904

VERT 107
OFFSET -1.256685 5.006180 33.879818
BONES 2
BONE 2 0.722283
BONE 1 0.277716

VERT 108
OFFSET -0.653943 4.355012 33.770557
BONES 2
BONE 2 0.745264
BONE 1 0.254736

VERT 109
OFFSET -1.677753 4.368777 39.210876
BONES 3
BONE 2 0.000159
BONE 10 0.128649
BONE 1 0.871192

VERT 110
OFFSET -1.993992 5.229342 35.271172
BONES 2
BONE 1 0.542920
BONE 2 0.457080

VERT 111
OFFSET -2.055604 5.505948 32.989532
BONES 2
BONE 2 0.797138
BONE 1 0.202862

VERT 112
OFFSET -2.481688 4.766200 38.105877
BONES 3
BONE 10 0.007923
BONE 1 0.960966
BONE 2 0.031111

VERT 113
OFFSET -1.240514 5.018897 32.330215
BONES 2
BONE 2 0.900412
BONE 1 0.099588

VERT 114
OFFSET -2.218462 5.400102 29.977398
BONES 2
BONE 1 0.010000
BONE 2 0.990000

VERT 115
OFFSET -3.023023 5.659944 34.155064
BONES 2
BONE 2 0.583178
BONE 1 0.416822

VERT 116
OFFSET -0.238567 3.466646 33.301361
BONES 2
BONE 1 0.194973
BONE 2 0.805027

VERT 117
OFFSET -0.087099 2.329414 33.238747
BONES 3
BONE 6 0.004453
BONE 2 0.737038
BONE 1 0.258509

VERT 118
OFFSET -0.034422 1.079405 33.311207
BONES 2
BONE 2 0.544683
BONE 1 0.455317

VERT 119
OFFSET -0.190359 3.361434 31.328033
BONES 2
BONE 2 0.967239
BONE 1 0.032761

VERT 120
OFFSET -0.120361 2.820626 35.157772
BONES 2
BONE 1 0.539671
BONE 2 0.460329

VERT 121
OFFSET -0.102572 2.034210 34.590836
BONES 2
BONE 2 0.442742
BONE 1 0.557258

VERT 122
OFFSET 0.037729 0.739389 34.326500
BONES 2
BONE 1 0.948598
BONE 2 0.051402

VERT 123
OFFSET -0.060942 -0.000267 33.713024
BONES 5
BONE 6 0.099844
BONE 2 0.099844
BONE 1 0.800312
BONE 34 0.000000
BONE 59 0.000000

VERT 124
OFFSET 0.140071 -1.289483 35.879242
BONES 2
BONE 6 0.026820
BONE 1 0.973180

VERT 125
OFFSET -3.462590 -4.735097 38.295830
BONES 3
BONE 10 0.015076
BONE 1 0.966600
BONE 6 0.018324

VERT 126
OFFSET -3.349101 -4.282642 39.552338
BONES 5
BONE 1 0.883242
BONE 10 0.116758
BONE 3 0.000000
BONE 34 0.000000
BONE 59 0.000000

VERT 127
OFFSET -3.930346 -3.954303 39.619980
BONES 2
BONE 1 0.885125
BONE 10 0.114875

VERT 128
OFFSET -4.338031 -4.573153 38.145069
BONES 2
BONE 1 0.978701
BONE 6 0.021299

VERT 129
OFFSET -4.554890 -3.417894 39.670044
BONES 4
BONE 1 0.882545
BONE 10 0.117455
BONE 34 0.000000
BONE 59 0.000000

VERT 130
OFFSET -5.265989 -4.256424 37.725784
BONES 2
BONE 6 0.033327
BONE 1 0.966673

VERT 131
OFFSET -4.933750 -2.838784 39.648342
BONES 4
BONE 1 0.887872
BONE 10 0.112128
BONE 34 0.000000
BONE 59 0.000000

VERT 132
OFFSET -6.071456 -3.701392 37.323067
BONES 2
BONE 6 0.030707
BONE 1 0.969293

VERT 133
OFFSET -5.562383 -2.672408 38.706234
BONES 3
BONE 6 0.000424
BONE 1 0.977577
BONE 10 0.021999

VERT 134
OFFSET -5.736571 -1.862068 38.714771
BONES 2
BONE 10 0.018997
BONE 1 0.981003

VERT 135
OFFSET -6.089435 -0.815546 38.006470
BONES 2
BONE 1 0.997403
BONE 10 0.002597

VERT 136
OFFSET -6.637787 -0.507529 37.057724
BONES 1
BONE 1 1.000000

VERT 137
OFFSET -6.859125 -0.351237 36.519985
BONES 1
BONE 1 1.000000

VERT 138
OFFSET -7.046921 -0.749651 36.007198
BONES 2
BONE 6 0.001627
BONE 1 0.998373

VERT 139
OFFSET -6.958736 -0.000029 35.145016
BONES 1
BONE 1 1.000000

VERT 140
OFFSET -5.451211 -1.473580 39.397751
BONES 2
BONE 10 0.102523
BONE 1 0.897477

VERT 141
OFFSET -5.613919 -0.002522 39.103077
BONES 5
BONE 1 0.891355
BONE 10 0.108645
BONE 3 0.000000
BONE 34 0.000000
BONE 59 0.000000

VERT 142
OFFSET -7.112773 -0.718683 35.345081
BONES 2
BONE 6 0.003420
BONE 1 0.996580

VERT 143
OFFSET -7.098818 -0.817344 34.503265
BONES 2
BONE 1 0.966787
BONE 6 0.033214

VERT 144
OFFSET -6.897938 -0.367051 34.084492
BONES 2
BONE 6 0.024424
BONE 1 0.975576

VERT 145
OFFSET -7.107410 -1.968249 33.735970
BONES 2
BONE 1 0.888585
BONE 6 0.111415

VERT 146
OFFSET -7.018056 -3.030354 33.802242
BONES 2
BONE 6 0.151685
BONE 1 0.848315

VERT 147
OFFSET -6.657201 -3.902934 33.270878
BONES 2
BONE 1 0.730088
BONE 6 0.269912

VERT 148
OFFSET -6.777815 -4.018483 34.659290
BONES 2
BONE 6 0.157393
BONE 1 0.842607

VERT 149
OFFSET -6.060403 -4.711960 32.626575
BONES 2
BONE 1 0.518756
BONE 6 0.481244

VERT 150
OFFSET -6.118094 -4.869190 33.896015
BONES 2
BONE 1 0.684587
BONE 6 0.315413

VERT 151
OFFSET -6.709923 -2.825011 32.601295
BONES 2
BONE 1 0.752726
BONE 6 0.247274

VERT 152
OFFSET -5.323313 -5.424413 32.720936
BONES 2
BONE 1 0.418910
BONE 6 0.581090

VERT 153
OFFSET -4.325260 -5.800656 33.646919
BONES 2
BONE 1 0.441033
BONE 6 0.558967

VERT 154
OFFSET -6.706018 -0.378837 33.025677
BONES 2
BONE 1 0.931205
BONE 6 0.068795

VERT 155
OFFSET -6.838372 0.259780 33.846519
BONES 2
BONE 2 0.021717
BONE 1 0.978283

VERT 156
OFFSET -0.746229 3.878164 38.817146
BONES 2
BONE 10 0.140310
BONE 1 0.859690

VERT 157
OFFSET 0.411016 -0.000013 37.715130
BONES 2
BONE 10 0.146639
BONE 1 0.853361

VERT 158
OFFSET -0.278688 3.058802 38.396454
BONES 2
BONE 10 0.151567
BONE 1 0.848433

VERT 159
OFFSET 0.167890 -1.564112 37.910046
BONES 5
BONE 1 0.844735
BONE 10 0.155265
BONE 3 0.000000
BONE 34 0.000000
BONE 59 0.000000

VERT 160
OFFSET -0.278496 -3.058499 38.396336
BONES 2
BONE 10 0.151430
BONE 1 0.848570

VERT 161
OFFSET -0.746201 -3.878134 38.817123
BONES 2
BONE 10 0.140309
BONE 1 0.859691

VERT 162
OFFSET -1.677602 -4.368782 39.210850
BONES 3
BONE 6 0.000158
BONE 10 0.128653
BONE 1 0.871189

VERT 163
OFFSET -2.541676 -4.429294 39.411549
BONES 5
BONE 1 0.878983
BONE 10 0.121017
BONE 3 0.000000
BONE 34 0.000000
BONE 59 0.000000

VERT 164
OFFSET -5.284550 -2.139233 39.562164
BONES 2
BONE 10 0.102724
BONE 1 0.897276

VERT 165
OFFSET -5.284548 2.139233 39.562164
BONES 2
BONE 10 0.102724
BONE 1 0.897276

VERT 166
OFFSET -5.598507 0.387660 39.149029
BONES 5
BONE 1 0.890847
BONE 10 0.109153
BONE 3 0.000000
BONE 34 0.000000
BONE 59 0.000000

VERT 167
OFFSET -5.585972 -0.603137 39.182217
BONES 2
BONE 1 0.891171
BONE 10 0.108829

VERT 168
OFFSET -5.942120 -4.720480 35.685623
BONES 2
BONE 1 0.867233
BONE 6 0.132767

VERT 169
OFFSET -5.028169 -5.261570 35.833302
BONES 2
BONE 1 0.828046
BONE 6 0.171954

VERT 170
OFFSET -5.268021 -5.519130 33.953308
BONES 2
BONE 1 0.583349
BONE 6 0.416651

VERT 171
OFFSET -3.894349 -5.318679 36.435219
BONES 2
BONE 6 0.131701
BONE 1 0.868299

VERT 172
OFFSET -6.508397 -3.918608 36.162189
BONES 4
BONE 1 0.941289
BONE 6 0.058711
BONE 34 0.000000
BONE 59 0.000000

VERT 173
OFFSET -6.572198 -2.242389 37.410374
BONES 2
BONE 6 0.000882
BONE 1 0.999118

VERT 174
OFFSET -6.666943 -1.387847 37.266590
BONES 1
BONE 1 1.000000

VERT 175
OFFSET -7.095843 -1.551599 36.345570
BONES 2
BONE 6 0.005525
BONE 1 0.994475

VERT 176
OFFSET -7.062074 -2.258911 36.339565
BONES 2
BONE 6 0.018864
BONE 1 0.981136

VERT 177
OFFSET -7.255061 -1.507243 35.294701
BONES 2
BONE 6 0.025009
BONE 1 0.974991

VERT 178
OFFSET -6.765615 -3.042572 36.729832
BONES 2
BONE 6 0.023959
BONE 1 0.976041

VERT 179
OFFSET -7.275099 -2.260482 34.835094
BONES 2
BONE 6 0.067803
BONE 1 0.932197

VERT 180
OFFSET -7.087444 -3.134759 35.164158
BONES 2
BONE 6 0.083164
BONE 1 0.916836

VERT 181
OFFSET -5.138825 5.083892 29.969418
BONES 2
BONE 2 0.944477
BONE 1 0.055523

VERT 182
OFFSET -5.889274 3.360999 29.990179
BONES 2
BONE 2 0.940778
BONE 1 0.059222

VERT 183
OFFSET -5.912271 2.379864 29.988865
BONES 2
BONE 2 0.932149
BONE 1 0.067851

VERT 184
OFFSET -0.761823 4.566356 29.981323
BONES 2
BONE 2 0.990000
BONE 1 0.010000

VERT 185
OFFSET -5.755158 -1.443162 29.982759
BONES 5
BONE 1 0.034984
BONE 2 0.061027
BONE 6 0.903989
BONE 34 0.000000
BONE 59 0.000000

VERT 186
OFFSET -5.889255 -3.371461 29.991138
BONES 2
BONE 6 0.940778
BONE 1 0.059222

VERT 187
OFFSET -5.691985 -4.307819 29.974819
BONES 2
BONE 6 0.926814
BONE 1 0.073186

VERT 188
OFFSET -5.138753 -5.094391 29.974051
BONES 2
BONE 6 0.944477
BONE 1 0.055523

VERT 189
OFFSET -4.292125 -5.561690 29.977934
BONES 2
BONE 1 0.020000
BONE 6 0.980000

VERT 190
OFFSET -1.385249 -4.935743 29.984095
BONES 2
BONE 1 0.010000
BONE 6 0.990000

VERT 191
OFFSET -0.319568 -3.320703 29.988844
BONES 2
BONE 1 0.010000
BONE 6 0.990000

VERT 192
OFFSET -0.197918 -2.458186 29.988567
BONES 3
BONE 6 0.966926
BONE 1 0.018011
BONE 2 0.015062

VERT 193
OFFSET -0.255005 -2.454330 29.990320
BONES 4
BONE 6 0.983510
BONE 1 0.016490
BONE 34 0.000000
BONE 59 0.000000

VERT 194
OFFSET -0.239077 -1.609172 29.990484
BONES 3
BONE 6 0.934772
BONE 2 0.048896
BONE 1 0.016332

VERT 195
OFFSET -0.250860 0.962988 29.994404
BONES 5
BONE 6 0.148533
BONE 1 0.014621
BONE 2 0.836846
BONE 34 0.000000
BONE 59 0.000000

VERT 196
OFFSET -0.233084 1.676503 29.992666
BONES 3
BONE 2 0.944087
BONE 1 0.016471
BONE 6 0.039442

VERT 197
OFFSET -0.254993 2.443607 29.991335
BONES 4
BONE 2 0.983510
BONE 1 0.016490
BONE 34 0.000000
BONE 59 0.000000

VERT 198
OFFSET -0.251283 3.312447 29.988972
BONES 2
BONE 1 0.010000
BONE 2 0.990000

VERT 199
OFFSET -0.441101 4.158899 29.983583
BONES 4
BONE 2 0.990000
BONE 1 0.010000
BONE 34 0.000000
BONE 59 0.000000

VERT 200
OFFSET -0.516286 4.229925 31.073141
BONES 5
BONE 3 0.000000
BONE 1 0.039919
BONE 2 0.960081
BONE 34 0.000000
BONE 59 0.000000

VERT 201
OFFSET -0.683712 4.490390 31.420528
BONES 2
BONE 2 0.960081
BONE 1 0.039919

VERT 202
OFFSET -0.694967 4.340365 33.514870
BONES 2
BONE 2 0.793454
BONE 1 0.206546

VERT 203
OFFSET -3.912790 0.013731 32.877399
BONES 1
BONE 1 1.000000

VERT 204
OFFSET -3.966494 0.166873 32.884132
BONES 2
BONE 2 0.000151
BONE 1 0.999849

VERT 205
OFFSET -3.565872 0.261480 32.869156
BONES 2
BONE 2 0.003219
BONE 1 0.996781

VERT 206
OFFSET -2.022846 0.476712 32.827835
BONES 2
BONE 2 0.006165
BONE 1 0.993835

VERT 207
OFFSET -2.571130 0.551653 32.906029
BONES 2
BONE 1 0.985841
BONE 2 0.014159

VERT 208
OFFSET -1.968440 -0.304843 32.798588
BONES 2
BONE 6 0.002263
BONE 1 0.997737

VERT 209
OFFSET -1.176087 1.037530 33.240479
BONES 4
BONE 2 0.170978
BONE 1 0.829022
BONE 34 0.000000
BONE 59 0.000000

VERT 210
OFFSET -0.834914 1.319852 33.510384
BONES 2
BONE 1 0.663640
BONE 2 0.336360

VERT 211
OFFSET -0.438783 1.995574 34.299679
BONES 2
BONE 2 0.461873
BONE 1 0.538127

VERT 212
OFFSET -0.326927 2.805511 35.179024
BONES 2
BONE 2 0.415377
BONE 1 0.584623

VERT 213
OFFSET -0.498455 3.511784 35.630527
BONES 2
BONE 1 0.631993
BONE 2 0.368007

VERT 214
OFFSET -0.321763 3.021225 36.255550
BONES 2
BONE 2 0.214906
BONE 1 0.785094

VERT 215
OFFSET -0.440584 3.567775 37.751869
BONES 3
BONE 10 0.033268
BONE 1 0.935788
BONE 2 0.030944

VERT 216
OFFSET -0.191011 2.030453 35.780006
BONES 2
BONE 2 0.113907
BONE 1 0.886093

VERT 217
OFFSET -0.835244 4.111900 35.958267
BONES 2
BONE 1 0.653337
BONE 2 0.346663

VERT 218
OFFSET -1.342798 4.537014 36.325546
BONES 2
BONE 1 0.705234
BONE 2 0.294766

VERT 219
OFFSET -1.286223 4.866208 34.084110
BONES 2
BONE 2 0.686454
BONE 1 0.313546

VERT 220
OFFSET -2.045152 5.272682 34.377041
BONES 2
BONE 2 0.601394
BONE 1 0.398606

VERT 221
OFFSET -3.240023 5.706010 32.275005
BONES 2
BONE 1 0.163429
BONE 2 0.836571

VERT 222
OFFSET -0.077995 2.193006 37.193710
BONES 3
BONE 10 0.043204
BONE 2 0.013258
BONE 1 0.943538

VERT 223
OFFSET 0.093550 1.425875 36.979748
BONES 5
BONE 1 0.951908
BONE 2 0.001623
BONE 10 0.046469
BONE 34 0.000000
BONE 59 0.000000

VERT 224
OFFSET -0.011932 0.211925 35.235474
BONES 2
BONE 10 0.001035
BONE 1 0.998965

VERT 225
OFFSET 0.226637 0.745573 36.870148
BONES 4
BONE 10 0.057560
BONE 1 0.942440
BONE 34 0.000000
BONE 59 0.000000

VERT 226
OFFSET 0.264801 0.000003 36.826366
BONES 4
BONE 10 0.064568
BONE 1 0.935432
BONE 34 0.000000
BONE 59 0.000000

VERT 227
OFFSET -0.302592 3.108777 37.527439
BONES 5
BONE 1 0.938856
BONE 2 0.024000
BONE 10 0.037144
BONE 34 0.000000
BONE 59 0.000000

VERT 228
OFFSET -0.849445 4.047800 38.037769
BONES 3
BONE 10 0.034143
BONE 2 0.025815
BONE 1 0.940041

VERT 229
OFFSET -1.399061 4.372728 38.307419
BONES 3
BONE 1 0.954466
BONE 2 0.022979
BONE 10 0.022554

VERT 230
OFFSET -2.160579 4.547735 38.534683
BONES 3
BONE 10 0.028262
BONE 2 0.013575
BONE 1 0.958163

VERT 231
OFFSET -1.872854 4.756461 36.814114
BONES 2
BONE 1 0.787446
BONE 2 0.212554

VERT 232
OFFSET -4.646167 0.121425 32.952095
BONES 2
BONE 2 0.003347
BONE 1 0.996653

VERT 233
OFFSET -5.739145 -0.051670 33.290062
BONES 2
BONE 1 0.995916
BONE 6 0.004084

VERT 234
OFFSET -3.967938 -0.154632 32.896107
BONES 2
BONE 1 0.999548
BONE 6 0.000451

VERT 235
OFFSET -3.591705 -0.255235 32.867382
BONES 2
BONE 6 0.002667
BONE 1 0.997333

VERT 236
OFFSET -2.157725 -0.697118 32.919659
BONES 2
BONE 1 0.960783
BONE 6 0.039217

VERT 237
OFFSET -2.773260 3.310612 3.429380
BONES 2
BONE 3 0.758137
BONE 4 0.241863

VERT 238
OFFSET -2.854146 3.247773 4.165941
BONES 2
BONE 3 0.905016
BONE 4 0.094984

VERT 239
OFFSET -2.520146 2.798259 3.519177
BONES 5
BONE 10 0.000000
BONE 4 0.265042
BONE 3 0.734958
BONE 34 0.000000
BONE 59 0.000000

VERT 240
OFFSET -2.675274 2.872516 4.254045
BONES 2
BONE 3 0.911070
BONE 4 0.088930

VERT 241
OFFSET -3.368428 3.662207 3.277787
BONES 2
BONE 3 0.755830
BONE 4 0.244170

VERT 242
OFFSET -3.192553 3.530554 4.249244
BONES 2
BONE 4 0.091669
BONE 3 0.908331

VERT 243
OFFSET -2.667602 3.206363 7.206031
BONES 1
BONE 3 1.000000

VERT 244
OFFSET -2.794314 2.751473 7.198557
BONES 1
BONE 3 1.000000

VERT 245
OFFSET -2.497514 2.812768 11.349584
BONES 1
BONE 3 1.000000

VERT 246
OFFSET -3.284589 2.301365 9.526993
BONES 1
BONE 3 1.000000

VERT 247
OFFSET -3.174200 2.489467 6.973011
BONES 1
BONE 3 1.000000

VERT 248
OFFSET -3.986361 2.240645 7.697290
BONES 1
BONE 3 1.000000

VERT 249
OFFSET -3.358889 1.888925 12.586740
BONES 1
BONE 3 1.000000

VERT 250
OFFSET -2.934389 2.215180 12.521554
BONES 2
BONE 2 0.001921
BONE 3 0.998079

VERT 251
OFFSET -3.259329 1.908216 16.062883
BONES 2
BONE 2 0.067904
BONE 3 0.932096

VERT 252
OFFSET -3.920403 1.673151 13.681860
BONES 2
BONE 3 0.994274
BONE 2 0.005726

VERT 253
OFFSET -2.465617 2.635509 15.627119
BONES 4
BONE 2 0.025882
BONE 3 0.974118
BONE 34 0.000000
BONE 59 0.000000

VERT 254
OFFSET -2.397717 3.432726 11.108009
BONES 1
BONE 3 1.000000

VERT 255
OFFSET -2.763136 3.942789 10.078439
BONES 1
BONE 3 1.000000

VERT 256
OFFSET -3.342485 4.380082 10.665180
BONES 1
BONE 3 1.000000

VERT 257
OFFSET -2.381234 3.312598 15.550332
BONES 2
BONE 3 0.985349
BONE 2 0.014651

VERT 258
OFFSET -2.819572 4.033821 14.883467
BONES 2
BONE 3 0.986794
BONE 2 0.013206

VERT 259
OFFSET -3.410156 4.491550 13.497976
BONES 2
BONE 2 0.003085
BONE 3 0.996915

VERT 260
OFFSET -3.299187 4.167663 16.550322
BONES 2
BONE 3 0.942890
BONE 2 0.057110

VERT 261
OFFSET -2.488401 3.606345 16.770153
BONES 2
BONE 2 0.050054
BONE 3 0.949946

VERT 262
OFFSET -2.252464 3.223997 16.703773
BONES 2
BONE 3 0.952864
BONE 2 0.047136

VERT 263
OFFSET -2.331671 2.666940 16.602455
BONES 2
BONE 3 0.936291
BONE 2 0.063710

VERT 264
OFFSET -1.690862 2.509327 18.836792
BONES 2
BONE 2 0.243128
BONE 3 0.756872

VERT 265
OFFSET -2.028567 2.102053 18.649584
BONES 2
BONE 3 0.774432
BONE 2 0.225568

VERT 266
OFFSET -1.750061 3.152733 18.673431
BONES 2
BONE 3 0.806139
BONE 2 0.193861

VERT 267
OFFSET -2.071044 3.664614 19.328686
BONES 2
BONE 2 0.339480
BONE 3 0.660520

VERT 268
OFFSET -2.557878 3.981419 19.333624
BONES 2
BONE 3 0.643010
BONE 2 0.356990

VERT 269
OFFSET -1.964576 1.996912 20.037964
BONES 2
BONE 2 0.563891
BONE 3 0.436109

VERT 270
OFFSET -1.615401 3.106464 20.469475
BONES 2
BONE 2 0.664206
BONE 3 0.335794

VERT 271
OFFSET -1.622663 2.433482 20.361031
BONES 2
BONE 2 0.630859
BONE 3 0.369141

VERT 272
OFFSET -2.829489 1.389205 19.975233
BONES 2
BONE 2 0.557422
BONE 3 0.442578

VERT 273
