// Export time: Sat Nov 14 23:54:20 2020

// Exported using Blender v2.90.1
// Export filename: 'E:/blackops3/mod_xmodel/iw4/tac50/ch_body_gk_tac50_lod2.XMODEL_EXPORT'
// Source filename: 'E:/blackops3/mod_xmodel/iw4/tac50/tac50.blend'
MODEL
VERSION 6

NUMBONES 73
BONE 0 -1 "tag_origin"
BONE 1 0 "j_mainroot"
BONE 2 1 "j_hip_le"
BONE 3 2 "j_knee_le"
BONE 4 3 "j_ankle_le"
BONE 5 4 "j_ball_le"
BONE 6 1 "j_hip_ri"
BONE 7 6 "j_knee_ri"
BONE 8 7 "j_ankle_ri"
BONE 9 8 "j_ball_ri"
BONE 10 1 "j_spinelower"
BONE 11 10 "j_spineupper"
BONE 12 11 "j_spine4"
BONE 13 12 "j_clavicle_le"
BONE 14 13 "j_shoulder_le"
BONE 15 14 "j_elbow_le"
BONE 16 15 "j_wrist_le"
BONE 17 16 "j_index_le_1"
BONE 18 17 "j_index_le_2"
BONE 19 18 "j_index_le_3"
BONE 20 16 "j_mid_le_1"
BONE 21 20 "j_mid_le_2"
BONE 22 21 "j_mid_le_3"
BONE 23 16 "j_pinky_le_1"
BONE 24 23 "j_pinky_le_2"
BONE 25 24 "j_pinky_le_3"
BONE 26 16 "j_ring_le_1"
BONE 27 26 "j_ring_le_2"
BONE 28 27 "j_ring_le_3"
BONE 29 16 "j_thumb_le_1"
BONE 30 29 "j_thumb_le_2"
BONE 31 30 "j_thumb_le_3"
BONE 32 16 "j_wrist_le1"
BONE 33 32 "tag_weapon_left"
BONE 34 15 "j_wristtwist_le"
BONE 35 14 "j_shouldertwist_le"
BONE 36 35 "tag_reflector_arm_le"
BONE 37 12 "j_clavicle_ri"
BONE 38 37 "j_shoulder_ri"
BONE 39 38 "j_elbow_ri"
BONE 40 39 "j_wrist_ri"
BONE 41 40 "j_index_ri_1"
BONE 42 41 "j_index_ri_2"
BONE 43 42 "j_index_ri_3"
BONE 44 40 "j_mid_ri_1"
BONE 45 44 "j_mid_ri_2"
BONE 46 45 "j_mid_ri_3"
BONE 47 40 "j_pinky_ri_1"
BONE 48 47 "j_pinky_ri_2"
BONE 49 48 "j_pinky_ri_3"
BONE 50 40 "j_ring_ri_1"
BONE 51 50 "j_ring_ri_2"
BONE 52 51 "j_ring_ri_3"
BONE 53 40 "j_thumb_ri_1"
BONE 54 53 "j_thumb_ri_2"
BONE 55 54 "j_thumb_ri_3"
BONE 56 40 "j_wrist_ri1"
BONE 57 56 "tag_weapon_right"
BONE 58 56 "j_gun"
BONE 59 39 "j_wristtwist_ri"
BONE 60 38 "j_shouldertwist_ri"
BONE 61 60 "tag_reflector_arm_ri"
BONE 62 12 "j_neck"
BONE 63 62 "j_head"
BONE 64 12 "j_shoulderraise_le"
BONE 65 12 "j_shoulderraise_ri"
BONE 66 12 "tag_bipod"
BONE 67 12 "tag_inhand"
BONE 68 12 "tag_shield_back"
BONE 69 12 "tag_stowed_back"
BONE 70 12 "tag_weapon_chest"
BONE 71 1 "tag_stowed_hip_rear"
BONE 72 0 "tag_sync"

BONE 0
OFFSET 0.000000 0.000000 0.000000
SCALE 1.000000 1.000000 1.000000
X 1.000000 0.000000 0.000000
Y 0.000000 1.000000 0.000000
Z 0.000000 0.000000 1.000000

BONE 1
OFFSET -2.000000 0.000780 37.078247
SCALE 1.000000 1.000000 1.000000
X -0.024749 -0.000056 0.999694
Y 0.999694 0.000059 0.024749
Z -0.000061 1.000000 0.000054

BONE 2
OFFSET -2.595085 3.067382 35.054417
SCALE 1.000000 1.000000 1.000000
X -0.017192 0.000119 -0.999852
Y 0.999842 -0.004517 -0.017192
Z -0.004518 -0.999990 -0.000041

BONE 3
OFFSET -2.878661 3.069270 18.564644
SCALE 1.000000 1.000000 1.000000
X -0.069217 0.000357 -0.997602
Y 0.997591 -0.004503 -0.069218
Z -0.004517 -0.999990 -0.000045

BONE 4
OFFSET -3.938371 3.074621 3.304003
SCALE 1.000000 1.000000 1.000000
X 0.007775 0.007017 -0.999945
Y 0.999749 -0.021051 0.007625
Z -0.020996 -0.999754 -0.007179

BONE 5
OFFSET 0.203518 3.063707 -0.001454
SCALE 1.000000 1.000000 1.000000
X 0.983211 -0.021943 0.181149
Y -0.181262 -0.003260 0.983429
Z -0.020989 -0.999754 -0.007182

BONE 6
OFFSET -2.595085 -3.065822 35.054409
SCALE 1.000000 1.000000 1.000000
X 0.017153 -0.000431 0.999741
Y -0.999852 -0.000213 0.017159
Z 0.000206 -1.000000 -0.000433

BONE 7
OFFSET -2.878688 -3.058808 18.562914
SCALE 1.000000 1.000000 1.000000
X 0.069195 0.001329 0.997491
Y -0.997603 -0.000231 0.069196
Z 0.000323 -0.999999 0.001310

BONE 8
OFFSET -3.938100 -3.079218 3.300612
SCALE 1.000000 1.000000 1.000000
X -0.007839 0.008340 0.999823
Y -0.999643 -0.025593 -0.007614
Z 0.025527 -0.999638 0.008537

BONE 9
OFFSET 0.203157 -3.053979 -0.005452
SCALE 1.000000 1.000000 1.000000
X -0.983120 -0.026643 -0.180981
Y 0.181171 -0.003753 -0.983337
Z 0.025522 -0.999638 0.008516

BONE 10
OFFSET -2.000000 0.000000 41.187237
SCALE 1.000000 1.000000 1.000000
X -0.029880 -0.000052 0.999554
Y 0.999553 0.000059 0.029880
Z -0.000060 1.000000 0.000051

BONE 11
OFFSET -2.379820 0.000199 44.696533
SCALE 1.000000 1.000000 1.000000
X 0.020434 -0.000061 0.999791
Y 0.999791 0.000062 -0.020434
Z -0.000060 1.000000 0.000063

BONE 12
OFFSET -2.603790 0.000017 47.658089
SCALE 1.000000 1.000000 1.000000
X 0.046977 -0.000058 0.998896
Y 0.998896 0.000063 -0.046977
Z -0.000060 1.000000 0.000061

BONE 13
OFFSET -2.833102 1.314824 50.709435
SCALE 1.000000 1.000000 1.000000
X 0.022169 0.997012 0.072682
Y -0.999643 0.021024 0.016457
Z 0.014881 -0.072892 0.997183

BONE 14
OFFSET -2.828113 3.944159 50.679836
SCALE 1.000000 1.000000 1.000000
X -0.011907 0.999750 -0.012001
Y -0.996231 -0.012905 -0.085766
Z -0.085913 0.011057 0.996206

BONE 15
OFFSET -3.256449 12.996541 50.679123
SCALE 1.000000 1.000000 1.000000
X -0.006185 0.999723 0.017583
Y -0.996362 -0.004679 -0.085088
Z -0.084996 -0.017921 0.996182

BONE 16
OFFSET -3.253349 21.961582 50.679691
SCALE 1.000000 1.000000 1.000000
X -0.105455 0.991287 -0.077466
Y -0.070221 -0.085247 -0.993856
Z -0.991942 -0.099352 0.078594

BONE 17
OFFSET -2.538239 24.088800 50.717060
SCALE 1.000000 1.000000 1.000000
X 0.078577 0.993732 -0.078068
Y -0.214459 -0.059742 -0.974875
Z -0.973567 0.093363 0.208447

BONE 18
OFFSET -2.445505 25.260254 50.624634
SCALE 1.000000 1.000000 1.000000
X 0.079123 0.993808 -0.076539
Y -0.214350 -0.058139 -0.974996
Z -0.973547 0.093568 0.208450

BONE 19
OFFSET -2.383497 26.040113 50.564354
SCALE 1.000000 1.000000 1.000000
X 0.084284 0.994904 -0.053295
Y -0.212394 -0.034437 -0.976545
Z -0.973542 0.093645 0.208436

BONE 20
OFFSET -3.069056 24.183952 50.805527
SCALE 1.000000 1.000000 1.000000
X -0.000170 0.996871 -0.077572
Y -0.051884 -0.077595 -0.995607
Z -0.998653 0.003859 0.051741

BONE 21
OFFSET -3.069155 25.477140 50.704586
SCALE 1.000000 1.000000 1.000000
X -0.000120 0.996744 -0.079196
Y -0.051815 -0.079215 -0.995483
Z -0.998657 0.003988 0.051661

BONE 22
OFFSET -3.069378 26.338030 50.636032
SCALE 1.000000 1.000000 1.000000
X -0.001113 0.994999 -0.098698
Y -0.051725 -0.098740 -0.993743
Z -0.998661 0.004003 0.051582

BONE 23
OFFSET -4.019646 23.736650 50.493099
SCALE 1.000000 1.000000 1.000000
X -0.125822 0.988891 -0.077694
Y -0.033456 -0.082620 -0.995992
Z -0.991488 -0.122707 0.043469

BONE 24
OFFSET -4.155237 24.803038 50.409012
SCALE 1.000000 1.000000 1.000000
X -0.125691 0.988916 -0.077588
Y -0.033390 -0.082500 -0.996004
Z -0.991507 -0.122586 0.043379

BONE 25
OFFSET -4.229099 25.383907 50.363331
SCALE 1.000000 1.000000 1.000000
X -0.125681 0.988822 -0.078797
Y -0.033108 -0.083682 -0.995915
Z -0.991518 -0.122547 0.043244

BONE 26
OFFSET -3.570773 24.009087 50.705635
SCALE 1.000000 1.000000 1.000000
X -0.062991 0.994848 -0.077974
Y 0.009657 -0.077636 -0.996908
Z -0.997967 -0.063548 -0.004724

BONE 27
OFFSET -3.648632 25.239973 50.608776
SCALE 1.000000 1.000000 1.000000
X -0.062882 0.994845 -0.078097
Y 0.009798 -0.077752 -0.996897
Z -0.997973 -0.063450 -0.004865

BONE 28
OFFSET -3.700591 26.060675 50.544247
SCALE 1.000000 1.000000 1.000000
X -0.062683 0.993542 -0.093338
Y 0.010794 -0.092959 -0.995586
Z -0.997975 -0.063412 -0.004904

BONE 29
OFFSET -2.442768 22.049221 50.355133
SCALE 1.000000 1.000000 1.000000
X 0.534579 0.834510 -0.132832
Y -0.836965 0.544569 0.053632
Z 0.117108 0.082623 0.989649

BONE 30
OFFSET -1.776113 23.090889 50.189068
SCALE 1.000000 1.000000 1.000000
X 0.534708 0.834691 -0.131166
Y -0.837003 0.544505 0.053684
Z 0.116245 0.081199 0.989869

BONE 31
OFFSET -1.287495 23.854324 50.068897
SCALE 1.000000 1.000000 1.000000
X 0.615863 0.782740 -0.088798
Y -0.782998 0.620600 0.041157
Z 0.087335 0.044303 0.995162

BONE 32
OFFSET 0.682543 20.729269 49.072819
SCALE 1.000000 1.000000 1.000000
X -0.105445 0.991288 -0.077472
Y -0.070226 -0.085253 -0.993855
Z -0.991942 -0.099342 0.078598

BONE 33
OFFSET 13.220904 14.592593 25.056288
SCALE 1.000000 1.000000 1.000000
X 0.533078 0.845954 0.006421
Y -0.503197 0.311004 0.806266
Z 0.680161 -0.432929 0.591457

BONE 34
OFFSET -3.254180 19.336908 50.679317
SCALE 1.000000 1.000000 1.000000
X -0.006184 0.999722 0.017596
Y -0.996365 -0.004678 -0.085053
Z -0.084961 -0.017933 0.996184

BONE 35
OFFSET -2.832312 4.301032 50.675438
SCALE 1.000000 1.000000 1.000000
X -0.011927 0.999751 -0.011899
Y -0.996228 -0.012916 -0.085808
Z -0.085954 0.010954 0.996204

BONE 36
OFFSET -2.708112 4.932249 52.345551
SCALE 1.000000 1.000000 1.000000
X 0.039470 -0.292482 0.955375
Y -0.938462 -0.339162 -0.065115
Z 0.343119 -0.893987 -0.288001

BONE 37
OFFSET -2.835145 -1.313696 50.709435
SCALE 1.000000 1.000000 1.000000
X -0.019467 0.997197 -0.072238
Y 0.999655 0.018143 -0.018945
Z -0.017581 -0.072582 -0.997207

BONE 38
OFFSET -2.852156 -3.929047 50.679836
SCALE 1.000000 1.000000 1.000000
X 0.007045 0.999895 0.012639
Y 0.996460 -0.008079 0.083669
Z 0.083763 0.012005 -0.996413

BONE 39
OFFSET -3.238367 -12.995352 50.677399
SCALE 1.000000 1.000000 1.000000
X 0.006394 0.999829 -0.017368
Y 0.996552 -0.004934 0.082818
Z 0.082718 -0.017838 -0.996413

BONE 40
OFFSET -3.237704 -21.960600 50.679806
SCALE 1.000000 1.000000 1.000000
X 0.061523 0.988342 0.139266
Y -0.083715 -0.133929 0.987448
Z 0.994588 -0.072409 0.074499

BONE 41
OFFSET -2.522766 -24.088289 50.717030
SCALE 1.000000 1.000000 1.000000
X -0.078740 0.993830 0.078121
Y 0.055025 -0.073913 0.995745
Z 0.995375 0.082703 -0.048866

BONE 42
OFFSET -2.429949 -25.260397 50.624775
SCALE 1.000000 1.000000 1.000000
X -0.078727 0.993751 0.079128
Y 0.055112 -0.074914 0.995666
Z 0.995371 0.082746 -0.048870

BONE 43
OFFSET -2.368093 -26.040447 50.562786
SCALE 1.000000 1.000000 1.000000
X -0.077987 0.992654 0.092499
Y 0.056189 -0.088258 0.994511
Z 0.995369 0.082757 -0.048894

BONE 44
OFFSET -3.053585 -24.183441 50.805496
SCALE 1.000000 1.000000 1.000000
X 0.000658 0.996865 0.079124
Y -0.103147 -0.078634 0.991553
Z 0.994665 -0.008814 0.102772

BONE 45
OFFSET -3.054502 -25.476458 50.702908
SCALE 1.000000 1.000000 1.000000
X 0.000806 0.997006 0.077324
Y -0.103105 -0.076829 0.991699
Z 0.994670 -0.008772 0.102734

BONE 46
OFFSET -3.055153 -26.339741 50.635986
SCALE 1.000000 1.000000 1.000000
X -0.008532 0.985965 0.166738
Y -0.102800 -0.166726 0.980629
Z 0.994665 -0.008774 0.102779

BONE 47
OFFSET -4.004174 -23.736141 50.493023
SCALE 1.000000 1.000000 1.000000
X 0.125659 0.989010 0.077911
Y -0.119213 -0.062912 0.990873
Z 0.984884 -0.133800 0.109997

BONE 48
OFFSET -4.139787 -24.803890 50.408939
SCALE 1.000000 1.000000 1.000000
X 0.125939 0.988969 0.077979
Y -0.118526 -0.063041 0.990948
Z 0.984931 -0.134041 0.109279

BONE 49
OFFSET -4.213919 -25.385345 50.363155
SCALE 1.000000 1.000000 1.000000
X 0.173696 0.979675 0.100337
Y -0.120682 -0.079943 0.989467
Z 0.977376 -0.183975 0.104343

BONE 50
OFFSET -3.555302 -24.008545 50.705704
SCALE 1.000000 1.000000 1.000000
X 0.062746 0.994947 0.078385
Y -0.161373 -0.067392 0.984590
Z 0.984896 -0.074428 0.156329

BONE 51
OFFSET -3.633012 -25.238895 50.608803
SCALE 1.000000 1.000000 1.000000
X 0.062733 0.994972 0.078077
Y -0.161306 -0.067094 0.984621
Z 0.984908 -0.074362 0.156285

BONE 52
OFFSET -3.684568 -26.058029 50.544487
SCALE 1.000000 1.000000 1.000000
X 0.052052 0.988477 0.142141
Y -0.165062 -0.131860 0.977429
Z 0.984908 -0.074339 0.156296

BONE 53
OFFSET -2.427299 -22.048717 50.355160
SCALE 1.000000 1.000000 1.000000
X -0.534317 0.834830 0.132528
Y 0.843725 0.517220 0.143565
Z 0.051306 0.188526 -0.980727

BONE 54
OFFSET -1.760746 -23.090555 50.189659
SCALE 1.000000 1.000000 1.000000
X -0.534378 0.834828 0.132297
Y 0.843679 0.517290 0.143587
Z 0.051434 0.188346 -0.980755

BONE 55
OFFSET -1.270663 -23.856319 50.068314
SCALE 1.000000 1.000000 1.000000
X -0.497855 0.856159 0.138319
Y 0.865731 0.481151 0.137851
Z 0.051470 0.188377 -0.980747

BONE 56
OFFSET -7.337219 -23.362518 51.586029
SCALE 1.000000 1.000000 1.000000
X 0.061525 0.988341 0.139277
Y -0.083705 -0.133940 0.987448
Z 0.994589 -0.072411 0.074488

BONE 57
OFFSET -11.873383 -27.853577 53.588242
SCALE 1.000000 1.000000 1.000000
X 0.550953 -0.833040 0.049951
Y 0.586105 0.343639 -0.733753
Z 0.594080 0.433540 0.677578

BONE 58
OFFSET -11.873380 -27.853575 53.588242
SCALE 1.000000 1.000000 1.000000
X 0.550685 -0.833174 0.050657
Y 0.613777 0.363051 -0.701050
Z 0.565705 0.417151 0.711309

BONE 59
OFFSET -3.237908 -19.335854 50.679131
SCALE 1.000000 1.000000 1.000000
X 0.006376 0.999829 -0.017375
Y 0.996554 -0.004916 0.082799
Z 0.082699 -0.017843 -0.996415

BONE 60
OFFSET -2.854434 -4.250711 50.675777
SCALE 1.000000 1.000000 1.000000
X 0.007049 0.999895 0.012632
Y 0.996460 -0.008081 0.083669
Z 0.083762 0.011997 -0.996413

BONE 61
OFFSET -2.723059 -4.883042 52.347385
SCALE 1.000000 1.000000 1.000000
X -0.043014 0.244433 0.968711
Y 0.925959 -0.354346 0.130527
Z 0.375164 0.902603 -0.211093

BONE 62
OFFSET -2.601121 0.000000 52.014503
SCALE 1.000000 1.000000 1.000000
X 0.309750 -0.000044 0.950818
Y 0.950818 0.000075 -0.309751
Z -0.000058 1.000000 0.000065

BONE 63
OFFSET -2.601120 0.000000 54.344643
SCALE 1.000000 1.000000 1.000000
X 0.216397 -0.000041 0.976305
Y 0.976305 0.000072 -0.216397
Z -0.000061 1.000000 0.000055

BONE 64
OFFSET -2.468975 3.696729 54.180607
SCALE 1.000000 1.000000 1.000000
X -0.019310 -0.997191 -0.072368
Y 0.999659 -0.017985 -0.018907
Z 0.017552 -0.072708 0.997199

BONE 65
OFFSET -2.468526 -3.697414 54.180302
SCALE 1.000000 1.000000 1.000000
X 0.022382 -0.997311 0.071318
Y -0.999638 -0.021261 0.016476
Z -0.014914 -0.071808 -0.997359

BONE 66
OFFSET 15.300226 -26.192743 28.933697
SCALE 1.000000 1.000000 1.000000
X 1.000000 -0.000081 0.000100
Y 0.000081 1.000000 0.000045
Z -0.000100 -0.000045 1.000000

BONE 67
OFFSET 10.054743 -26.193617 35.878254
SCALE 1.000000 1.000000 1.000000
X -0.000162 1.000000 0.000202
Y 0.764297 0.000254 -0.644863
Z -0.644863 0.000050 -0.764298

BONE 68
OFFSET -10.339820 0.735502 48.022961
SCALE 1.000000 1.000000 1.000000
X -0.989756 -0.000190 0.142769
Y 0.000192 -1.000000 -0.000000
Z 0.142769 0.000027 0.989756

BONE 69
OFFSET -8.643003 -4.222486 46.072407
SCALE 1.000000 1.000000 1.000000
X -0.006993 0.025919 -0.999639
Y -0.984168 -0.177220 0.002290
Z -0.177096 0.983827 0.026749

BONE 70
OFFSET 10.054741 -26.193617 35.878258
SCALE 1.000000 1.000000 1.000000
X 1.000000 -0.000034 0.000100
Y 0.000034 1.000000 -0.000002
Z -0.000100 0.000002 1.000000

BONE 71
OFFSET -8.642948 -2.408084 33.977833
SCALE 1.000000 1.000000 1.000000
X -0.188122 0.137937 0.972411
Y 0.149141 -0.974594 0.167100
Z 0.970756 0.176462 0.162771

BONE 72
OFFSET -0.002094 -0.000000 -0.000000
SCALE 1.000000 1.000000 1.000000
X -1.000000 0.000000 0.000000
Y 0.000000 -1.000000 0.000000
Z 0.000000 0.000000 1.000000


NUMVERTS 2007
VERT 0
OFFSET -6.175401 1.931129 31.285486
BONES 3
BONE 6 0.038527
BONE 1 0.390549
BONE 2 0.570924

VERT 1
OFFSET -5.626084 -0.002537 29.973227
BONES 5
BONE 6 0.499871
BONE 3 0.000000
BONE 2 0.500129
BONE 34 0.000000
BONE 59 0.000000

VERT 2
OFFSET -5.874279 2.319501 30.005142
BONES 3
BONE 2 0.930190
BONE 6 0.004246
BONE 1 0.065565

VERT 3
OFFSET -6.009639 4.140411 31.396568
BONES 2
BONE 2 0.696333
BONE 1 0.303667

VERT 4
OFFSET -5.692026 4.297536 29.971939
BONES 2
BONE 2 0.926814
BONE 1 0.073186

VERT 5
OFFSET -4.292219 5.550909 29.972178
BONES 2
BONE 1 0.020000
BONE 2 0.980000

VERT 6
OFFSET -4.032858 5.926523 33.034367
BONES 2
BONE 1 0.337385
BONE 2 0.662615

VERT 7
OFFSET -3.218533 5.653883 29.974459
BONES 2
BONE 1 0.010000
BONE 2 0.990000

VERT 8
OFFSET -5.778246 5.156210 32.973007
BONES 2
BONE 1 0.496478
BONE 2 0.503522

VERT 9
OFFSET -6.921193 3.843735 34.414787
BONES 2
BONE 2 0.171741
BONE 1 0.828259

VERT 10
OFFSET -7.139301 2.432157 33.746681
BONES 2
BONE 2 0.142249
BONE 1 0.857751

VERT 11
OFFSET -7.306515 1.543052 35.007935
BONES 2
BONE 2 0.040662
BONE 1 0.959338

VERT 12
OFFSET -5.246893 5.425410 35.034096
BONES 2
BONE 1 0.721346
BONE 2 0.278654

VERT 13
OFFSET -6.996172 1.955733 36.743496
BONES 2
BONE 2 0.007688
BONE 1 0.992312

VERT 14
OFFSET -6.541302 3.539915 36.802776
BONES 2
BONE 1 0.965291
BONE 2 0.034709

VERT 15
OFFSET -6.756276 -0.012648 36.760662
BONES 3
BONE 10 0.000028
BONE 2 0.000146
BONE 1 0.999826

VERT 16
OFFSET -5.293771 1.962653 39.502670
BONES 3
BONE 10 0.102259
BONE 1 0.897740
BONE 2 0.000001

VERT 17
OFFSET -5.518589 0.620285 39.160339
BONES 2
BONE 1 0.891167
BONE 10 0.108833

VERT 18
OFFSET -4.639735 3.319846 39.676052
BONES 2
BONE 10 0.116468
BONE 1 0.883532

VERT 19
OFFSET -5.890049 4.497339 36.550961
BONES 2
BONE 1 0.906385
BONE 2 0.093615

VERT 20
OFFSET -3.426329 4.277588 39.563774
BONES 3
BONE 1 0.884094
BONE 2 0.000132
BONE 10 0.115774

VERT 21
OFFSET -3.776614 5.184275 36.948227
BONES 3
BONE 10 0.003686
BONE 1 0.895886
BONE 2 0.100428

VERT 22
OFFSET -6.665142 0.008682 33.123810
BONES 3
BONE 2 0.029690
BONE 6 0.030449
BONE 1 0.939862

VERT 23
OFFSET -6.175528 -1.934586 31.284548
BONES 3
BONE 2 0.038787
BONE 1 0.390141
BONE 6 0.571072

VERT 24
OFFSET -5.890751 -2.353772 29.994009
BONES 3
BONE 6 0.930992
BONE 2 0.002507
BONE 1 0.066501

VERT 25
OFFSET -6.008345 -4.147747 31.396151
BONES 2
BONE 6 0.696827
BONE 1 0.303173

VERT 26
OFFSET -4.420001 -5.842629 33.164711
BONES 2
BONE 6 0.631991
BONE 1 0.368009

VERT 27
OFFSET -3.218446 -5.664758 29.980614
BONES 2
BONE 1 0.010000
BONE 6 0.990000

VERT 28
OFFSET -2.218383 -5.410941 29.982990
BONES 2
BONE 1 0.010000
BONE 6 0.990000

VERT 29
OFFSET -0.923271 -4.803594 33.290310
BONES 2
BONE 1 0.199042
BONE 6 0.800958

VERT 30
OFFSET -0.231881 -3.294268 29.988379
BONES 3
BONE 2 0.011376
BONE 1 0.023785
BONE 6 0.964839

VERT 31
OFFSET -0.044205 -1.391035 33.763916
BONES 3
BONE 1 0.598856
BONE 6 0.400508
BONE 2 0.000635

VERT 32
OFFSET -0.759643 -4.220127 29.985561
BONES 2
BONE 1 0.010665
BONE 6 0.989335

VERT 33
OFFSET -0.257601 -3.553584 36.530136
BONES 3
BONE 6 0.222437
BONE 1 0.772714
BONE 10 0.004849

VERT 34
OFFSET -0.883877 -4.031896 38.906357
BONES 3
BONE 1 0.859694
BONE 6 0.000010
BONE 10 0.140296

VERT 35
OFFSET -1.683509 -4.405916 39.224373
BONES 3
BONE 1 0.876534
BONE 6 0.007011
BONE 10 0.116455

VERT 36
OFFSET -2.523854 -5.727531 33.320183
BONES 2
BONE 1 0.289972
BONE 6 0.710028

VERT 37
OFFSET -0.059676 -2.341872 38.095539
BONES 3
BONE 6 0.000827
BONE 1 0.847119
BONE 10 0.152055

VERT 38
OFFSET 0.387489 -0.302216 37.717102
BONES 4
BONE 6 0.000144
BONE 2 0.000006
BONE 1 0.853036
BONE 10 0.146813

VERT 39
OFFSET 0.347568 0.733728 37.768093
BONES 5
BONE 1 0.848208
BONE 10 0.151792
BONE 3 0.000000
BONE 34 0.000000
BONE 59 0.000000

VERT 40
OFFSET 0.000223 2.037659 38.019669
BONES 3
BONE 1 0.846550
BONE 10 0.152299
BONE 2 0.001151

VERT 41
OFFSET -0.884382 4.032473 38.906696
BONES 3
BONE 10 0.140285
BONE 2 0.000018
BONE 1 0.859697

VERT 42
OFFSET -1.697330 4.407693 39.227921
BONES 3
BONE 1 0.875614
BONE 2 0.007679
BONE 10 0.116706

VERT 43
OFFSET -1.659913 5.328011 33.857624
BONES 2
BONE 2 0.722121
BONE 1 0.277879

VERT 44
OFFSET -2.218462 5.400102 29.977398
BONES 2
BONE 1 0.010000
BONE 2 0.990000

VERT 45
OFFSET -0.260406 3.412023 29.999207
BONES 2
BONE 1 0.010515
BONE 2 0.989485

VERT 46
OFFSET -0.043266 1.594141 33.880989
BONES 3
BONE 6 0.009272
BONE 2 0.388624
BONE 1 0.602103

VERT 47
OFFSET -3.771742 -5.190078 36.934532
BONES 3
BONE 6 0.101657
BONE 1 0.894348
BONE 10 0.003995

VERT 48
OFFSET -4.639728 -3.319855 39.676060
BONES 2
BONE 10 0.116468
BONE 1 0.883532

VERT 49
OFFSET -5.889776 -4.496977 36.551968
BONES 2
BONE 1 0.906448
BONE 6 0.093552

VERT 50
OFFSET -6.614379 -3.271117 36.980400
BONES 2
BONE 6 0.029366
BONE 1 0.970634

VERT 51
OFFSET -6.978617 -0.114066 35.640537
BONES 2
BONE 6 0.001108
BONE 1 0.998892

VERT 52
OFFSET -7.294913 -2.092776 34.297718
BONES 2
BONE 6 0.097678
BONE 1 0.902322

VERT 53
OFFSET -6.921193 -3.843721 34.415524
BONES 2
BONE 6 0.171701
BONE 1 0.828300

VERT 54
OFFSET -5.777353 -5.158016 32.972019
BONES 2
BONE 1 0.495912
BONE 6 0.504088

VERT 55
OFFSET -0.335927 3.442305 38.551472
BONES 2
BONE 10 0.151567
BONE 1 0.848433

VERT 56
OFFSET -3.426348 -4.277582 39.563766
BONES 3
BONE 6 0.000132
BONE 1 0.884095
BONE 10 0.115773

VERT 57
OFFSET -5.293799 -1.962588 39.502663
BONES 3
BONE 6 0.000001
BONE 10 0.102264
BONE 1 0.897735

VERT 58
OFFSET -5.613550 -0.238725 39.103588
BONES 2
BONE 10 0.108716
BONE 1 0.891284

VERT 59
OFFSET -5.246883 -5.425038 35.035412
BONES 2
BONE 6 0.278615
BONE 1 0.721385

VERT 60
OFFSET -7.014900 -1.633187 36.716084
BONES 2
BONE 6 0.007104
BONE 1 0.992896

VERT 61
OFFSET -5.138825 5.083892 29.969418
BONES 2
BONE 2 0.944477
BONE 1 0.055523

VERT 62
OFFSET -5.889274 3.360999 29.990179
BONES 2
BONE 2 0.940778
BONE 1 0.059222

VERT 63
OFFSET -5.889255 -3.371461 29.991138
BONES 2
BONE 6 0.940778
BONE 1 0.059222

VERT 64
OFFSET -5.691985 -4.307819 29.974819
BONES 2
BONE 6 0.926814
BONE 1 0.073186

VERT 65
OFFSET -5.138753 -5.094391 29.974051
BONES 2
BONE 6 0.944477
BONE 1 0.055523

VERT 66
OFFSET -4.292125 -5.561690 29.977934
BONES 2
BONE 1 0.020000
BONE 6 0.980000

VERT 67
OFFSET -1.385249 -4.935743 29.984095
BONES 2
BONE 1 0.010000
BONE 6 0.990000

VERT 68
OFFSET -0.319568 -3.320703 29.988844
BONES 2
BONE 1 0.010000
BONE 6 0.990000

VERT 69
OFFSET -0.235879 -2.037340 29.990301
BONES 3
BONE 2 0.024137
BONE 1 0.016412
BONE 6 0.959451

VERT 70
OFFSET -0.237893 1.633894 29.993158
BONES 3
BONE 2 0.937669
BONE 1 0.016361
BONE 6 0.045971

VERT 71
OFFSET -0.441544 4.171950 29.994955
BONES 2
BONE 2 0.989667
BONE 1 0.010333

VERT 72
OFFSET -0.694017 4.533056 30.017813
BONES 2
BONE 1 0.010866
BONE 2 0.989134

VERT 73
OFFSET -0.695617 4.342186 33.550411
BONES 2
BONE 1 0.213055
BONE 2 0.786945

VERT 74
OFFSET -3.926278 -0.155103 32.885101
BONES 2
BONE 1 0.999457
BONE 6 0.000543

VERT 75
OFFSET -1.936399 0.744635 32.896160
BONES 2
BONE 2 0.077227
BONE 1 0.922772

VERT 76
OFFSET -2.274378 -0.646570 32.855053
BONES 2
BONE 1 0.942819
BONE 6 0.057181

VERT 77
OFFSET -0.843345 1.252277 33.471439
BONES 2
BONE 2 0.171434
BONE 1 0.828566

VERT 78
OFFSET -0.326178 2.440548 35.311550
BONES 2
BONE 2 0.316816
BONE 1 0.683184

VERT 79
OFFSET -0.598069 3.750239 37.859737
BONES 3
BONE 10 0.033494
BONE 1 0.936437
BONE 2 0.030069

VERT 80
OFFSET -2.607972 5.648499 33.178429
BONES 2
BONE 2 0.726459
BONE 1 0.273541

VERT 81
OFFSET 0.154333 1.161801 36.920750
BONES 3
BONE 10 0.050842
BONE 2 0.000983
BONE 1 0.948175

VERT 82
OFFSET 0.308240 0.070599 36.818054
BONES 2
BONE 1 0.935819
BONE 10 0.064181

VERT 83
OFFSET -0.221881 2.748610 37.376469
BONES 3
BONE 10 0.039557
BONE 2 0.019723
BONE 1 0.940720

VERT 84
OFFSET -1.532233 4.417930 38.357433
BONES 3
BONE 1 0.953131
BONE 2 0.023031
BONE 10 0.023838

VERT 85
OFFSET -2.523426 2.771567 3.517225
BONES 2
BONE 3 0.735500
BONE 4 0.264500

VERT 86
OFFSET -2.784482 3.148865 4.404364
BONES 2
BONE 4 0.087389
BONE 3 0.912611

VERT 87
OFFSET -3.586017 3.648572 3.236233
BONES 2
BONE 3 0.757882
BONE 4 0.242118

VERT 88
OFFSET -3.341238 3.608091 4.212785
BONES 2
BONE 3 0.909973
BONE 4 0.090027

VERT 89
OFFSET -2.872101 2.656037 7.843831
BONES 1
BONE 3 1.000000

VERT 90
OFFSET -2.380661 2.639796 16.302731
BONES 2
BONE 3 0.950218
BONE 2 0.049782

VERT 91
OFFSET -3.192382 1.973265 12.539021
BONES 2
BONE 2 0.000669
BONE 3 0.999331

VERT 92
OFFSET -2.483868 3.604036 9.871611
BONES 1
BONE 3 1.000000

VERT 93
OFFSET -3.935012 4.801258 12.352644
BONES 2
BONE 3 0.997599
BONE 2 0.002401

VERT 94
OFFSET -2.401634 3.508218 16.429209
BONES 2
BONE 3 0.960282
BONE 2 0.039718

VERT 95
OFFSET -3.454780 4.257390 17.216450
BONES 2
BONE 3 0.877140
BONE 2 0.122860

VERT 96
OFFSET -1.748937 2.320590 18.818974
BONES 2
BONE 3 0.762623
BONE 2 0.237377

VERT 97
OFFSET -1.679044 3.146266 19.548481
BONES 2
BONE 2 0.423016
BONE 3 0.576984

VERT 98
OFFSET -1.964229 3.677616 20.382864
BONES 2
BONE 3 0.411057
BONE 2 0.588943

VERT 99
OFFSET -1.675676 2.165473 20.461014
BONES 2
BONE 2 0.657435
BONE 3 0.342565

VERT 100
OFFSET -3.299440 1.280202 18.899780
BONES 2
BONE 2 0.374342
BONE 3 0.625658

VERT 101
OFFSET -2.374921 1.231209 22.351562
BONES 2
BONE 3 0.126068
BONE 2 0.873931

VERT 102
OFFSET -1.400349 4.500622 25.969906
BONES 3
BONE 2 0.990174
BONE 3 0.008201
BONE 1 0.001625

VERT 103
OFFSET -2.405541 5.070724 26.026836
BONES 3
BONE 1 0.001634
BONE 3 0.008082
BONE 2 0.990284

VERT 104
OFFSET -0.947454 4.673974 33.398445
BONES 2
BONE 2 0.798429
BONE 1 0.201571

VERT 105
OFFSET -0.642127 3.301297 26.706594
BONES 3
BONE 3 0.008397
BONE 2 0.988656
BONE 1 0.002947

VERT 106
OFFSET -0.469326 2.460949 28.004059
BONES 3
BONE 3 0.001913
BONE 2 0.990100
BONE 1 0.007987

VERT 107
OFFSET -0.174569 2.934349 33.057060
BONES 2
BONE 2 0.825568
BONE 1 0.174432

VERT 108
OFFSET -0.451544 1.574154 31.836222
BONES 2
BONE 1 0.149929
BONE 2 0.850071

VERT 109
OFFSET -0.944683 1.016549 31.768126
BONES 2
BONE 1 0.210877
BONE 2 0.789123

VERT 110
OFFSET -2.458987 0.465974 29.633011
BONES 2
BONE 1 0.034391
BONE 2 0.965609

VERT 111
OFFSET -3.625288 0.944809 24.066294
BONES 2
BONE 2 0.962107
BONE 3 0.037893

VERT 112
OFFSET -4.672614 2.647781 3.126123
BONES 2
BONE 3 0.739401
BONE 4 0.260599

VERT 113
OFFSET -4.828856 2.956554 5.958046
BONES 2
BONE 4 0.005936
BONE 3 0.994064

VERT 114
OFFSET -4.236992 3.334770 3.162605
BONES 2
BONE 4 0.247692
BONE 3 0.752308

VERT 115
OFFSET -4.797280 4.699564 12.662726
BONES 2
BONE 2 0.004781
BONE 3 0.995219

VERT 116
OFFSET -5.457201 4.185687 13.399642
BONES 2
BONE 3 0.988895
BONE 2 0.011105

VERT 117
OFFSET -5.791205 3.451184 13.001783
BONES 2
BONE 2 0.015981
BONE 3 0.984019

VERT 118
OFFSET -5.287653 2.180343 12.305501
BONES 2
BONE 3 0.995542
BONE 2 0.004458

VERT 119
OFFSET -4.266209 2.302573 6.616030
BONES 2
BONE 4 0.007827
BONE 3 0.992173

VERT 120
OFFSET -4.324927 1.643115 13.347788
BONES 2
BONE 3 0.995257
BONE 2 0.004743

VERT 121
OFFSET -4.952581 2.348507 18.881130
BONES 2
BONE 3 0.619585
BONE 2 0.380415

VERT 122
OFFSET -5.126310 3.326114 17.777809
BONES 2
BONE 2 0.180282
BONE 3 0.819718

VERT 123
OFFSET -4.429925 1.790995 16.676735
BONES 2
BONE 3 0.912598
BONE 2 0.087402

VERT 124
OFFSET -4.445567 4.248297 17.103878
BONES 2
BONE 2 0.089951
BONE 3 0.910049

VERT 125
OFFSET -4.641641 4.087191 20.226585
BONES 3
BONE 1 0.000072
BONE 3 0.491033
BONE 2 0.508895

VERT 126
OFFSET -4.020700 4.537355 20.719490
BONES 2
BONE 2 0.657244
BONE 3 0.342756

VERT 127
OFFSET -5.099577 3.295123 20.899523
BONES 3
BONE 1 0.000002
BONE 2 0.666407
BONE 3 0.333591

VERT 128
OFFSET -5.957152 2.346745 31.607973
BONES 3
BONE 1 0.419569
BONE 2 0.580376
BONE 3 0.000055

VERT 129
OFFSET -5.831781 4.212937 31.341017
BONES 2
BONE 1 0.288717
BONE 2 0.711283

VERT 130
OFFSET -3.773226 5.291366 26.455814
BONES 3
BONE 3 0.008521
BONE 2 0.989604
BONE 1 0.001875

VERT 131
OFFSET -5.325411 5.379924 33.223011
BONES 2
BONE 2 0.520099
BONE 1 0.479901

VERT 132
OFFSET -5.785906 1.677126 32.008228
BONES 2
BONE 1 0.540610
BONE 2 0.459390

VERT 133
OFFSET -5.294080 1.013158 32.258701
BONES 2
BONE 1 0.611572
BONE 2 0.388428

VERT 134
OFFSET -3.317871 0.538621 32.449413
BONES 2
BONE 1 0.710711
BONE 2 0.289289

VERT 135
OFFSET -4.016447 0.161035 32.868534
BONES 2
BONE 2 0.020609
BONE 1 0.979391

VERT 136
OFFSET -6.949446 1.983876 33.367786
BONES 2
BONE 2 0.132742
BONE 1 0.867258

VERT 137
OFFSET -5.580430 0.017713 33.240692
BONES 3
BONE 6 0.005043
BONE 2 0.014325
BONE 1 0.980632

VERT 138
OFFSET -6.384638 0.389459 33.843636
BONES 2
BONE 1 0.959282
BONE 2 0.040718

VERT 139
OFFSET -6.331101 -0.043477 34.015102
BONES 3
BONE 6 0.007599
BONE 1 0.991381
BONE 2 0.001020

VERT 140
OFFSET -4.458617 -0.133798 32.866188
BONES 2
BONE 1 0.953797
BONE 6 0.046203

VERT 141
OFFSET -3.050198 -0.518928 32.469395
BONES 2
BONE 1 0.598677
BONE 6 0.401323

VERT 142
OFFSET -5.293717 -1.015532 32.256691
BONES 2
BONE 6 0.388642
BONE 1 0.611358

VERT 143
OFFSET -6.949461 -1.984423 33.367512
BONES 2
BONE 1 0.867250
BONE 6 0.132750

VERT 144
OFFSET -4.171019 -0.652820 28.942207
BONES 3
BONE 7 0.000234
BONE 6 0.956841
BONE 1 0.042925

VERT 145
OFFSET -5.784801 -1.681597 32.004143
BONES 2
BONE 6 0.460366
BONE 1 0.539634

VERT 146
OFFSET -4.888158 -1.559381 23.948317
BONES 3
BONE 7 0.141026
BONE 1 0.000947
BONE 6 0.858027

VERT 147
OFFSET -2.477258 -0.488388 29.351654
BONES 2
BONE 6 0.978182
BONE 1 0.021818

VERT 148
OFFSET -3.766367 -1.001370 23.298822
BONES 2
BONE 6 0.886307
BONE 7 0.113693

VERT 149
OFFSET -4.947915 -2.237763 20.061167
BONES 2
BONE 6 0.522114
BONE 7 0.477886

VERT 150
OFFSET -5.099863 -3.294602 20.904230
BONES 3
BONE 6 0.666845
BONE 7 0.333153
BONE 1 0.000002

VERT 151
OFFSET -4.463969 -4.306180 20.707445
BONES 3
BONE 1 0.000051
BONE 7 0.411467
BONE 6 0.588481

VERT 152
OFFSET -5.126398 -3.325503 17.775957
BONES 2
BONE 6 0.180152
BONE 7 0.819848

VERT 153
OFFSET -5.523103 -2.536016 13.805863
BONES 2
BONE 6 0.035371
BONE 7 0.964629

VERT 154
OFFSET -5.791271 -3.444058 13.002014
BONES 2
BONE 7 0.984004
BONE 6 0.015996

VERT 155
OFFSET -4.371740 -1.687140 16.672047
BONES 2
BONE 6 0.089436
BONE 7 0.910564

VERT 156
OFFSET -5.457105 -4.178844 13.405634
BONES 2
BONE 6 0.011194
BONE 7 0.988806

VERT 157
OFFSET -4.506010 -1.629743 13.320437
BONES 2
BONE 7 0.994146
BONE 6 0.005854

VERT 158
OFFSET -4.756997 -2.341009 8.503660
BONES 1
BONE 7 1.000000

VERT 159
OFFSET -4.445411 -4.247221 17.103201
BONES 2
BONE 6 0.089953
BONE 7 0.910047

VERT 160
OFFSET -4.830642 -2.965003 5.971490
BONES 2
BONE 8 0.005951
BONE 7 0.994049

VERT 161
OFFSET -4.672704 -2.648128 3.126073
BONES 2
BONE 8 0.260624
BONE 7 0.739376

VERT 162
OFFSET -4.239044 -3.338753 3.162207
BONES 2
BONE 8 0.247662
BONE 7 0.752338

VERT 163
OFFSET -4.797882 -4.692261 12.662254
BONES 2
BONE 6 0.004858
BONE 7 0.995142

VERT 164
OFFSET -5.833266 -4.221365 31.349989
BONES 2
BONE 1 0.289871
BONE 6 0.710129

VERT 165
OFFSET -5.956990 -2.356699 31.605730
BONES 3
BONE 1 0.418718
BONE 6 0.581226
BONE 7 0.000055

VERT 166
OFFSET -4.400166 -5.750049 32.911251
BONES 2
BONE 1 0.353823
BONE 6 0.646177

VERT 167
OFFSET -6.375354 -4.510951 33.888458
BONES 2
BONE 6 0.290734
BONE 1 0.709266

VERT 168
OFFSET -7.302918 -2.021997 34.820290
BONES 2
BONE 1 0.940859
BONE 6 0.059141

VERT 169
OFFSET -5.326517 -5.381457 33.228561
BONES 2
BONE 1 0.480231
BONE 6 0.519768

VERT 170
OFFSET -3.236309 -5.736602 33.056438
BONES 2
BONE 6 0.732372
BONE 1 0.267628

VERT 171
OFFSET -6.776477 -3.632256 35.700245
BONES 2
BONE 1 0.914800
BONE 6 0.085200

VERT 172
OFFSET -6.937252 -2.278962 36.729401
BONES 2
BONE 1 0.989991
BONE 6 0.010009

VERT 173
OFFSET -6.869720 -0.575060 35.315590
BONES 2
BONE 1 0.992659
BONE 6 0.007341

VERT 174
OFFSET -6.679263 0.001930 35.061504
BONES 2
BONE 6 0.000152
BONE 1 0.999848

VERT 175
OFFSET -6.611146 -1.212586 37.160110
BONES 1
BONE 1 1.000000

VERT 176
OFFSET -6.382139 0.009873 36.781288
BONES 1
BONE 1 1.000000

VERT 177
OFFSET -5.752952 0.513579 38.226555
BONES 2
BONE 10 0.000821
BONE 1 0.999179

VERT 178
OFFSET -5.723279 -0.359116 38.164902
BONES 2
BONE 10 0.000263
BONE 1 0.999737

VERT 179
OFFSET -5.719783 -1.764439 38.693069
BONES 2
BONE 10 0.020134
BONE 1 0.979866

VERT 180
OFFSET -4.724438 -3.646872 38.946880
BONES 2
BONE 1 0.964371
BONE 10 0.035629

VERT 181
OFFSET -3.653477 -4.401091 38.831188
BONES 3
BONE 10 0.036192
BONE 1 0.963484
BONE 6 0.000324

VERT 182
OFFSET -5.020712 -5.163308 35.768467
BONES 2
BONE 1 0.824429
BONE 6 0.175571

VERT 183
OFFSET -5.916591 -4.119625 36.925320
BONES 2
BONE 1 0.942260
BONE 6 0.057740

VERT 184
OFFSET -3.468831 2.083920 3.234609
BONES 2
BONE 3 0.734888
BONE 4 0.265112

VERT 185
OFFSET -6.938444 1.530801 36.697639
BONES 2
BONE 1 0.994574
BONE 2 0.005426

VERT 186
OFFSET -7.302912 2.021973 34.820278
BONES 2
BONE 1 0.940857
BONE 2 0.059143

VERT 187
OFFSET -6.821135 3.236235 36.496788
BONES 2
BONE 1 0.954871
BONE 2 0.045129

VERT 188
OFFSET -6.869728 0.575092 35.315639
BONES 2
BONE 1 0.992659
BONE 2 0.007341

VERT 189
OFFSET -6.375206 4.510761 33.887264
BONES 2
BONE 2 0.290768
BONE 1 0.709232

VERT 190
OFFSET -4.430328 5.725184 33.129539
BONES 2
BONE 1 0.368424
BONE 2 0.631575

VERT 191
OFFSET -3.480817 5.177469 36.577850
BONES 2
BONE 1 0.877104
BONE 2 0.122896

VERT 192
OFFSET -5.020801 5.163748 35.767178
BONES 2
BONE 2 0.175678
BONE 1 0.824322

VERT 193
OFFSET -5.916830 4.119743 36.924820
BONES 2
BONE 1 0.942240
BONE 2 0.057760

VERT 194
OFFSET -3.653541 4.401066 38.831192
BONES 3
BONE 1 0.963484
BONE 2 0.000324
BONE 10 0.036192

VERT 195
OFFSET -5.250147 2.952014 38.942528
BONES 2
BONE 10 0.031206
BONE 1 0.968794

VERT 196
OFFSET -4.241718 1.262295 19.648268
BONES 2
BONE 2 0.447745
BONE 3 0.552255

VERT 197
OFFSET -4.888579 1.559331 23.951824
BONES 3
BONE 1 0.000967
BONE 2 0.857868
BONE 3 0.141165

VERT 198
OFFSET -4.185634 0.628436 28.950060
BONES 2
BONE 1 0.047021
BONE 2 0.952979

VERT 199
OFFSET -1.030774 -0.019543 32.980453
BONES 3
BONE 6 0.004954
BONE 1 0.991107
BONE 2 0.003939

VERT 200
OFFSET -0.335139 0.000254 33.866718
BONES 3
BONE 6 0.001728
BONE 1 0.995999
BONE 2 0.002273

VERT 201
OFFSET -3.379588 1.788918 16.345219
BONES 2
BONE 2 0.077661
BONE 3 0.922339

VERT 202
OFFSET 0.185539 -1.147866 36.913605
BONES 3
BONE 6 0.000916
BONE 1 0.947784
BONE 10 0.051300

VERT 203
OFFSET -0.221854 -2.748528 37.376442
BONES 3
BONE 1 0.940720
BONE 6 0.019722
BONE 10 0.039558

VERT 204
OFFSET -0.382814 -2.180612 34.916595
BONES 2
BONE 6 0.292599
BONE 1 0.707401

VERT 205
OFFSET -0.272131 -2.462035 34.312099
BONES 2
BONE 1 0.441070
BONE 6 0.558930

VERT 206
OFFSET -0.598185 -3.749776 37.859596
BONES 3
BONE 10 0.033490
BONE 1 0.936417
BONE 6 0.030093

VERT 207
OFFSET -1.532750 -4.417830 38.357533
BONES 3
BONE 10 0.023843
BONE 1 0.953149
BONE 6 0.023008

VERT 208
OFFSET -1.552817 -5.150784 33.696091
BONES 2
BONE 6 0.728139
BONE 1 0.271861

VERT 209
OFFSET -0.436898 -3.900896 33.026966
BONES 2
BONE 6 0.835002
BONE 1 0.164998

VERT 210
OFFSET -0.507491 -1.495863 32.560097
BONES 2
BONE 1 0.214879
BONE 6 0.785121

VERT 211
OFFSET -0.989416 -1.049552 33.235149
BONES 2
BONE 6 0.210092
BONE 1 0.789908

VERT 212
OFFSET -0.872942 -1.363641 29.474922
BONES 2
BONE 6 0.985022
BONE 1 0.014978

VERT 213
OFFSET -1.645602 -1.635784 22.974241
BONES 2
BONE 6 0.904296
BONE 7 0.095705

VERT 214
OFFSET -2.435303 -1.197685 22.044052
BONES 2
BONE 6 0.860201
BONE 7 0.139799

VERT 215
OFFSET -0.470783 -2.468231 27.989546
BONES 3
BONE 1 0.007965
BONE 7 0.001931
BONE 6 0.990104

VERT 216
OFFSET -3.299250 -1.280128 18.900265
BONES 2
BONE 6 0.374709
BONE 7 0.625291

VERT 217
OFFSET -1.684267 -2.297421 20.123581
BONES 2
BONE 6 0.605300
BONE 7 0.394700

VERT 218
OFFSET -1.679038 -3.146229 19.548449
BONES 2
BONE 7 0.576977
BONE 6 0.423023

VERT 219
OFFSET -3.180446 -4.477485 20.102753
BONES 2
BONE 7 0.392416
BONE 6 0.607584

VERT 220
OFFSET -3.555138 -4.286017 16.875551
BONES 2
BONE 7 0.929150
BONE 6 0.070850

VERT 221
OFFSET -3.935777 -4.793944 12.334362
BONES 2
BONE 7 0.997563
BONE 6 0.002437

VERT 222
OFFSET -2.401479 -3.507108 16.429804
BONES 2
BONE 7 0.960298
BONE 6 0.039702

VERT 223
OFFSET -2.484812 -3.601210 9.844592
BONES 1
BONE 7 1.000000

VERT 224
OFFSET -2.380230 -2.634292 16.306236
BONES 2
BONE 7 0.950186
BONE 6 0.049814

VERT 225
OFFSET -3.192006 -1.965630 12.547972
BONES 2
BONE 7 0.999338
BONE 6 0.000662

VERT 226
OFFSET -3.379766 -1.787642 16.344616
BONES 2
BONE 6 0.077603
BONE 7 0.922397

VERT 227
OFFSET -2.872108 -2.661369 7.830797
BONES 1
BONE 7 1.000000

VERT 228
OFFSET -3.996333 -2.310514 6.446725
BONES 2
BONE 8 0.009622
BONE 7 0.990378

VERT 229
OFFSET -2.523155 -2.772746 3.517291
BONES 2
BONE 7 0.735506
BONE 8 0.264494

VERT 230
OFFSET -2.785184 -3.153900 4.392011
BONES 2
BONE 8 0.088053
BONE 7 0.911947

VERT 231
OFFSET -3.469156 -2.084481 3.234460
BONES 2
BONE 8 0.265110
BONE 7 0.734890

VERT 232
OFFSET -3.588785 -3.652104 3.235826
BONES 2
BONE 7 0.758046
BONE 8 0.241954

VERT 233
OFFSET -3.339094 -3.610273 4.186366
BONES 2
BONE 7 0.908681
BONE 8 0.091319

VERT 234
OFFSET -1.748923 -2.320541 18.818937
BONES 2
BONE 6 0.237378
BONE 7 0.762622

VERT 235
OFFSET -3.479351 -5.176243 36.582138
BONES 2
BONE 6 0.122440
BONE 1 0.877560

VERT 236
OFFSET -1.964606 -3.677739 20.381847
BONES 2
BONE 7 0.410776
BONE 6 0.589224

VERT 237
OFFSET -2.760896 -5.352355 27.066408
BONES 3
BONE 6 0.989941
BONE 7 0.005405
BONE 1 0.004654

VERT 238
OFFSET -1.394868 -4.512578 26.050846
BONES 3
BONE 6 0.990174
BONE 7 0.008117
BONE 1 0.001709

VERT 239
OFFSET -0.638420 -3.307142 26.737606
BONES 3
BONE 1 0.002995
BONE 6 0.988648
BONE 7 0.008358

VERT 240
OFFSET -3.315217 -2.877612 43.569309
BONES 3
BONE 11 0.000634
BONE 1 0.034438
BONE 10 0.964928

VERT 241
OFFSET -2.273823 -3.233599 45.260201
BONES 4
BONE 37 0.000248
BONE 1 0.000389
BONE 10 0.787377
BONE 11 0.211986

VERT 242
OFFSET -4.197550 -2.183141 43.598938
BONES 4
BONE 37 0.000000
BONE 11 0.006938
BONE 10 0.956644
BONE 1 0.036418

VERT 243
OFFSET -4.898274 -0.698827 43.507301
BONES 3
BONE 11 0.004284
BONE 1 0.039991
BONE 10 0.955724

VERT 244
OFFSET -4.424406 -2.018603 45.625484
BONES 4
BONE 37 0.016793
BONE 11 0.243090
BONE 10 0.737576
BONE 1 0.002541

VERT 245
OFFSET -4.760551 -0.013595 43.478161
BONES 3
BONE 10 0.955770
BONE 1 0.039495
BONE 11 0.004736

VERT 246
OFFSET -4.798193 0.099605 48.265057
BONES 4
BONE 1 0.000071
BONE 10 0.400714
BONE 11 0.588944
BONE 13 0.010271

VERT 247
OFFSET -4.864927 -0.826968 48.273949
BONES 4
BONE 37 0.039095
BONE 11 0.616373
BONE 10 0.343858
BONE 62 0.000674

VERT 248
OFFSET -4.551150 0.582034 51.419262
BONES 6
BONE 37 0.003544
BONE 11 0.777138
BONE 10 0.004104
BONE 62 0.055483
BONE 13 0.159731
BONE 63 0.000000

VERT 249
OFFSET -4.664536 -1.533598 51.343456
BONES 6
BONE 38 0.010302
BONE 63 0.000446
BONE 62 0.048519
BONE 37 0.338329
BONE 10 0.006749
BONE 11 0.595655

VERT 250
OFFSET -4.794449 -2.358055 48.355892
BONES 4
BONE 11 0.565273
BONE 10 0.283400
BONE 37 0.139317
BONE 38 0.012010

VERT 251
OFFSET -3.842134 -0.927317 52.887821
BONES 4
BONE 62 0.523513
BONE 11 0.274265
BONE 37 0.083216
BONE 63 0.119006

VERT 252
OFFSET -3.315181 2.877628 43.569309
BONES 3
BONE 11 0.000634
BONE 10 0.964928
BONE 1 0.034438

VERT 253
OFFSET -2.273665 3.234627 45.271851
BONES 4
BONE 13 0.000341
BONE 10 0.784613
BONE 11 0.214654
BONE 1 0.000391

VERT 254
OFFSET -4.197826 2.182738 43.598927
BONES 3
BONE 11 0.006911
BONE 10 0.956664
BONE 1 0.036425

VERT 255
OFFSET -4.884096 0.752473 43.509102
BONES 3
BONE 10 0.955826
BONE 1 0.039387
BONE 11 0.004787

VERT 256
OFFSET -4.424430 2.018592 45.625942
BONES 4
BONE 13 0.016794
BONE 11 0.243187
BONE 10 0.737481
BONE 1 0.002538

VERT 257
OFFSET -4.908003 0.803649 47.296726
BONES 4
BONE 13 0.024922
BONE 11 0.457829
BONE 10 0.517145
BONE 1 0.000105

VERT 258
OFFSET -4.718977 1.599831 51.236073
BONES 5
BONE 14 0.012443
BONE 62 0.026288
BONE 13 0.403402
BONE 10 0.010354
BONE 11 0.547513

VERT 259
OFFSET -4.794097 2.360915 48.355572
BONES 4
BONE 10 0.283466
BONE 11 0.565224
BONE 13 0.139301
BONE 14 0.012009

VERT 260
OFFSET -1.680161 3.087918 43.358524
BONES 3
BONE 1 0.034755
BONE 10 0.957836
BONE 11 0.007408

VERT 261
OFFSET 0.114713 2.329369 43.331104
BONES 3
BONE 1 0.015937
BONE 10 0.955343
BONE 11 0.028720

VERT 262
OFFSET -0.092361 2.867464 45.924873
BONES 3
BONE 1 0.000056
BONE 10 0.494160
BONE 11 0.505783

VERT 263
OFFSET -1.353474 3.371779 46.737812
BONES 2
BONE 11 0.593250
BONE 10 0.406750

VERT 264
OFFSET 0.188779 3.623087 46.831486
BONES 2
BONE 11 0.931315
BONE 10 0.068685

VERT 265
OFFSET -0.217181 3.870871 47.828449
BONES 2
BONE 10 0.002990
BONE 11 0.997010

VERT 266
OFFSET 0.788274 2.081972 45.967617
BONES 2
BONE 10 0.337557
BONE 11 0.662443

VERT 267
OFFSET 1.118679 0.932571 46.532272
BONES 2
BONE 10 0.255873
BONE 11 0.744127

VERT 268
OFFSET 0.192230 0.167940 48.944794
BONES 2
BONE 10 0.059526
BONE 11 0.940474

VERT 269
OFFSET -0.144274 -0.215345 49.525429
BONES 3
BONE 37 0.000000
BONE 11 0.982162
BONE 10 0.017838

VERT 270
OFFSET -0.442642 0.771337 50.193741
BONES 2
BONE 13 0.006929
BONE 11 0.993071

VERT 271
OFFSET -1.558065 0.004456 51.461750
BONES 4
BONE 37 0.000000
BONE 11 0.971759
BONE 63 0.005653
BONE 62 0.022589

VERT 272
OFFSET -1.562559 1.287262 51.588978
BONES 4
BONE 62 0.015393
BONE 63 0.000095
BONE 11 0.841057
BONE 13 0.143455

VERT 273
OFFSET -0.573650 2.334162 50.203140
BONES 2
BONE 11 0.926888
BONE 13 0.073112

VERT 274
OFFSET -1.456980 3.346427 50.378345
BONES 4
BONE 15 0.000005
BONE 14 0.185893
