// Export time: Sat Nov 14 23:54:58 2020

// Exported using Blender v2.90.1
// Export filename: 'E:/blackops3/mod_xmodel/iw4/tac50/ch_body_gk_tac50_lod3.XMODEL_EXPORT'
// Source filename: 'E:/blackops3/mod_xmodel/iw4/tac50/tac50.blend'
MODEL
VERSION 6

NUMBONES 73
BONE 0 -1 "tag_origin"
BONE 1 0 "j_mainroot"
BONE 2 1 "j_hip_le"
BONE 3 2 "j_knee_le"
BONE 4 3 "j_ankle_le"
BONE 5 4 "j_ball_le"
BONE 6 1 "j_hip_ri"
BONE 7 6 "j_knee_ri"
BONE 8 7 "j_ankle_ri"
BONE 9 8 "j_ball_ri"
BONE 10 1 "j_spinelower"
BONE 11 10 "j_spineupper"
BONE 12 11 "j_spine4"
BONE 13 12 "j_clavicle_le"
BONE 14 13 "j_shoulder_le"
BONE 15 14 "j_elbow_le"
BONE 16 15 "j_wrist_le"
BONE 17 16 "j_index_le_1"
BONE 18 17 "j_index_le_2"
BONE 19 18 "j_index_le_3"
BONE 20 16 "j_mid_le_1"
BONE 21 20 "j_mid_le_2"
BONE 22 21 "j_mid_le_3"
BONE 23 16 "j_pinky_le_1"
BONE 24 23 "j_pinky_le_2"
BONE 25 24 "j_pinky_le_3"
BONE 26 16 "j_ring_le_1"
BONE 27 26 "j_ring_le_2"
BONE 28 27 "j_ring_le_3"
BONE 29 16 "j_thumb_le_1"
BONE 30 29 "j_thumb_le_2"
BONE 31 30 "j_thumb_le_3"
BONE 32 16 "j_wrist_le1"
BONE 33 32 "tag_weapon_left"
BONE 34 15 "j_wristtwist_le"
BONE 35 14 "j_shouldertwist_le"
BONE 36 35 "tag_reflector_arm_le"
BONE 37 12 "j_clavicle_ri"
BONE 38 37 "j_shoulder_ri"
BONE 39 38 "j_elbow_ri"
BONE 40 39 "j_wrist_ri"
BONE 41 40 "j_index_ri_1"
BONE 42 41 "j_index_ri_2"
BONE 43 42 "j_index_ri_3"
BONE 44 40 "j_mid_ri_1"
BONE 45 44 "j_mid_ri_2"
BONE 46 45 "j_mid_ri_3"
BONE 47 40 "j_pinky_ri_1"
BONE 48 47 "j_pinky_ri_2"
BONE 49 48 "j_pinky_ri_3"
BONE 50 40 "j_ring_ri_1"
BONE 51 50 "j_ring_ri_2"
BONE 52 51 "j_ring_ri_3"
BONE 53 40 "j_thumb_ri_1"
BONE 54 53 "j_thumb_ri_2"
BONE 55 54 "j_thumb_ri_3"
BONE 56 40 "j_wrist_ri1"
BONE 57 56 "tag_weapon_right"
BONE 58 56 "j_gun"
BONE 59 39 "j_wristtwist_ri"
BONE 60 38 "j_shouldertwist_ri"
BONE 61 60 "tag_reflector_arm_ri"
BONE 62 12 "j_neck"
BONE 63 62 "j_head"
BONE 64 12 "j_shoulderraise_le"
BONE 65 12 "j_shoulderraise_ri"
BONE 66 12 "tag_bipod"
BONE 67 12 "tag_inhand"
BONE 68 12 "tag_shield_back"
BONE 69 12 "tag_stowed_back"
BONE 70 12 "tag_weapon_chest"
BONE 71 1 "tag_stowed_hip_rear"
BONE 72 0 "tag_sync"

BONE 0
OFFSET 0.000000 0.000000 0.000000
SCALE 1.000000 1.000000 1.000000
X 1.000000 0.000000 0.000000
Y 0.000000 1.000000 0.000000
Z 0.000000 0.000000 1.000000

BONE 1
OFFSET -2.000000 0.000780 37.078247
SCALE 1.000000 1.000000 1.000000
X -0.024749 -0.000056 0.999694
Y 0.999694 0.000059 0.024749
Z -0.000061 1.000000 0.000054

BONE 2
OFFSET -2.595085 3.067382 35.054417
SCALE 1.000000 1.000000 1.000000
X -0.017192 0.000119 -0.999852
Y 0.999842 -0.004517 -0.017192
Z -0.004518 -0.999990 -0.000041

BONE 3
OFFSET -2.878661 3.069270 18.564644
SCALE 1.000000 1.000000 1.000000
X -0.069217 0.000357 -0.997602
Y 0.997591 -0.004503 -0.069218
Z -0.004517 -0.999990 -0.000045

BONE 4
OFFSET -3.938371 3.074621 3.304003
SCALE 1.000000 1.000000 1.000000
X 0.007775 0.007017 -0.999945
Y 0.999749 -0.021051 0.007625
Z -0.020996 -0.999754 -0.007179

BONE 5
OFFSET 0.203518 3.063707 -0.001454
SCALE 1.000000 1.000000 1.000000
X 0.983211 -0.021943 0.181149
Y -0.181262 -0.003260 0.983429
Z -0.020989 -0.999754 -0.007182

BONE 6
OFFSET -2.595085 -3.065822 35.054409
SCALE 1.000000 1.000000 1.000000
X 0.017153 -0.000431 0.999741
Y -0.999852 -0.000213 0.017159
Z 0.000206 -1.000000 -0.000433

BONE 7
OFFSET -2.878688 -3.058808 18.562914
SCALE 1.000000 1.000000 1.000000
X 0.069195 0.001329 0.997491
Y -0.997603 -0.000231 0.069196
Z 0.000323 -0.999999 0.001310

BONE 8
OFFSET -3.938100 -3.079218 3.300612
SCALE 1.000000 1.000000 1.000000
X -0.007839 0.008340 0.999823
Y -0.999643 -0.025593 -0.007614
Z 0.025527 -0.999638 0.008537

BONE 9
OFFSET 0.203157 -3.053979 -0.005452
SCALE 1.000000 1.000000 1.000000
X -0.983120 -0.026643 -0.180981
Y 0.181171 -0.003753 -0.983337
Z 0.025522 -0.999638 0.008516

BONE 10
OFFSET -2.000000 0.000000 41.187237
SCALE 1.000000 1.000000 1.000000
X -0.029880 -0.000052 0.999554
Y 0.999553 0.000059 0.029880
Z -0.000060 1.000000 0.000051

BONE 11
OFFSET -2.379820 0.000199 44.696533
SCALE 1.000000 1.000000 1.000000
X 0.020434 -0.000061 0.999791
Y 0.999791 0.000062 -0.020434
Z -0.000060 1.000000 0.000063

BONE 12
OFFSET -2.603790 0.000017 47.658089
SCALE 1.000000 1.000000 1.000000
X 0.046977 -0.000058 0.998896
Y 0.998896 0.000063 -0.046977
Z -0.000060 1.000000 0.000061

BONE 13
OFFSET -2.833102 1.314824 50.709435
SCALE 1.000000 1.000000 1.000000
X 0.022169 0.997012 0.072682
Y -0.999643 0.021024 0.016457
Z 0.014881 -0.072892 0.997183

BONE 14
OFFSET -2.828113 3.944159 50.679836
SCALE 1.000000 1.000000 1.000000
X -0.011907 0.999750 -0.012001
Y -0.996231 -0.012905 -0.085766
Z -0.085913 0.011057 0.996206

BONE 15
OFFSET -3.256449 12.996541 50.679123
SCALE 1.000000 1.000000 1.000000
X -0.006185 0.999723 0.017583
Y -0.996362 -0.004679 -0.085088
Z -0.084996 -0.017921 0.996182

BONE 16
OFFSET -3.253349 21.961582 50.679691
SCALE 1.000000 1.000000 1.000000
X -0.105455 0.991287 -0.077466
Y -0.070221 -0.085247 -0.993856
Z -0.991942 -0.099352 0.078594

BONE 17
OFFSET -2.538239 24.088800 50.717060
SCALE 1.000000 1.000000 1.000000
X 0.078577 0.993732 -0.078068
Y -0.214459 -0.059742 -0.974875
Z -0.973567 0.093363 0.208447

BONE 18
OFFSET -2.445505 25.260254 50.624634
SCALE 1.000000 1.000000 1.000000
X 0.079123 0.993808 -0.076539
Y -0.214350 -0.058139 -0.974996
Z -0.973547 0.093568 0.208450

BONE 19
OFFSET -2.383497 26.040113 50.564354
SCALE 1.000000 1.000000 1.000000
X 0.084284 0.994904 -0.053295
Y -0.212394 -0.034437 -0.976545
Z -0.973542 0.093645 0.208436

BONE 20
OFFSET -3.069056 24.183952 50.805527
SCALE 1.000000 1.000000 1.000000
X -0.000170 0.996871 -0.077572
Y -0.051884 -0.077595 -0.995607
Z -0.998653 0.003859 0.051741

BONE 21
OFFSET -3.069155 25.477140 50.704586
SCALE 1.000000 1.000000 1.000000
X -0.000120 0.996744 -0.079196
Y -0.051815 -0.079215 -0.995483
Z -0.998657 0.003988 0.051661

BONE 22
OFFSET -3.069378 26.338030 50.636032
SCALE 1.000000 1.000000 1.000000
X -0.001113 0.994999 -0.098698
Y -0.051725 -0.098740 -0.993743
Z -0.998661 0.004003 0.051582

BONE 23
OFFSET -4.019646 23.736650 50.493099
SCALE 1.000000 1.000000 1.000000
X -0.125822 0.988891 -0.077694
Y -0.033456 -0.082620 -0.995992
Z -0.991488 -0.122707 0.043469

BONE 24
OFFSET -4.155237 24.803038 50.409012
SCALE 1.000000 1.000000 1.000000
X -0.125691 0.988916 -0.077588
Y -0.033390 -0.082500 -0.996004
Z -0.991507 -0.122586 0.043379

BONE 25
OFFSET -4.229099 25.383907 50.363331
SCALE 1.000000 1.000000 1.000000
X -0.125681 0.988822 -0.078797
Y -0.033108 -0.083682 -0.995915
Z -0.991518 -0.122547 0.043244

BONE 26
OFFSET -3.570773 24.009087 50.705635
SCALE 1.000000 1.000000 1.000000
X -0.062991 0.994848 -0.077974
Y 0.009657 -0.077636 -0.996908
Z -0.997967 -0.063548 -0.004724

BONE 27
OFFSET -3.648632 25.239973 50.608776
SCALE 1.000000 1.000000 1.000000
X -0.062882 0.994845 -0.078097
Y 0.009798 -0.077752 -0.996897
Z -0.997973 -0.063450 -0.004865

BONE 28
OFFSET -3.700591 26.060675 50.544247
SCALE 1.000000 1.000000 1.000000
X -0.062683 0.993542 -0.093338
Y 0.010794 -0.092959 -0.995586
Z -0.997975 -0.063412 -0.004904

BONE 29
OFFSET -2.442768 22.049221 50.355133
SCALE 1.000000 1.000000 1.000000
X 0.534579 0.834510 -0.132832
Y -0.836965 0.544569 0.053632
Z 0.117108 0.082623 0.989649

BONE 30
OFFSET -1.776113 23.090889 50.189068
SCALE 1.000000 1.000000 1.000000
X 0.534708 0.834691 -0.131166
Y -0.837003 0.544505 0.053684
Z 0.116245 0.081199 0.989869

BONE 31
OFFSET -1.287495 23.854324 50.068897
SCALE 1.000000 1.000000 1.000000
X 0.615863 0.782740 -0.088798
Y -0.782998 0.620600 0.041157
Z 0.087335 0.044303 0.995162

BONE 32
OFFSET 0.682543 20.729269 49.072819
SCALE 1.000000 1.000000 1.000000
X -0.105445 0.991288 -0.077472
Y -0.070226 -0.085253 -0.993855
Z -0.991942 -0.099342 0.078598

BONE 33
OFFSET 13.220904 14.592593 25.056288
SCALE 1.000000 1.000000 1.000000
X 0.533078 0.845954 0.006421
Y -0.503197 0.311004 0.806266
Z 0.680161 -0.432929 0.591457

BONE 34
OFFSET -3.254180 19.336908 50.679317
SCALE 1.000000 1.000000 1.000000
X -0.006184 0.999722 0.017596
Y -0.996365 -0.004678 -0.085053
Z -0.084961 -0.017933 0.996184

BONE 35
OFFSET -2.832312 4.301032 50.675438
SCALE 1.000000 1.000000 1.000000
X -0.011927 0.999751 -0.011899
Y -0.996228 -0.012916 -0.085808
Z -0.085954 0.010954 0.996204

BONE 36
OFFSET -2.708112 4.932249 52.345551
SCALE 1.000000 1.000000 1.000000
X 0.039470 -0.292482 0.955375
Y -0.938462 -0.339162 -0.065115
Z 0.343119 -0.893987 -0.288001

BONE 37
OFFSET -2.835145 -1.313696 50.709435
SCALE 1.000000 1.000000 1.000000
X -0.019467 0.997197 -0.072238
Y 0.999655 0.018143 -0.018945
Z -0.017581 -0.072582 -0.997207

BONE 38
OFFSET -2.852156 -3.929047 50.679836
SCALE 1.000000 1.000000 1.000000
X 0.007045 0.999895 0.012639
Y 0.996460 -0.008079 0.083669
Z 0.083763 0.012005 -0.996413

BONE 39
OFFSET -3.238367 -12.995352 50.677399
SCALE 1.000000 1.000000 1.000000
X 0.006394 0.999829 -0.017368
Y 0.996552 -0.004934 0.082818
Z 0.082718 -0.017838 -0.996413

BONE 40
OFFSET -3.237704 -21.960600 50.679806
SCALE 1.000000 1.000000 1.000000
X 0.061523 0.988342 0.139266
Y -0.083715 -0.133929 0.987448
Z 0.994588 -0.072409 0.074499

BONE 41
OFFSET -2.522766 -24.088289 50.717030
SCALE 1.000000 1.000000 1.000000
X -0.078740 0.993830 0.078121
Y 0.055025 -0.073913 0.995745
Z 0.995375 0.082703 -0.048866

BONE 42
OFFSET -2.429949 -25.260397 50.624775
SCALE 1.000000 1.000000 1.000000
X -0.078727 0.993751 0.079128
Y 0.055112 -0.074914 0.995666
Z 0.995371 0.082746 -0.048870

BONE 43
OFFSET -2.368093 -26.040447 50.562786
SCALE 1.000000 1.000000 1.000000
X -0.077987 0.992654 0.092499
Y 0.056189 -0.088258 0.994511
Z 0.995369 0.082757 -0.048894

BONE 44
OFFSET -3.053585 -24.183441 50.805496
SCALE 1.000000 1.000000 1.000000
X 0.000658 0.996865 0.079124
Y -0.103147 -0.078634 0.991553
Z 0.994665 -0.008814 0.102772

BONE 45
OFFSET -3.054502 -25.476458 50.702908
SCALE 1.000000 1.000000 1.000000
X 0.000806 0.997006 0.077324
Y -0.103105 -0.076829 0.991699
Z 0.994670 -0.008772 0.102734

BONE 46
OFFSET -3.055153 -26.339741 50.635986
SCALE 1.000000 1.000000 1.000000
X -0.008532 0.985965 0.166738
Y -0.102800 -0.166726 0.980629
Z 0.994665 -0.008774 0.102779

BONE 47
OFFSET -4.004174 -23.736141 50.493023
SCALE 1.000000 1.000000 1.000000
X 0.125659 0.989010 0.077911
Y -0.119213 -0.062912 0.990873
Z 0.984884 -0.133800 0.109997

BONE 48
OFFSET -4.139787 -24.803890 50.408939
SCALE 1.000000 1.000000 1.000000
X 0.125939 0.988969 0.077979
Y -0.118526 -0.063041 0.990948
Z 0.984931 -0.134041 0.109279

BONE 49
OFFSET -4.213919 -25.385345 50.363155
SCALE 1.000000 1.000000 1.000000
X 0.173696 0.979675 0.100337
Y -0.120682 -0.079943 0.989467
Z 0.977376 -0.183975 0.104343

BONE 50
OFFSET -3.555302 -24.008545 50.705704
SCALE 1.000000 1.000000 1.000000
X 0.062746 0.994947 0.078385
Y -0.161373 -0.067392 0.984590
Z 0.984896 -0.074428 0.156329

BONE 51
OFFSET -3.633012 -25.238895 50.608803
SCALE 1.000000 1.000000 1.000000
X 0.062733 0.994972 0.078077
Y -0.161306 -0.067094 0.984621
Z 0.984908 -0.074362 0.156285

BONE 52
OFFSET -3.684568 -26.058029 50.544487
SCALE 1.000000 1.000000 1.000000
X 0.052052 0.988477 0.142141
Y -0.165062 -0.131860 0.977429
Z 0.984908 -0.074339 0.156296

BONE 53
OFFSET -2.427299 -22.048717 50.355160
SCALE 1.000000 1.000000 1.000000
X -0.534317 0.834830 0.132528
Y 0.843725 0.517220 0.143565
Z 0.051306 0.188526 -0.980727

BONE 54
OFFSET -1.760746 -23.090555 50.189659
SCALE 1.000000 1.000000 1.000000
X -0.534378 0.834828 0.132297
Y 0.843679 0.517290 0.143587
Z 0.051434 0.188346 -0.980755

BONE 55
OFFSET -1.270663 -23.856319 50.068314
SCALE 1.000000 1.000000 1.000000
X -0.497855 0.856159 0.138319
Y 0.865731 0.481151 0.137851
Z 0.051470 0.188377 -0.980747

BONE 56
OFFSET -7.337219 -23.362518 51.586029
SCALE 1.000000 1.000000 1.000000
X 0.061525 0.988341 0.139277
Y -0.083705 -0.133940 0.987448
Z 0.994589 -0.072411 0.074488

BONE 57
OFFSET -11.873383 -27.853577 53.588242
SCALE 1.000000 1.000000 1.000000
X 0.550953 -0.833040 0.049951
Y 0.586105 0.343639 -0.733753
Z 0.594080 0.433540 0.677578

BONE 58
OFFSET -11.873380 -27.853575 53.588242
SCALE 1.000000 1.000000 1.000000
X 0.550685 -0.833174 0.050657
Y 0.613777 0.363051 -0.701050
Z 0.565705 0.417151 0.711309

BONE 59
OFFSET -3.237908 -19.335854 50.679131
SCALE 1.000000 1.000000 1.000000
X 0.006376 0.999829 -0.017375
Y 0.996554 -0.004916 0.082799
Z 0.082699 -0.017843 -0.996415

BONE 60
OFFSET -2.854434 -4.250711 50.675777
SCALE 1.000000 1.000000 1.000000
X 0.007049 0.999895 0.012632
Y 0.996460 -0.008081 0.083669
Z 0.083762 0.011997 -0.996413

BONE 61
OFFSET -2.723059 -4.883042 52.347385
SCALE 1.000000 1.000000 1.000000
X -0.043014 0.244433 0.968711
Y 0.925959 -0.354346 0.130527
Z 0.375164 0.902603 -0.211093

BONE 62
OFFSET -2.601121 0.000000 52.014503
SCALE 1.000000 1.000000 1.000000
X 0.309750 -0.000044 0.950818
Y 0.950818 0.000075 -0.309751
Z -0.000058 1.000000 0.000065

BONE 63
OFFSET -2.601120 0.000000 54.344643
SCALE 1.000000 1.000000 1.000000
X 0.216397 -0.000041 0.976305
Y 0.976305 0.000072 -0.216397
Z -0.000061 1.000000 0.000055

BONE 64
OFFSET -2.468975 3.696729 54.180607
SCALE 1.000000 1.000000 1.000000
X -0.019310 -0.997191 -0.072368
Y 0.999659 -0.017985 -0.018907
Z 0.017552 -0.072708 0.997199

BONE 65
OFFSET -2.468526 -3.697414 54.180302
SCALE 1.000000 1.000000 1.000000
X 0.022382 -0.997311 0.071318
Y -0.999638 -0.021261 0.016476
Z -0.014914 -0.071808 -0.997359

BONE 66
OFFSET 15.300226 -26.192743 28.933697
SCALE 1.000000 1.000000 1.000000
X 1.000000 -0.000081 0.000100
Y 0.000081 1.000000 0.000045
Z -0.000100 -0.000045 1.000000

BONE 67
OFFSET 10.054743 -26.193617 35.878254
SCALE 1.000000 1.000000 1.000000
X -0.000162 1.000000 0.000202
Y 0.764297 0.000254 -0.644863
Z -0.644863 0.000050 -0.764298

BONE 68
OFFSET -10.339820 0.735502 48.022961
SCALE 1.000000 1.000000 1.000000
X -0.989756 -0.000190 0.142769
Y 0.000192 -1.000000 -0.000000
Z 0.142769 0.000027 0.989756

BONE 69
OFFSET -8.643003 -4.222486 46.072407
SCALE 1.000000 1.000000 1.000000
X -0.006993 0.025919 -0.999639
Y -0.984168 -0.177220 0.002290
Z -0.177096 0.983827 0.026749

BONE 70
OFFSET 10.054741 -26.193617 35.878258
SCALE 1.000000 1.000000 1.000000
X 1.000000 -0.000034 0.000100
Y 0.000034 1.000000 -0.000002
Z -0.000100 0.000002 1.000000

BONE 71
OFFSET -8.642948 -2.408084 33.977833
SCALE 1.000000 1.000000 1.000000
X -0.188122 0.137937 0.972411
Y 0.149141 -0.974594 0.167100
Z 0.970756 0.176462 0.162771

BONE 72
OFFSET -0.002094 -0.000000 -0.000000
SCALE 1.000000 1.000000 1.000000
X -1.000000 0.000000 0.000000
Y 0.000000 -1.000000 0.000000
Z 0.000000 0.000000 1.000000


NUMVERTS 1093
VERT 0
OFFSET -5.623801 0.348781 30.054367
BONES 3
BONE 2 0.509767
BONE 1 0.053170
BONE 6 0.437063

VERT 1
OFFSET -5.682846 4.313510 30.133768
BONES 2
BONE 1 0.097262
BONE 2 0.902738

VERT 2
OFFSET -4.550655 5.841003 34.497257
BONES 3
BONE 10 0.000502
BONE 2 0.399078
BONE 1 0.600420

VERT 3
OFFSET -6.495785 4.684789 34.035328
BONES 2
BONE 2 0.310567
BONE 1 0.689433

VERT 4
OFFSET -7.501122 2.161764 35.561928
BONES 2
BONE 1 0.951119
BONE 2 0.048881

VERT 5
OFFSET -5.058276 2.707526 39.654373
BONES 3
BONE 2 0.000001
BONE 1 0.890381
BONE 10 0.109619

VERT 6
OFFSET -5.579702 0.003965 39.040985
BONES 2
BONE 10 0.108748
BONE 1 0.891252

VERT 7
OFFSET -6.352626 4.036219 36.662548
BONES 2
BONE 2 0.061278
BONE 1 0.938722

VERT 8
OFFSET -3.426329 4.277588 39.563774
BONES 3
BONE 1 0.884094
BONE 2 0.000132
BONE 10 0.115774

VERT 9
OFFSET -6.554064 -0.209926 32.693607
BONES 3
BONE 1 0.845470
BONE 6 0.123278
BONE 2 0.031252

VERT 10
OFFSET -5.942745 -2.851658 29.998152
BONES 3
BONE 1 0.062941
BONE 2 0.001281
BONE 6 0.935778

VERT 11
OFFSET -5.682542 -4.323822 30.136801
BONES 2
BONE 1 0.097267
BONE 6 0.902733

VERT 12
OFFSET -2.790816 -5.632959 29.964155
BONES 2
BONE 6 0.990000
BONE 1 0.010000

VERT 13
OFFSET -0.254260 -3.140210 29.986998
BONES 3
BONE 2 0.005682
BONE 1 0.013670
BONE 6 0.980648

VERT 14
OFFSET -0.394894 -4.124394 34.848358
BONES 3
BONE 10 0.002424
BONE 1 0.485762
BONE 6 0.511814

VERT 15
OFFSET -1.299856 -4.337805 39.111015
BONES 3
BONE 10 0.126428
BONE 6 0.004082
BONE 1 0.869490

VERT 16
OFFSET -0.059676 -2.341872 38.095539
BONES 3
BONE 6 0.000827
BONE 1 0.847119
BONE 10 0.152055

VERT 17
OFFSET 0.417597 0.000002 37.692051
BONES 4
BONE 10 0.148248
BONE 1 0.851645
BONE 2 0.000005
BONE 6 0.000103

VERT 18
OFFSET -0.105362 2.795640 38.239567
BONES 3
BONE 2 0.000560
BONE 10 0.151923
BONE 1 0.847517

VERT 19
OFFSET -1.302947 4.338462 39.111813
BONES 3
BONE 1 0.868861
BONE 2 0.004429
BONE 10 0.126710

VERT 20
OFFSET -1.659913 5.328011 33.857624
BONES 2
BONE 2 0.722121
BONE 1 0.277879

VERT 21
OFFSET -2.790771 5.622004 29.957924
BONES 2
BONE 2 0.990000
BONE 1 0.010000

VERT 22
OFFSET -0.240859 3.283987 29.993908
BONES 3
BONE 6 0.003316
BONE 2 0.985746
BONE 1 0.010937

VERT 23
OFFSET 0.050239 0.201779 33.779949
BONES 3
BONE 1 0.600587
BONE 2 0.207424
BONE 6 0.191989

VERT 24
OFFSET -5.058322 -2.707445 39.654366
BONES 3
BONE 6 0.000000
BONE 1 0.890379
BONE 10 0.109621

VERT 25
OFFSET -6.459288 -3.812826 36.856647
BONES 2
BONE 6 0.053442
BONE 1 0.946558

VERT 26
OFFSET -7.294913 -2.092776 34.297718
BONES 2
BONE 6 0.097678
BONE 1 0.902322

VERT 27
OFFSET -6.496354 -4.683739 34.038986
BONES 2
BONE 1 0.689778
BONE 6 0.310222

VERT 28
OFFSET -3.155049 -4.443888 39.542908
BONES 3
BONE 10 0.114169
BONE 1 0.884242
BONE 6 0.001589

VERT 29
OFFSET -3.961919 -6.014242 34.358238
BONES 2
BONE 6 0.512555
BONE 1 0.487445

VERT 30
OFFSET -6.956323 -0.226100 36.460487
BONES 4
BONE 10 0.000017
BONE 2 0.000086
BONE 1 0.998650
BONE 6 0.001248

VERT 31
OFFSET -4.800194 5.387402 29.987358
BONES 2
BONE 1 0.039241
BONE 2 0.960759

VERT 32
OFFSET -5.932456 2.886123 30.007839
BONES 3
BONE 6 0.001933
BONE 1 0.062111
BONE 2 0.935956

VERT 33
OFFSET -4.799440 -5.394847 29.965612
BONES 2
BONE 1 0.039278
BONE 6 0.960721

VERT 34
OFFSET -1.077424 -4.685980 29.971645
BONES 2
BONE 6 0.989727
BONE 1 0.010273

VERT 35
OFFSET -0.521920 4.405161 29.992638
BONES 2
BONE 2 0.985249
BONE 1 0.014751

VERT 36
OFFSET -4.086938 0.004597 32.929256
BONES 3
BONE 2 0.008592
BONE 1 0.987785
BONE 6 0.003623

VERT 37
OFFSET -0.265242 2.688416 35.655331
BONES 2
BONE 2 0.316816
BONE 1 0.683184

VERT 38
OFFSET -0.278430 3.245623 37.562836
BONES 3
BONE 2 0.024296
BONE 1 0.938827
BONE 10 0.036877

VERT 39
OFFSET -3.456269 5.962053 32.212463
BONES 3
BONE 3 0.001345
BONE 1 0.230647
BONE 2 0.768008

VERT 40
OFFSET 0.318271 0.000029 36.752544
BONES 4
BONE 6 0.000345
BONE 1 0.944736
BONE 10 0.054568
BONE 2 0.000351

VERT 41
OFFSET -2.599569 4.724992 38.670071
BONES 3
BONE 10 0.030337
BONE 2 0.013477
BONE 1 0.956186

VERT 42
OFFSET -2.590908 2.923050 3.494946
BONES 2
BONE 3 0.738752
BONE 4 0.261248

VERT 43
OFFSET -3.550760 3.623698 3.241815
BONES 2
BONE 4 0.239858
BONE 3 0.760142

VERT 44
OFFSET -2.905691 2.534046 8.564444
BONES 2
BONE 2 0.000103
BONE 3 0.999897

VERT 45
OFFSET -2.063349 3.227976 17.279991
BONES 2
BONE 3 0.846861
BONE 2 0.153139

VERT 46
OFFSET -1.785414 2.267149 19.073032
BONES 2
BONE 2 0.302533
BONE 3 0.697467

VERT 47
OFFSET -3.043572 1.153681 20.171024
BONES 2
BONE 3 0.444518
BONE 2 0.555482

VERT 48
OFFSET -1.309826 5.172703 30.538488
BONES 3
BONE 2 0.871058
BONE 3 0.003093
BONE 1 0.125849

VERT 49
OFFSET -0.522242 2.862865 26.848928
BONES 3
BONE 1 0.004143
BONE 2 0.988998
BONE 3 0.006859

VERT 50
OFFSET -0.756177 1.139686 33.430859
BONES 2
BONE 1 0.807223
BONE 2 0.192777

VERT 51
OFFSET -4.595862 2.824616 3.120260
BONES 2
BONE 4 0.252840
BONE 3 0.747160

VERT 52
OFFSET -4.663361 4.955405 13.125923
BONES 2
BONE 2 0.006090
BONE 3 0.993910

VERT 53
OFFSET -5.793809 2.672677 12.750108
BONES 2
BONE 3 0.989715
BONE 2 0.010285

VERT 54
OFFSET -5.124902 2.799394 19.182096
BONES 3
BONE 1 0.000001
BONE 2 0.409291
BONE 3 0.590708

VERT 55
OFFSET -4.063663 4.392360 17.661335
BONES 3
BONE 3 0.798441
BONE 2 0.201552
BONE 1 0.000007

VERT 56
OFFSET -5.808908 1.424998 32.114605
BONES 3
BONE 1 0.544714
BONE 2 0.455271
BONE 3 0.000015

VERT 57
OFFSET -5.831781 4.212937 31.341017
BONES 2
BONE 1 0.288717
BONE 2 0.711283

VERT 58
OFFSET -2.603723 0.558269 32.815121
BONES 2
BONE 2 0.175492
BONE 1 0.824508

VERT 59
OFFSET -6.004936 -0.022401 33.490425
BONES 3
BONE 1 0.984420
BONE 2 0.009635
BONE 6 0.005945

VERT 60
OFFSET -2.788516 -0.524166 32.811562
BONES 2
BONE 6 0.250708
BONE 1 0.749292

VERT 61
OFFSET -5.807083 -1.428755 32.109207
BONES 3
BONE 7 0.000015
BONE 1 0.544240
BONE 6 0.455746

VERT 62
OFFSET -7.246044 -1.932401 34.086361
BONES 2
BONE 6 0.094999
BONE 1 0.905001

VERT 63
OFFSET -3.365140 -0.397285 27.872881
BONES 3
BONE 1 0.036248
BONE 6 0.963592
BONE 7 0.000160

VERT 64
OFFSET -5.148241 -2.598075 19.378012
BONES 3
BONE 7 0.527967
BONE 1 0.000046
BONE 6 0.471988

VERT 65
OFFSET -3.314802 -1.088328 20.094032
BONES 2
BONE 7 0.449090
BONE 6 0.550910

VERT 66
OFFSET -5.798337 -3.051145 13.161683
BONES 2
BONE 7 0.977935
BONE 6 0.022065

VERT 67
OFFSET -4.099579 -1.500677 16.114759
BONES 2
BONE 6 0.071176
BONE 7 0.928824

VERT 68
OFFSET -4.663729 -4.948224 13.131239
BONES 2
BONE 6 0.006199
BONE 7 0.993801

VERT 69
OFFSET -3.674300 -2.226456 3.182715
BONES 2
BONE 7 0.735635
BONE 8 0.264365

VERT 70
OFFSET -4.045114 -4.387336 17.959249
BONES 3
BONE 6 0.233396
BONE 7 0.766593
BONE 1 0.000011

VERT 71
OFFSET -4.596345 -2.828130 3.120045
BONES 2
BONE 7 0.747096
BONE 8 0.252904

VERT 72
OFFSET -5.833266 -4.221365 31.349989
BONES 2
BONE 1 0.289871
BONE 6 0.710129

VERT 73
OFFSET -6.638949 -4.185730 35.682728
BONES 2
BONE 6 0.137849
BONE 1 0.862151

VERT 74
OFFSET -4.697409 -5.813733 33.898170
BONES 2
BONE 1 0.507517
BONE 6 0.492483

VERT 75
OFFSET -6.716331 0.006705 35.894703
BONES 3
BONE 1 0.999152
BONE 6 0.000328
BONE 2 0.000520

VERT 76
OFFSET -6.898674 -1.872968 36.912544
BONES 2
BONE 6 0.006336
BONE 1 0.993664

VERT 77
OFFSET -5.752952 0.513579 38.226555
BONES 2
BONE 10 0.000821
BONE 1 0.999179

VERT 78
OFFSET -5.898352 -0.451578 38.265663
BONES 2
BONE 1 0.998128
BONE 10 0.001872

VERT 79
OFFSET -4.121904 -4.259691 38.910385
BONES 3
BONE 6 0.000209
BONE 1 0.963801
BONE 10 0.035991

VERT 80
OFFSET -3.639084 2.293160 3.187190
BONES 2
BONE 4 0.264663
BONE 3 0.735337

VERT 81
OFFSET -7.521247 1.357252 35.300968
BONES 2
BONE 2 0.052992
BONE 1 0.947008

VERT 82
OFFSET -6.545149 3.696699 36.650429
BONES 2
BONE 2 0.050249
BONE 1 0.949751

VERT 83
OFFSET -5.531575 5.449254 33.941116
BONES 2
BONE 2 0.419662
BONE 1 0.580338

VERT 84
OFFSET -5.250147 2.952014 38.942528
BONES 2
BONE 10 0.031206
BONE 1 0.968794

VERT 85
OFFSET -4.075518 1.498677 16.514891
BONES 3
BONE 2 0.116467
BONE 3 0.883525
BONE 1 0.000008

VERT 86
OFFSET -3.331681 0.486548 27.482378
BONES 3
BONE 1 0.027738
BONE 2 0.959711
BONE 3 0.012550

VERT 87
OFFSET -0.633259 0.040124 33.163780
BONES 3
BONE 2 0.003362
BONE 1 0.992803
BONE 6 0.003835

VERT 88
OFFSET -0.278466 -3.245280 37.562740
BONES 3
BONE 10 0.036877
BONE 6 0.024305
BONE 1 0.938819

VERT 89
OFFSET -0.306708 -2.404120 35.303059
BONES 2
BONE 6 0.292599
BONE 1 0.707401

VERT 90
OFFSET -1.532750 -4.417830 38.357533
BONES 3
BONE 10 0.023843
BONE 1 0.953149
BONE 6 0.023008

VERT 91
OFFSET -0.756765 -4.594455 34.173065
BONES 2
BONE 1 0.230349
BONE 6 0.769651

VERT 92
OFFSET -0.809126 -1.085878 33.307903
BONES 2
BONE 6 0.210092
BONE 1 0.789908

VERT 93
OFFSET -1.793114 -2.098220 19.457323
BONES 2
BONE 7 0.647199
BONE 6 0.352801

VERT 94
OFFSET -2.589927 -2.927640 3.494931
BONES 2
BONE 8 0.261055
BONE 7 0.738945

VERT 95
OFFSET -2.903416 -2.532549 8.607416
BONES 2
BONE 6 0.000109
BONE 7 0.999891

VERT 96
OFFSET -3.551548 -3.627911 3.241783
BONES 2
BONE 8 0.239467
BONE 7 0.760533

VERT 97
OFFSET -2.061879 -3.226506 17.283535
BONES 2
BONE 7 0.846358
BONE 6 0.153642

VERT 98
OFFSET -1.967099 -4.995850 25.562237
BONES 3
BONE 1 0.002274
BONE 7 0.007597
BONE 6 0.990129

VERT 99
OFFSET -0.520338 -2.868224 26.864546
BONES 3
BONE 7 0.006829
BONE 6 0.988994
BONE 1 0.004177

VERT 100
OFFSET -2.492161 -3.084766 43.470009
BONES 4
BONE 11 0.018103
BONE 1 0.032087
BONE 10 0.949792
BONE 37 0.000018

VERT 101
OFFSET -4.182975 -2.160267 43.599144
BONES 4
BONE 1 0.036411
BONE 10 0.956599
BONE 11 0.006987
BONE 37 0.000004

VERT 102
OFFSET -4.885104 -0.155796 43.471848
BONES 3
BONE 10 0.955761
BONE 1 0.039670
BONE 11 0.004568

VERT 103
OFFSET -4.826843 -0.104977 48.240215
BONES 6
BONE 13 0.007995
BONE 1 0.000055
BONE 62 0.000149
BONE 10 0.388115
BONE 11 0.595022
BONE 37 0.008663

VERT 104
OFFSET -4.449950 0.283458 52.215443
BONES 8
BONE 38 0.003064
BONE 63 0.005646
BONE 13 0.171186
BONE 62 0.106168
BONE 10 0.004741
BONE 11 0.605476
BONE 37 0.101244
BONE 14 0.002476

VERT 105
OFFSET -4.526080 -3.504594 50.698517
BONES 6
BONE 62 0.001328
BONE 39 0.000995
BONE 38 0.375334
BONE 37 0.411023
BONE 10 0.029540
BONE 11 0.181779

VERT 106
OFFSET -3.705851 -0.708611 53.186504
BONES 4
BONE 63 0.206484
BONE 37 0.050398
BONE 11 0.181416
BONE 62 0.561703

VERT 107
OFFSET -4.182828 2.160101 43.599140
BONES 4
BONE 13 0.000003
BONE 1 0.036419
BONE 10 0.956625
BONE 11 0.006953

VERT 108
OFFSET -4.934429 1.250566 46.855534
BONES 5
BONE 14 0.000762
BONE 1 0.000098
BONE 10 0.502320
BONE 11 0.464642
BONE 13 0.032178

VERT 109
OFFSET -2.493322 3.084344 43.470135
BONES 4
BONE 13 0.000024
BONE 11 0.018064
BONE 10 0.949787
BONE 1 0.032124

VERT 110
OFFSET -0.605764 3.114249 45.906796
BONES 3
BONE 11 0.532217
BONE 10 0.467744
BONE 1 0.000039

VERT 111
OFFSET 0.679794 3.758964 47.259064
BONES 1
BONE 11 1.000000

VERT 112
OFFSET 0.395572 3.821086 47.963516
BONES 2
BONE 11 0.999977
BONE 10 0.000023

VERT 113
OFFSET 0.788274 2.081972 45.967617
BONES 2
BONE 10 0.337557
BONE 11 0.662443

VERT 114
OFFSET -1.145231 1.193266 51.076504
BONES 4
BONE 63 0.000061
BONE 62 0.009928
BONE 11 0.895026
BONE 13 0.094985

VERT 115
OFFSET -1.694036 -0.021542 51.691807
BONES 5
BONE 37 0.013258
BONE 11 0.809546
BONE 63 0.020548
BONE 62 0.145466
BONE 13 0.011183

VERT 116
OFFSET -1.284597 2.714294 50.524929
BONES 4
BONE 14 0.108274
BONE 15 0.000003
BONE 13 0.267029
BONE 11 0.624694

VERT 117
OFFSET 0.556475 1.873274 43.413685
BONES 3
BONE 10 0.973193
BONE 11 0.017612
BONE 1 0.009195

VERT 118
OFFSET -2.731759 21.492912 51.165836
BONES 7
BONE 30 0.000115
BONE 34 0.195181
BONE 15 0.198216
BONE 20 0.000814
BONE 26 0.000384
BONE 29 0.035065
BONE 16 0.570225

VERT 119
OFFSET -4.222679 12.693577 50.941559
BONES 3
BONE 15 0.659716
BONE 34 0.000007
BONE 14 0.340277

VERT 120
OFFSET -3.669853 21.216217 50.215839
BONES 5
BONE 16 0.360500
BONE 29 0.007964
BONE 23 0.000296
BONE 15 0.205479
BONE 34 0.425761

VERT 121
OFFSET -4.069862 13.034171 50.186340
BONES 3
BONE 15 0.691728
BONE 14 0.307517
BONE 34 0.000755

VERT 122
OFFSET -4.004858 3.918149 49.600380
BONES 5
BONE 10 0.019193
BONE 13 0.369789
BONE 14 0.383022
BONE 15 0.000467
BONE 11 0.227530

VERT 123
OFFSET -4.207630 4.389471 51.353222
BONES 6
BONE 10 0.001775
BONE 11 0.095719
BONE 13 0.351307
BONE 15 0.004251
BONE 14 0.541075
BONE 62 0.005874

VERT 124
OFFSET -2.189553 14.434334 50.420456
BONES 3
BONE 34 0.062739
BONE 14 0.280556
BONE 15 0.656705

VERT 125
OFFSET -1.884010 4.682320 50.014782
BONES 4
BONE 11 0.129481
BONE 14 0.623016
BONE 15 0.002752
BONE 13 0.244751

VERT 126
OFFSET -1.755090 3.001134 51.343452
BONES 5
BONE 62 0.008423
BONE 13 0.542961
BONE 15 0.000817
BONE 14 0.165183
BONE 11 0.282617

VERT 127
OFFSET -3.129131 12.854366 51.672451
BONES 3
BONE 34 0.000484
BONE 15 0.492456
BONE 14 0.507060

VERT 128
OFFSET -2.716080 13.327643 49.655697
BONES 2
BONE 15 0.602948
BONE 14 0.397052

VERT 129
OFFSET -2.554985 21.245125 50.369354
BONES 6
BONE 29 0.017825
BONE 16 0.660477
BONE 30 0.001528
BONE 34 0.155489
BONE 15 0.164542
BONE 14 0.000139

VERT 130
OFFSET -3.802454 0.594154 53.298885
BONES 5
BONE 37 0.000403
BONE 62 0.596546
BONE 11 0.157638
BONE 63 0.219638
BONE 13 0.025776

VERT 131
OFFSET -3.770018 0.261165 54.719063
BONES 3
BONE 11 0.000000
BONE 62 0.000000
BONE 63 1.000000

VERT 132
OFFSET -3.210325 2.729478 52.127537
BONES 6
BONE 15 0.000131
BONE 14 0.097190
BONE 63 0.004273
BONE 13 0.559823
BONE 11 0.264541
BONE 62 0.074041

VERT 133
OFFSET -2.654373 1.302804 54.157478
BONES 3
BONE 11 0.000000
BONE 62 0.000000
BONE 63 1.000000

VERT 134
OFFSET -2.754700 1.066339 53.023350
BONES 4
BONE 63 0.180418
BONE 13 0.031638
BONE 11 0.261539
BONE 62 0.526405

VERT 135
OFFSET -1.686445 0.010175 53.593861
BONES 4
BONE 62 0.040077
BONE 11 0.008341
BONE 63 0.951461
BONE 13 0.000120

VERT 136
OFFSET -2.707836 -22.066351 51.100609
BONES 7
BONE 44 0.000975
BONE 50 0.000460
BONE 41 0.000578
BONE 59 0.207237
BONE 39 0.197648
BONE 40 0.578842
BONE 53 0.014262

VERT 137
OFFSET -3.056851 -12.642838 51.684090
BONES 3
BONE 38 0.543485
BONE 59 0.000289
BONE 39 0.456226

VERT 138
OFFSET -4.009305 -16.004282 49.962532
BONES 3
BONE 38 0.012102
BONE 39 0.904032
BONE 59 0.083866

VERT 139
OFFSET -4.316275 -12.794678 50.752251
BONES 3
BONE 59 0.000005
BONE 38 0.343378
BONE 39 0.656617

VERT 140
OFFSET -4.008241 -3.905593 49.592587
BONES 5
BONE 10 0.019496
BONE 37 0.371460
BONE 38 0.379184
BONE 39 0.000469
BONE 11 0.229392

VERT 141
OFFSET -3.952276 -4.750312 51.497295
BONES 5
BONE 11 0.066990
BONE 62 0.010562
BONE 38 0.600765
BONE 39 0.005344
BONE 37 0.316339

VERT 142
OFFSET -1.687452 -4.079800 50.070370
BONES 4
BONE 37 0.314104
BONE 39 0.001574
BONE 38 0.435244
BONE 11 0.249078

VERT 143
OFFSET -1.752983 -2.778619 51.365356
BONES 6
BONE 63 0.000021
BONE 62 0.010311
BONE 38 0.118324
BONE 39 0.000382
BONE 37 0.527299
BONE 11 0.343664

VERT 144
OFFSET 1.605391 1.522253 47.024185
BONES 2
BONE 11 0.999999
BONE 10 0.000001

VERT 145
OFFSET 0.381394 3.338398 48.984558
BONES 1
BONE 11 1.000000

VERT 146
OFFSET -1.586006 3.690810 49.365734
BONES 4
BONE 14 0.151118
BONE 10 0.004491
BONE 11 0.562908
BONE 13 0.281483

VERT 147
OFFSET 1.136410 2.914892 46.703651
BONES 2
BONE 10 0.000304
BONE 11 0.999696

VERT 148
OFFSET 1.548211 1.002532 48.233269
BONES 2
BONE 11 0.999880
BONE 10 0.000120

VERT 149
OFFSET 0.996380 1.764989 49.363708
BONES 1
BONE 11 1.000000

VERT 150
OFFSET -3.210045 -2.712657 52.128445
BONES 6
BONE 39 0.000127
BONE 63 0.004306
BONE 38 0.095888
BONE 37 0.559920
BONE 11 0.265377
BONE 62 0.074382

VERT 151
OFFSET -3.077002 -1.188177 54.419289
BONES 3
BONE 63 1.000000
BONE 11 0.000000
BONE 62 0.000000

VERT 152
OFFSET -3.909122 21.261921 50.658428
BONES 3
BONE 16 0.250038
BONE 34 0.544385
BONE 15 0.205577

VERT 153
OFFSET -2.820732 23.651968 51.024559
BONES 10
BONE 30 0.001127
BONE 19 0.000065
BONE 18 0.015634
BONE 26 0.020129
BONE 17 0.162087
BONE 16 0.550919
BONE 29 0.011056
BONE 15 0.001346
BONE 20 0.201014
BONE 21 0.036622

VERT 154
OFFSET -4.220121 24.140249 50.170872
BONES 6
BONE 25 0.000083
BONE 24 0.018589
BONE 29 0.001142
BONE 23 0.801103
BONE 16 0.170597
BONE 26 0.008486

VERT 155
OFFSET -3.759437 26.755402 50.512260
BONES 5
BONE 28 0.972088
BONE 20 0.000009
BONE 23 0.000005
BONE 27 0.024206
BONE 26 0.003692

VERT 156
OFFSET -2.158146 -13.772450 50.231991
BONES 3
BONE 39 0.632266
BONE 38 0.358534
BONE 59 0.009200

VERT 157
OFFSET 1.122307 -0.139215 44.578461
BONES 3
BONE 11 0.006584
BONE 10 0.993344
BONE 1 0.000072

VERT 158
OFFSET 1.162422 -1.055447 46.428883
BONES 2
BONE 11 0.678066
BONE 10 0.321934

VERT 159
OFFSET -0.071767 -2.984657 45.784763
BONES 3
BONE 10 0.422944
BONE 11 0.577034
BONE 1 0.000022

VERT 160
OFFSET 0.469892 -1.936192 43.393139
BONES 3
BONE 10 0.973568
BONE 11 0.016822
BONE 1 0.009610

VERT 161
OFFSET 0.236786 0.005837 48.801365
BONES 3
BONE 37 0.000000
BONE 11 0.885283
BONE 10 0.114717

VERT 162
OFFSET 1.020626 0.766996 46.397602
BONES 2
BONE 10 0.348816
BONE 11 0.651184

VERT 163
OFFSET 0.395574 -3.821087 47.963516
BONES 2
BONE 11 0.999977
BONE 10 0.000023

VERT 164
OFFSET -3.223237 -14.259241 49.610420
BONES 3
BONE 38 0.206194
BONE 59 0.009687
BONE 39 0.784119

VERT 165
OFFSET -3.959698 -22.433397 50.055954
BONES 9
BONE 48 0.005047
BONE 50 0.002306
BONE 49 0.000023
BONE 40 0.534896
BONE 53 0.017104
BONE 39 0.056994
BONE 59 0.165064
BONE 54 0.000129
BONE 47 0.218436

VERT 166
OFFSET -2.246206 -0.853886 52.889214
BONES 4
BONE 62 0.528439
BONE 11 0.185797
BONE 63 0.271803
BONE 37 0.013961

VERT 167
OFFSET -2.557070 -21.285631 50.332527
BONES 5
BONE 40 0.651355
BONE 53 0.017800
BONE 39 0.150543
BONE 59 0.178760
BONE 54 0.001541

VERT 168
OFFSET -1.605716 -23.178324 50.412045
BONES 6
BONE 55 0.156517
BONE 54 0.380213
BONE 40 0.194125
BONE 53 0.262597
BONE 39 0.001482
BONE 41 0.005066

VERT 169
OFFSET -3.335548 -24.166899 50.898552
BONES 9
BONE 47 0.007187
BONE 39 0.000061
BONE 51 0.002692
BONE 44 0.210263
BONE 53 0.000403
BONE 40 0.434449
BONE 41 0.019415
BONE 45 0.015583
BONE 50 0.309947

VERT 170
OFFSET -3.907944 -21.262617 50.654827
BONES 3
BONE 40 0.250013
BONE 59 0.544460
BONE 39 0.205527

VERT 171
OFFSET 1.586540 -1.408183 47.112576
BONES 2
BONE 10 0.000001
BONE 11 0.999999

VERT 172
OFFSET 0.759392 -2.266948 49.359470
BONES 2
BONE 37 0.001079
BONE 11 0.998921

VERT 173
OFFSET 0.381395 -3.338398 48.984558
BONES 1
BONE 11 1.000000

VERT 174
OFFSET -1.591002 -3.687618 49.372265
BONES 4
BONE 38 0.152774
BONE 10 0.004398
BONE 11 0.558785
BONE 37 0.284043

VERT 175
OFFSET 0.679803 -3.758953 47.259048
BONES 1
BONE 11 1.000000

VERT 176
OFFSET 1.136420 -2.914871 46.703648
BONES 2
BONE 10 0.000304
BONE 11 0.999696

VERT 177
OFFSET 1.540201 -1.020966 48.324692
BONES 2
BONE 11 0.996210
BONE 10 0.003790

VERT 178
OFFSET 1.183159 -1.471205 49.133064
BONES 1
BONE 11 1.000000

VERT 179
OFFSET -3.053568 27.032444 50.667931
BONES 3
BONE 20 0.000435
BONE 22 0.968500
BONE 21 0.031065

VERT 180
OFFSET -3.340256 24.640129 50.558586
BONES 9
BONE 22 0.000003
BONE 28 0.000551
BONE 26 0.659577
BONE 16 0.034208
BONE 21 0.003974
BONE 20 0.293543
BONE 27 0.004616
BONE 23 0.003197
BONE 17 0.000331

VERT 181
OFFSET -2.748867 24.663410 50.505764
BONES 8
BONE 29 0.001315
BONE 18 0.010530
BONE 19 0.000050
BONE 16 0.040984
BONE 17 0.590083
BONE 21 0.002181
BONE 20 0.349930
BONE 26 0.004925

VERT 182
OFFSET -2.203466 23.924198 50.450012
BONES 7
BONE 29 0.250243
BONE 19 0.000031
BONE 17 0.184086
BONE 18 0.020899
BONE 16 0.404570
BONE 20 0.001831
BONE 30 0.138339

VERT 183
OFFSET -2.316207 26.703743 50.605236
BONES 5
BONE 20 0.000001
BONE 16 0.000002
BONE 19 0.982024
BONE 17 0.001207
BONE 18 0.016767

VERT 184
OFFSET -0.757129 24.503447 49.911861
BONES 4
BONE 16 0.000001
BONE 29 0.000129
BONE 30 0.027112
BONE 31 0.972758

VERT 185
OFFSET -1.700002 23.458212 49.839035
BONES 6
BONE 20 0.000136
BONE 17 0.001156
BONE 29 0.260741
BONE 30 0.643263
BONE 31 0.026135
BONE 16 0.068569

VERT 186
OFFSET -1.580549 23.226667 50.385529
BONES 6
BONE 31 0.163483
BONE 29 0.259915
BONE 16 0.095033
BONE 30 0.479244
BONE 17 0.002314
BONE 15 0.000009

VERT 187
OFFSET -3.611700 24.165791 50.894718
BONES 8
BONE 28 0.000103
BONE 16 0.533833
BONE 20 0.040471
BONE 26 0.345859
BONE 23 0.009834
BONE 27 0.069820
BONE 15 0.000080
BONE 29 0.000000

VERT 188
OFFSET -3.889720 24.423239 50.458210
BONES 10
BONE 23 0.601369
BONE 20 0.001736
BONE 29 0.000012
BONE 16 0.062857
BONE 17 0.000107
BONE 26 0.325686
BONE 28 0.000002
BONE 27 0.001318
BONE 25 0.000016
BONE 24 0.006898

VERT 189
OFFSET -4.346965 26.042658 50.378441
BONES 6
BONE 25 0.982052
BONE 23 0.001700
BONE 24 0.016185
BONE 27 0.000063
BONE 26 0.000000
BONE 16 0.000001

VERT 190
OFFSET -3.052839 -27.032606 50.667953
BONES 3
BONE 44 0.000435
BONE 46 0.968505
BONE 45 0.031060

VERT 191
OFFSET -2.748131 -24.663492 50.505779
BONES 8
BONE 53 0.001315
BONE 42 0.010527
BONE 43 0.000050
BONE 40 0.040981
BONE 41 0.590071
BONE 45 0.002180
BONE 44 0.349950
BONE 50 0.004926

VERT 192
OFFSET -2.202736 -23.924217 50.449997
BONES 7
BONE 44 0.001831
BONE 40 0.404567
BONE 53 0.250252
BONE 43 0.000031
BONE 41 0.184100
BONE 42 0.020874
BONE 54 0.138344

VERT 193
OFFSET -0.748211 -24.500483 49.941154
BONES 4
BONE 40 0.000000
BONE 53 0.000021
BONE 55 0.981315
BONE 54 0.018664

VERT 194
OFFSET -1.698226 -23.657007 49.947414
BONES 6
BONE 55 0.133560
BONE 54 0.675260
BONE 40 0.020214
BONE 53 0.170073
BONE 41 0.000798
BONE 44 0.000094

VERT 195
OFFSET -2.320695 -26.677715 50.595505
BONES 7
BONE 54 0.000004
BONE 42 0.018825
BONE 44 0.000089
BONE 53 0.000037
BONE 40 0.001774
BONE 41 0.003048
BONE 43 0.976223

VERT 196
OFFSET -3.774977 -26.739531 50.559925
BONES 6
BONE 40 0.000033
BONE 44 0.000026
BONE 47 0.000004
BONE 50 0.004335
BONE 51 0.020397
BONE 52 0.975205

VERT 197
OFFSET -3.326767 -24.594486 50.453869
BONES 9
BONE 46 0.000003
BONE 44 0.280503
BONE 50 0.671601
BONE 40 0.022028
BONE 41 0.000320
BONE 45 0.003583
BONE 47 0.003552
BONE 52 0.009483
BONE 51 0.008927

VERT 198
OFFSET -3.896417 -24.425949 50.465897
BONES 10
BONE 53 0.000012
BONE 41 0.000106
BONE 52 0.000002
BONE 49 0.000016
BONE 48 0.007028
BONE 50 0.324297
BONE 40 0.066926
BONE 47 0.598584
BONE 44 0.001723
BONE 51 0.001308

VERT 199
OFFSET -4.346264 -26.042700 50.378464
BONES 6
BONE 49 0.982051
BONE 47 0.001701
BONE 48 0.016185
BONE 51 0.000063
BONE 50 0.000000
BONE 40 0.000001

VERT 200
OFFSET -0.116742 3.222677 44.701485
BONES 4
BONE 11 0.221758
BONE 10 0.778242
BONE 34 0.000000
BONE 59 0.000000

VERT 201
OFFSET 0.129910 3.126603 44.696918
BONES 4
BONE 11 0.238150
BONE 10 0.761850
BONE 34 0.000000
BONE 59 0.000000

VERT 202
OFFSET -0.409871 3.309230 44.715992
BONES 4
BONE 11 0.200370
BONE 10 0.799630
BONE 34 0.000000
BONE 59 0.000000

VERT 203
OFFSET 0.325300 3.022331 44.703300
BONES 4
BONE 11 0.250378
BONE 10 0.749622
BONE 34 0.000000
BONE 59 0.000000

VERT 204
OFFSET 0.505320 2.910196 44.711693
BONES 4
BONE 11 0.265416
BONE 10 0.734584
BONE 34 0.000000
BONE 59 0.000000

VERT 205
OFFSET 0.663818 2.781297 44.718353
BONES 4
BONE 11 0.268489
BONE 10 0.731511
BONE 34 0.000000
BONE 59 0.000000

VERT 206
OFFSET 0.788282 2.642114 44.725368
BONES 4
BONE 11 0.264829
BONE 10 0.735171
BONE 34 0.000000
BONE 59 0.000000

VERT 207
OFFSET 0.910687 2.462187 44.735958
BONES 4
BONE 11 0.260652
BONE 10 0.739348
BONE 34 0.000000
BONE 59 0.000000

VERT 208
OFFSET 0.997117 2.353214 44.735241
BONES 4
BONE 11 0.255896
BONE 10 0.744104
BONE 34 0.000000
BONE 59 0.000000

VERT 209
OFFSET 0.951088 2.329053 44.747349
BONES 4
BONE 11 0.255896
BONE 10 0.744104
BONE 34 0.000000
BONE 59 0.000000

VERT 210
OFFSET 0.863531 2.439852 44.748909
BONES 4
BONE 11 0.260652
BONE 10 0.739348
BONE 34 0.000000
BONE 59 0.000000

VERT 211
OFFSET 0.741840 2.619096 44.738914
BONES 4
BONE 11 0.264900
BONE 10 0.735100
BONE 34 0.000000
BONE 59 0.000000

VERT 212
OFFSET 0.619250 2.755989 44.731644
BONES 4
BONE 11 0.268363
BONE 10 0.731637
BONE 34 0.000000
BONE 59 0.000000

VERT 213
OFFSET -0.116741 -3.222677 44.701485
BONES 4
BONE 11 0.221758
BONE 10 0.778242
BONE 34 0.000000
BONE 59 0.000000

VERT 214
OFFSET -0.409869 -3.309229 44.715992
BONES 4
BONE 11 0.200370
BONE 10 0.799630
BONE 34 0.000000
BONE 59 0.000000

VERT 215
OFFSET 0.129911 -3.126603 44.696918
BONES 4
BONE 11 0.238150
BONE 10 0.761850
BONE 34 0.000000
BONE 59 0.000000

VERT 216
OFFSET 0.325301 -3.022330 44.703300
BONES 4
BONE 11 0.250378
BONE 10 0.749622
BONE 34 0.000000
BONE 59 0.000000

VERT 217
OFFSET 0.505321 -2.910195 44.711693
BONES 4
BONE 11 0.265416
BONE 10 0.734584
BONE 34 0.000000
BONE 59 0.000000

VERT 218
OFFSET 0.663819 -2.781296 44.718353
BONES 4
BONE 11 0.268489
BONE 10 0.731511
BONE 34 0.000000
BONE 59 0.000000

VERT 219
OFFSET 0.788283 -2.642113 44.725368
BONES 4
BONE 11 0.264829
BONE 10 0.735171
BONE 34 0.000000
BONE 59 0.000000

VERT 220
OFFSET 0.910688 -2.462186 44.735958
BONES 4
BONE 11 0.260652
BONE 10 0.739348
BONE 34 0.000000
BONE 59 0.000000

VERT 221
OFFSET 0.997117 -2.353213 44.735241
BONES 4
BONE 11 0.255896
BONE 10 0.744104
BONE 34 0.000000
BONE 59 0.000000

VERT 222
OFFSET 0.951088 -2.329052 44.747349
BONES 4
BONE 11 0.255896
BONE 10 0.744104
BONE 34 0.000000
BONE 59 0.000000

VERT 223
OFFSET 0.863532 -2.439851 44.748909
BONES 4
BONE 11 0.260652
BONE 10 0.739348
BONE 34 0.000000
BONE 59 0.000000

VERT 224
OFFSET 0.741841 -2.619095 44.738914
BONES 4
BONE 11 0.264900
BONE 10 0.735100
BONE 34 0.000000
BONE 59 0.000000

VERT 225
OFFSET 0.619250 -2.755987 44.731644
BONES 4
BONE 11 0.268363
BONE 10 0.731637
BONE 34 0.000000
BONE 59 0.000000

