// Export time: Mon Nov 16 22:24:17 2020

// Exported using Blender v2.90.1
// Export filename: 'E:/blackops3/mod_xmodel/iw4/tac50/ch_head_gk_tac50_lod1.XMODEL_EXPORT'
// Source filename: 'E:/blackops3/mod_xmodel/iw4/tac50/tac50.blend'
MODEL
VERSION 6

NUMBONES 54
BONE 0 -1 "tag_origin"
BONE 1 0 "j_spineupper"
BONE 2 1 "j_neck"
BONE 3 2 "j_head"
BONE 4 3 "j_brow_le"
BONE 5 3 "j_brow_ri"
BONE 6 3 "j_browouter_le"
BONE 7 3 "j_browouter_ri"
BONE 8 3 "j_cheek_le"
BONE 9 3 "j_cheek_ri"
BONE 10 3 "j_cheeklower_le"
BONE 11 3 "j_cheeklower_ri"
BONE 12 3 "j_eye_lid_bot_le"
BONE 13 3 "j_eye_lid_bot_ri"
BONE 14 3 "j_eye_lid_top_le"
BONE 15 3 "j_eye_lid_top_ri"
BONE 16 3 "j_eyeball_le"
BONE 17 3 "j_eyeball_ri"
BONE 18 3 "j_head_end"
BONE 19 18 "j_helmet"
BONE 20 3 "j_jaw"
BONE 21 20 "j_chin_skinroll"
BONE 22 20 "j_lip_bot_le"
BONE 23 20 "j_lip_bot_ri"
BONE 24 3 "j_levator_le"
BONE 25 3 "j_levator_ri"
BONE 26 3 "j_lip_top_le"
BONE 27 3 "j_lip_top_ri"
BONE 28 3 "j_mouth_le"
BONE 29 3 "j_mouth_ri"
BONE 30 3 "j_nvg"
BONE 31 3 "tag_eye"
BONE 32 3 "MouthCavity"
BONE 33 3 "MouthMove"
BONE 34 3 "Eye_Rz_L"
BONE 35 34 "CheekUp2_L"
BONE 36 34 "Eye01_S_L"
BONE 37 34 "Eye02_S_L"
BONE 38 34 "Eye03_S_L"
BONE 39 34 "Eye04_S_L"
BONE 40 34 "Eye05_S_L"
BONE 41 34 "Eye06_S_L"
BONE 42 34 "Eye07_S_L"
BONE 43 34 "Eye08_S_L"
BONE 44 3 "Eye_Rz_R"
BONE 45 44 "CheekUp2_R"
BONE 46 44 "Eye01_S_R"
BONE 47 44 "Eye02_S_R"
BONE 48 44 "Eye03_S_R"
BONE 49 44 "Eye04_S_R"
BONE 50 44 "Eye05_S_R"
BONE 51 44 "Eye06_S_R"
BONE 52 44 "Eye07_S_R"
BONE 53 44 "Eye08_S_R"

BONE 0
OFFSET 0.000000 0.000000 0.000000
SCALE 1.000000 1.000000 1.000000
X 1.000000 0.000000 0.000000
Y 0.000000 1.000000 0.000000
Z 0.000000 0.000000 1.000000

BONE 1
OFFSET -2.379820 0.000199 44.696533
SCALE 1.000000 1.000000 1.000000
X 0.020435 -0.000061 0.999791
Y 0.999791 0.000062 -0.020435
Z -0.000060 1.000000 0.000063

BONE 2
OFFSET -2.601121 0.000000 52.014503
SCALE 1.000000 1.000000 1.000000
X 0.309749 -0.000044 0.950818
Y 0.950818 0.000075 -0.309749
Z -0.000058 1.000000 0.000065

BONE 3
OFFSET -2.601120 0.000000 54.344643
SCALE 1.000000 1.000000 1.000000
X 0.216397 -0.000041 0.976305
Y 0.976305 0.000072 -0.216397
Z -0.000061 1.000000 0.000055

BONE 4
OFFSET 1.003159 1.285454 57.884377
SCALE 1.000000 1.000000 1.000000
X 0.000653 1.000000 -0.000120
Y -0.998858 0.000646 -0.047762
Z -0.047762 0.000152 0.998859

BONE 5
OFFSET 1.012464 -1.308403 57.885979
SCALE 1.000000 1.000000 1.000000
X 0.000013 1.000000 0.000098
Y 0.998893 -0.000017 0.047036
Z 0.047036 0.000097 -0.998893

BONE 6
OFFSET 0.658135 2.172267 57.945259
SCALE 1.000000 1.000000 1.000000
X 0.000647 1.000000 -0.000125
Y -0.998863 0.000640 -0.047679
Z -0.047679 0.000156 0.998863

BONE 7
OFFSET 0.686464 -2.146323 57.942505
SCALE 1.000000 1.000000 1.000000
X 0.000021 1.000000 0.000102
Y 0.998897 -0.000025 0.046951
Z 0.046951 0.000100 -0.998897

BONE 8
OFFSET -0.349449 1.642118 56.366875
SCALE 1.000000 1.000000 1.000000
X 0.000648 0.999999 -0.000130
Y -0.998867 0.000640 -0.047585
Z -0.047585 0.000161 0.998867

BONE 9
OFFSET -0.367141 -1.576185 56.424046
SCALE 1.000000 1.000000 1.000000
X 0.000012 1.000000 0.000100
Y 0.998884 -0.000017 0.047225
Z 0.047225 0.000099 -0.998884

BONE 10
OFFSET -0.358327 1.475503 55.325634
SCALE 1.000000 1.000000 1.000000
X 0.170204 0.000002 0.985409
Y 0.985409 -0.000003 -0.170204
Z 0.000003 1.000000 -0.000003

BONE 11
OFFSET -0.319234 -1.473026 55.352127
SCALE 1.000000 1.000000 1.000000
X 0.170386 0.000000 0.985377
Y 0.985377 0.000016 -0.170386
Z -0.000016 1.000000 0.000002

BONE 12
OFFSET -0.576561 0.999137 56.850136
SCALE 1.000000 1.000000 1.000000
X -0.065612 0.997123 0.038031
Y -0.996951 -0.063891 -0.044811
Z -0.042252 -0.040853 0.998271

BONE 13
OFFSET -0.576283 -0.953191 56.844296
SCALE 1.000000 1.000000 1.000000
X 0.066601 0.997041 -0.038381
Y 0.996921 -0.064899 0.044008
Z 0.041387 -0.041194 -0.998294

BONE 14
OFFSET -0.576184 0.998251 56.914974
SCALE 1.000000 1.000000 1.000000
X -0.065484 0.997131 0.037988
Y -0.996962 -0.063769 -0.044720
Z -0.042170 -0.040801 0.998277

BONE 15
OFFSET -0.575630 -0.954382 56.903263
SCALE 1.000000 1.000000 1.000000
X 0.066554 0.997045 -0.038375
Y 0.996939 -0.064867 0.043645
Z 0.041026 -0.041162 -0.998310

BONE 16
OFFSET -1.998195 0.932164 56.413185
SCALE 1.000000 1.000000 1.000000
X -0.205904 0.978520 -0.010095
Y -0.977367 -0.206152 -0.047495
Z -0.048555 0.000086 0.998820

BONE 17
OFFSET -1.998192 -0.931079 56.413177
SCALE 1.000000 1.000000 1.000000
X 0.207732 0.978137 0.009786
Y 0.977068 -0.207962 0.045706
Z 0.046742 0.000067 -0.998907

BONE 18
OFFSET -2.414003 0.000045 59.321804
SCALE 1.000000 1.000000 1.000000
X 0.170215 0.000018 0.985407
Y 0.985407 -0.000000 -0.170215
Z -0.000003 1.000000 -0.000018

BONE 19
OFFSET -3.274625 0.000048 60.401562
SCALE 1.000000 1.000000 1.000000
X 0.995876 -0.000058 0.090731
Y 0.000074 1.000000 -0.000179
Z -0.090731 0.000185 0.995875

BONE 20
OFFSET -2.164925 0.000461 54.653679
SCALE 1.000000 1.000000 1.000000
X 0.000647 1.000000 -0.000097
Y -0.998854 0.000642 -0.047851
Z -0.047851 0.000128 0.998854

BONE 21
OFFSET 0.461562 -0.001393 53.101761
SCALE 1.000000 1.000000 1.000000
X 0.000647 1.000000 -0.000100
Y -0.998867 0.000642 -0.047586
Z -0.047585 0.000131 0.998867

BONE 22
OFFSET 0.161553 0.175177 54.349533
SCALE 1.000000 1.000000 1.000000
X 0.000645 1.000000 -0.000085
Y -0.998863 0.000641 -0.047672
Z -0.047672 0.000115 0.998863

BONE 23
OFFSET 0.161553 -0.174093 54.349533
SCALE 1.000000 1.000000 1.000000
X 0.000924 1.000000 -0.000005
Y 0.998867 -0.000385 0.047582
Z 0.047069 -0.000049 -0.998892

BONE 24
OFFSET 0.377144 0.493874 56.068653
SCALE 1.000000 1.000000 1.000000
X 0.000648 0.999999 -0.000073
Y -0.998867 0.000643 -0.047582
Z -0.047582 0.000104 0.998867

BONE 25
OFFSET 0.398804 -0.474554 56.073597
SCALE 1.000000 1.000000 1.000000
X 0.000012 1.000000 0.000086
Y 0.998888 -0.000016 0.047137
Z 0.047137 0.000085 -0.998888

BONE 26
OFFSET 0.221107 0.175177 54.485638
SCALE 1.000000 1.000000 1.000000
X 0.000646 0.999998 -0.000087
Y -0.998858 0.000640 -0.047762
Z -0.047762 0.000117 0.998859

BONE 27
OFFSET 0.221108 -0.174093 54.485638
SCALE 1.000000 1.000000 1.000000
X 0.000009 1.000000 0.000105
Y 0.998893 -0.000014 0.047045
Z 0.047045 0.000104 -0.998893

BONE 28
OFFSET 0.105908 0.354226 54.419960
SCALE 1.000000 1.000000 1.000000
X 0.000650 0.999997 -0.000117
Y -0.998863 0.000643 -0.047673
Z -0.047673 0.000148 0.998863

BONE 29
OFFSET 0.105908 -0.353142 54.419956
SCALE 1.000000 1.000000 1.000000
X 0.000005 1.000000 0.000109
Y 0.998884 -0.000010 0.047222
Z 0.047222 0.000108 -0.998884

BONE 30
OFFSET 1.702049 0.000048 58.571415
SCALE 1.000000 1.000000 1.000000
X 0.985415 0.000006 -0.170171
Y -0.170170 0.000000 -0.985415
Z -0.000006 1.000000 0.000001

BONE 31
OFFSET -0.000687 0.000463 56.715221
SCALE 1.000000 1.000000 1.000000
X 0.922511 -0.000049 0.385970
Y 0.000053 1.000000 0.000001
Z -0.385970 0.000019 0.922511

BONE 32
OFFSET -0.667594 0.000001 54.423870
SCALE 1.000000 1.000000 1.000000
X -0.000000 1.000000 -0.000000
Y -0.000000 0.000000 1.000000
Z 1.000000 0.000000 0.000000

BONE 33
OFFSET 0.191292 0.000001 54.423870
SCALE 1.000000 1.000000 1.000000
X -0.000000 1.000000 -0.000000
Y -0.000000 0.000000 1.000000
Z 1.000000 0.000000 0.000000

BONE 34
OFFSET -0.642755 1.438043 56.638496
SCALE 1.000000 1.000000 1.000000
X -0.000000 1.000000 -0.000000
Y -0.000000 0.000000 1.000000
Z 1.000000 0.000000 0.000000

BONE 35
OFFSET -1.144605 1.588628 55.533981
SCALE 1.000000 1.000000 1.000000
X -0.000000 1.000000 -0.000000
Y -0.000000 -0.000000 1.000000
Z 1.000000 0.000000 0.000000

BONE 36
OFFSET 0.168235 0.575166 56.356960
SCALE 1.000000 1.000000 1.000000
X -0.000000 1.000000 -0.000000
Y -0.000000 0.000000 1.000000
Z 1.000000 0.000000 0.000000

BONE 37
OFFSET 0.150960 1.014778 56.833435
SCALE 1.000000 1.000000 1.000000
X -0.000000 1.000000 -0.000000
Y -0.000000 -0.000000 1.000000
Z 1.000000 0.000000 0.000000

BONE 38
OFFSET 0.174434 1.477941 57.273468
SCALE 1.000000 1.000000 1.000000
X -0.000000 1.000000 -0.000000
Y 0.000000 0.000000 1.000000
Z 1.000000 0.000000 0.000000

BONE 39
OFFSET -0.010364 1.919371 57.108471
SCALE 1.000000 1.000000 1.000000
X -0.000000 1.000000 -0.000000
Y -0.000000 -0.000000 1.000000
Z 1.000000 0.000000 0.000000

BONE 40
OFFSET -0.216007 2.195085 56.852596
SCALE 1.000000 1.000000 1.000000
X -0.000000 1.000000 -0.000000
Y -0.000000 0.000000 1.000000
Z 1.000000 0.000000 0.000000

BONE 41
OFFSET -0.353330 2.067023 56.145638
SCALE 1.000000 1.000000 1.000000
X -0.000000 1.000000 -0.000000
Y -0.000000 -0.000000 1.000000
Z 1.000000 0.000000 0.000000

BONE 42
OFFSET -0.174789 1.526132 55.899868
SCALE 1.000000 1.000000 1.000000
X -0.000000 1.000000 -0.000000
Y -0.000000 -0.000000 1.000000
Z 1.000000 0.000000 0.000000

BONE 43
OFFSET 0.013731 0.977626 56.025974
SCALE 1.000000 1.000000 1.000000
X -0.000000 1.000000 -0.000000
Y -0.000000 -0.000000 1.000000
Z 1.000000 0.000000 0.000000

BONE 44
OFFSET -0.642754 -1.438156 56.638638
SCALE 1.000000 1.000000 1.000000
X 0.000000 1.000000 -0.000000
Y 0.000000 0.000000 1.000000
Z 1.000000 -0.000000 0.000000

BONE 45
OFFSET -1.144605 -1.588739 55.534122
SCALE 1.000000 1.000000 1.000000
X -0.000000 1.000000 -0.000000
Y -0.000000 -0.000000 1.000000
Z 1.000000 0.000000 0.000000

BONE 46
OFFSET 0.166450 -0.575197 56.355900
SCALE 1.000000 1.000000 1.000000
X -0.000000 1.000000 -0.000000
Y -0.000000 -0.000000 1.000000
Z 1.000000 0.000000 0.000000

BONE 47
OFFSET 0.151014 -1.014056 56.833973
SCALE 1.000000 1.000000 1.000000
X -0.000000 1.000000 -0.000000
Y -0.000000 0.000000 1.000000
Z 1.000000 0.000000 0.000000

BONE 48
OFFSET 0.182380 -1.435163 57.262989
SCALE 1.000000 1.000000 1.000000
X -0.000000 1.000000 -0.000000
Y -0.000000 -0.000000 1.000000
Z 1.000000 0.000000 0.000000

BONE 49
OFFSET -0.009139 -1.920130 57.108868
SCALE 1.000000 1.000000 1.000000
X -0.000000 1.000000 -0.000000
Y -0.000000 -0.000000 1.000000
Z 1.000000 0.000000 0.000000

BONE 50
OFFSET -0.216030 -2.196491 56.852993
SCALE 1.000000 1.000000 1.000000
X -0.000000 1.000000 -0.000000
Y 0.000000 0.000000 1.000000
Z 1.000000 0.000000 0.000000

BONE 51
OFFSET -0.352593 -2.066266 56.146595
SCALE 1.000000 1.000000 1.000000
X -0.000000 1.000000 -0.000000
Y 0.000000 -0.000000 1.000000
Z 1.000000 0.000000 0.000000

BONE 52
OFFSET -0.175369 -1.525349 55.900772
SCALE 1.000000 1.000000 1.000000
X -0.000000 1.000000 -0.000000
Y -0.000000 -0.000000 1.000000
Z 1.000000 0.000000 0.000000

BONE 53
OFFSET 0.012419 -0.978089 56.025356
SCALE 1.000000 1.000000 1.000000
X -0.000000 1.000000 -0.000000
Y -0.000000 -0.000000 1.000000
Z 1.000000 0.000000 0.000000


NUMVERTS 4871
VERT 0
OFFSET -2.736653 3.084484 56.514240
BONES 1
BONE 3 1.000000

VERT 1
OFFSET -2.654399 3.084760 56.567539
BONES 1
BONE 3 1.000000

VERT 2
OFFSET -2.679164 2.943451 56.624306
BONES 1
BONE 3 1.000000

VERT 3
OFFSET -2.854189 2.906974 56.519432
BONES 1
BONE 3 1.000000

VERT 4
OFFSET -2.817219 3.099707 56.459492
BONES 1
BONE 3 1.000000

VERT 5
OFFSET -2.892705 3.082850 56.366318
BONES 1
BONE 3 1.000000

VERT 6
OFFSET -3.020762 2.847174 56.353970
BONES 1
BONE 3 1.000000

VERT 7
OFFSET -2.965741 3.087192 56.271641
BONES 1
BONE 3 1.000000

VERT 8
OFFSET -2.981339 3.029699 56.152672
BONES 1
BONE 3 1.000000

VERT 9
OFFSET -3.071701 2.746045 56.113979
BONES 1
BONE 3 1.000000

VERT 10
OFFSET -2.994545 2.997056 56.033516
BONES 1
BONE 3 1.000000

VERT 11
OFFSET -2.990086 3.236866 55.973392
BONES 1
BONE 3 1.000000

VERT 12
OFFSET -2.497216 3.047624 56.614803
BONES 1
BONE 3 1.000000

VERT 13
OFFSET -2.529366 2.904432 56.645630
BONES 1
BONE 3 1.000000

VERT 14
OFFSET -2.625653 3.232640 56.583809
BONES 1
BONE 3 1.000000

VERT 15
OFFSET -2.704344 3.250897 56.512539
BONES 1
BONE 3 1.000000

VERT 16
OFFSET -2.730685 3.502694 56.664955
BONES 1
BONE 3 1.000000

VERT 17
OFFSET -2.377692 2.897279 56.666130
BONES 1
BONE 3 1.000000

VERT 18
OFFSET -2.360542 3.111526 56.728867
BONES 1
BONE 3 1.000000

VERT 19
OFFSET -2.235384 3.029071 56.688747
BONES 1
BONE 3 1.000000

VERT 20
OFFSET -2.470341 3.162250 56.656666
BONES 1
BONE 3 1.000000

VERT 21
OFFSET -2.580651 3.436373 56.738956
BONES 1
BONE 3 1.000000

VERT 22
OFFSET -2.414918 3.319185 56.761162
BONES 1
BONE 3 1.000000

VERT 23
OFFSET -2.363916 3.431446 56.757462
BONES 1
BONE 3 1.000000

VERT 24
OFFSET -2.268803 3.346982 56.738270
BONES 1
BONE 3 1.000000

VERT 25
OFFSET -2.187317 3.211266 56.699699
BONES 1
BONE 3 1.000000

VERT 26
OFFSET -2.194309 3.303368 56.647732
BONES 1
BONE 3 1.000000

VERT 27
OFFSET -2.192481 2.881864 56.607845
BONES 1
BONE 3 1.000000

VERT 28
OFFSET -2.108303 2.956043 56.626835
BONES 1
BONE 3 1.000000

VERT 29
OFFSET -2.007305 2.867680 56.549519
BONES 1
BONE 3 1.000000

VERT 30
OFFSET -2.102015 3.092902 56.630093
BONES 1
BONE 3 1.000000

VERT 31
OFFSET -2.033707 2.957739 56.546082
BONES 1
BONE 3 1.000000

VERT 32
OFFSET -1.885551 2.791866 56.406979
BONES 2
BONE 3 0.986112
BONE 35 0.013888

VERT 33
OFFSET -1.982814 2.840816 56.385334
BONES 1
BONE 3 1.000000

VERT 34
OFFSET -2.063048 3.074444 56.514042
BONES 1
BONE 3 1.000000

VERT 35
OFFSET -2.120714 3.005035 56.329231
BONES 1
BONE 3 1.000000

VERT 36
OFFSET -2.100427 2.918248 56.168533
BONES 1
BONE 3 1.000000

VERT 37
OFFSET -1.930919 2.759639 56.208107
BONES 2
BONE 3 0.984168
BONE 35 0.015832

VERT 38
OFFSET -2.168609 3.179989 56.469543
BONES 1
BONE 3 1.000000

VERT 39
OFFSET -2.227625 3.150150 56.429897
BONES 1
BONE 3 1.000000

VERT 40
OFFSET -2.189312 2.982935 56.252216
BONES 1
BONE 3 1.000000

VERT 41
OFFSET -2.187249 3.052765 56.311790
BONES 1
BONE 3 1.000000

VERT 42
OFFSET -2.177749 2.919068 56.145969
BONES 1
BONE 3 1.000000

VERT 43
OFFSET -2.119713 2.849428 56.045788
BONES 1
BONE 3 1.000000

VERT 44
OFFSET -2.209640 2.821726 56.023281
BONES 1
BONE 3 1.000000

VERT 45
OFFSET -2.206345 2.881345 56.134247
BONES 1
BONE 3 1.000000

VERT 46
OFFSET -2.227126 2.778533 56.026062
BONES 1
BONE 3 1.000000

VERT 47
OFFSET -2.442411 2.919907 56.162415
BONES 1
BONE 3 1.000000

VERT 48
OFFSET -2.315952 2.955761 56.207119
BONES 1
BONE 3 1.000000

VERT 49
OFFSET -2.416298 3.033435 56.153294
BONES 1
BONE 3 1.000000

VERT 50
OFFSET -2.282443 2.852742 55.883938
BONES 1
BONE 3 1.000000

VERT 51
OFFSET -2.320165 2.781942 55.899220
BONES 1
BONE 3 1.000000

VERT 52
OFFSET -2.322128 2.710548 55.897194
BONES 1
BONE 3 1.000000

VERT 53
OFFSET -2.148907 2.760301 55.888897
BONES 1
BONE 3 1.000000

VERT 54
OFFSET -2.305225 2.750606 55.742249
BONES 1
BONE 3 1.000000

VERT 55
OFFSET -2.177518 2.656217 55.742218
BONES 2
BONE 3 0.981717
BONE 35 0.018283

VERT 56
OFFSET -2.311278 2.683747 55.614639
BONES 1
BONE 3 1.000000

VERT 57
OFFSET -2.217807 2.574917 55.576630
BONES 1
BONE 3 1.000000

VERT 58
OFFSET -2.110035 2.446086 55.591179
BONES 2
BONE 35 0.059794
BONE 3 0.940206

VERT 59
OFFSET -2.039852 2.579930 55.737988
BONES 2
BONE 3 0.961938
BONE 35 0.038062

VERT 60
OFFSET -1.998756 2.667288 55.881680
BONES 2
BONE 3 0.977975
BONE 35 0.022025

VERT 61
OFFSET -2.194699 2.389661 55.439774
BONES 2
BONE 3 0.966260
BONE 35 0.033740

VERT 62
OFFSET -2.242367 2.519590 55.365376
BONES 1
BONE 3 1.000000

VERT 63
OFFSET -2.266140 2.319696 55.338699
BONES 1
BONE 3 1.000000

VERT 64
OFFSET -2.349883 2.693665 55.342911
BONES 1
BONE 3 1.000000

VERT 65
OFFSET -2.315960 2.709838 55.735634
BONES 1
BONE 3 1.000000

VERT 66
OFFSET -2.553530 2.789226 55.668488
BONES 1
BONE 3 1.000000

VERT 67
OFFSET -2.553581 2.793076 55.772392
BONES 1
BONE 3 1.000000

VERT 68
OFFSET -2.540633 2.826863 55.364574
BONES 1
BONE 3 1.000000

VERT 69
OFFSET -2.571895 2.882928 55.556141
BONES 1
BONE 3 1.000000

VERT 70
OFFSET -2.365697 2.702382 55.196266
BONES 1
BONE 3 1.000000

VERT 71
OFFSET -2.276295 2.439898 55.188488
BONES 1
BONE 3 1.000000

VERT 72
OFFSET -2.420470 2.697132 55.094753
BONES 1
BONE 3 1.000000

VERT 73
OFFSET -2.321355 2.540230 55.069763
BONES 1
BONE 3 1.000000

VERT 74
OFFSET -2.404154 2.608771 55.027325
BONES 1
BONE 3 1.000000

VERT 75
OFFSET -2.402216 2.498217 55.024715
BONES 1
BONE 3 1.000000

VERT 76
OFFSET -2.489777 2.674805 55.036190
BONES 1
BONE 3 1.000000

VERT 77
OFFSET -2.545960 2.627748 55.057201
BONES 1
BONE 3 1.000000

VERT 78
OFFSET -2.424594 2.410203 55.048565
BONES 1
BONE 3 1.000000

VERT 79
OFFSET -2.581773 2.490720 55.119553
BONES 1
BONE 3 1.000000

VERT 80
OFFSET -2.491036 2.248060 55.115585
BONES 1
BONE 3 1.000000

VERT 81
OFFSET -2.634610 2.872731 55.136101
BONES 1
BONE 3 1.000000

VERT 82
OFFSET -2.580661 2.853293 55.238670
BONES 1
BONE 3 1.000000

VERT 83
OFFSET -2.619592 2.170096 55.221760
BONES 1
BONE 3 1.000000

VERT 84
OFFSET -2.695551 2.779559 55.161591
BONES 1
BONE 3 1.000000

VERT 85
OFFSET -2.744318 2.634211 55.236561
BONES 1
BONE 3 1.000000

VERT 86
OFFSET -2.884265 3.023927 55.360508
BONES 1
BONE 3 1.000000

VERT 87
OFFSET -2.875492 2.788156 55.446156
BONES 1
BONE 3 1.000000

VERT 88
OFFSET -2.796405 2.295369 55.358143
BONES 1
BONE 3 1.000000

VERT 89
OFFSET -2.934127 2.414120 55.547775
BONES 1
BONE 3 1.000000

VERT 90
OFFSET -2.936661 2.941166 55.598312
BONES 1
BONE 3 1.000000

VERT 91
OFFSET -2.844224 3.138482 55.348888
BONES 1
BONE 3 1.000000

VERT 92
OFFSET -2.813010 3.133729 55.392944
BONES 1
BONE 3 1.000000

VERT 93
OFFSET -2.893242 3.287259 55.532051
BONES 1
BONE 3 1.000000

VERT 94
OFFSET -2.992306 3.201044 55.523975
BONES 1
BONE 3 1.000000

VERT 95
OFFSET -2.737755 3.067652 55.432495
BONES 1
BONE 3 1.000000

VERT 96
OFFSET -2.830416 3.194801 55.561420
BONES 1
BONE 3 1.000000

VERT 97
OFFSET -2.779902 3.181442 55.565205
BONES 1
BONE 3 1.000000

VERT 98
OFFSET -2.613356 3.014024 55.469486
BONES 1
BONE 3 1.000000

VERT 99
OFFSET -2.637046 3.114248 55.596989
BONES 1
BONE 3 1.000000

VERT 100
OFFSET -2.614735 2.975693 55.665199
BONES 1
BONE 3 1.000000

VERT 101
OFFSET -2.899088 3.295317 55.684391
BONES 1
BONE 3 1.000000

VERT 102
OFFSET -2.806604 3.270116 55.694431
BONES 1
BONE 3 1.000000

VERT 103
OFFSET -2.729414 3.168009 55.568825
BONES 1
BONE 3 1.000000

VERT 104
OFFSET -2.662418 3.187568 55.722195
BONES 1
BONE 3 1.000000

VERT 105
OFFSET -2.657588 3.068280 55.773930
BONES 1
BONE 3 1.000000

VERT 106
OFFSET -2.659864 3.241312 55.926250
BONES 1
BONE 3 1.000000

VERT 107
OFFSET -2.622876 3.126432 55.986710
BONES 1
BONE 3 1.000000

VERT 108
OFFSET -2.596373 3.237091 56.011311
BONES 1
BONE 3 1.000000

VERT 109
OFFSET -2.717091 3.295391 55.899624
BONES 1
BONE 3 1.000000

VERT 110
OFFSET -2.675679 3.310451 55.978901
BONES 1
BONE 3 1.000000

VERT 111
OFFSET -2.763268 3.356386 55.962498
BONES 1
BONE 3 1.000000

VERT 112
OFFSET -2.776112 3.329793 55.883469
BONES 1
BONE 3 1.000000

VERT 113
OFFSET -2.715049 3.233688 55.702324
BONES 1
BONE 3 1.000000

VERT 114
OFFSET -2.553620 2.796127 55.875046
BONES 1
BONE 3 1.000000

VERT 115
OFFSET -2.520263 2.833744 55.962013
BONES 1
BONE 3 1.000000

VERT 116
OFFSET -2.481338 2.876864 56.062275
BONES 1
BONE 3 1.000000

VERT 117
OFFSET -2.560896 3.098677 56.036953
BONES 1
BONE 3 1.000000

VERT 118
OFFSET -2.535179 3.223011 56.072338
BONES 1
BONE 3 1.000000

VERT 119
OFFSET -2.610600 3.312320 56.058548
BONES 1
BONE 3 1.000000

VERT 120
OFFSET -2.469500 3.201472 56.136490
BONES 1
BONE 3 1.000000

VERT 121
OFFSET -2.544505 3.302259 56.124619
BONES 1
BONE 3 1.000000

VERT 122
OFFSET -2.631452 3.371151 56.115166
BONES 1
BONE 3 1.000000

VERT 123
OFFSET -2.488597 3.066097 56.095192
BONES 1
BONE 3 1.000000

VERT 124
OFFSET -2.404182 3.174082 56.199997
BONES 1
BONE 3 1.000000

VERT 125
OFFSET -2.473887 3.282053 56.192257
BONES 1
BONE 3 1.000000

VERT 126
OFFSET -2.568579 3.362647 56.184937
BONES 1
BONE 3 1.000000

VERT 127
OFFSET -2.664840 3.394266 56.164585
BONES 1
BONE 3 1.000000

VERT 128
OFFSET -2.739590 3.394120 56.077095
BONES 1
BONE 3 1.000000

VERT 129
OFFSET -2.500392 3.340457 56.260838
BONES 1
BONE 3 1.000000

VERT 130
OFFSET -2.608008 3.384521 56.242149
BONES 1
BONE 3 1.000000

VERT 131
OFFSET -2.698975 3.406464 56.213310
BONES 1
BONE 3 1.000000

VERT 132
OFFSET -2.652174 3.398783 56.292141
BONES 1
BONE 3 1.000000

VERT 133
OFFSET -2.775377 3.415087 56.111427
BONES 1
BONE 3 1.000000

VERT 134
OFFSET -2.840348 3.413879 56.007286
BONES 1
BONE 3 1.000000

VERT 135
OFFSET -2.739550 3.452209 56.273819
BONES 1
BONE 3 1.000000

VERT 136
OFFSET -2.689742 3.440544 56.359470
BONES 1
BONE 3 1.000000

VERT 137
OFFSET -2.800143 3.467985 56.354202
BONES 1
BONE 3 1.000000

VERT 138
OFFSET -2.887930 3.467997 56.191307
BONES 1
BONE 3 1.000000

VERT 139
OFFSET -2.927531 3.463629 56.047729
BONES 1
BONE 3 1.000000

VERT 140
OFFSET -2.919629 3.491221 56.036903
BONES 1
BONE 3 1.000000

VERT 141
OFFSET -2.888904 3.515977 56.207363
BONES 1
BONE 3 1.000000

VERT 142
OFFSET -2.898785 3.510565 56.016293
BONES 1
BONE 3 1.000000

VERT 143
OFFSET -2.932072 3.453968 55.876633
BONES 1
BONE 3 1.000000

VERT 144
OFFSET -2.889598 3.383564 55.868793
BONES 1
BONE 3 1.000000

VERT 145
OFFSET -2.800273 3.389727 55.990955
BONES 1
BONE 3 1.000000

VERT 146
OFFSET -2.928849 3.502238 55.867928
BONES 1
BONE 3 1.000000

VERT 147
OFFSET -2.924082 3.389058 55.664284
BONES 1
BONE 3 1.000000

VERT 148
OFFSET -2.835399 3.355990 55.875679
BONES 1
BONE 3 1.000000

VERT 149
OFFSET -3.014300 3.394255 55.665554
BONES 1
BONE 3 1.000000

VERT 150
OFFSET -2.705932 3.371360 56.040264
BONES 1
BONE 3 1.000000

VERT 151
OFFSET -2.843991 3.569315 56.189636
BONES 1
BONE 3 1.000000

VERT 152
OFFSET -2.920736 3.565460 56.001465
BONES 1
BONE 3 1.000000

VERT 153
OFFSET -2.880983 3.634436 56.194057
BONES 1
BONE 3 1.000000

VERT 154
OFFSET -3.007592 3.585146 56.013649
BONES 1
BONE 3 1.000000

VERT 155
OFFSET -3.021391 3.530957 55.886559
BONES 1
BONE 3 1.000000

VERT 156
OFFSET -3.069387 3.442124 55.925152
BONES 1
BONE 3 1.000000

VERT 157
OFFSET -3.058642 3.488502 56.083931
BONES 1
BONE 3 1.000000

VERT 158
OFFSET -2.954258 3.649195 56.228249
BONES 1
BONE 3 1.000000

VERT 159
OFFSET -3.026570 3.530005 56.297031
BONES 1
BONE 3 1.000000

VERT 160
OFFSET -2.915565 3.282360 56.210049
BONES 1
BONE 3 1.000000

VERT 161
OFFSET -2.854072 3.267139 56.319401
BONES 1
BONE 3 1.000000

VERT 162
OFFSET -2.894878 3.663594 56.358902
BONES 1
BONE 3 1.000000

VERT 163
OFFSET -2.807794 3.644004 56.323006
BONES 1
BONE 3 1.000000

VERT 164
OFFSET -2.758952 3.574311 56.316002
BONES 1
BONE 3 1.000000

VERT 165
OFFSET -2.956030 3.262312 56.084740
BONES 1
BONE 3 1.000000

VERT 166
OFFSET -3.049677 3.324477 55.679810
BONES 1
BONE 3 1.000000

VERT 167
OFFSET -2.994662 3.089021 55.735661
BONES 1
BONE 3 1.000000

VERT 168
OFFSET -2.952289 3.299823 55.511028
BONES 1
BONE 3 1.000000

VERT 169
OFFSET -2.987963 2.852320 55.785561
BONES 1
BONE 3 1.000000

VERT 170
OFFSET -3.067664 2.593736 55.827072
BONES 1
BONE 3 1.000000

VERT 171
OFFSET -2.957438 2.739136 55.615528
BONES 1
BONE 3 1.000000

VERT 172
OFFSET -2.783026 3.269885 56.442272
BONES 1
BONE 3 1.000000

VERT 173
OFFSET -2.977289 3.534911 56.415520
BONES 1
BONE 3 1.000000

VERT 174
OFFSET -2.853993 3.533266 56.559689
BONES 1
BONE 3 1.000000

VERT 175
OFFSET -2.790901 3.649047 56.519024
BONES 1
BONE 3 1.000000

VERT 176
OFFSET -2.653512 3.596109 56.645103
BONES 1
BONE 3 1.000000

VERT 177
OFFSET -2.709227 3.630644 56.459686
BONES 1
BONE 3 1.000000

VERT 178
OFFSET -2.677216 3.568790 56.410389
BONES 1
BONE 3 1.000000

VERT 179
OFFSET -2.578233 3.550694 56.508762
BONES 1
BONE 3 1.000000

VERT 180
OFFSET -2.603860 3.598655 56.570026
BONES 1
BONE 3 1.000000

VERT 181
OFFSET -2.637007 3.478056 56.534954
BONES 1
BONE 3 1.000000

VERT 182
OFFSET -2.746138 3.502419 56.449577
BONES 1
BONE 3 1.000000

VERT 183
OFFSET -2.529104 3.432163 56.588215
BONES 1
BONE 3 1.000000

VERT 184
OFFSET -2.659573 3.447424 56.519493
BONES 1
BONE 3 1.000000

VERT 185
OFFSET -2.746177 3.459430 56.427780
BONES 1
BONE 3 1.000000

VERT 186
OFFSET -2.622098 3.418124 56.452232
BONES 1
BONE 3 1.000000

VERT 187
OFFSET -2.535857 3.395267 56.529144
BONES 1
BONE 3 1.000000

VERT 188
OFFSET -2.517984 3.353005 56.451405
BONES 1
BONE 3 1.000000

VERT 189
OFFSET -2.428093 3.313530 56.509563
BONES 1
BONE 3 1.000000

VERT 190
OFFSET -2.468723 3.325973 56.390820
BONES 1
BONE 3 1.000000

VERT 191
OFFSET -2.539579 3.359163 56.325871
BONES 1
BONE 3 1.000000

VERT 192
OFFSET -2.428875 3.291078 56.324730
BONES 1
BONE 3 1.000000

VERT 193
OFFSET -2.387222 3.277923 56.453995
BONES 1
BONE 3 1.000000

VERT 194
OFFSET -2.366727 3.296754 56.584789
BONES 1
BONE 3 1.000000

VERT 195
OFFSET -2.432046 3.340124 56.587914
BONES 1
BONE 3 1.000000

VERT 196
OFFSET -2.433586 3.350054 56.619076
BONES 1
BONE 3 1.000000

VERT 197
OFFSET -2.374060 3.437060 56.621799
BONES 1
BONE 3 1.000000

VERT 198
OFFSET -2.316470 3.379048 56.605247
BONES 1
BONE 3 1.000000

VERT 199
OFFSET -2.275126 3.333054 56.575851
BONES 1
BONE 3 1.000000

VERT 200
OFFSET -2.282753 3.210598 56.521633
BONES 1
BONE 3 1.000000

VERT 201
OFFSET -2.234022 3.279582 56.544243
BONES 1
BONE 3 1.000000

VERT 202
OFFSET -2.131408 3.221437 56.590744
BONES 1
BONE 3 1.000000

VERT 203
OFFSET -2.256207 3.386333 56.688324
BONES 1
BONE 3 1.000000

VERT 204
OFFSET -2.342059 3.457174 56.712841
BONES 1
BONE 3 1.000000

VERT 205
OFFSET -2.483896 3.539783 56.670357
BONES 1
BONE 3 1.000000

VERT 206
OFFSET -2.473950 3.504875 56.584507
BONES 1
BONE 3 1.000000

VERT 207
OFFSET -2.514586 3.522460 56.726437
BONES 1
BONE 3 1.000000

VERT 208
OFFSET -2.330478 3.226626 56.374687
BONES 1
BONE 3 1.000000

VERT 209
OFFSET -2.296655 3.160907 56.284664
BONES 1
BONE 3 1.000000

VERT 210
OFFSET -2.407311 3.240831 56.255627
BONES 1
BONE 3 1.000000

VERT 211
OFFSET -2.295760 3.116650 56.255936
BONES 1
BONE 3 1.000000

VERT 212
OFFSET -2.296843 3.083042 56.226093
BONES 1
BONE 3 1.000000

VERT 213
OFFSET -2.302905 3.012680 56.202736
BONES 1
BONE 3 1.000000

VERT 214
OFFSET -2.589496 3.382633 56.383381
BONES 1
BONE 3 1.000000

VERT 215
OFFSET -2.836584 3.515507 56.355164
BONES 1
BONE 3 1.000000

VERT 216
OFFSET -2.375777 2.333982 55.113579
BONES 1
BONE 3 1.000000

VERT 217
OFFSET -2.422477 2.178383 55.151924
BONES 1
BONE 3 1.000000

VERT 218
OFFSET -2.342302 2.241866 55.236977
BONES 1
BONE 3 1.000000

VERT 219
OFFSET -2.405037 2.299452 55.091183
BONES 1
BONE 3 1.000000

VERT 220
OFFSET 0.102724 0.064216 54.401638
BONES 7
BONE 28 0.021157
BONE 33 0.626109
BONE 22 0.133379
BONE 23 0.066349
BONE 26 0.000000
BONE 27 0.000000
BONE 29 0.000000

VERT 221
OFFSET -0.373657 0.097397 53.896061
BONES 2
BONE 32 0.800000
BONE 3 0.200000

VERT 222
OFFSET -0.371818 0.194794 53.930328
BONES 2
BONE 32 0.800000
BONE 3 0.200000

VERT 223
OFFSET 0.095236 0.128824 54.398941
BONES 8
BONE 28 0.050680
BONE 32 0.016741
BONE 33 0.735163
BONE 22 0.194854
BONE 23 0.002962
BONE 26 0.000000
BONE 27 0.000000
BONE 29 0.000000

VERT 224
OFFSET -0.366050 0.346440 54.015697
BONES 2
BONE 32 0.800000
BONE 3 0.200000

VERT 225
OFFSET -0.648625 0.233548 53.848900
BONES 2
BONE 32 0.900000
BONE 3 0.100000

VERT 226
OFFSET -0.652744 0.116774 53.797890
BONES 2
BONE 32 0.900000
BONE 3 0.100000

VERT 227
OFFSET -0.637433 0.400185 53.924683
BONES 2
BONE 32 0.900000
BONE 3 0.100000

VERT 228
OFFSET -0.618622 0.557423 54.075905
BONES 2
BONE 32 0.900000
BONE 3 0.100000

VERT 229
OFFSET -0.349172 0.504312 54.126385
BONES 2
BONE 32 0.800000
BONE 3 0.200000

VERT 230
OFFSET 0.084308 0.165642 54.393921
BONES 8
BONE 28 0.100192
BONE 32 0.029578
BONE 33 0.652155
BONE 22 0.218075
BONE 26 0.000000
BONE 23 0.000000
BONE 27 0.000000
BONE 29 0.000000

VERT 231
OFFSET -0.226271 0.637497 54.392620
BONES 2
BONE 32 1.000000
BONE 3 0.000000

VERT 232
OFFSET 0.022132 0.347337 54.393494
BONES 8
BONE 32 0.159382
BONE 28 0.203040
BONE 33 0.477291
BONE 22 0.158624
BONE 26 0.001664
BONE 23 0.000000
BONE 27 0.000000
BONE 29 0.000000

VERT 233
OFFSET 0.016922 0.355213 54.423351
BONES 9
BONE 32 0.200955
BONE 3 0.000000
BONE 33 0.531601
BONE 28 0.237105
BONE 26 0.030339
BONE 22 0.000000
BONE 23 0.000000
BONE 27 0.000000
BONE 29 0.000000

VERT 234
OFFSET 0.042890 0.296972 54.393150
BONES 8
BONE 32 0.105378
BONE 28 0.176300
BONE 33 0.489530
BONE 22 0.223721
BONE 26 0.000000
BONE 23 0.000000
BONE 27 0.000000
BONE 29 0.000000

VERT 235
OFFSET 0.056570 0.251260 54.391747
BONES 8
BONE 32 0.075466
BONE 28 0.168215
BONE 33 0.529503
BONE 22 0.226410
BONE 26 0.000000
BONE 23 0.000000
BONE 27 0.000000
BONE 29 0.000000

VERT 236
OFFSET 0.070482 0.199237 54.390766
BONES 8
BONE 32 0.045249
BONE 28 0.154198
BONE 33 0.600770
BONE 22 0.199784
BONE 26 0.000000
BONE 23 0.000000
BONE 27 0.000000
BONE 29 0.000000

VERT 237
OFFSET -0.503137 0.676086 54.429688
BONES 2
BONE 32 1.000000
BONE 3 0.000000

VERT 238
OFFSET -0.170107 0.623567 54.525982
BONES 2
BONE 32 1.000000
BONE 3 0.000000

VERT 239
OFFSET 0.018992 0.348552 54.441940
BONES 9
BONE 32 0.181268
BONE 3 0.000000
BONE 33 0.507090
BONE 28 0.221412
BONE 26 0.090230
BONE 22 0.000000
BONE 23 0.000000
BONE 27 0.000000
BONE 29 0.000000

VERT 240
OFFSET 0.039741 0.322405 54.443115
BONES 8
BONE 32 0.137289
BONE 28 0.209987
BONE 33 0.533227
BONE 26 0.121437
BONE 22 0.000000
BONE 23 0.000000
BONE 27 0.000000
BONE 29 0.000000

VERT 241
OFFSET -0.755103 0.645496 54.372864
BONES 2
BONE 32 1.000000
BONE 3 0.000000

VERT 242
OFFSET -0.582656 0.543192 54.703247
BONES 2
BONE 32 1.000000
BONE 3 0.000000

VERT 243
OFFSET -0.855390 0.491327 54.594162
BONES 2
BONE 32 1.000000
BONE 3 0.000000

VERT 244
OFFSET -0.584664 0.423975 54.892181
BONES 2
BONE 32 1.000000
BONE 3 0.000000

VERT 245
OFFSET -0.223843 0.412882 54.854664
BONES 2
BONE 32 1.000000
BONE 3 0.000000

VERT 246
OFFSET -0.310916 0.560939 54.734505
BONES 2
BONE 32 1.000000
BONE 3 0.000000

VERT 247
OFFSET -0.064689 0.534616 54.744671
BONES 2
BONE 32 1.000000
BONE 3 0.000000

VERT 248
OFFSET -0.018330 0.484556 54.786659
BONES 2
BONE 32 1.000000
BONE 3 0.000000

VERT 249
OFFSET -0.146186 0.268354 54.978180
BONES 2
BONE 32 1.000000
BONE 3 0.000000

VERT 250
OFFSET -0.591145 0.265015 55.000179
BONES 2
BONE 32 1.000000
BONE 3 0.000000

VERT 251
OFFSET -1.012926 0.402852 54.558029
BONES 2
BONE 32 1.000000
BONE 3 0.000000

VERT 252
OFFSET -1.064552 0.277287 54.560471
BONES 2
BONE 32 1.000000
BONE 3 0.000000

VERT 253
OFFSET -1.060423 0.138644 54.556107
BONES 2
BONE 32 1.000000
BONE 3 0.000000

VERT 254
OFFSET -0.595014 0.129094 55.031155
BONES 2
BONE 32 1.000000
BONE 3 0.000000

VERT 255
OFFSET 0.069095 0.354520 54.865490
BONES 2
BONE 32 1.000000
BONE 3 0.000000

VERT 256
OFFSET 0.071379 0.233134 54.438263
BONES 8
BONE 32 0.052841
BONE 28 0.166883
BONE 33 0.554454
BONE 26 0.225822
BONE 22 0.000000
BONE 23 0.000000
BONE 27 0.000000
BONE 29 0.000000

VERT 257
OFFSET 0.130373 0.195209 54.880939
BONES 2
BONE 32 1.000000
BONE 3 0.000000

VERT 258
OFFSET 0.102232 0.163040 54.436508
BONES 8
BONE 32 0.015363
BONE 28 0.108761
BONE 33 0.656126
BONE 26 0.220741
BONE 27 0.000000
BONE 22 0.000000
BONE 23 0.000000
BONE 29 0.000000

VERT 259
OFFSET 0.120443 0.131152 54.438686
BONES 8
BONE 32 0.011643
BONE 28 0.049950
BONE 33 0.728482
BONE 26 0.259460
BONE 27 0.000721
BONE 22 0.000000
BONE 23 0.000000
BONE 29 0.000000

VERT 260
OFFSET 0.085139 0.189178 54.434719
BONES 8
BONE 32 0.019646
BONE 28 0.162395
BONE 33 0.602802
BONE 26 0.215157
BONE 22 0.000000
BONE 23 0.000000
BONE 27 0.000000
BONE 29 0.000000

VERT 261
OFFSET 0.164440 0.097605 54.884502
BONES 2
BONE 32 1.000000
BONE 3 0.000000

VERT 262
OFFSET -0.115115 0.134082 55.021301
BONES 2
BONE 32 1.000000
BONE 3 0.000000

VERT 263
OFFSET -1.195323 0.156064 54.087086
BONES 2
BONE 32 1.000000
BONE 3 0.000000

VERT 264
OFFSET -1.056294 0.000000 54.551750
BONES 2
BONE 32 1.000000
BONE 3 0.000000

VERT 265
OFFSET -1.199912 0.000000 54.085312
BONES 2
BONE 32 1.000000
BONE 3 0.000000

VERT 266
OFFSET 0.125050 0.065520 54.434731
BONES 7
BONE 28 0.019919
BONE 33 0.621726
BONE 26 0.127861
BONE 27 0.039771
BONE 22 0.000000
BONE 23 0.000000
BONE 29 0.000000

VERT 267
OFFSET 0.174171 0.000001 54.888065
BONES 2
BONE 32 1.000000
BONE 3 0.000000

VERT 268
OFFSET -0.105804 0.000001 55.035332
BONES 2
BONE 32 1.000000
BONE 3 0.000000

VERT 269
OFFSET -0.603714 0.000000 55.041935
BONES 2
BONE 32 1.000000
BONE 3 0.000000

VERT 270
OFFSET 0.120475 0.000001 54.430798
BONES 8
BONE 33 0.672248
BONE 3 0.000000
BONE 26 0.101526
BONE 27 0.084327
BONE 22 0.000000
BONE 23 0.000000
BONE 28 0.000000
BONE 29 0.000000

VERT 271
OFFSET -0.969759 0.137006 53.824520
BONES 2
BONE 32 0.855000
BONE 3 0.145000

VERT 272
OFFSET -0.976387 0.000000 53.814777
BONES 2
BONE 32 0.855000
BONE 3 0.145000

VERT 273
OFFSET -0.959807 0.274011 53.875153
BONES 2
BONE 32 0.855000
BONE 3 0.145000

VERT 274
OFFSET -1.187423 0.312127 54.099743
BONES 2
BONE 32 1.000000
BONE 3 0.000000

VERT 275
OFFSET -1.152659 0.444071 54.140072
BONES 2
BONE 32 1.000000
BONE 3 0.000000

VERT 276
OFFSET -0.937148 0.447424 53.953075
BONES 2
BONE 32 0.855000
BONE 3 0.145000

VERT 277
OFFSET -0.896210 0.585140 54.109097
BONES 2
BONE 32 0.855000
BONE 3 0.145000

VERT 278
OFFSET -1.047506 0.576015 54.240791
BONES 2
BONE 32 1.000000
BONE 3 0.000000

VERT 279
OFFSET -0.654238 0.000000 53.777031
BONES 2
BONE 32 0.900000
BONE 3 0.100000

VERT 280
OFFSET -0.373848 0.000000 53.884850
BONES 2
BONE 32 0.800000
BONE 3 0.200000

VERT 281
OFFSET 0.105365 0.000001 54.405231
BONES 8
BONE 33 0.666587
BONE 3 0.000000
BONE 22 0.125916
BONE 23 0.131060
BONE 26 0.000000
BONE 27 0.000000
BONE 28 0.000000
BONE 29 0.000000

VERT 282
OFFSET -0.652744 -0.116773 53.797890
BONES 2
BONE 32 0.900000
BONE 3 0.100000

VERT 283
OFFSET -0.373657 -0.097396 53.896061
BONES 2
BONE 32 0.800000
BONE 3 0.200000

VERT 284
OFFSET -0.648625 -0.233547 53.848900
BONES 2
BONE 32 0.900000
BONE 3 0.100000

VERT 285
OFFSET 0.102724 -0.064215 54.401638
BONES 7
BONE 29 0.019884
BONE 33 0.622484
BONE 22 0.087157
BONE 23 0.134135
BONE 26 0.000000
BONE 27 0.000000
BONE 28 0.000000

VERT 286
OFFSET -0.371818 -0.194793 53.930328
BONES 2
BONE 32 0.800000
BONE 3 0.200000

VERT 287
OFFSET 0.095236 -0.128823 54.398941
BONES 8
BONE 29 0.048690
BONE 32 0.016219
BONE 33 0.712240
BONE 22 0.009342
BONE 23 0.213704
BONE 26 0.000000
BONE 27 0.000000
BONE 28 0.000000

VERT 288
OFFSET -0.969759 -0.137005 53.824520
BONES 2
BONE 32 0.855000
BONE 3 0.145000

VERT 289
OFFSET -0.959807 -0.274010 53.875153
BONES 2
BONE 32 0.855000
BONE 3 0.145000

VERT 290
OFFSET -0.637433 -0.400185 53.924683
BONES 2
BONE 32 0.900000
BONE 3 0.100000

VERT 291
OFFSET -0.366050 -0.346439 54.015697
BONES 2
BONE 32 0.800000
BONE 3 0.200000

VERT 292
OFFSET -0.618622 -0.557422 54.075905
BONES 2
BONE 32 0.900000
BONE 3 0.100000

VERT 293
OFFSET 0.084308 -0.165640 54.393921
BONES 8
BONE 29 0.101071
BONE 32 0.029702
BONE 33 0.654883
BONE 23 0.214344
BONE 22 0.000004
BONE 26 0.000000
BONE 27 0.000000
BONE 28 0.000000

VERT 294
OFFSET -0.349172 -0.504311 54.126385
BONES 2
BONE 32 0.800000
BONE 3 0.200000

VERT 295
OFFSET -0.226270 -0.637496 54.392620
BONES 2
BONE 32 1.000000
BONE 3 0.000000

VERT 296
OFFSET 0.022132 -0.347336 54.393497
BONES 8
BONE 32 0.158476
BONE 29 0.201655
BONE 33 0.474578
BONE 23 0.159687
BONE 27 0.005603
BONE 22 0.000000
BONE 26 0.000000
BONE 28 0.000000

VERT 297
OFFSET 0.016921 -0.355212 54.423355
BONES 9
BONE 32 0.204105
BONE 3 0.000000
BONE 33 0.539935
BONE 29 0.241752
BONE 27 0.014208
BONE 23 0.000000
BONE 22 0.000000
BONE 26 0.000000
BONE 28 0.000000

VERT 298
OFFSET -0.170107 -0.623566 54.525982
BONES 2
BONE 32 1.000000
BONE 3 0.000000

VERT 299
OFFSET -0.503137 -0.676085 54.429688
BONES 2
BONE 32 1.000000
BONE 3 0.000000

VERT 300
OFFSET -0.310916 -0.560938 54.734505
BONES 2
BONE 32 1.000000
BONE 3 0.000000

VERT 301
OFFSET -0.582656 -0.543191 54.703247
BONES 2
BONE 32 1.000000
BONE 3 0.000000

VERT 302
OFFSET -0.223843 -0.412881 54.854664
BONES 2
BONE 32 1.000000
BONE 3 0.000000

VERT 303
OFFSET -0.584663 -0.423974 54.892181
BONES 2
BONE 32 1.000000
BONE 3 0.000000

VERT 304
OFFSET -0.855390 -0.491326 54.594162
BONES 2
BONE 32 1.000000
BONE 3 0.000000

VERT 305
OFFSET -0.755102 -0.645495 54.372864
BONES 2
BONE 32 1.000000
BONE 3 0.000000

VERT 306
OFFSET -0.064689 -0.534615 54.744671
BONES 2
BONE 32 1.000000
BONE 3 0.000000

VERT 307
OFFSET 0.039741 -0.322404 54.443119
BONES 8
BONE 32 0.135807
BONE 29 0.206893
BONE 33 0.527470
BONE 27 0.138111
BONE 23 0.000000
BONE 22 0.000000
BONE 26 0.000000
BONE 28 0.000000

VERT 308
OFFSET -0.018330 -0.484555 54.786659
BONES 2
BONE 32 1.000000
BONE 3 0.000000

VERT 309
OFFSET -0.146186 -0.268353 54.978180
BONES 2
BONE 32 1.000000
BONE 3 0.000000

VERT 310
OFFSET -0.591145 -0.265014 55.000179
BONES 2
BONE 32 1.000000
BONE 3 0.000000

VERT 311
OFFSET -1.012926 -0.402851 54.558029
BONES 2
BONE 32 1.000000
BONE 3 0.000000

VERT 312
OFFSET -1.064552 -0.277286 54.560471
BONES 2
BONE 32 1.000000
BONE 3 0.000000

VERT 313
OFFSET -1.060423 -0.138643 54.556107
BONES 2
BONE 32 1.000000
BONE 3 0.000000

VERT 314
OFFSET -0.595014 -0.129093 55.031155
BONES 2
BONE 32 1.000000
BONE 3 0.000000

VERT 315
OFFSET 0.069095 -0.354519 54.865490
BONES 2
BONE 32 1.000000
BONE 3 0.000000

VERT 316
OFFSET 0.071379 -0.233133 54.438267
BONES 8
BONE 32 0.052722
BONE 29 0.167478
BONE 33 0.553204
BONE 27 0.226596
BONE 22 0.000000
BONE 23 0.000000
BONE 26 0.000000
BONE 28 0.000000

VERT 317
OFFSET 0.130373 -0.195208 54.880939
BONES 2
BONE 32 1.000000
BONE 3 0.000000

VERT 318
OFFSET 0.102232 -0.163039 54.436512
BONES 8
BONE 32 0.015414
BONE 29 0.107686
BONE 33 0.658312
BONE 27 0.218587
BONE 22 0.000000
BONE 23 0.000000
BONE 26 0.000000
BONE 28 0.000000

VERT 319
OFFSET 0.120443 -0.131151 54.438690
BONES 8
BONE 32 0.011660
BONE 29 0.050066
BONE 33 0.729559
BONE 26 0.001811
BONE 27 0.206800
BONE 22 0.000000
BONE 23 0.000000
BONE 28 0.000000

VERT 320
OFFSET 0.085139 -0.189177 54.434723
BONES 8
BONE 32 0.019434
BONE 29 0.158836
BONE 33 0.596316
BONE 27 0.225414
BONE 22 0.000000
BONE 23 0.000000
BONE 26 0.000000
BONE 28 0.000000

VERT 321
OFFSET -1.195323 -0.156063 54.087086
BONES 2
BONE 32 1.000000
BONE 3 0.000000

VERT 322
OFFSET -1.056294 0.000000 54.551750
BONES 2
BONE 32 1.000000
BONE 3 0.000000

VERT 323
OFFSET -1.199912 0.000000 54.085312
BONES 2
BONE 32 1.000000
BONE 3 0.000000

VERT 324
OFFSET 0.164440 -0.097603 54.884502
BONES 2
BONE 32 1.000000
BONE 3 0.000000

VERT 325
OFFSET 0.125050 -0.065519 54.434731
BONES 7
BONE 29 0.020201
BONE 33 0.631503
BONE 26 0.040621
BONE 27 0.102806
BONE 22 0.000000
BONE 23 0.000000
BONE 28 0.000000

VERT 326
OFFSET -0.115115 -0.134081 55.021301
BONES 2
BONE 32 1.000000
BONE 3 0.000000

VERT 327
OFFSET 0.174171 0.000001 54.888065
BONES 2
BONE 32 1.000000
BONE 3 0.000000

VERT 328
OFFSET -0.105804 0.000001 55.035332
BONES 2
BONE 32 1.000000
BONE 3 0.000000

VERT 329
OFFSET -1.187423 -0.312126 54.099743
BONES 2
BONE 32 1.000000
BONE 3 0.000000

VERT 330
OFFSET -0.937147 -0.447423 53.953075
BONES 2
BONE 32 0.855000
BONE 3 0.145000

VERT 331
OFFSET -1.152659 -0.444070 54.140072
BONES 2
BONE 32 1.000000
BONE 3 0.000000

VERT 332
OFFSET -0.896210 -0.585140 54.109097
BONES 2
BONE 32 0.855000
BONE 3 0.145000

VERT 333
OFFSET -1.047505 -0.576014 54.240791
BONES 2
BONE 32 1.000000
BONE 3 0.000000

VERT 334
OFFSET -0.603714 0.000000 55.041935
BONES 2
BONE 32 1.000000
BONE 3 0.000000

VERT 335
OFFSET -2.121106 0.970669 54.012733
BONES 1
BONE 3 1.000000

VERT 336
OFFSET -2.192610 1.016963 54.051842
BONES 1
BONE 3 1.000000

VERT 337
OFFSET -2.360259 1.105302 54.155186
BONES 1
BONE 3 1.000000

VERT 338
OFFSET -2.396573 1.162017 54.192856
BONES 1
BONE 3 1.000000

VERT 339
OFFSET -2.228140 1.088680 54.076633
BONES 1
BONE 3 1.000000

VERT 340
OFFSET -2.388029 1.248436 54.222633
BONES 1
BONE 3 1.000000

VERT 341
OFFSET -2.564518 1.231368 54.306171
BONES 1
BONE 3 1.000000

VERT 342
OFFSET -2.539653 1.309018 54.325500
BONES 1
BONE 3 1.000000

VERT 343
OFFSET -2.483225 1.405407 54.346195
BONES 1
BONE 3 1.000000

VERT 344
OFFSET -2.598727 1.465208 54.476116
BONES 1
BONE 3 1.000000

VERT 345
OFFSET -2.677371 1.367446 54.452694
BONES 1
BONE 3 1.000000

VERT 346
OFFSET -2.728506 1.296854 54.433247
BONES 1
BONE 3 1.000000

VERT 347
OFFSET -2.528407 1.185695 54.256233
BONES 1
BONE 3 1.000000

VERT 348
OFFSET -2.468937 1.585191 54.502777
BONES 1
BONE 3 1.000000

VERT 349
OFFSET -2.604865 1.604122 54.603451
BONES 1
BONE 3 1.000000

VERT 350
