// Export time: Mon Nov 16 22:24:35 2020

// Exported using Blender v2.90.1
// Export filename: 'E:/blackops3/mod_xmodel/iw4/tac50/ch_head_gk_tac50_lod2.XMODEL_EXPORT'
// Source filename: 'E:/blackops3/mod_xmodel/iw4/tac50/tac50.blend'
MODEL
VERSION 6

NUMBONES 54
BONE 0 -1 "tag_origin"
BONE 1 0 "j_spineupper"
BONE 2 1 "j_neck"
BONE 3 2 "j_head"
BONE 4 3 "j_brow_le"
BONE 5 3 "j_brow_ri"
BONE 6 3 "j_browouter_le"
BONE 7 3 "j_browouter_ri"
BONE 8 3 "j_cheek_le"
BONE 9 3 "j_cheek_ri"
BONE 10 3 "j_cheeklower_le"
BONE 11 3 "j_cheeklower_ri"
BONE 12 3 "j_eye_lid_bot_le"
BONE 13 3 "j_eye_lid_bot_ri"
BONE 14 3 "j_eye_lid_top_le"
BONE 15 3 "j_eye_lid_top_ri"
BONE 16 3 "j_eyeball_le"
BONE 17 3 "j_eyeball_ri"
BONE 18 3 "j_head_end"
BONE 19 18 "j_helmet"
BONE 20 3 "j_jaw"
BONE 21 20 "j_chin_skinroll"
BONE 22 20 "j_lip_bot_le"
BONE 23 20 "j_lip_bot_ri"
BONE 24 3 "j_levator_le"
BONE 25 3 "j_levator_ri"
BONE 26 3 "j_lip_top_le"
BONE 27 3 "j_lip_top_ri"
BONE 28 3 "j_mouth_le"
BONE 29 3 "j_mouth_ri"
BONE 30 3 "j_nvg"
BONE 31 3 "tag_eye"
BONE 32 3 "MouthCavity"
BONE 33 3 "MouthMove"
BONE 34 3 "Eye_Rz_L"
BONE 35 34 "CheekUp2_L"
BONE 36 34 "Eye01_S_L"
BONE 37 34 "Eye02_S_L"
BONE 38 34 "Eye03_S_L"
BONE 39 34 "Eye04_S_L"
BONE 40 34 "Eye05_S_L"
BONE 41 34 "Eye06_S_L"
BONE 42 34 "Eye07_S_L"
BONE 43 34 "Eye08_S_L"
BONE 44 3 "Eye_Rz_R"
BONE 45 44 "CheekUp2_R"
BONE 46 44 "Eye01_S_R"
BONE 47 44 "Eye02_S_R"
BONE 48 44 "Eye03_S_R"
BONE 49 44 "Eye04_S_R"
BONE 50 44 "Eye05_S_R"
BONE 51 44 "Eye06_S_R"
BONE 52 44 "Eye07_S_R"
BONE 53 44 "Eye08_S_R"

BONE 0
OFFSET 0.000000 0.000000 0.000000
SCALE 1.000000 1.000000 1.000000
X 1.000000 0.000000 0.000000
Y 0.000000 1.000000 0.000000
Z 0.000000 0.000000 1.000000

BONE 1
OFFSET -2.379820 0.000199 44.696533
SCALE 1.000000 1.000000 1.000000
X 0.020435 -0.000061 0.999791
Y 0.999791 0.000062 -0.020435
Z -0.000060 1.000000 0.000063

BONE 2
OFFSET -2.601121 0.000000 52.014503
SCALE 1.000000 1.000000 1.000000
X 0.309749 -0.000044 0.950818
Y 0.950818 0.000075 -0.309749
Z -0.000058 1.000000 0.000065

BONE 3
OFFSET -2.601120 0.000000 54.344643
SCALE 1.000000 1.000000 1.000000
X 0.216397 -0.000041 0.976305
Y 0.976305 0.000072 -0.216397
Z -0.000061 1.000000 0.000055

BONE 4
OFFSET 1.003159 1.285454 57.884377
SCALE 1.000000 1.000000 1.000000
X 0.000653 1.000000 -0.000120
Y -0.998858 0.000646 -0.047762
Z -0.047762 0.000152 0.998859

BONE 5
OFFSET 1.012464 -1.308403 57.885979
SCALE 1.000000 1.000000 1.000000
X 0.000013 1.000000 0.000098
Y 0.998893 -0.000017 0.047036
Z 0.047036 0.000097 -0.998893

BONE 6
OFFSET 0.658135 2.172267 57.945259
SCALE 1.000000 1.000000 1.000000
X 0.000647 1.000000 -0.000125
Y -0.998863 0.000640 -0.047679
Z -0.047679 0.000156 0.998863

BONE 7
OFFSET 0.686464 -2.146323 57.942505
SCALE 1.000000 1.000000 1.000000
X 0.000021 1.000000 0.000102
Y 0.998897 -0.000025 0.046951
Z 0.046951 0.000100 -0.998897

BONE 8
OFFSET -0.349449 1.642118 56.366875
SCALE 1.000000 1.000000 1.000000
X 0.000648 0.999999 -0.000130
Y -0.998867 0.000640 -0.047585
Z -0.047585 0.000161 0.998867

BONE 9
OFFSET -0.367141 -1.576185 56.424046
SCALE 1.000000 1.000000 1.000000
X 0.000012 1.000000 0.000100
Y 0.998884 -0.000017 0.047225
Z 0.047225 0.000099 -0.998884

BONE 10
OFFSET -0.358327 1.475503 55.325634
SCALE 1.000000 1.000000 1.000000
X 0.170204 0.000002 0.985409
Y 0.985409 -0.000003 -0.170204
Z 0.000003 1.000000 -0.000003

BONE 11
OFFSET -0.319234 -1.473026 55.352127
SCALE 1.000000 1.000000 1.000000
X 0.170386 0.000000 0.985377
Y 0.985377 0.000016 -0.170386
Z -0.000016 1.000000 0.000002

BONE 12
OFFSET -0.576561 0.999137 56.850136
SCALE 1.000000 1.000000 1.000000
X -0.065612 0.997123 0.038031
Y -0.996951 -0.063891 -0.044811
Z -0.042252 -0.040853 0.998271

BONE 13
OFFSET -0.576283 -0.953191 56.844296
SCALE 1.000000 1.000000 1.000000
X 0.066601 0.997041 -0.038381
Y 0.996921 -0.064899 0.044008
Z 0.041387 -0.041194 -0.998294

BONE 14
OFFSET -0.576184 0.998251 56.914974
SCALE 1.000000 1.000000 1.000000
X -0.065484 0.997131 0.037988
Y -0.996962 -0.063769 -0.044720
Z -0.042170 -0.040801 0.998277

BONE 15
OFFSET -0.575630 -0.954382 56.903263
SCALE 1.000000 1.000000 1.000000
X 0.066554 0.997045 -0.038375
Y 0.996939 -0.064867 0.043645
Z 0.041026 -0.041162 -0.998310

BONE 16
OFFSET -1.998195 0.932164 56.413185
SCALE 1.000000 1.000000 1.000000
X -0.205904 0.978520 -0.010095
Y -0.977367 -0.206152 -0.047495
Z -0.048555 0.000086 0.998820

BONE 17
OFFSET -1.998192 -0.931079 56.413177
SCALE 1.000000 1.000000 1.000000
X 0.207732 0.978137 0.009786
Y 0.977068 -0.207962 0.045706
Z 0.046742 0.000067 -0.998907

BONE 18
OFFSET -2.414003 0.000045 59.321804
SCALE 1.000000 1.000000 1.000000
X 0.170215 0.000018 0.985407
Y 0.985407 -0.000000 -0.170215
Z -0.000003 1.000000 -0.000018

BONE 19
OFFSET -3.274625 0.000048 60.401562
SCALE 1.000000 1.000000 1.000000
X 0.995876 -0.000058 0.090731
Y 0.000074 1.000000 -0.000179
Z -0.090731 0.000185 0.995875

BONE 20
OFFSET -2.164925 0.000461 54.653679
SCALE 1.000000 1.000000 1.000000
X 0.000647 1.000000 -0.000097
Y -0.998854 0.000642 -0.047851
Z -0.047851 0.000128 0.998854

BONE 21
OFFSET 0.461562 -0.001393 53.101761
SCALE 1.000000 1.000000 1.000000
X 0.000647 1.000000 -0.000100
Y -0.998867 0.000642 -0.047586
Z -0.047585 0.000131 0.998867

BONE 22
OFFSET 0.161553 0.175177 54.349533
SCALE 1.000000 1.000000 1.000000
X 0.000645 1.000000 -0.000085
Y -0.998863 0.000641 -0.047672
Z -0.047672 0.000115 0.998863

BONE 23
OFFSET 0.161553 -0.174093 54.349533
SCALE 1.000000 1.000000 1.000000
X 0.000924 1.000000 -0.000005
Y 0.998867 -0.000385 0.047582
Z 0.047069 -0.000049 -0.998892

BONE 24
OFFSET 0.377144 0.493874 56.068653
SCALE 1.000000 1.000000 1.000000
X 0.000648 0.999999 -0.000073
Y -0.998867 0.000643 -0.047582
Z -0.047582 0.000104 0.998867

BONE 25
OFFSET 0.398804 -0.474554 56.073597
SCALE 1.000000 1.000000 1.000000
X 0.000012 1.000000 0.000086
Y 0.998888 -0.000016 0.047137
Z 0.047137 0.000085 -0.998888

BONE 26
OFFSET 0.221107 0.175177 54.485638
SCALE 1.000000 1.000000 1.000000
X 0.000646 0.999998 -0.000087
Y -0.998858 0.000640 -0.047762
Z -0.047762 0.000117 0.998859

BONE 27
OFFSET 0.221108 -0.174093 54.485638
SCALE 1.000000 1.000000 1.000000
X 0.000009 1.000000 0.000105
Y 0.998893 -0.000014 0.047045
Z 0.047045 0.000104 -0.998893

BONE 28
OFFSET 0.105908 0.354226 54.419960
SCALE 1.000000 1.000000 1.000000
X 0.000650 0.999997 -0.000117
Y -0.998863 0.000643 -0.047673
Z -0.047673 0.000148 0.998863

BONE 29
OFFSET 0.105908 -0.353142 54.419956
SCALE 1.000000 1.000000 1.000000
X 0.000005 1.000000 0.000109
Y 0.998884 -0.000010 0.047222
Z 0.047222 0.000108 -0.998884

BONE 30
OFFSET 1.702049 0.000048 58.571415
SCALE 1.000000 1.000000 1.000000
X 0.985415 0.000006 -0.170171
Y -0.170170 0.000000 -0.985415
Z -0.000006 1.000000 0.000001

BONE 31
OFFSET -0.000687 0.000463 56.715221
SCALE 1.000000 1.000000 1.000000
X 0.922511 -0.000049 0.385970
Y 0.000053 1.000000 0.000001
Z -0.385970 0.000019 0.922511

BONE 32
OFFSET -0.667594 0.000001 54.423870
SCALE 1.000000 1.000000 1.000000
X -0.000000 1.000000 -0.000000
Y -0.000000 0.000000 1.000000
Z 1.000000 0.000000 0.000000

BONE 33
OFFSET 0.191292 0.000001 54.423870
SCALE 1.000000 1.000000 1.000000
X -0.000000 1.000000 -0.000000
Y -0.000000 0.000000 1.000000
Z 1.000000 0.000000 0.000000

BONE 34
OFFSET -0.642755 1.438043 56.638496
SCALE 1.000000 1.000000 1.000000
X -0.000000 1.000000 -0.000000
Y -0.000000 0.000000 1.000000
Z 1.000000 0.000000 0.000000

BONE 35
OFFSET -1.144605 1.588628 55.533981
SCALE 1.000000 1.000000 1.000000
X -0.000000 1.000000 -0.000000
Y -0.000000 -0.000000 1.000000
Z 1.000000 0.000000 0.000000

BONE 36
OFFSET 0.168235 0.575166 56.356960
SCALE 1.000000 1.000000 1.000000
X -0.000000 1.000000 -0.000000
Y -0.000000 0.000000 1.000000
Z 1.000000 0.000000 0.000000

BONE 37
OFFSET 0.150960 1.014778 56.833435
SCALE 1.000000 1.000000 1.000000
X -0.000000 1.000000 -0.000000
Y -0.000000 -0.000000 1.000000
Z 1.000000 0.000000 0.000000

BONE 38
OFFSET 0.174434 1.477941 57.273468
SCALE 1.000000 1.000000 1.000000
X -0.000000 1.000000 -0.000000
Y 0.000000 0.000000 1.000000
Z 1.000000 0.000000 0.000000

BONE 39
OFFSET -0.010364 1.919371 57.108471
SCALE 1.000000 1.000000 1.000000
X -0.000000 1.000000 -0.000000
Y -0.000000 -0.000000 1.000000
Z 1.000000 0.000000 0.000000

BONE 40
OFFSET -0.216007 2.195085 56.852596
SCALE 1.000000 1.000000 1.000000
X -0.000000 1.000000 -0.000000
Y -0.000000 0.000000 1.000000
Z 1.000000 0.000000 0.000000

BONE 41
OFFSET -0.353330 2.067023 56.145638
SCALE 1.000000 1.000000 1.000000
X -0.000000 1.000000 -0.000000
Y -0.000000 -0.000000 1.000000
Z 1.000000 0.000000 0.000000

BONE 42
OFFSET -0.174789 1.526132 55.899868
SCALE 1.000000 1.000000 1.000000
X -0.000000 1.000000 -0.000000
Y -0.000000 -0.000000 1.000000
Z 1.000000 0.000000 0.000000

BONE 43
OFFSET 0.013731 0.977626 56.025974
SCALE 1.000000 1.000000 1.000000
X -0.000000 1.000000 -0.000000
Y -0.000000 -0.000000 1.000000
Z 1.000000 0.000000 0.000000

BONE 44
OFFSET -0.642754 -1.438156 56.638638
SCALE 1.000000 1.000000 1.000000
X 0.000000 1.000000 -0.000000
Y 0.000000 0.000000 1.000000
Z 1.000000 -0.000000 0.000000

BONE 45
OFFSET -1.144605 -1.588739 55.534122
SCALE 1.000000 1.000000 1.000000
X -0.000000 1.000000 -0.000000
Y -0.000000 -0.000000 1.000000
Z 1.000000 0.000000 0.000000

BONE 46
OFFSET 0.166450 -0.575197 56.355900
SCALE 1.000000 1.000000 1.000000
X -0.000000 1.000000 -0.000000
Y -0.000000 -0.000000 1.000000
Z 1.000000 0.000000 0.000000

BONE 47
OFFSET 0.151014 -1.014056 56.833973
SCALE 1.000000 1.000000 1.000000
X -0.000000 1.000000 -0.000000
Y -0.000000 0.000000 1.000000
Z 1.000000 0.000000 0.000000

BONE 48
OFFSET 0.182380 -1.435163 57.262989
SCALE 1.000000 1.000000 1.000000
X -0.000000 1.000000 -0.000000
Y -0.000000 -0.000000 1.000000
Z 1.000000 0.000000 0.000000

BONE 49
OFFSET -0.009139 -1.920130 57.108868
SCALE 1.000000 1.000000 1.000000
X -0.000000 1.000000 -0.000000
Y -0.000000 -0.000000 1.000000
Z 1.000000 0.000000 0.000000

BONE 50
OFFSET -0.216030 -2.196491 56.852993
SCALE 1.000000 1.000000 1.000000
X -0.000000 1.000000 -0.000000
Y 0.000000 0.000000 1.000000
Z 1.000000 0.000000 0.000000

BONE 51
OFFSET -0.352593 -2.066266 56.146595
SCALE 1.000000 1.000000 1.000000
X -0.000000 1.000000 -0.000000
Y 0.000000 -0.000000 1.000000
Z 1.000000 0.000000 0.000000

BONE 52
OFFSET -0.175369 -1.525349 55.900772
SCALE 1.000000 1.000000 1.000000
X -0.000000 1.000000 -0.000000
Y -0.000000 -0.000000 1.000000
Z 1.000000 0.000000 0.000000

BONE 53
OFFSET 0.012419 -0.978089 56.025356
SCALE 1.000000 1.000000 1.000000
X -0.000000 1.000000 -0.000000
Y -0.000000 -0.000000 1.000000
Z 1.000000 0.000000 0.000000


NUMVERTS 2195
VERT 0
OFFSET -2.663313 3.082295 56.564114
BONES 1
BONE 3 1.000000

VERT 1
OFFSET -2.679164 2.943451 56.624306
BONES 1
BONE 3 1.000000

VERT 2
OFFSET -2.851062 2.904591 56.514778
BONES 1
BONE 3 1.000000

VERT 3
OFFSET -2.914158 3.284948 56.220905
BONES 1
BONE 3 1.000000

VERT 4
OFFSET -3.020762 2.847174 56.353970
BONES 1
BONE 3 1.000000

VERT 5
OFFSET -2.992456 3.008044 56.104397
BONES 1
BONE 3 1.000000

VERT 6
OFFSET -3.071701 2.746045 56.113979
BONES 1
BONE 3 1.000000

VERT 7
OFFSET -2.988271 3.250675 55.981003
BONES 1
BONE 3 1.000000

VERT 8
OFFSET -2.524022 3.097271 56.600582
BONES 1
BONE 3 1.000000

VERT 9
OFFSET -2.529366 2.904432 56.645630
BONES 1
BONE 3 1.000000

VERT 10
OFFSET -2.625653 3.232640 56.583809
BONES 1
BONE 3 1.000000

VERT 11
OFFSET -2.775476 3.270208 56.451729
BONES 1
BONE 3 1.000000

VERT 12
OFFSET -2.798738 3.527872 56.616909
BONES 1
BONE 3 1.000000

VERT 13
OFFSET -2.379545 2.897483 56.665581
BONES 1
BONE 3 1.000000

VERT 14
OFFSET -2.379743 3.252130 56.754959
BONES 1
BONE 3 1.000000

VERT 15
OFFSET -2.149099 2.993640 56.654694
BONES 1
BONE 3 1.000000

VERT 16
OFFSET -2.580651 3.436373 56.738956
BONES 1
BONE 3 1.000000

VERT 17
OFFSET -2.363916 3.431446 56.757462
BONES 1
BONE 3 1.000000

VERT 18
OFFSET -2.247229 3.317838 56.733166
BONES 1
BONE 3 1.000000

VERT 19
OFFSET -2.284698 3.417790 56.707909
BONES 1
BONE 3 1.000000

VERT 20
OFFSET -2.007305 2.867680 56.549519
BONES 1
BONE 3 1.000000

VERT 21
OFFSET -2.058583 2.995937 56.585732
BONES 1
BONE 3 1.000000

VERT 22
OFFSET -1.885551 2.791866 56.406979
BONES 2
BONE 3 0.986112
BONE 35 0.013888

VERT 23
OFFSET -1.982814 2.840816 56.385334
BONES 1
BONE 3 1.000000

VERT 24
OFFSET -2.114614 3.195367 56.574848
BONES 1
BONE 3 1.000000

VERT 25
OFFSET -2.126402 3.009541 56.333057
BONES 1
BONE 3 1.000000

VERT 26
OFFSET -2.100427 2.918248 56.168533
BONES 1
BONE 3 1.000000

VERT 27
OFFSET -1.930919 2.759639 56.208107
BONES 2
BONE 3 0.984168
BONE 35 0.015832

VERT 28
OFFSET -2.168609 3.179989 56.469543
BONES 1
BONE 3 1.000000

VERT 29
OFFSET -2.227625 3.150150 56.429897
BONES 1
BONE 3 1.000000

VERT 30
OFFSET -2.185384 2.983615 56.252922
BONES 1
BONE 3 1.000000

VERT 31
OFFSET -2.119713 2.849428 56.045788
BONES 1
BONE 3 1.000000

VERT 32
OFFSET -2.209640 2.821726 56.023281
BONES 1
BONE 3 1.000000

VERT 33
OFFSET -2.229654 2.780720 56.023983
BONES 1
BONE 3 1.000000

VERT 34
OFFSET -2.443101 2.921139 56.161964
BONES 1
BONE 3 1.000000

VERT 35
OFFSET -2.449277 3.041811 56.135128
BONES 1
BONE 3 1.000000

VERT 36
OFFSET -2.282443 2.852742 55.883938
BONES 1
BONE 3 1.000000

VERT 37
OFFSET -2.320165 2.781942 55.899220
BONES 1
BONE 3 1.000000

VERT 38
OFFSET -2.322128 2.710548 55.897194
BONES 1
BONE 3 1.000000

VERT 39
OFFSET -2.189021 2.688633 55.767124
BONES 2
BONE 35 0.014590
BONE 3 0.985410

VERT 40
OFFSET -2.311267 2.705827 55.679714
BONES 1
BONE 3 1.000000

VERT 41
OFFSET -2.311278 2.683747 55.614639
BONES 1
BONE 3 1.000000

VERT 42
OFFSET -2.217807 2.574917 55.576630
BONES 1
BONE 3 1.000000

VERT 43
OFFSET -2.110035 2.446086 55.591179
BONES 2
BONE 35 0.059794
BONE 3 0.940206

VERT 44
OFFSET -2.039852 2.579930 55.737988
BONES 2
BONE 3 0.961938
BONE 35 0.038062

VERT 45
OFFSET -1.998756 2.667288 55.881680
BONES 2
BONE 3 0.977975
BONE 35 0.022025

VERT 46
OFFSET -2.194699 2.389661 55.439774
BONES 2
BONE 3 0.966260
BONE 35 0.033740

VERT 47
OFFSET -2.242367 2.519590 55.365376
BONES 1
BONE 3 1.000000

VERT 48
OFFSET -2.266140 2.319696 55.338699
BONES 1
BONE 3 1.000000

VERT 49
OFFSET -2.372016 2.704150 55.195961
BONES 1
BONE 3 1.000000

VERT 50
OFFSET -2.553530 2.789226 55.668488
BONES 1
BONE 3 1.000000

VERT 51
OFFSET -2.553668 2.797852 55.886021
BONES 1
BONE 3 1.000000

VERT 52
OFFSET -2.540633 2.826863 55.364574
BONES 1
BONE 3 1.000000

VERT 53
OFFSET -2.579684 2.889714 55.561947
BONES 1
BONE 3 1.000000

VERT 54
OFFSET -2.276295 2.439898 55.188488
BONES 1
BONE 3 1.000000

VERT 55
OFFSET -2.420470 2.697132 55.094753
BONES 1
BONE 3 1.000000

VERT 56
OFFSET -2.321355 2.540230 55.069763
BONES 1
BONE 3 1.000000

VERT 57
OFFSET -2.445041 2.636014 55.020325
BONES 1
BONE 3 1.000000

VERT 58
OFFSET -2.407827 2.480963 55.025734
BONES 1
BONE 3 1.000000

VERT 59
OFFSET -2.549113 2.633682 55.060387
BONES 1
BONE 3 1.000000

VERT 60
OFFSET -2.491036 2.248060 55.115585
BONES 1
BONE 3 1.000000

VERT 61
OFFSET -2.630070 2.870979 55.136066
BONES 1
BONE 3 1.000000

VERT 62
OFFSET -2.619592 2.170096 55.221760
BONES 1
BONE 3 1.000000

VERT 63
OFFSET -2.734433 2.793783 55.192169
BONES 1
BONE 3 1.000000

VERT 64
OFFSET -2.884265 3.023927 55.360508
BONES 1
BONE 3 1.000000

VERT 65
OFFSET -2.904026 2.814329 55.500824
BONES 1
BONE 3 1.000000

VERT 66
OFFSET -2.796405 2.295369 55.358143
BONES 1
BONE 3 1.000000

VERT 67
OFFSET -2.934127 2.414120 55.547775
BONES 1
BONE 3 1.000000

VERT 68
OFFSET -2.936661 2.941166 55.598312
BONES 1
BONE 3 1.000000

VERT 69
OFFSET -2.833325 3.132389 55.340675
BONES 1
BONE 3 1.000000

VERT 70
OFFSET -2.917086 3.339751 55.588169
BONES 1
BONE 3 1.000000

VERT 71
OFFSET -2.992306 3.201044 55.523975
BONES 1
BONE 3 1.000000

VERT 72
OFFSET -2.737755 3.067652 55.432495
BONES 1
BONE 3 1.000000

VERT 73
OFFSET -2.895334 3.292079 55.677258
BONES 1
BONE 3 1.000000

VERT 74
OFFSET -2.723346 3.209961 55.640038
BONES 1
BONE 3 1.000000

VERT 75
OFFSET -2.613356 3.014024 55.469486
BONES 1
BONE 3 1.000000

VERT 76
OFFSET -2.653680 3.155713 55.652634
BONES 1
BONE 3 1.000000

VERT 77
OFFSET -2.657588 3.068280 55.773930
BONES 1
BONE 3 1.000000

VERT 78
OFFSET -2.654518 3.247510 55.949490
BONES 1
BONE 3 1.000000

VERT 79
OFFSET -2.617420 3.127259 55.988834
BONES 1
BONE 3 1.000000

VERT 80
OFFSET -2.727400 3.311872 55.914600
BONES 1
BONE 3 1.000000

VERT 81
OFFSET -2.481338 2.876864 56.062275
BONES 1
BONE 3 1.000000

VERT 82
OFFSET -2.506589 3.302965 56.169449
BONES 1
BONE 3 1.000000

VERT 83
OFFSET -2.402458 3.172627 56.199371
BONES 1
BONE 3 1.000000

VERT 84
OFFSET -2.599031 3.373864 56.157990
BONES 1
BONE 3 1.000000

VERT 85
OFFSET -2.800046 3.402895 56.027180
BONES 1
BONE 3 1.000000

VERT 86
OFFSET -2.494936 3.336470 56.281628
BONES 1
BONE 3 1.000000

VERT 87
OFFSET -2.670438 3.403080 56.260887
BONES 1
BONE 3 1.000000

VERT 88
OFFSET -2.735810 3.451614 56.280632
BONES 1
BONE 3 1.000000

VERT 89
OFFSET -2.786862 3.466928 56.377209
BONES 1
BONE 3 1.000000

VERT 90
OFFSET -2.887930 3.467997 56.191307
BONES 1
BONE 3 1.000000

VERT 91
OFFSET -2.929717 3.468313 56.035034
BONES 1
BONE 3 1.000000

VERT 92
OFFSET -2.888904 3.515977 56.207363
BONES 1
BONE 3 1.000000

VERT 93
OFFSET -2.929935 3.468540 55.897385
BONES 1
BONE 3 1.000000

VERT 94
OFFSET -2.884540 3.375560 55.861858
BONES 1
BONE 3 1.000000

VERT 95
OFFSET -2.928222 3.532108 55.924854
BONES 1
BONE 3 1.000000

VERT 96
OFFSET -3.014300 3.394255 55.665554
BONES 1
BONE 3 1.000000

VERT 97
OFFSET -2.843991 3.569315 56.189636
BONES 1
BONE 3 1.000000

VERT 98
OFFSET -2.860159 3.645974 56.248440
BONES 1
BONE 3 1.000000

VERT 99
OFFSET -3.018901 3.559367 55.942703
BONES 1
BONE 3 1.000000

VERT 100
OFFSET -3.070856 3.464099 55.979702
BONES 1
BONE 3 1.000000

VERT 101
OFFSET -2.934163 3.661743 56.294964
BONES 1
BONE 3 1.000000

VERT 102
OFFSET -3.005123 3.535582 56.366932
BONES 1
BONE 3 1.000000

VERT 103
OFFSET -2.706876 3.573161 56.379379
BONES 1
BONE 3 1.000000

VERT 104
OFFSET -3.049677 3.324477 55.679810
BONES 1
BONE 3 1.000000

VERT 105
OFFSET -2.994662 3.089021 55.735661
BONES 1
BONE 3 1.000000

VERT 106
OFFSET -2.952289 3.299823 55.511028
BONES 1
BONE 3 1.000000

VERT 107
OFFSET -2.987963 2.852320 55.785561
BONES 1
BONE 3 1.000000

VERT 108
OFFSET -3.067664 2.593736 55.827072
BONES 1
BONE 3 1.000000

VERT 109
OFFSET -2.790901 3.649047 56.519024
BONES 1
BONE 3 1.000000

VERT 110
OFFSET -2.581357 3.566432 56.692974
BONES 1
BONE 3 1.000000

VERT 111
OFFSET -2.654249 3.616709 56.518696
BONES 1
BONE 3 1.000000

VERT 112
OFFSET -2.578233 3.550694 56.508762
BONES 1
BONE 3 1.000000

VERT 113
OFFSET -2.657330 3.457615 56.529541
BONES 1
BONE 3 1.000000

VERT 114
OFFSET -2.815958 3.515357 56.381325
BONES 1
BONE 3 1.000000

VERT 115
OFFSET -2.529104 3.432163 56.588215
BONES 1
BONE 3 1.000000

VERT 116
OFFSET -2.560193 3.399954 56.507641
BONES 1
BONE 3 1.000000

VERT 117
OFFSET -2.441233 3.320867 56.500565
BONES 1
BONE 3 1.000000

VERT 118
OFFSET -2.423445 3.343515 56.617668
BONES 1
BONE 3 1.000000

VERT 119
OFFSET -2.406216 3.462112 56.618977
BONES 1
BONE 3 1.000000

VERT 120
OFFSET -2.292813 3.356637 56.593315
BONES 1
BONE 3 1.000000

VERT 121
OFFSET -2.282753 3.210598 56.521633
BONES 1
BONE 3 1.000000

VERT 122
OFFSET -2.483896 3.539783 56.670357
BONES 1
BONE 3 1.000000

VERT 123
OFFSET -2.382139 3.224528 56.259277
BONES 1
BONE 3 1.000000

VERT 124
OFFSET -2.406695 2.293263 55.094799
BONES 1
BONE 3 1.000000

VERT 125
OFFSET -2.422087 2.177410 55.150757
BONES 1
BONE 3 1.000000

VERT 126
OFFSET 0.096453 0.127859 54.399109
BONES 5
BONE 32 0.016751
BONE 23 0.008114
BONE 22 0.192172
BONE 33 0.716281
BONE 28 0.053754

VERT 127
OFFSET -0.372723 0.139065 53.907379
BONES 2
BONE 3 0.200000
BONE 32 0.800000

VERT 128
OFFSET -0.366050 0.346440 54.015697
BONES 2
BONE 32 0.800000
BONE 3 0.200000

VERT 129
OFFSET -0.653364 0.061616 53.780472
BONES 2
BONE 3 0.100000
BONE 32 0.900000

VERT 130
OFFSET -0.637433 0.400185 53.924683
BONES 2
BONE 32 0.900000
BONE 3 0.100000

VERT 131
OFFSET -0.618622 0.557423 54.075905
BONES 2
BONE 32 0.900000
BONE 3 0.100000

VERT 132
OFFSET -0.349172 0.504312 54.126385
BONES 2
BONE 32 0.800000
BONE 3 0.200000

VERT 133
OFFSET -0.226271 0.637497 54.392620
BONES 2
BONE 32 1.000000
BONE 3 0.000000

VERT 134
OFFSET 0.022132 0.347337 54.393494
BONES 8
BONE 32 0.159382
BONE 28 0.203040
BONE 33 0.477291
BONE 22 0.158624
BONE 26 0.001664
BONE 23 0.000000
BONE 27 0.000000
BONE 29 0.000000

VERT 135
OFFSET 0.016922 0.355213 54.423351
BONES 9
BONE 32 0.200955
BONE 3 0.000000
BONE 33 0.531601
BONE 28 0.237105
BONE 26 0.030339
BONE 22 0.000000
BONE 23 0.000000
BONE 27 0.000000
BONE 29 0.000000

VERT 136
OFFSET 0.044380 0.293808 54.392834
BONES 4
BONE 22 0.223916
BONE 33 0.492432
BONE 28 0.175713
BONE 32 0.103206

VERT 137
OFFSET 0.070482 0.199237 54.390766
BONES 8
BONE 32 0.045249
BONE 28 0.154198
BONE 33 0.600770
BONE 22 0.199784
BONE 26 0.000000
BONE 23 0.000000
BONE 27 0.000000
BONE 29 0.000000

VERT 138
OFFSET -0.503137 0.676086 54.429688
BONES 2
BONE 32 1.000000
BONE 3 0.000000

VERT 139
OFFSET -0.170107 0.623567 54.525982
BONES 2
BONE 32 1.000000
BONE 3 0.000000

VERT 140
OFFSET 0.017510 0.346894 54.443020
BONES 4
BONE 26 0.090619
BONE 28 0.221270
BONE 33 0.507415
BONE 32 0.180720

VERT 141
OFFSET -0.755103 0.645496 54.372864
BONES 2
BONE 32 1.000000
BONE 3 0.000000

VERT 142
OFFSET -0.582656 0.543192 54.703247
BONES 2
BONE 32 1.000000
BONE 3 0.000000

VERT 143
OFFSET -0.994708 0.444278 54.544426
BONES 1
BONE 32 1.000000

VERT 144
OFFSET -0.584664 0.423975 54.892181
BONES 2
BONE 32 1.000000
BONE 3 0.000000

VERT 145
OFFSET -0.223843 0.412882 54.854664
BONES 2
BONE 32 1.000000
BONE 3 0.000000

VERT 146
OFFSET -0.310916 0.560939 54.734505
BONES 2
BONE 32 1.000000
BONE 3 0.000000

VERT 147
OFFSET -0.034153 0.509420 54.768932
BONES 1
BONE 32 1.000000

VERT 148
OFFSET -0.146186 0.268354 54.978180
BONES 2
BONE 32 1.000000
BONE 3 0.000000

VERT 149
OFFSET -0.594382 0.231621 55.012959
BONES 1
BONE 32 1.000000

VERT 150
OFFSET -1.066212 0.264737 54.552101
BONES 1
BONE 32 1.000000

VERT 151
OFFSET 0.069095 0.354520 54.865490
BONES 2
BONE 32 1.000000
BONE 3 0.000000

VERT 152
OFFSET 0.057990 0.269636 54.441353
BONES 4
BONE 26 0.186473
BONE 33 0.547704
BONE 28 0.184081
BONE 32 0.085059

VERT 153
OFFSET 0.156108 0.138606 54.884190
BONES 1
BONE 32 1.000000

VERT 154
OFFSET 0.086891 0.189116 54.434586
BONES 4
BONE 26 0.215336
BONE 33 0.604510
BONE 28 0.160677
BONE 32 0.019509

VERT 155
OFFSET 0.122334 0.128339 54.438717
BONES 5
BONE 27 0.002457
BONE 26 0.253608
BONE 33 0.723734
BONE 28 0.048615
BONE 32 0.011125

VERT 156
OFFSET -0.115115 0.134082 55.021301
BONES 2
BONE 32 1.000000
BONE 3 0.000000

VERT 157
OFFSET -1.190915 0.279579 54.098244
BONES 1
BONE 32 1.000000

VERT 158
OFFSET -1.056294 0.000000 54.551750
BONES 2
BONE 32 1.000000
BONE 3 0.000000

VERT 159
OFFSET -1.199912 0.000000 54.085312
BONES 2
BONE 32 1.000000
BONE 3 0.000000

VERT 160
OFFSET 0.174171 0.000001 54.888065
BONES 2
BONE 32 1.000000
BONE 3 0.000000

VERT 161
OFFSET -0.105804 0.000001 55.035332
BONES 2
BONE 32 1.000000
BONE 3 0.000000

VERT 162
OFFSET -0.603714 0.000000 55.041935
BONES 2
BONE 32 1.000000
BONE 3 0.000000

VERT 163
OFFSET 0.120475 0.000001 54.430798
BONES 8
BONE 33 0.672248
BONE 3 0.000000
BONE 26 0.101526
BONE 27 0.084327
BONE 22 0.000000
BONE 23 0.000000
BONE 28 0.000000
BONE 29 0.000000

VERT 164
OFFSET -0.964585 0.174466 53.834286
BONES 2
BONE 3 0.145000
BONE 32 0.855000

VERT 165
OFFSET -0.976387 0.000000 53.814777
BONES 2
BONE 32 0.855000
BONE 3 0.145000

VERT 166
OFFSET -1.152659 0.444071 54.140072
BONES 2
BONE 32 1.000000
BONE 3 0.000000

VERT 167
OFFSET -0.937148 0.447424 53.953075
BONES 2
BONE 32 0.855000
BONE 3 0.145000

VERT 168
OFFSET -0.896210 0.585140 54.109097
BONES 2
BONE 32 0.855000
BONE 3 0.145000

VERT 169
OFFSET -1.047506 0.576015 54.240791
BONES 2
BONE 32 1.000000
BONE 3 0.000000

VERT 170
OFFSET -0.373848 0.000000 53.884850
BONES 2
BONE 32 0.800000
BONE 3 0.200000

VERT 171
OFFSET 0.107331 -0.010595 54.403629
BONES 4
BONE 29 0.003268
BONE 23 0.131565
BONE 22 0.119546
BONE 33 0.659339

VERT 172
OFFSET -0.653737 -0.115329 53.798470
BONES 2
BONE 32 0.900000
BONE 3 0.100000

VERT 173
OFFSET -0.372723 -0.139064 53.907379
BONES 2
BONE 3 0.200000
BONE 32 0.800000

VERT 174
OFFSET 0.095485 -0.133762 54.397465
BONES 5
BONE 23 0.213784
BONE 22 0.008181
BONE 33 0.705107
BONE 32 0.017895
BONE 29 0.055204

VERT 175
OFFSET -0.964586 -0.174464 53.834290
BONES 2
BONE 3 0.145000
BONE 32 0.855000

VERT 176
OFFSET -0.637433 -0.400185 53.924683
BONES 2
BONE 32 0.900000
BONE 3 0.100000

VERT 177
OFFSET -0.366050 -0.346439 54.015697
BONES 2
BONE 32 0.800000
BONE 3 0.200000

VERT 178
OFFSET -0.618622 -0.557422 54.075905
BONES 2
BONE 32 0.900000
BONE 3 0.100000

VERT 179
OFFSET -0.349172 -0.504311 54.126385
BONES 2
BONE 32 0.800000
BONE 3 0.200000

VERT 180
OFFSET -0.226270 -0.637496 54.392620
BONES 2
BONE 32 1.000000
BONE 3 0.000000

VERT 181
OFFSET 0.022132 -0.347336 54.393497
BONES 8
BONE 32 0.158476
BONE 29 0.201655
BONE 33 0.474578
BONE 23 0.159687
BONE 27 0.005603
BONE 22 0.000000
BONE 26 0.000000
BONE 28 0.000000

VERT 182
OFFSET 0.016921 -0.355212 54.423355
BONES 9
BONE 32 0.204105
BONE 3 0.000000
BONE 33 0.539935
BONE 29 0.241752
BONE 27 0.014208
BONE 23 0.000000
BONE 22 0.000000
BONE 26 0.000000
BONE 28 0.000000

VERT 183
OFFSET -0.170107 -0.623566 54.525982
BONES 2
BONE 32 1.000000
BONE 3 0.000000

VERT 184
OFFSET -0.503137 -0.676085 54.429688
BONES 2
BONE 32 1.000000
BONE 3 0.000000

VERT 185
OFFSET -0.310916 -0.560938 54.734505
BONES 2
BONE 32 1.000000
BONE 3 0.000000

VERT 186
OFFSET -0.582656 -0.543191 54.703247
BONES 2
BONE 32 1.000000
BONE 3 0.000000

VERT 187
OFFSET -0.223843 -0.412881 54.854664
BONES 2
BONE 32 1.000000
BONE 3 0.000000

VERT 188
OFFSET -0.584663 -0.423974 54.892181
BONES 2
BONE 32 1.000000
BONE 3 0.000000

VERT 189
OFFSET -0.994707 -0.444277 54.544426
BONES 1
BONE 32 1.000000

VERT 190
OFFSET -0.755102 -0.645495 54.372864
BONES 2
BONE 32 1.000000
BONE 3 0.000000

VERT 191
OFFSET -0.034153 -0.509419 54.768932
BONES 1
BONE 32 1.000000

VERT 192
OFFSET 0.017511 -0.346892 54.443024
BONES 4
BONE 27 0.062292
BONE 33 0.522948
BONE 29 0.228585
BONE 32 0.186278

VERT 193
OFFSET -0.146186 -0.268353 54.978180
BONES 2
BONE 32 1.000000
BONE 3 0.000000

VERT 194
OFFSET -0.594381 -0.231620 55.012959
BONES 1
BONE 32 1.000000

VERT 195
OFFSET -1.066212 -0.264736 54.552101
BONES 1
BONE 32 1.000000

VERT 196
OFFSET 0.069095 -0.354519 54.865490
BONES 2
BONE 32 1.000000
BONE 3 0.000000

VERT 197
OFFSET 0.057977 -0.269659 54.441357
BONES 4
BONE 27 0.159997
BONE 33 0.618355
BONE 29 0.206604
BONE 32 0.096896

VERT 198
OFFSET 0.156108 -0.138604 54.884190
BONES 1
BONE 32 1.000000

VERT 199
OFFSET 0.086891 -0.189115 54.434586
BONES 5
BONE 26 0.000000
BONE 27 0.225195
BONE 33 0.598301
BONE 29 0.157198
BONE 32 0.019306

VERT 200
OFFSET 0.122337 -0.128323 54.438717
BONES 5
BONE 27 0.202150
BONE 26 0.003546
BONE 33 0.725175
BONE 29 0.048731
BONE 32 0.011139

VERT 201
OFFSET -1.190915 -0.279579 54.098244
BONES 1
BONE 32 1.000000

VERT 202
OFFSET -1.056294 0.000000 54.551750
BONES 2
BONE 32 1.000000
BONE 3 0.000000

VERT 203
OFFSET -1.199912 0.000000 54.085312
BONES 2
BONE 32 1.000000
BONE 3 0.000000

VERT 204
OFFSET -0.115115 -0.134081 55.021301
BONES 2
BONE 32 1.000000
BONE 3 0.000000

VERT 205
OFFSET 0.174171 0.000001 54.888065
BONES 2
BONE 32 1.000000
BONE 3 0.000000

VERT 206
OFFSET -0.105804 0.000001 55.035332
BONES 2
BONE 32 1.000000
BONE 3 0.000000

VERT 207
OFFSET -0.937147 -0.447423 53.953075
BONES 2
BONE 32 0.855000
BONE 3 0.145000

VERT 208
OFFSET -1.152659 -0.444070 54.140072
BONES 2
BONE 32 1.000000
BONE 3 0.000000

VERT 209
OFFSET -0.896210 -0.585140 54.109097
BONES 2
BONE 32 0.855000
BONE 3 0.145000

VERT 210
OFFSET -1.047505 -0.576014 54.240791
BONES 2
BONE 32 1.000000
BONE 3 0.000000

VERT 211
OFFSET -0.603714 0.000000 55.041935
BONES 2
BONE 32 1.000000
BONE 3 0.000000

VERT 212
OFFSET -2.092225 0.955368 53.988228
BONES 1
BONE 3 1.000000

VERT 213
OFFSET -2.495234 1.172749 54.238693
BONES 1
BONE 3 1.000000

VERT 214
OFFSET -2.164413 1.065325 54.038044
BONES 1
BONE 3 1.000000

VERT 215
OFFSET -2.500138 1.366856 54.330921
BONES 1
BONE 3 1.000000

VERT 216
OFFSET -2.632163 1.404518 54.448975
BONES 1
BONE 3 1.000000

VERT 217
OFFSET -2.793913 1.324626 54.498474
BONES 1
BONE 3 1.000000

VERT 218
OFFSET -2.530292 1.178571 54.245121
BONES 1
BONE 3 1.000000

VERT 219
OFFSET -2.418037 1.712584 54.594177
BONES 1
BONE 3 1.000000

VERT 220
OFFSET -2.625090 1.591593 54.606438
BONES 1
BONE 3 1.000000

VERT 221
OFFSET -2.890124 1.361215 54.644894
BONES 1
BONE 3 1.000000

VERT 222
OFFSET -2.715748 1.648991 54.762081
BONES 1
BONE 3 1.000000

VERT 223
OFFSET -2.621282 1.897118 55.011559
BONES 1
BONE 3 1.000000

VERT 224
OFFSET -2.697858 1.832370 55.083233
BONES 1
BONE 3 1.000000

VERT 225
OFFSET -2.492720 2.032246 55.048775
BONES 1
BONE 3 1.000000

VERT 226
OFFSET -2.340639 2.021060 54.921440
BONES 1
BONE 3 1.000000

VERT 227
OFFSET -2.535744 2.046823 55.127930
BONES 1
BONE 3 1.000000

VERT 228
OFFSET -2.619592 2.170096 55.221760
BONES 1
BONE 3 1.000000

VERT 229
OFFSET -2.748646 1.939887 55.249504
BONES 1
BONE 3 1.000000

VERT 230
OFFSET -2.491036 2.248060 55.115585
BONES 1
BONE 3 1.000000

VERT 231
OFFSET -2.352834 2.176438 55.144817
BONES 1
BONE 3 1.000000

VERT 232
OFFSET -2.422477 2.178383 55.151924
BONES 1
BONE 3 1.000000

VERT 233
OFFSET -2.339962 2.243554 55.240025
BONES 2
BONE 35 0.000140
BONE 3 0.999860

VERT 234
OFFSET -2.031033 1.907494 54.655685
BONES 1
BONE 3 1.000000

VERT 235
OFFSET -1.972664 1.545244 54.273609
BONES 1
BONE 3 1.000000

VERT 236
OFFSET -1.713038 2.052478 54.763790
BONES 2
BONE 3 0.944761
BONE 35 0.055240

VERT 237
OFFSET -1.722171 1.768421 54.420517
BONES 1
BONE 3 1.000000

VERT 238
OFFSET -1.415713 1.928484 54.549580
BONES 2
BONE 3 0.960835
BONE 35 0.039165

VERT 239
OFFSET -1.381005 1.673334 54.257927
BONES 1
BONE 3 1.000000

VERT 240
OFFSET -1.478041 1.445367 54.069828
BONES 1
BONE 3 1.000000

VERT 241
OFFSET -1.963117 1.192590 54.024250
BONES 1
BONE 3 1.000000

VERT 242
OFFSET -1.251239 1.467021 54.057095
BONES 1
BONE 3 1.000000

VERT 243
OFFSET -0.921956 1.431453 54.044781
BONES 1
BONE 3 1.000000

VERT 244
OFFSET -0.932447 1.181501 53.853283
BONES 1
BONE 3 1.000000

VERT 245
OFFSET -1.461845 1.165097 53.879532
BONES 1
BONE 3 1.000000

VERT 246
OFFSET -1.944633 0.930047 53.880444
BONES 1
BONE 3 1.000000

VERT 247
OFFSET -1.663424 0.691355 53.712490
BONES 1
BONE 3 1.000000

VERT 248
OFFSET -1.307286 0.760529 53.653965
BONES 1
BONE 3 1.000000

VERT 249
OFFSET -1.629032 0.537885 53.675098
BONES 1
BONE 3 1.000000

VERT 250
OFFSET -0.949801 1.769750 54.348412
BONES 3
BONE 34 0.000428
BONE 3 0.971567
BONE 35 0.028005

VERT 251
OFFSET -0.735185 1.700839 54.326538
BONES 2
BONE 35 0.034178
BONE 3 0.965822

VERT 252
OFFSET -0.697301 1.109537 53.841560
BONES 1
BONE 3 1.000000

VERT 253
OFFSET -0.440533 1.516461 54.273457
BONES 3
BONE 3 0.970700
BONE 33 0.017957
BONE 35 0.011343

VERT 254
OFFSET -0.494926 1.178194 53.982281
BONES 1
BONE 3 1.000000

VERT 255
OFFSET -0.333058 1.193224 54.087822
BONES 2
BONE 33 0.064848
BONE 3 0.935152

VERT 256
OFFSET -0.530686 0.743352 53.663544
BONES 1
BONE 3 1.000000

VERT 257
OFFSET -1.182077 1.073051 53.785503
BONES 1
BONE 3 1.000000

VERT 258
OFFSET -0.757051 0.656390 53.551651
BONES 1
BONE 3 1.000000

VERT 259
OFFSET -0.576405 0.553524 53.519817
BONES 1
BONE 3 1.000000

VERT 260
OFFSET -0.481327 0.613072 53.592422
BONES 1
BONE 3 1.000000

VERT 261
OFFSET -0.274076 0.469780 53.693062
BONES 2
BONE 33 0.106496
BONE 3 0.893504

VERT 262
OFFSET -0.327241 0.734811 53.813915
BONES 2
BONE 33 0.095915
BONE 3 0.904085

VERT 263
OFFSET -0.386691 0.287454 53.469196
BONES 2
BONE 3 0.999917
BONE 33 0.000083

VERT 264
OFFSET -0.514228 0.297188 53.400955
BONES 1
BONE 3 1.000000

VERT 265
OFFSET -0.359089 0.053892 53.432430
BONES 2
BONE 33 0.000023
BONE 3 0.999977

VERT 266
OFFSET -0.258072 0.123399 53.561966
BONES 3
BONE 28 0.000195
BONE 33 0.072854
BONE 3 0.926951

VERT 267
OFFSET -0.165099 0.321140 53.792263
BONES 3
BONE 3 0.720261
BONE 33 0.273196
BONE 28 0.006542

VERT 268
OFFSET -0.186423 0.000001 53.711987
BONES 2
BONE 33 0.137457
BONE 3 0.862543

VERT 269
OFFSET -0.044338 0.256381 54.003399
BONES 3
BONE 33 0.486868
BONE 3 0.444100
BONE 28 0.069031

VERT 270
OFFSET -0.054918 0.160724 53.962910
BONES 5
BONE 28 0.040391
BONE 3 0.482556
BONE 33 0.477053
BONE 29 0.000000
BONE 22 0.000000

VERT 271
OFFSET -0.176507 0.596171 53.926422
BONES 3
BONE 3 0.708583
BONE 28 0.028250
BONE 33 0.263166

VERT 272
OFFSET -0.061920 0.084501 53.950176
BONES 2
BONE 3 0.520686
BONE 33 0.479314

VERT 273
OFFSET -0.061548 0.000001 53.938782
BONES 2
BONE 3 0.496357
BONE 33 0.503643

VERT 274
OFFSET -0.300557 -0.016285 53.516788
BONES 2
BONE 3 0.998064
BONE 33 0.001936

VERT 275
OFFSET -0.384097 0.004911 53.407230
BONES 1
BONE 3 1.000000

VERT 276
OFFSET -0.436061 0.143322 53.391930
BONES 1
BONE 3 1.000000

VERT 277
OFFSET -0.456920 -0.001128 53.346989
BONES 1
BONE 3 1.000000

VERT 278
OFFSET -0.624558 0.086472 53.316048
BONES 1
BONE 3 1.000000

VERT 279
OFFSET -0.641730 -0.000426 53.303738
BONES 1
BONE 3 1.000000

VERT 280
OFFSET -0.531849 0.000001 53.309502
BONES 1
BONE 3 1.000000

VERT 281
OFFSET -0.910319 0.004519 53.370796
BONES 1
BONE 3 1.000000

VERT 282
OFFSET -0.772666 0.428997 53.446091
BONES 1
BONE 3 1.000000

VERT 283
OFFSET -1.077648 0.537418 53.516644
BONES 1
BONE 3 1.000000

VERT 284
OFFSET -1.423197 0.493151 53.587517
BONES 1
BONE 3 1.000000

VERT 285
OFFSET -1.089119 0.348966 53.474869
BONES 1
BONE 3 1.000000

VERT 286
OFFSET -0.999839 0.154705 53.422817
BONES 1
BONE 3 1.000000

VERT 287
OFFSET -1.311975 0.101187 53.541916
BONES 1
BONE 3 1.000000

VERT 288
OFFSET -1.572517 0.374894 53.661804
BONES 1
BONE 3 1.000000

VERT 289
OFFSET -1.676507 0.522028 53.735252
BONES 1
BONE 3 1.000000

VERT 290
OFFSET -1.239022 -0.042017 53.507641
BONES 1
BONE 3 1.000000

VERT 291
OFFSET -1.572691 0.219750 53.646091
BONES 1
BONE 3 1.000000

VERT 292
OFFSET -1.920074 0.836008 53.881657
BONES 1
BONE 3 1.000000

VERT 293
OFFSET -1.849630 0.740656 53.852512
BONES 1
BONE 3 1.000000

VERT 294
OFFSET -2.214535 1.173713 54.097580
BONES 1
BONE 3 1.000000

VERT 295
OFFSET -2.318396 1.503591 54.359627
BONES 1
BONE 3 1.000000

VERT 296
OFFSET -1.958759 0.752988 53.773640
BONES 1
BONE 3 1.000000

VERT 297
OFFSET -2.125765 0.927331 53.870205
BONES 1
BONE 3 1.000000

VERT 298
OFFSET -1.804255 0.551579 53.681118
BONES 1
BONE 3 1.000000

VERT 299
OFFSET -2.335360 1.105228 54.088818
BONES 1
BONE 3 1.000000

VERT 300
OFFSET -2.333420 1.066085 53.988285
BONES 1
BONE 3 1.000000

VERT 301
OFFSET -2.575516 1.167473 54.128208
BONES 1
BONE 3 1.000000

VERT 302
OFFSET -2.798254 1.253936 54.443386
BONES 1
BONE 3 1.000000

VERT 303
OFFSET -2.835238 1.173305 54.315685
BONES 1
BONE 3 1.000000

VERT 304
OFFSET -2.926743 1.225440 54.492695
BONES 1
BONE 3 1.000000

VERT 305
OFFSET -2.866210 1.176261 54.274097
BONES 1
BONE 3 1.000000

VERT 306
OFFSET -3.148944 1.094408 54.425728
BONES 1
BONE 3 1.000000

VERT 307
OFFSET -3.037856 1.197713 54.624752
BONES 1
BONE 3 1.000000

VERT 308
OFFSET -3.202452 1.206411 54.969692
BONES 1
BONE 3 1.000000

VERT 309
OFFSET -3.316152 1.054996 54.884422
BONES 1
BONE 3 1.000000

VERT 310
OFFSET -3.700256 0.875609 55.324173
BONES 1
BONE 3 1.000000

VERT 311
OFFSET -3.699525 1.200031 55.453865
BONES 1
BONE 3 1.000000

VERT 312
OFFSET -3.607703 1.467515 55.589390
BONES 1
BONE 3 1.000000

VERT 313
OFFSET -3.040150 1.370552 54.981575
BONES 1
BONE 3 1.000000

VERT 314
OFFSET -2.911446 1.707338 55.226921
BONES 1
BONE 3 1.000000

VERT 315
OFFSET -3.429271 1.799132 55.741268
BONES 1
BONE 3 1.000000

VERT 316
OFFSET -3.166909 2.337482 55.871319
BONES 1
BONE 3 1.000000

VERT 317
OFFSET -3.903038 1.874879 56.290863
BONES 1
BONE 3 1.000000

VERT 318
OFFSET -4.043204 1.532070 56.084198
BONES 1
BONE 3 1.000000

VERT 319
OFFSET -4.217102 1.206261 55.889629
BONES 1
BONE 3 1.000000

VERT 320
OFFSET -2.919164 2.065750 55.476059
BONES 1
BONE 3 1.000000

VERT 321
OFFSET -2.934127 2.414120 55.547775
BONES 1
BONE 3 1.000000

VERT 322
OFFSET -2.796405 2.295369 55.358143
BONES 1
BONE 3 1.000000

VERT 323
OFFSET -3.067664 2.593736 55.827072
BONES 1
BONE 3 1.000000

VERT 324
OFFSET -3.208809 2.544296 56.200935
BONES 1
BONE 3 1.000000

VERT 325
OFFSET -3.814027 2.264592 56.631546
BONES 1
BONE 3 1.000000

VERT 326
OFFSET -3.172817 2.682372 56.450466
BONES 1
BONE 3 1.000000

VERT 327
OFFSET -3.780736 2.584790 57.163006
BONES 1
BONE 3 1.000000

VERT 328
OFFSET -3.071701 2.746045 56.113979
BONES 1
BONE 3 1.000000

VERT 329
OFFSET -3.020762 2.847174 56.353970
BONES 1
BONE 3 1.000000

VERT 330
OFFSET -3.003884 2.797953 56.685078
BONES 1
BONE 3 1.000000

VERT 331
OFFSET -3.708942 2.820719 57.630104
BONES 1
BONE 3 1.000000

VERT 332
OFFSET -2.712275 2.871235 56.862682
BONES 1
BONE 3 1.000000

VERT 333
OFFSET -2.854189 2.906974 56.519432
BONES 1
BONE 3 1.000000

VERT 334
OFFSET -2.679164 2.943451 56.624306
BONES 1
BONE 3 1.000000

VERT 335
OFFSET -2.529366 2.904432 56.645630
BONES 1
BONE 3 1.000000

VERT 336
OFFSET -2.262929 2.954908 57.202042
BONES 1
BONE 3 1.000000

VERT 337
OFFSET -3.482944 2.974756 58.146175
BONES 1
BONE 3 1.000000

VERT 338
OFFSET -2.327366 2.890822 56.878769
BONES 1
BONE 3 1.000000

VERT 339
OFFSET -2.182427 3.012009 57.653133
BONES 1
BONE 3 1.000000

VERT 340
OFFSET -1.843062 2.871144 56.730309
BONES 2
BONE 34 0.002669
BONE 3 0.997331

VERT 341
OFFSET -2.377692 2.897279 56.666130
BONES 1
BONE 3 1.000000

VERT 342
OFFSET -2.007331 2.867368 56.549534
BONES 1
BONE 3 1.000000

VERT 343
OFFSET -1.886679 2.787979 56.408115
BONES 2
BONE 3 0.986112
BONE 35 0.013888

VERT 344
OFFSET -1.702676 2.640460 56.081997
BONES 3
BONE 35 0.091563
BONE 3 0.893821
BONE 34 0.014616

VERT 345
OFFSET -1.930919 2.759639 56.208107
BONES 2
BONE 3 0.984168
BONE 35 0.015832

VERT 346
OFFSET -1.491769 2.848979 56.661293
BONES 3
BONE 3 0.963427
BONE 34 0.020906
BONE 35 0.015667

VERT 347
OFFSET -1.073730 2.781314 56.579838
BONES 3
BONE 3 0.899721
BONE 35 0.056725
BONE 34 0.043554

VERT 348
OFFSET -0.995265 2.669433 56.377640
BONES 4
BONE 40 0.007070
BONE 34 0.167614
BONE 3 0.706333
BONE 35 0.118983

VERT 349
OFFSET -1.143816 2.557444 56.029934
BONES 3
BONE 34 0.215468
BONE 3 0.584626
BONE 35 0.199906

VERT 350
OFFSET -0.828261 2.521933 56.096844
BONES 4
BONE 40 0.003424
BONE 35 0.216329
BONE 3 0.402317
BONE 34 0.377930

VERT 351
OFFSET -0.619525 2.441999 56.057842
BONES 4
BONE 41 0.043086
BONE 34 0.561918
BONE 3 0.156247
BONE 35 0.238748

VERT 352
OFFSET -0.620908 2.310970 55.471149
BONES 3
BONE 35 0.269533
BONE 3 0.357963
BONE 34 0.372505

VERT 353
OFFSET -0.457505 2.266207 55.553474
BONES 3
BONE 34 0.479992
BONE 35 0.243276
BONE 3 0.276732

VERT 354
OFFSET -0.361578 2.224591 55.669460
BONES 4
BONE 35 0.216452
BONE 34 0.571508
BONE 41 0.055725
BONE 3 0.156316

VERT 355
OFFSET -0.301143 2.051127 55.144386
BONES 4
BONE 34 0.272650
BONE 3 0.535819
BONE 41 0.000635
BONE 35 0.190897

VERT 356
OFFSET -0.225884 2.033199 55.308655
BONES 4
BONE 3 0.394129
BONE 34 0.419965
BONE 41 0.001351
BONE 35 0.184555

VERT 357
OFFSET -0.284262 2.152886 55.806763
BONES 5
BONE 42 0.022176
BONE 35 0.149744
BONE 41 0.147274
BONE 34 0.625400
BONE 3 0.055405

VERT 358
OFFSET -0.391334 2.292212 56.084614
BONES 4
BONE 35 0.141615
BONE 34 0.558862
BONE 41 0.255406
BONE 40 0.044117

VERT 359
OFFSET -0.477560 2.362496 56.056419
BONES 4
BONE 35 0.210052
BONE 34 0.596103
BONE 3 0.049703
BONE 41 0.144142

VERT 360
OFFSET -0.218544 1.959864 55.869488
BONES 4
BONE 42 0.153940
BONE 35 0.065774
BONE 34 0.592518
BONE 41 0.187768

VERT 361
OFFSET -0.338666 2.194397 56.056053
BONES 5
BONE 40 0.025728
BONE 41 0.381976
BONE 34 0.493926
BONE 42 0.023263
BONE 35 0.075107

VERT 362
OFFSET -0.451299 2.130718 55.136734
BONES 3
BONE 34 0.185905
BONE 35 0.223004
BONE 3 0.591092

VERT 363
OFFSET -0.697005 2.225347 55.183163
BONES 3
BONE 35 0.259124
BONE 3 0.600175
BONE 34 0.140701

VERT 364
