// Export time: Mon Nov 16 22:24:52 2020

// Exported using Blender v2.90.1
// Export filename: 'E:/blackops3/mod_xmodel/iw4/tac50/ch_head_gk_tac50_lod3.XMODEL_EXPORT'
// Source filename: 'E:/blackops3/mod_xmodel/iw4/tac50/tac50.blend'
MODEL
VERSION 6

NUMBONES 54
BONE 0 -1 "tag_origin"
BONE 1 0 "j_spineupper"
BONE 2 1 "j_neck"
BONE 3 2 "j_head"
BONE 4 3 "j_brow_le"
BONE 5 3 "j_brow_ri"
BONE 6 3 "j_browouter_le"
BONE 7 3 "j_browouter_ri"
BONE 8 3 "j_cheek_le"
BONE 9 3 "j_cheek_ri"
BONE 10 3 "j_cheeklower_le"
BONE 11 3 "j_cheeklower_ri"
BONE 12 3 "j_eye_lid_bot_le"
BONE 13 3 "j_eye_lid_bot_ri"
BONE 14 3 "j_eye_lid_top_le"
BONE 15 3 "j_eye_lid_top_ri"
BONE 16 3 "j_eyeball_le"
BONE 17 3 "j_eyeball_ri"
BONE 18 3 "j_head_end"
BONE 19 18 "j_helmet"
BONE 20 3 "j_jaw"
BONE 21 20 "j_chin_skinroll"
BONE 22 20 "j_lip_bot_le"
BONE 23 20 "j_lip_bot_ri"
BONE 24 3 "j_levator_le"
BONE 25 3 "j_levator_ri"
BONE 26 3 "j_lip_top_le"
BONE 27 3 "j_lip_top_ri"
BONE 28 3 "j_mouth_le"
BONE 29 3 "j_mouth_ri"
BONE 30 3 "j_nvg"
BONE 31 3 "tag_eye"
BONE 32 3 "MouthCavity"
BONE 33 3 "MouthMove"
BONE 34 3 "Eye_Rz_L"
BONE 35 34 "CheekUp2_L"
BONE 36 34 "Eye01_S_L"
BONE 37 34 "Eye02_S_L"
BONE 38 34 "Eye03_S_L"
BONE 39 34 "Eye04_S_L"
BONE 40 34 "Eye05_S_L"
BONE 41 34 "Eye06_S_L"
BONE 42 34 "Eye07_S_L"
BONE 43 34 "Eye08_S_L"
BONE 44 3 "Eye_Rz_R"
BONE 45 44 "CheekUp2_R"
BONE 46 44 "Eye01_S_R"
BONE 47 44 "Eye02_S_R"
BONE 48 44 "Eye03_S_R"
BONE 49 44 "Eye04_S_R"
BONE 50 44 "Eye05_S_R"
BONE 51 44 "Eye06_S_R"
BONE 52 44 "Eye07_S_R"
BONE 53 44 "Eye08_S_R"

BONE 0
OFFSET 0.000000 0.000000 0.000000
SCALE 1.000000 1.000000 1.000000
X 1.000000 0.000000 0.000000
Y 0.000000 1.000000 0.000000
Z 0.000000 0.000000 1.000000

BONE 1
OFFSET -2.379820 0.000199 44.696533
SCALE 1.000000 1.000000 1.000000
X 0.020435 -0.000061 0.999791
Y 0.999791 0.000062 -0.020435
Z -0.000060 1.000000 0.000063

BONE 2
OFFSET -2.601121 0.000000 52.014503
SCALE 1.000000 1.000000 1.000000
X 0.309749 -0.000044 0.950818
Y 0.950818 0.000075 -0.309749
Z -0.000058 1.000000 0.000065

BONE 3
OFFSET -2.601120 0.000000 54.344643
SCALE 1.000000 1.000000 1.000000
X 0.216397 -0.000041 0.976305
Y 0.976305 0.000072 -0.216397
Z -0.000061 1.000000 0.000055

BONE 4
OFFSET 1.003159 1.285454 57.884377
SCALE 1.000000 1.000000 1.000000
X 0.000653 1.000000 -0.000120
Y -0.998858 0.000646 -0.047762
Z -0.047762 0.000152 0.998859

BONE 5
OFFSET 1.012464 -1.308403 57.885979
SCALE 1.000000 1.000000 1.000000
X 0.000013 1.000000 0.000098
Y 0.998893 -0.000017 0.047036
Z 0.047036 0.000097 -0.998893

BONE 6
OFFSET 0.658135 2.172267 57.945259
SCALE 1.000000 1.000000 1.000000
X 0.000647 1.000000 -0.000125
Y -0.998863 0.000640 -0.047679
Z -0.047679 0.000156 0.998863

BONE 7
OFFSET 0.686464 -2.146323 57.942505
SCALE 1.000000 1.000000 1.000000
X 0.000021 1.000000 0.000102
Y 0.998897 -0.000025 0.046951
Z 0.046951 0.000100 -0.998897

BONE 8
OFFSET -0.349449 1.642118 56.366875
SCALE 1.000000 1.000000 1.000000
X 0.000648 0.999999 -0.000130
Y -0.998867 0.000640 -0.047585
Z -0.047585 0.000161 0.998867

BONE 9
OFFSET -0.367141 -1.576185 56.424046
SCALE 1.000000 1.000000 1.000000
X 0.000012 1.000000 0.000100
Y 0.998884 -0.000017 0.047225
Z 0.047225 0.000099 -0.998884

BONE 10
OFFSET -0.358327 1.475503 55.325634
SCALE 1.000000 1.000000 1.000000
X 0.170204 0.000002 0.985409
Y 0.985409 -0.000003 -0.170204
Z 0.000003 1.000000 -0.000003

BONE 11
OFFSET -0.319234 -1.473026 55.352127
SCALE 1.000000 1.000000 1.000000
X 0.170386 0.000000 0.985377
Y 0.985377 0.000016 -0.170386
Z -0.000016 1.000000 0.000002

BONE 12
OFFSET -0.576561 0.999137 56.850136
SCALE 1.000000 1.000000 1.000000
X -0.065612 0.997123 0.038031
Y -0.996951 -0.063891 -0.044811
Z -0.042252 -0.040853 0.998271

BONE 13
OFFSET -0.576283 -0.953191 56.844296
SCALE 1.000000 1.000000 1.000000
X 0.066601 0.997041 -0.038381
Y 0.996921 -0.064899 0.044008
Z 0.041387 -0.041194 -0.998294

BONE 14
OFFSET -0.576184 0.998251 56.914974
SCALE 1.000000 1.000000 1.000000
X -0.065484 0.997131 0.037988
Y -0.996962 -0.063769 -0.044720
Z -0.042170 -0.040801 0.998277

BONE 15
OFFSET -0.575630 -0.954382 56.903263
SCALE 1.000000 1.000000 1.000000
X 0.066554 0.997045 -0.038375
Y 0.996939 -0.064867 0.043645
Z 0.041026 -0.041162 -0.998310

BONE 16
OFFSET -1.998195 0.932164 56.413185
SCALE 1.000000 1.000000 1.000000
X -0.205904 0.978520 -0.010095
Y -0.977367 -0.206152 -0.047495
Z -0.048555 0.000086 0.998820

BONE 17
OFFSET -1.998192 -0.931079 56.413177
SCALE 1.000000 1.000000 1.000000
X 0.207732 0.978137 0.009786
Y 0.977068 -0.207962 0.045706
Z 0.046742 0.000067 -0.998907

BONE 18
OFFSET -2.414003 0.000045 59.321804
SCALE 1.000000 1.000000 1.000000
X 0.170215 0.000018 0.985407
Y 0.985407 -0.000000 -0.170215
Z -0.000003 1.000000 -0.000018

BONE 19
OFFSET -3.274625 0.000048 60.401562
SCALE 1.000000 1.000000 1.000000
X 0.995876 -0.000058 0.090731
Y 0.000074 1.000000 -0.000179
Z -0.090731 0.000185 0.995875

BONE 20
OFFSET -2.164925 0.000461 54.653679
SCALE 1.000000 1.000000 1.000000
X 0.000647 1.000000 -0.000097
Y -0.998854 0.000642 -0.047851
Z -0.047851 0.000128 0.998854

BONE 21
OFFSET 0.461562 -0.001393 53.101761
SCALE 1.000000 1.000000 1.000000
X 0.000647 1.000000 -0.000100
Y -0.998867 0.000642 -0.047586
Z -0.047585 0.000131 0.998867

BONE 22
OFFSET 0.161553 0.175177 54.349533
SCALE 1.000000 1.000000 1.000000
X 0.000645 1.000000 -0.000085
Y -0.998863 0.000641 -0.047672
Z -0.047672 0.000115 0.998863

BONE 23
OFFSET 0.161553 -0.174093 54.349533
SCALE 1.000000 1.000000 1.000000
X 0.000924 1.000000 -0.000005
Y 0.998867 -0.000385 0.047582
Z 0.047069 -0.000049 -0.998892

BONE 24
OFFSET 0.377144 0.493874 56.068653
SCALE 1.000000 1.000000 1.000000
X 0.000648 0.999999 -0.000073
Y -0.998867 0.000643 -0.047582
Z -0.047582 0.000104 0.998867

BONE 25
OFFSET 0.398804 -0.474554 56.073597
SCALE 1.000000 1.000000 1.000000
X 0.000012 1.000000 0.000086
Y 0.998888 -0.000016 0.047137
Z 0.047137 0.000085 -0.998888

BONE 26
OFFSET 0.221107 0.175177 54.485638
SCALE 1.000000 1.000000 1.000000
X 0.000646 0.999998 -0.000087
Y -0.998858 0.000640 -0.047762
Z -0.047762 0.000117 0.998859

BONE 27
OFFSET 0.221108 -0.174093 54.485638
SCALE 1.000000 1.000000 1.000000
X 0.000009 1.000000 0.000105
Y 0.998893 -0.000014 0.047045
Z 0.047045 0.000104 -0.998893

BONE 28
OFFSET 0.105908 0.354226 54.419960
SCALE 1.000000 1.000000 1.000000
X 0.000650 0.999997 -0.000117
Y -0.998863 0.000643 -0.047673
Z -0.047673 0.000148 0.998863

BONE 29
OFFSET 0.105908 -0.353142 54.419956
SCALE 1.000000 1.000000 1.000000
X 0.000005 1.000000 0.000109
Y 0.998884 -0.000010 0.047222
Z 0.047222 0.000108 -0.998884

BONE 30
OFFSET 1.702049 0.000048 58.571415
SCALE 1.000000 1.000000 1.000000
X 0.985415 0.000006 -0.170171
Y -0.170170 0.000000 -0.985415
Z -0.000006 1.000000 0.000001

BONE 31
OFFSET -0.000687 0.000463 56.715221
SCALE 1.000000 1.000000 1.000000
X 0.922511 -0.000049 0.385970
Y 0.000053 1.000000 0.000001
Z -0.385970 0.000019 0.922511

BONE 32
OFFSET -0.667594 0.000001 54.423870
SCALE 1.000000 1.000000 1.000000
X -0.000000 1.000000 -0.000000
Y -0.000000 0.000000 1.000000
Z 1.000000 0.000000 0.000000

BONE 33
OFFSET 0.191292 0.000001 54.423870
SCALE 1.000000 1.000000 1.000000
X -0.000000 1.000000 -0.000000
Y -0.000000 0.000000 1.000000
Z 1.000000 0.000000 0.000000

BONE 34
OFFSET -0.642755 1.438043 56.638496
SCALE 1.000000 1.000000 1.000000
X -0.000000 1.000000 -0.000000
Y -0.000000 0.000000 1.000000
Z 1.000000 0.000000 0.000000

BONE 35
OFFSET -1.144605 1.588628 55.533981
SCALE 1.000000 1.000000 1.000000
X -0.000000 1.000000 -0.000000
Y -0.000000 -0.000000 1.000000
Z 1.000000 0.000000 0.000000

BONE 36
OFFSET 0.168235 0.575166 56.356960
SCALE 1.000000 1.000000 1.000000
X -0.000000 1.000000 -0.000000
Y -0.000000 0.000000 1.000000
Z 1.000000 0.000000 0.000000

BONE 37
OFFSET 0.150960 1.014778 56.833435
SCALE 1.000000 1.000000 1.000000
X -0.000000 1.000000 -0.000000
Y -0.000000 -0.000000 1.000000
Z 1.000000 0.000000 0.000000

BONE 38
OFFSET 0.174434 1.477941 57.273468
SCALE 1.000000 1.000000 1.000000
X -0.000000 1.000000 -0.000000
Y 0.000000 0.000000 1.000000
Z 1.000000 0.000000 0.000000

BONE 39
OFFSET -0.010364 1.919371 57.108471
SCALE 1.000000 1.000000 1.000000
X -0.000000 1.000000 -0.000000
Y -0.000000 -0.000000 1.000000
Z 1.000000 0.000000 0.000000

BONE 40
OFFSET -0.216007 2.195085 56.852596
SCALE 1.000000 1.000000 1.000000
X -0.000000 1.000000 -0.000000
Y -0.000000 0.000000 1.000000
Z 1.000000 0.000000 0.000000

BONE 41
OFFSET -0.353330 2.067023 56.145638
SCALE 1.000000 1.000000 1.000000
X -0.000000 1.000000 -0.000000
Y -0.000000 -0.000000 1.000000
Z 1.000000 0.000000 0.000000

BONE 42
OFFSET -0.174789 1.526132 55.899868
SCALE 1.000000 1.000000 1.000000
X -0.000000 1.000000 -0.000000
Y -0.000000 -0.000000 1.000000
Z 1.000000 0.000000 0.000000

BONE 43
OFFSET 0.013731 0.977626 56.025974
SCALE 1.000000 1.000000 1.000000
X -0.000000 1.000000 -0.000000
Y -0.000000 -0.000000 1.000000
Z 1.000000 0.000000 0.000000

BONE 44
OFFSET -0.642754 -1.438156 56.638638
SCALE 1.000000 1.000000 1.000000
X 0.000000 1.000000 -0.000000
Y 0.000000 0.000000 1.000000
Z 1.000000 -0.000000 0.000000

BONE 45
OFFSET -1.144605 -1.588739 55.534122
SCALE 1.000000 1.000000 1.000000
X -0.000000 1.000000 -0.000000
Y -0.000000 -0.000000 1.000000
Z 1.000000 0.000000 0.000000

BONE 46
OFFSET 0.166450 -0.575197 56.355900
SCALE 1.000000 1.000000 1.000000
X -0.000000 1.000000 -0.000000
Y -0.000000 -0.000000 1.000000
Z 1.000000 0.000000 0.000000

BONE 47
OFFSET 0.151014 -1.014056 56.833973
SCALE 1.000000 1.000000 1.000000
X -0.000000 1.000000 -0.000000
Y -0.000000 0.000000 1.000000
Z 1.000000 0.000000 0.000000

BONE 48
OFFSET 0.182380 -1.435163 57.262989
SCALE 1.000000 1.000000 1.000000
X -0.000000 1.000000 -0.000000
Y -0.000000 -0.000000 1.000000
Z 1.000000 0.000000 0.000000

BONE 49
OFFSET -0.009139 -1.920130 57.108868
SCALE 1.000000 1.000000 1.000000
X -0.000000 1.000000 -0.000000
Y -0.000000 -0.000000 1.000000
Z 1.000000 0.000000 0.000000

BONE 50
OFFSET -0.216030 -2.196491 56.852993
SCALE 1.000000 1.000000 1.000000
X -0.000000 1.000000 -0.000000
Y 0.000000 0.000000 1.000000
Z 1.000000 0.000000 0.000000

BONE 51
OFFSET -0.352593 -2.066266 56.146595
SCALE 1.000000 1.000000 1.000000
X -0.000000 1.000000 -0.000000
Y 0.000000 -0.000000 1.000000
Z 1.000000 0.000000 0.000000

BONE 52
OFFSET -0.175369 -1.525349 55.900772
SCALE 1.000000 1.000000 1.000000
X -0.000000 1.000000 -0.000000
Y -0.000000 -0.000000 1.000000
Z 1.000000 0.000000 0.000000

BONE 53
OFFSET 0.012419 -0.978089 56.025356
SCALE 1.000000 1.000000 1.000000
X -0.000000 1.000000 -0.000000
Y -0.000000 -0.000000 1.000000
Z 1.000000 0.000000 0.000000


NUMVERTS 658
VERT 0
OFFSET -2.656128 3.194742 56.546654
BONES 1
BONE 3 1.000000

VERT 1
OFFSET -2.679164 2.943451 56.624306
BONES 1
BONE 3 1.000000

VERT 2
OFFSET -3.052801 2.836605 56.315464
BONES 1
BONE 3 1.000000

VERT 3
OFFSET -2.941232 3.271433 56.178429
BONES 1
BONE 3 1.000000

VERT 4
OFFSET -2.499072 2.911259 56.691372
BONES 1
BONE 3 1.000000

VERT 5
OFFSET -2.723071 3.511222 56.685539
BONES 1
BONE 3 1.000000

VERT 6
OFFSET -2.374704 3.491845 56.772587
BONES 1
BONE 3 1.000000

VERT 7
OFFSET -1.991434 2.866223 56.545784
BONES 1
BONE 3 1.000000

VERT 8
OFFSET -1.885551 2.791866 56.406979
BONES 2
BONE 3 0.986112
BONE 35 0.013888

VERT 9
OFFSET -2.137723 3.037306 56.334965
BONES 1
BONE 3 1.000000

VERT 10
OFFSET -2.176798 2.866585 56.003086
BONES 2
BONE 35 0.000122
BONE 3 0.999878

VERT 11
OFFSET -2.289069 2.735088 55.970402
BONES 1
BONE 3 1.000000

VERT 12
OFFSET -2.426977 2.925130 56.153633
BONES 1
BONE 3 1.000000

VERT 13
OFFSET -2.312049 2.690713 55.640003
BONES 1
BONE 3 1.000000

VERT 14
OFFSET -2.128077 2.434180 55.494358
BONES 2
BONE 3 0.963147
BONE 35 0.036853

VERT 15
OFFSET -1.972658 2.717939 56.004158
BONES 2
BONE 3 0.981599
BONE 35 0.018401

VERT 16
OFFSET -2.383146 2.618274 54.994831
BONES 1
BONE 3 1.000000

VERT 17
OFFSET -2.565544 2.788049 55.807995
BONES 1
BONE 3 1.000000

VERT 18
OFFSET -2.745190 2.970753 55.202137
BONES 1
BONE 3 1.000000

VERT 19
OFFSET -2.491036 2.248060 55.115585
BONES 1
BONE 3 1.000000

VERT 20
OFFSET -2.643383 2.165499 55.186893
BONES 1
BONE 3 1.000000

VERT 21
OFFSET -2.955016 2.899595 55.632217
BONES 1
BONE 3 1.000000

VERT 22
OFFSET -2.885587 3.220454 55.471325
BONES 1
BONE 3 1.000000

VERT 23
OFFSET -2.718962 3.316981 55.885319
BONES 1
BONE 3 1.000000

VERT 24
OFFSET -2.520696 3.339549 56.184666
BONES 1
BONE 3 1.000000

VERT 25
OFFSET -2.505123 3.394002 56.618671
BONES 1
BONE 3 1.000000

VERT 26
OFFSET -2.888981 3.510422 56.252937
BONES 1
BONE 3 1.000000

VERT 27
OFFSET -3.003778 3.401434 55.624023
BONES 1
BONE 3 1.000000

VERT 28
OFFSET -2.777462 3.613674 56.323029
BONES 1
BONE 3 1.000000

VERT 29
OFFSET -3.018655 3.621088 56.309879
BONES 1
BONE 3 1.000000

VERT 30
OFFSET -2.257099 3.388965 56.639233
BONES 1
BONE 3 1.000000

VERT 31
OFFSET -2.421176 2.173855 55.146091
BONES 1
BONE 3 1.000000

VERT 32
OFFSET 0.089114 0.135817 54.402267
BONES 5
BONE 28 0.066351
BONE 33 0.701794
BONE 22 0.193126
BONE 23 0.007096
BONE 32 0.020325

VERT 33
OFFSET -0.496822 0.000001 53.790051
BONES 2
BONE 32 0.844863
BONE 3 0.155137

VERT 34
OFFSET -0.467755 0.498111 54.029202
BONES 2
BONE 32 0.843810
BONE 3 0.156190

VERT 35
OFFSET -0.259588 0.690570 54.483620
BONES 1
BONE 32 1.000000

VERT 36
OFFSET -0.010870 0.333547 54.441879
BONES 4
BONE 26 0.081102
BONE 28 0.223770
BONE 33 0.511234
BONE 32 0.183915

VERT 37
OFFSET -0.618974 0.397886 54.930054
BONES 1
BONE 32 1.000000

VERT 38
OFFSET -1.049870 0.388872 54.556004
BONES 1
BONE 32 1.000000

VERT 39
OFFSET 0.043610 0.388751 54.887405
BONES 1
BONE 32 1.000000

VERT 40
OFFSET 0.111969 0.156987 54.436066
BONES 5
BONE 27 0.001411
BONE 32 0.014695
BONE 28 0.096334
BONE 33 0.672966
BONE 26 0.237311

VERT 41
OFFSET 0.177236 -0.000483 54.929100
BONES 1
BONE 32 1.000000

VERT 42
OFFSET -1.132205 0.535439 54.134373
BONES 2
BONE 3 0.022682
BONE 32 0.977318

VERT 43
OFFSET -1.246500 -0.004839 54.228271
BONES 1
BONE 32 1.000000

VERT 44
OFFSET -0.603714 0.000000 55.041935
BONES 2
BONE 32 1.000000
BONE 3 0.000000

VERT 45
OFFSET 0.120475 0.000001 54.430798
BONES 8
BONE 33 0.672248
BONE 3 0.000000
BONE 26 0.101526
BONE 27 0.084327
BONE 22 0.000000
BONE 23 0.000000
BONE 28 0.000000
BONE 29 0.000000

VERT 46
OFFSET -0.957520 0.000000 53.781967
BONES 2
BONE 32 0.855000
BONE 3 0.145000

VERT 47
OFFSET 0.100529 -0.102530 54.403027
BONES 5
BONE 32 0.016736
BONE 33 0.661770
BONE 22 0.048020
BONE 23 0.185486
BONE 29 0.055843

VERT 48
OFFSET -0.467753 -0.498109 54.029202
BONES 2
BONE 32 0.843809
BONE 3 0.156191

VERT 49
OFFSET -0.259588 -0.690569 54.483620
BONES 1
BONE 32 1.000000

VERT 50
OFFSET -0.010871 -0.333546 54.441883
BONES 4
BONE 27 0.054699
BONE 29 0.230664
BONE 33 0.525631
BONE 32 0.189093

VERT 51
OFFSET -0.618973 -0.397885 54.930054
BONES 1
BONE 32 1.000000

VERT 52
OFFSET -1.049870 -0.388872 54.556004
BONES 1
BONE 32 1.000000

VERT 53
OFFSET 0.043610 -0.388750 54.887405
BONES 1
BONE 32 1.000000

VERT 54
OFFSET 0.111974 -0.156964 54.436069
BONES 5
BONE 32 0.014615
BONE 29 0.094902
BONE 33 0.671169
BONE 27 0.211960
BONE 26 0.002037

VERT 55
OFFSET 0.177237 0.000484 54.929100
BONES 1
BONE 32 1.000000

VERT 56
OFFSET -1.132205 -0.535438 54.134373
BONES 2
BONE 3 0.022682
BONE 32 0.977318

VERT 57
OFFSET -1.246500 0.004840 54.228271
BONES 1
BONE 32 1.000000

VERT 58
OFFSET -0.603714 0.000000 55.041935
BONES 2
BONE 32 1.000000
BONE 3 0.000000

VERT 59
OFFSET -2.108340 1.005726 53.977493
BONES 1
BONE 3 1.000000

VERT 60
OFFSET -2.461734 1.157894 54.202168
BONES 1
BONE 3 1.000000

VERT 61
OFFSET -2.444509 1.479967 54.369736
BONES 1
BONE 3 1.000000

VERT 62
OFFSET -2.873734 1.319702 54.558777
BONES 1
BONE 3 1.000000

VERT 63
OFFSET -2.689552 1.892428 55.155689
BONES 1
BONE 3 1.000000

VERT 64
OFFSET -2.421420 2.177658 55.152168
BONES 1
BONE 3 1.000000

VERT 65
OFFSET -2.622866 2.172020 55.215530
BONES 1
BONE 3 1.000000

VERT 66
OFFSET -2.491036 2.248060 55.115585
BONES 1
BONE 3 1.000000

VERT 67
OFFSET -2.295554 2.287069 55.293198
BONES 2
BONE 3 0.990096
BONE 35 0.009904

VERT 68
OFFSET -1.442328 1.585661 54.167690
BONES 1
BONE 3 1.000000

VERT 69
OFFSET -0.809564 1.208356 53.878647
BONES 1
BONE 3 1.000000

VERT 70
OFFSET -1.501196 0.536907 53.614285
BONES 1
BONE 3 1.000000

VERT 71
OFFSET -1.558795 0.291189 53.649014
BONES 1
BONE 3 1.000000

VERT 72
OFFSET -1.057168 0.766769 53.599625
BONES 1
BONE 3 1.000000

VERT 73
OFFSET -0.219445 0.572417 53.829514
BONES 3
BONE 28 0.014175
BONE 3 0.780678
BONE 33 0.205148

VERT 74
OFFSET -0.456989 0.371007 53.446968
BONES 2
BONE 3 0.999973
BONE 33 0.000027

VERT 75
OFFSET -0.066283 0.122075 53.948677
BONES 3
BONE 33 0.486176
BONE 3 0.485462
BONE 28 0.028363

VERT 76
OFFSET -0.555602 -0.002428 53.289242
BONES 1
BONE 3 1.000000

VERT 77
OFFSET -1.023294 0.010875 53.414780
BONES 1
BONE 3 1.000000

VERT 78
OFFSET -1.920725 0.736662 53.750492
BONES 1
BONE 3 1.000000

VERT 79
OFFSET -2.540892 1.161204 54.109314
BONES 1
BONE 3 1.000000

VERT 80
OFFSET -3.093747 1.141629 54.396530
BONES 1
BONE 3 1.000000

VERT 81
OFFSET -3.201866 1.178482 54.940411
BONES 1
BONE 3 1.000000

VERT 82
OFFSET -3.983451 0.598969 55.439129
BONES 1
BONE 3 1.000000

VERT 83
OFFSET -3.812959 1.162941 55.505371
BONES 1
BONE 3 1.000000

VERT 84
OFFSET -3.009707 2.518671 55.741257
BONES 1
BONE 3 1.000000

VERT 85
OFFSET -3.919137 1.822654 56.249004
BONES 1
BONE 3 1.000000

VERT 86
OFFSET -4.217102 1.206261 55.889629
BONES 1
BONE 3 1.000000

VERT 87
OFFSET -3.024724 2.838357 56.343170
BONES 1
BONE 3 1.000000

VERT 88
OFFSET -3.814027 2.264592 56.631546
BONES 1
BONE 3 1.000000

VERT 89
OFFSET -3.705493 2.802915 57.632694
BONES 1
BONE 3 1.000000

VERT 90
OFFSET -2.834085 2.873171 56.792885
BONES 1
BONE 3 1.000000

VERT 91
OFFSET -2.737459 2.948055 56.611568
BONES 1
BONE 3 1.000000

VERT 92
OFFSET -3.482944 2.974756 58.146175
BONES 1
BONE 3 1.000000

VERT 93
OFFSET -2.008696 2.851670 56.550831
BONES 1
BONE 3 1.000000

VERT 94
OFFSET -2.377692 2.897279 56.666130
BONES 1
BONE 3 1.000000

VERT 95
OFFSET -1.887194 2.793590 56.407894
BONES 3
BONE 34 0.000027
BONE 35 0.014082
BONE 3 0.985891

VERT 96
OFFSET -0.928798 2.588000 56.213867
BONES 4
BONE 35 0.165200
BONE 3 0.582882
BONE 34 0.247223
BONE 40 0.004695

VERT 97
OFFSET -0.527903 2.187054 55.141327
BONES 3
BONE 35 0.219951
BONE 3 0.590253
BONE 34 0.189796

VERT 98
OFFSET -0.263418 2.192432 55.827515
BONES 6
BONE 42 0.016756
BONE 43 0.002177
BONE 41 0.012811
BONE 3 0.276537
BONE 35 0.181549
BONE 34 0.510170

VERT 99
OFFSET -0.128028 1.813007 54.888603
BONES 5
BONE 33 0.016604
BONE 34 0.160438
BONE 3 0.720401
BONE 41 0.000168
BONE 35 0.102388

VERT 100
OFFSET -0.222016 1.885337 55.942081
BONES 6
BONE 43 0.002723
BONE 42 0.190165
BONE 35 0.000821
BONE 34 0.575094
BONE 41 0.228300
BONE 40 0.002897

VERT 101
OFFSET -1.253927 2.121177 54.799713
BONES 3
BONE 3 0.861491
BONE 34 0.017799
BONE 35 0.120710

VERT 102
OFFSET -2.098528 2.459519 55.611744
BONES 3
BONE 35 0.057478
BONE 34 0.000000
BONE 3 0.942522

VERT 103
OFFSET -0.310011 1.391334 54.233505
BONES 3
BONE 33 0.045042
BONE 3 0.948437
BONE 35 0.006522

VERT 104
OFFSET -0.779736 1.836941 54.440472
BONES 3
BONE 34 0.001122
BONE 3 0.940865
BONE 35 0.058013

VERT 105
OFFSET 0.007753 0.784912 54.220417
BONES 4
BONE 28 0.060856
BONE 33 0.298857
BONE 3 0.640286
BONE 34 0.000001

VERT 106
OFFSET 0.238941 1.048197 54.904339
BONES 5
BONE 35 0.001825
BONE 42 0.000038
BONE 34 0.195929
BONE 33 0.160082
BONE 3 0.642126

VERT 107
OFFSET 0.088523 1.095264 55.507965
BONES 4
BONE 43 0.124047
BONE 3 0.106835
BONE 42 0.070802
BONE 34 0.698316

VERT 108
OFFSET 0.546438 0.405679 55.131500
BONES 5
BONE 28 0.000525
BONE 43 0.000793
BONE 3 0.795770
BONE 34 0.137011
BONE 33 0.065901

VERT 109
OFFSET 0.864286 -0.001620 55.314754
BONES 2
BONE 3 0.994478
BONE 33 0.005522

VERT 110
OFFSET 0.392610 0.371058 55.569794
BONES 3
BONE 43 0.025622
BONE 34 0.271409
BONE 3 0.702970

VERT 111
OFFSET -0.009776 0.813667 56.001240
BONES 5
BONE 42 0.001878
BONE 34 0.540076
BONE 3 0.015157
BONE 43 0.261822
BONE 36 0.181067

VERT 112
OFFSET -0.047263 1.226902 55.852711
BONES 4
BONE 42 0.242302
BONE 36 0.004541
BONE 34 0.570343
BONE 43 0.182813

VERT 113
OFFSET -0.150638 0.841208 55.949638
BONES 5
BONE 37 0.007935
BONE 42 0.043723
BONE 34 0.698149
BONE 36 0.165289
BONE 43 0.084904

VERT 114
OFFSET -0.312700 1.657820 55.818768
BONES 4
BONE 42 0.187268
BONE 34 0.754200
BONE 43 0.015346
BONE 41 0.043186

VERT 115
OFFSET -0.488131 1.487764 56.367352
BONES 4
BONE 37 0.023574
BONE 3 0.000000
BONE 34 0.941005
BONE 38 0.035421

VERT 116
OFFSET 0.063121 0.745909 56.490665
BONES 5
BONE 38 0.006414
BONE 36 0.212435
BONE 34 0.600836
BONE 43 0.002550
BONE 37 0.177765

VERT 117
OFFSET 0.066816 0.737251 56.202583
BONES 7
BONE 3 0.005024
BONE 43 0.085866
BONE 37 0.085434
BONE 38 0.000057
BONE 34 0.535425
BONE 36 0.287414
BONE 42 0.000780

VERT 118
OFFSET 0.027832 1.509863 56.813278
BONES 4
BONE 37 0.051524
BONE 34 0.702558
BONE 38 0.194087
BONE 39 0.051830

VERT 119
OFFSET 0.145044 1.376541 56.722160
BONES 5
BONE 38 0.222319
BONE 34 0.656023
BONE 39 0.017498
BONE 37 0.102861
BONE 36 0.001299

VERT 120
OFFSET -0.023624 1.898717 56.745773
BONES 5
BONE 39 0.166485
BONE 37 0.000021
BONE 34 0.639002
BONE 38 0.187716
BONE 40 0.006775

VERT 121
OFFSET -0.274013 2.208931 56.707069
BONES 4
BONE 39 0.174712
BONE 34 0.688787
BONE 38 0.032506
BONE 40 0.103995

VERT 122
OFFSET 0.780327 1.740863 58.366623
BONES 2
BONE 34 0.071022
BONE 3 0.928978

VERT 123
OFFSET 0.439312 1.209349 57.071789
BONES 6
BONE 36 0.000762
BONE 39 0.007496
BONE 37 0.064864
BONE 34 0.669913
BONE 38 0.046332
BONE 3 0.210633

VERT 124
OFFSET 0.654850 0.550162 56.906502
BONES 5
BONE 36 0.001515
BONE 3 0.572321
BONE 38 0.001516
BONE 34 0.371501
BONE 37 0.053147

VERT 125
OFFSET 1.067987 0.496659 58.341919
BONES 3
BONE 34 0.013886
BONE 3 0.984890
BONE 44 0.001224

VERT 126
OFFSET 0.468026 0.000534 56.311913
BONES 3
BONE 44 0.017417
BONE 34 0.014519
BONE 3 0.968064

VERT 127
OFFSET 0.341587 0.238366 56.156567
BONES 4
BONE 37 0.000031
BONE 36 0.001180
BONE 34 0.262830
BONE 3 0.735960

VERT 128
OFFSET 0.874440 -0.069914 57.192024
BONES 3
BONE 44 0.053601
BONE 3 0.914592
BONE 34 0.031808

VERT 129
OFFSET 0.568888 -0.007579 55.647415
BONES 2
BONE 44 0.006059
BONE 3 0.993941

VERT 130
OFFSET 0.164093 0.851832 56.481388
BONES 6
BONE 3 0.000865
BONE 37 0.359859
BONE 43 0.000004
BONE 34 0.442032
BONE 36 0.193454
BONE 38 0.003785

VERT 131
OFFSET -1.979324 2.703478 55.972939
BONES 2
BONE 35 0.017764
BONE 3 0.982236

VERT 132
OFFSET -3.526652 0.781447 54.584934
BONES 1
BONE 3 1.000000

VERT 133
OFFSET -3.819458 0.334890 54.677856
BONES 1
BONE 3 1.000000

VERT 134
OFFSET -3.890682 0.000033 54.690544
BONES 1
BONE 3 1.000000

VERT 135
OFFSET -4.060695 0.000283 55.135925
BONES 1
BONE 3 1.000000

VERT 136
OFFSET -4.503046 0.005032 55.688263
BONES 1
BONE 3 1.000000

VERT 137
OFFSET -4.644537 0.461402 55.851353
BONES 1
BONE 3 1.000000

VERT 138
OFFSET -4.439252 0.878038 55.912830
BONES 1
BONE 3 1.000000

VERT 139
OFFSET -4.801647 -0.000000 55.563469
BONES 1
BONE 3 1.000000

VERT 140
OFFSET 0.011696 0.334004 54.418953
BONES 5
BONE 26 0.052501
BONE 22 0.020827
BONE 33 0.514011
BONE 28 0.225830
BONE 32 0.186838

VERT 141
OFFSET 0.097828 0.137628 54.385437
BONES 5
BONE 23 0.009753
BONE 22 0.191738
BONE 33 0.690142
BONE 28 0.069640
BONE 32 0.020815

VERT 142
OFFSET 0.215140 0.086359 54.359550
BONES 7
BONE 29 0.001925
BONE 22 0.163879
BONE 28 0.046285
BONE 33 0.657597
BONE 32 0.000230
BONE 3 0.037307
BONE 23 0.050524

VERT 143
OFFSET -0.039663 0.354374 54.074692
BONES 5
BONE 23 0.005378
BONE 22 0.055435
BONE 33 0.489019
BONE 28 0.088858
BONE 3 0.384671

VERT 144
OFFSET -0.062422 0.123354 53.946709
BONES 4
BONE 22 0.003479
BONE 33 0.486068
BONE 3 0.485216
BONE 28 0.028716

VERT 145
OFFSET -0.058463 -0.169418 53.964622
BONES 5
BONE 22 0.000016
BONE 3 0.480336
BONE 33 0.479277
BONE 29 0.040288
BONE 23 0.000107

VERT 146
OFFSET -0.033264 -0.479959 54.125813
BONES 4
BONE 23 0.025047
BONE 33 0.437668
BONE 3 0.464100
BONE 29 0.097189

VERT 147
OFFSET 0.124089 -0.344102 54.404812
BONES 7
BONE 26 0.000000
BONE 27 0.007576
BONE 23 0.081009
BONE 33 0.642115
BONE 3 0.032529
BONE 29 0.215689
BONE 32 0.019284

VERT 148
OFFSET 0.189723 -0.159065 54.378582
BONES 6
BONE 32 0.001645
BONE 22 0.019616
BONE 23 0.191609
BONE 33 0.671487
BONE 3 0.033439
BONE 29 0.071631

VERT 149
OFFSET 0.139482 -0.779298 54.502792
BONES 3
BONE 33 0.369163
BONE 3 0.549531
BONE 29 0.081306

VERT 150
OFFSET 0.447187 -0.162880 54.797962
BONES 5
BONE 26 0.000060
BONE 27 0.006677
BONE 33 0.535776
BONE 3 0.455157
BONE 29 0.008002

VERT 151
OFFSET 0.219736 -0.823146 54.669415
BONES 3
BONE 33 0.385330
BONE 44 0.010618
BONE 3 0.604053

VERT 152
OFFSET 0.232313 0.000004 54.401188
BONES 7
BONE 28 0.033537
BONE 27 0.094275
BONE 33 0.697186
BONE 3 0.005005
BONE 29 0.033177
BONE 26 0.121606
BONE 32 0.002713

VERT 153
OFFSET 0.122983 -0.115007 54.437252
BONES 5
BONE 32 0.009905
BONE 29 0.047297
BONE 33 0.710975
BONE 27 0.194399
BONE 26 0.011916

VERT 154
OFFSET 0.369244 0.011697 54.529678
BONES 6
BONE 3 0.060107
BONE 29 0.009840
BONE 33 0.660470
BONE 26 0.085496
BONE 27 0.077148
BONE 28 0.015979

VERT 155
OFFSET 0.445577 0.187208 54.791042
BONES 3
BONE 3 0.464615
BONE 33 0.526596
BONE 28 0.008789

VERT 156
OFFSET 0.119337 0.336693 54.403530
BONES 7
BONE 23 0.000121
BONE 28 0.224634
BONE 3 0.027480
BONE 33 0.656832
BONE 26 0.013811
BONE 22 0.042531
BONE 32 0.035280

VERT 157
OFFSET 0.215170 0.809250 54.669933
BONES 4
BONE 34 0.010334
BONE 28 0.002154
BONE 3 0.602548
BONE 33 0.384964

VERT 158
OFFSET -0.028223 0.775926 54.241005
BONES 4
BONE 33 0.298969
BONE 28 0.060918
BONE 3 0.640114
BONE 29 0.000000

VERT 159
OFFSET 0.123353 0.118820 54.439293
BONES 5
BONE 32 0.010147
BONE 28 0.048912
BONE 33 0.708662
BONE 26 0.240009
BONE 27 0.007424

VERT 160
OFFSET -0.451459 2.401068 56.245850
BONES 7
BONE 3 0.063575
BONE 34 0.555158
BONE 35 0.123523
BONE 40 0.072485
BONE 41 0.181014
BONE 39 0.001036
BONE 42 0.003209

VERT 161
OFFSET -0.714191 2.897121 57.019608
BONES 4
BONE 35 0.011849
BONE 40 0.004311
BONE 3 0.888311
BONE 34 0.095529

VERT 162
OFFSET -0.947470 2.972669 58.061512
BONES 1
BONE 3 1.000000

VERT 163
OFFSET -1.832470 3.005739 57.434700
BONES 2
BONE 34 0.000381
BONE 3 0.999619

VERT 164
OFFSET 0.139431 2.636491 57.958363
BONES 4
BONE 3 0.919786
BONE 34 0.079712
BONE 40 0.000440
BONE 39 0.000062

VERT 165
OFFSET -0.051388 2.334315 57.036522
BONES 5
BONE 40 0.087128
BONE 39 0.066922
BONE 34 0.608171
BONE 3 0.234942
BONE 38 0.002837

VERT 166
OFFSET -0.273722 2.684462 58.740356
BONES 1
BONE 3 1.000000

VERT 167
OFFSET 0.586284 1.762728 59.332489
BONES 1
BONE 3 1.000000

VERT 168
OFFSET 0.949411 0.029724 59.648285
BONES 2
BONE 44 0.002785
BONE 3 0.997215

VERT 169
OFFSET 0.152482 0.293237 60.944927
BONES 1
BONE 3 1.000000

VERT 170
OFFSET 1.020260 -0.809344 58.445114
BONES 2
BONE 3 0.975989
BONE 44 0.024012

VERT 171
OFFSET 0.612345 -0.611103 56.897362
BONES 5
BONE 48 0.000017
BONE 46 0.002120
BONE 3 0.539432
BONE 44 0.399557
BONE 47 0.058874

VERT 172
OFFSET 0.324589 -0.239885 56.122601
BONES 5
BONE 53 0.007168
BONE 47 0.000024
BONE 46 0.005181
BONE 44 0.291238
BONE 3 0.696389

VERT 173
OFFSET 0.068914 -0.858860 55.689919
BONES 4
BONE 52 0.051327
BONE 3 0.134445
BONE 53 0.186552
BONE 44 0.627676

VERT 174
OFFSET 0.177579 -0.515007 56.169403
BONES 5
BONE 53 0.027101
BONE 47 0.003124
BONE 44 0.626663
BONE 3 0.210128
BONE 46 0.132984

VERT 175
OFFSET -0.047288 -1.228224 55.852928
BONES 4
BONE 52 0.242328
BONE 46 0.004535
BONE 44 0.570345
BONE 53 0.182792

VERT 176
OFFSET 0.637673 -0.272175 55.190956
BONES 4
BONE 29 0.000740
BONE 33 0.084070
BONE 44 0.049794
BONE 3 0.865396

VERT 177
OFFSET 0.238908 -1.048658 54.904575
BONES 5
BONE 52 0.000038
BONE 45 0.001836
BONE 3 0.642165
BONE 44 0.195949
BONE 33 0.160012

VERT 178
OFFSET 0.222144 -0.810485 54.673367
BONES 4
BONE 33 0.385248
BONE 44 0.010514
BONE 3 0.603486
BONE 29 0.000753

VERT 179
OFFSET 0.041140 -1.423146 54.664661
BONES 4
BONE 45 0.028978
BONE 33 0.106715
BONE 44 0.070949
BONE 3 0.793358

VERT 180
OFFSET -0.026511 -0.776332 54.240116
BONES 3
BONE 33 0.298824
BONE 29 0.061372
BONE 3 0.639804

VERT 181
OFFSET -0.779810 -1.837041 54.440582
BONES 3
BONE 44 0.001124
BONE 3 0.940868
BONE 45 0.058009

VERT 182
OFFSET -0.310044 -1.391216 54.233456
BONES 3
BONE 3 0.948419
BONE 45 0.006526
BONE 33 0.045055

VERT 183
OFFSET -0.703736 -2.235806 55.158428
BONES 3
BONE 45 0.240760
BONE 3 0.546446
BONE 44 0.212794

VERT 184
OFFSET -0.283520 -2.077478 55.129917
BONES 4
BONE 51 0.005395
BONE 45 0.178575
BONE 3 0.548901
BONE 44 0.267129

VERT 185
OFFSET -0.929077 -2.588950 56.214840
BONES 4
BONE 50 0.004709
BONE 45 0.164915
BONE 3 0.583687
BONE 44 0.246689

VERT 186
OFFSET -0.222025 -1.886533 55.942242
BONES 6
BONE 53 0.002723
BONE 52 0.190212
BONE 45 0.000819
BONE 44 0.575096
BONE 51 0.228253
BONE 50 0.002897

VERT 187
OFFSET -2.098653 -2.459479 55.611546
BONES 3
BONE 45 0.057501
BONE 44 0.000000
BONE 3 0.942499

VERT 188
OFFSET -1.979547 -2.702563 55.972466
BONES 2
BONE 45 0.017786
BONE 3 0.982214

VERT 189
OFFSET -1.887091 -2.793365 56.407841
BONES 3
BONE 44 0.000027
BONE 45 0.014081
BONE 3 0.985892

VERT 190
OFFSET -2.008488 -2.851472 56.550850
BONES 1
BONE 3 1.000000

VERT 191
OFFSET -2.377451 -2.897260 56.666130
BONES 1
BONE 3 1.000000

VERT 192
OFFSET -2.833810 -2.873276 56.793121
BONES 1
BONE 3 1.000000

VERT 193
OFFSET -3.705492 -2.802914 57.632694
BONES 1
BONE 3 1.000000

VERT 194
OFFSET -3.482943 -2.974756 58.146175
BONES 1
BONE 3 1.000000

VERT 195
OFFSET -2.737147 -2.948438 56.611542
BONES 1
BONE 3 1.000000

VERT 196
OFFSET -3.024451 -2.839271 56.343250
BONES 1
BONE 3 1.000000

VERT 197
OFFSET -3.814027 -2.264592 56.631546
BONES 1
BONE 3 1.000000

VERT 198
OFFSET -3.009489 -2.519002 55.740826
BONES 1
BONE 3 1.000000

VERT 199
OFFSET -2.623329 -2.172280 55.215481
BONES 1
BONE 3 1.000000

VERT 200
OFFSET -2.688991 -1.893137 55.155807
BONES 1
BONE 3 1.000000

VERT 201
OFFSET -2.492516 -2.248209 55.115585
BONES 1
BONE 3 1.000000

VERT 202
OFFSET -2.873732 -1.319701 54.558773
BONES 1
BONE 3 1.000000

VERT 203
OFFSET -2.421728 -2.178378 55.150890
BONES 1
BONE 3 1.000000

VERT 204
OFFSET -2.298125 -2.285273 55.289299
BONES 2
BONE 45 0.009465
BONE 3 0.990535

VERT 205
OFFSET -0.929564 -0.961380 53.677227
BONES 1
BONE 3 1.000000

VERT 206
OFFSET -0.035456 -0.479211 54.126915
BONES 3
BONE 33 0.437307
BONE 29 0.096214
BONE 3 0.466479

VERT 207
OFFSET -0.219440 -0.572375 53.829510
BONES 3
BONE 29 0.014251
BONE 3 0.780636
BONE 33 0.205113

VERT 208
OFFSET -0.480390 -0.285486 53.379044
BONES 2
BONE 33 0.000026
BONE 3 0.999974

VERT 209
OFFSET -0.308126 0.009713 53.479988
BONES 4
BONE 28 0.000059
BONE 29 0.000046
BONE 33 0.046947
BONE 3 0.952948

VERT 210
OFFSET -0.054913 -0.169285 53.962612
BONES 3
BONE 29 0.039896
BONE 3 0.481018
BONE 33 0.479086

VERT 211
OFFSET -1.681630 -0.591662 53.696888
BONES 1
BONE 3 1.000000

VERT 212
OFFSET -2.108374 -1.005755 53.977516
BONES 1
BONE 3 1.000000

VERT 213
OFFSET -2.444536 -1.479968 54.369762
BONES 1
BONE 3 1.000000

VERT 214
OFFSET -1.414032 -1.845033 54.396309
BONES 2
BONE 45 0.030426
BONE 3 0.969574

VERT 215
OFFSET -3.201866 -1.178481 54.940411
BONES 1
BONE 3 1.000000

VERT 216
OFFSET -3.812958 -1.162942 55.505371
BONES 1
BONE 3 1.000000

VERT 217
OFFSET -3.983448 -0.598971 55.439129
BONES 1
BONE 3 1.000000

VERT 218
OFFSET -3.919136 -1.822654 56.249004
BONES 1
BONE 3 1.000000

VERT 219
OFFSET -3.093747 -1.141628 54.396530
BONES 1
BONE 3 1.000000

VERT 220
OFFSET -2.251243 -1.054266 53.945606
BONES 1
BONE 3 1.000000

VERT 221
OFFSET -2.461735 -1.157894 54.202168
BONES 1
BONE 3 1.000000

VERT 222
OFFSET -1.654420 -0.289499 53.599407
BONES 1
BONE 3 1.000000

VERT 223
OFFSET -1.604638 0.171705 53.565502
BONES 1
BONE 3 1.000000

VERT 224
OFFSET 0.450845 0.183528 54.789696
BONES 3
BONE 28 0.007202
BONE 33 0.528084
BONE 3 0.464714

VERT 225
OFFSET 0.466933 -0.162945 54.788235
BONES 3
BONE 29 0.006329
BONE 33 0.537248
BONE 3 0.456423

VERT 226
OFFSET 0.222145 0.810478 54.673328
BONES 4
BONE 33 0.385249
BONE 34 0.010514
BONE 3 0.603487
BONE 28 0.000750

VERT 227
OFFSET -0.035454 0.479222 54.126907
BONES 3
BONE 33 0.437386
BONE 28 0.096042
BONE 3 0.466572

VERT 228
OFFSET -0.495926 2.256374 56.271103
BONES 6
BONE 39 0.022132
BONE 40 0.042326
BONE 42 0.002314
BONE 34 0.713072
BONE 41 0.218791
BONE 38 0.001365

VERT 229
OFFSET -0.301745 2.279919 56.469116
BONES 6
BONE 38 0.002913
BONE 40 0.198801
BONE 34 0.556769
BONE 41 0.169931
BONE 42 0.000162
BONE 39 0.071424

VERT 230
OFFSET -3.116976 3.054400 58.655460
BONES 1
BONE 3 1.000000

VERT 231
OFFSET -2.377128 3.055092 59.292160
BONES 1
BONE 3 1.000000

VERT 232
OFFSET -1.324227 2.656769 60.111927
BONES 1
BONE 3 1.000000

VERT 233
OFFSET -0.464064 2.029732 60.667053
BONES 1
BONE 3 1.000000

VERT 234
OFFSET -0.182758 1.617059 60.845638
BONES 1
BONE 3 1.000000

VERT 235
OFFSET 0.603636 0.949107 60.077724
BONES 1
BONE 3 1.000000

VERT 236
OFFSET 0.103376 -0.113291 54.391300
BONES 5
BONE 23 0.190326
BONE 22 0.039407
BONE 33 0.662380
BONE 32 0.017675
BONE 29 0.059817

VERT 237
OFFSET 0.011695 -0.334003 54.418957
BONES 5
BONE 23 0.020955
BONE 32 0.190519
BONE 29 0.230870
BONE 33 0.524065
BONE 27 0.033614

VERT 238
OFFSET -2.654555 -3.195923 56.546616
BONES 1
BONE 3 1.000000

VERT 239
OFFSET -2.678831 -2.943839 56.624306
BONES 1
BONE 3 1.000000

VERT 240
OFFSET -3.052552 -2.837564 56.315594
BONES 1
BONE 3 1.000000

VERT 241
OFFSET -2.939099 -3.274606 56.178082
BONES 1
BONE 3 1.000000

VERT 242
OFFSET -3.000400 -3.405277 55.623970
BONES 1
BONE 3 1.000000

VERT 243
OFFSET -2.954720 -2.901670 55.631992
BONES 1
BONE 3 1.000000

VERT 244
OFFSET -2.883498 -3.223591 55.471344
BONES 1
BONE 3 1.000000

VERT 245
OFFSET -2.744732 -2.972536 55.201538
BONES 1
BONE 3 1.000000

VERT 246
OFFSET -2.643908 -2.165756 55.186871
BONES 1
BONE 3 1.000000

VERT 247
OFFSET -2.385711 -2.618793 54.994740
BONES 1
BONE 3 1.000000

VERT 248
OFFSET -2.492516 -2.248209 55.115585
BONES 1
BONE 3 1.000000

VERT 249
OFFSET -2.128252 -2.434299 55.494370
BONES 2
BONE 3 0.963062
BONE 45 0.036938

VERT 250
OFFSET -2.177026 -2.865632 56.003395
BONES 2
BONE 45 0.000115
BONE 3 0.999885

VERT 251
OFFSET -2.313650 -2.690158 55.639729
BONES 1
BONE 3 1.000000

VERT 252
OFFSET -1.972845 -2.717037 56.003719
BONES 2
BONE 3 0.981574
BONE 45 0.018426

VERT 253
OFFSET -2.290551 -2.734438 55.970303
BONES 1
BONE 3 1.000000

VERT 254
OFFSET -2.136824 -3.035880 56.334988
BONES 1
BONE 3 1.000000

VERT 255
OFFSET -2.427016 -2.925395 56.153633
BONES 1
BONE 3 1.000000

VERT 256
OFFSET -1.991398 -2.865658 56.545780
BONES 1
BONE 3 1.000000

VERT 257
OFFSET -1.885512 -2.791517 56.406986
BONES 2
BONE 3 0.986112
BONE 45 0.013888

VERT 258
OFFSET -2.566563 -2.789191 55.807995
BONES 1
BONE 3 1.000000

VERT 259
OFFSET -2.716201 -3.319065 55.885300
BONES 1
BONE 3 1.000000

VERT 260
OFFSET -2.884829 -3.513573 56.252918
BONES 1
BONE 3 1.000000

VERT 261
OFFSET -2.501805 -3.394755 56.618664
BONES 1
BONE 3 1.000000

VERT 262
OFFSET -2.517781 -3.340404 56.184662
BONES 1
BONE 3 1.000000

VERT 263
OFFSET -2.772603 -3.616139 56.322994
BONES 1
BONE 3 1.000000

VERT 264
OFFSET -2.254621 -3.388742 56.639400
BONES 1
BONE 3 1.000000

VERT 265
OFFSET -2.370775 -3.491818 56.772594
BONES 1
BONE 3 1.000000

VERT 266
OFFSET -3.013767 -3.625062 56.309841
BONES 1
BONE 3 1.000000

VERT 267
OFFSET -2.718991 -3.513250 56.685535
BONES 1
BONE 3 1.000000

VERT 268
OFFSET -2.499019 -2.911421 56.691521
BONES 1
BONE 3 1.000000

VERT 269
OFFSET -2.421208 -2.173961 55.146217
BONES 1
BONE 3 1.000000

VERT 270
OFFSET -3.526653 -0.781446 54.584934
BONES 1
BONE 3 1.000000

VERT 271
OFFSET -3.819457 -0.334890 54.677856
BONES 1
BONE 3 1.000000

VERT 272
OFFSET -3.890682 -0.000033 54.690544
BONES 1
BONE 3 1.000000

VERT 273
OFFSET -4.060693 -0.000282 55.135921
BONES 1
BONE 3 1.000000

VERT 274
OFFSET -4.503047 -0.005033 55.688263
BONES 1
BONE 3 1.000000

VERT 275
OFFSET -4.644537 -0.461403 55.851353
BONES 1
BONE 3 1.000000

VERT 276
OFFSET -4.439252 -0.878039 55.912830
BONES 1
BONE 3 1.000000

VERT 277
OFFSET -4.217102 -1.206262 55.889629
BONES 1
BONE 3 1.000000

VERT 278
OFFSET -4.801647 -0.000000 55.563469
BONES 1
BONE 3 1.000000

VERT 279
OFFSET -0.451413 -2.402282 56.246140
BONES 7
BONE 3 0.063654
BONE 44 0.555123
BONE 45 0.123455
BONE 50 0.072522
BONE 51 0.180999
BONE 49 0.001037
BONE 52 0.003210

VERT 280
OFFSET -0.714006 -2.897200 57.019733
BONES 4
BONE 45 0.011850
BONE 50 0.004333
BONE 3 0.888257
BONE 44 0.095561

VERT 281
OFFSET -0.947490 -2.972673 58.061451
BONES 1
BONE 3 1.000000

VERT 282
OFFSET -1.832771 -3.005766 57.434975
BONES 2
BONE 44 0.000380
BONE 3 0.999620

VERT 283
OFFSET 0.139472 -2.636517 57.958378
BONES 4
BONE 3 0.919828
BONE 44 0.079672
BONE 50 0.000439
BONE 49 0.000062

VERT 284
OFFSET -0.051186 -2.335138 57.036842
BONES 5
BONE 50 0.087013
BONE 49 0.066892
BONE 44 0.608245
BONE 3 0.235013
BONE 48 0.002838

VERT 285
OFFSET -0.273728 -2.684467 58.740349
BONES 1
BONE 3 1.000000

VERT 286
OFFSET 0.586285 -1.762726 59.332493
BONES 1
BONE 3 1.000000

VERT 287
OFFSET -0.301810 -2.281168 56.469173
BONES 6
BONE 52 0.000163
BONE 48 0.002907
BONE 49 0.071387
BONE 44 0.556769
BONE 50 0.198800
BONE 51 0.169975

VERT 288
OFFSET 0.780341 -1.740867 58.366611
BONES 2
BONE 3 0.936430
BONE 44 0.063570

VERT 289
OFFSET 0.570462 -0.940193 60.148003
BONES 1
BONE 3 1.000000

VERT 290
OFFSET 0.164058 -0.853191 56.481533
BONES 6
BONE 47 0.359866
BONE 44 0.442012
BONE 48 0.003780
BONE 46 0.193478
BONE 53 0.000003
BONE 3 0.000861

VERT 291
OFFSET 0.149367 -1.386895 56.727417
BONES 6
BONE 46 0.001297
BONE 47 0.102739
BONE 44 0.657021
BONE 48 0.220951
BONE 3 0.000519
BONE 49 0.017473

VERT 292
OFFSET 0.028018 -1.510334 56.813694
BONES 4
BONE 48 0.194154
BONE 44 0.702634
BONE 49 0.051626
BONE 47 0.051587

VERT 293
OFFSET -0.488129 -1.488997 56.367672
BONES 4
BONE 47 0.023574
BONE 3 0.000000
BONE 44 0.941005
BONE 48 0.035421

VERT 294
OFFSET -0.274166 -2.210253 56.707111
BONES 4
BONE 50 0.104052
BONE 49 0.174705
BONE 44 0.688798
BONE 48 0.032445

VERT 295
OFFSET -0.495942 -2.257666 56.271400
BONES 6
BONE 48 0.001365
BONE 52 0.002313
BONE 49 0.022151
BONE 50 0.042328
BONE 44 0.713106
BONE 51 0.218737

VERT 296
OFFSET -0.312732 -1.659092 55.818985
BONES 4
BONE 51 0.043191
BONE 44 0.754197
BONE 52 0.187267
BONE 53 0.015346

VERT 297
OFFSET -0.150660 -0.842514 55.949890
BONES 5
BONE 47 0.007939
BONE 46 0.165263
BONE 52 0.043750
BONE 44 0.698147
BONE 53 0.084901

VERT 298
OFFSET 0.040287 -0.754358 56.103951
BONES 7
BONE 47 0.054898
BONE 48 0.000037
BONE 46 0.253763
BONE 44 0.534550
BONE 52 0.001103
BONE 53 0.155198
BONE 3 0.000451

VERT 299
OFFSET 0.063060 -0.747196 56.490826
BONES 5
BONE 48 0.006408
BONE 46 0.212449
BONE 44 0.600837
BONE 53 0.002551
BONE 47 0.177756

VERT 300
OFFSET 0.171212 -1.125361 55.253544
BONES 5
BONE 33 0.008540
BONE 53 0.037268
BONE 44 0.580308
BONE 52 0.037939
BONE 3 0.335944

VERT 301
OFFSET -0.075957 -1.747254 55.603069
BONES 6
BONE 51 0.000812
BONE 3 0.135241
BONE 52 0.108478
BONE 44 0.664252
BONE 45 0.077137
BONE 53 0.014081

VERT 302
OFFSET -0.023639 -1.900008 56.746098
BONES 5
BONE 47 0.000021
BONE 50 0.006781
BONE 48 0.187674
BONE 44 0.639030
BONE 49 0.166494

VERT 303
OFFSET 0.109519 -0.593298 60.938732
BONES 1
BONE 3 1.000000

VERT 304
OFFSET -0.182757 -1.617058 60.845638
BONES 1
BONE 3 1.000000

VERT 305
OFFSET -0.464062 -2.029729 60.667057
BONES 1
BONE 3 1.000000

VERT 306
OFFSET -1.324240 -2.656781 60.111919
BONES 1
BONE 3 1.000000

VERT 307
OFFSET -2.377129 -3.055092 59.292160
BONES 1
BONE 3 1.000000

VERT 308
OFFSET -3.116975 -3.054399 58.655460
BONES 1
BONE 3 1.000000

VERT 309
OFFSET -0.026015 -0.778247 54.240364
BONES 3
BONE 33 0.298824
BONE 29 0.061372
BONE 3 0.639804

VERT 310
OFFSET 0.120475 0.000001 54.430798
BONES 8
BONE 33 0.672248
BONE 3 0.000000
BONE 26 0.099211
BONE 27 0.089775
BONE 22 0.000000
BONE 23 0.000000
BONE 28 0.000000
BONE 29 0.000000

VERT 311
OFFSET 1.085809 1.061523 58.298035
BONES 3
