// Export time: Fri Nov 13 11:01:02 2020

// Exported using Blender v2.90.1
// Export filename: 'E:/blackops3/mod_xmodel/iw4/g11/ch_body_gk_g11_lod2.XMODEL_EXPORT'
// Source filename: 'E:/blackops3/mod_xmodel/iw4/g11/g11.blend'
MODEL
VERSION 6

NUMBONES 81
BONE 0 -1 "tag_origin"
BONE 1 0 "j_mainroot"
BONE 2 1 "j_hip_le"
BONE 3 2 "j_hiptwist_le"
BONE 4 2 "j_knee_le"
BONE 5 4 "j_ankle_le"
BONE 6 5 "j_ball_le"
BONE 7 4 "j_kneebuldgelow_le"
BONE 8 4 "j_kneebuldgeup_le"
BONE 9 1 "j_hip_ri"
BONE 10 9 "j_hiptwist_ri"
BONE 11 9 "j_knee_ri"
BONE 12 11 "j_ankle_ri"
BONE 13 12 "j_ball_ri"
BONE 14 11 "j_kneebuldgelow_ri"
BONE 15 11 "j_kneebuldgeup_ri"
BONE 16 1 "j_spinelower"
BONE 17 16 "j_spineupper"
BONE 18 17 "j_spine4"
BONE 19 18 "j_clavicle_le"
BONE 20 19 "j_shoulder_le"
BONE 21 20 "j_elbow_bulge_le"
BONE 22 20 "j_elbow_le"
BONE 23 22 "j_wrist_le"
BONE 24 23 "j_index_le_1"
BONE 25 24 "j_index_le_2"
BONE 26 25 "j_index_le_3"
BONE 27 23 "j_mid_le_1"
BONE 28 27 "j_mid_le_2"
BONE 29 28 "j_mid_le_3"
BONE 30 23 "j_pinky_le_1"
BONE 31 30 "j_pinky_le_2"
BONE 32 31 "j_pinky_le_3"
BONE 33 23 "j_ring_le_1"
BONE 34 33 "j_ring_le_2"
BONE 35 34 "j_ring_le_3"
BONE 36 23 "j_thumb_le_1"
BONE 37 36 "j_thumb_le_2"
BONE 38 37 "j_thumb_le_3"
BONE 39 23 "j_wrist_le1"
BONE 40 39 "tag_weapon_left"
BONE 41 22 "j_wristtwist_le"
BONE 42 20 "j_shouldertwist_le"
BONE 43 42 "tag_reflector_arm_le"
BONE 44 18 "j_clavicle_ri"
BONE 45 44 "j_shoulder_ri"
BONE 46 45 "j_elbow_bulge_ri"
BONE 47 45 "j_elbow_ri"
BONE 48 47 "j_wrist_ri"
BONE 49 48 "j_index_ri_1"
BONE 50 49 "j_index_ri_2"
BONE 51 50 "j_index_ri_3"
BONE 52 48 "j_mid_ri_1"
BONE 53 52 "j_mid_ri_2"
BONE 54 53 "j_mid_ri_3"
BONE 55 48 "j_pinky_ri_1"
BONE 56 55 "j_pinky_ri_2"
BONE 57 56 "j_pinky_ri_3"
BONE 58 48 "j_ring_ri_1"
BONE 59 58 "j_ring_ri_2"
BONE 60 59 "j_ring_ri_3"
BONE 61 48 "j_thumb_ri_1"
BONE 62 61 "j_thumb_ri_2"
BONE 63 62 "j_thumb_ri_3"
BONE 64 48 "j_wrist_ri1"
BONE 65 64 "j_gun"
BONE 66 64 "tag_weapon_right"
BONE 67 47 "j_wristtwist_ri"
BONE 68 45 "j_shouldertwist_ri"
BONE 69 68 "tag_reflector_arm_ri"
BONE 70 18 "j_shoulderraise_le"
BONE 71 18 "j_shoulderraise_ri"
BONE 72 18 "tag_bipod"
BONE 73 18 "tag_inhand"
BONE 74 18 "tag_shield_back"
BONE 75 18 "tag_stowed_back"
BONE 76 18 "tag_weapon_chest"
BONE 77 18 "j_neck"
BONE 78 77 "j_head"
BONE 79 1 "tag_stowed_hip_rear"
BONE 80 0 "tag_sync"

BONE 0
OFFSET 0.000000 0.000000 0.000000
SCALE 1.000000 1.000000 1.000000
X 1.000000 0.000000 0.000000
Y 0.000000 1.000000 0.000000
Z 0.000000 0.000000 1.000000

BONE 1
OFFSET -2.991319 -0.000276 35.889549
SCALE 1.000000 1.000000 1.000000
X -0.024713 -0.000056 0.999694
Y 0.999694 0.000059 0.024714
Z -0.000061 1.000000 0.000055

BONE 2
OFFSET -2.497048 3.578409 34.184299
SCALE 1.000000 1.000000 1.000000
X -0.049535 -0.032720 -0.998236
Y 0.998760 -0.006562 -0.049346
Z -0.004936 -0.999443 0.033004

BONE 3
OFFSET -2.628001 3.491973 31.547710
SCALE 1.000000 1.000000 1.000000
X -0.049535 -0.032721 -0.998236
Y 0.998760 -0.006560 -0.049346
Z -0.004933 -0.999443 0.033005

BONE 4
OFFSET -3.225191 3.097795 19.524097
SCALE 1.000000 1.000000 1.000000
X -0.164912 0.028313 -0.985902
Y 0.986192 -0.010609 -0.165265
Z -0.015139 -0.999543 -0.026173

BONE 5
OFFSET -5.690886 3.521075 4.784422
SCALE 1.000000 1.000000 1.000000
X 0.023406 0.035233 -0.999105
Y 0.996568 -0.080196 0.020518
Z -0.079401 -0.996156 -0.036989

BONE 6
OFFSET -0.786881 3.364803 0.342855
SCALE 1.000000 1.000000 1.000000
X 0.977366 -0.085093 0.193686
Y -0.196088 -0.020766 0.980366
Z -0.079400 -0.996156 -0.036982

BONE 7
OFFSET -0.973907 3.133742 16.848810
SCALE 1.000000 1.000000 1.000000
X -0.164900 0.028312 -0.985904
Y 0.986194 -0.010608 -0.165253
Z -0.015137 -0.999543 -0.026172

BONE 8
OFFSET -0.209442 2.986863 22.016241
SCALE 1.000000 1.000000 1.000000
X -0.164908 0.028313 -0.985902
Y 0.986193 -0.010608 -0.165261
Z -0.015137 -0.999543 -0.026173

BONE 9
OFFSET -2.497048 -3.578420 34.184368
SCALE 1.000000 1.000000 1.000000
X 0.049380 -0.031657 0.998290
Y -0.998779 -0.003018 0.049307
Z 0.001452 -0.999494 -0.031768

BONE 10
OFFSET -2.627560 -3.494841 31.547396
SCALE 1.000000 1.000000 1.000000
X 0.049379 -0.031658 0.998290
Y -0.998779 -0.003019 0.049306
Z 0.001452 -0.999494 -0.031769

BONE 11
OFFSET -3.222737 -3.113669 19.521980
SCALE 1.000000 1.000000 1.000000
X 0.164983 0.027225 0.985933
Y -0.986230 -0.007069 0.165230
Z 0.011467 -0.999604 0.025684

BONE 12
OFFSET -5.687791 -3.520582 4.789245
SCALE 1.000000 1.000000 1.000000
X -0.024032 -0.031359 0.999231
Y -0.999544 -0.017550 -0.024593
Z 0.018307 -0.999354 -0.030924

BONE 13
OFFSET -0.774337 -3.362934 0.364201
SCALE 1.000000 1.000000 1.000000
X -0.980200 -0.011827 -0.197659
Y 0.197160 0.033973 -0.979794
Z 0.018303 -0.999353 -0.030969

BONE 14
OFFSET -0.973032 -3.156564 16.848112
SCALE 1.000000 1.000000 1.000000
X -0.173340 -0.042893 -0.983852
Y 0.984857 -0.005256 -0.173288
Z 0.002222 -0.998901 0.042908

BONE 15
OFFSET -0.208727 -3.015063 22.013096
SCALE 1.000000 1.000000 1.000000
X -0.173326 -0.044282 -0.983715
Y 0.984857 -0.005255 -0.173288
Z 0.002429 -0.998695 0.044057

BONE 16
OFFSET -1.905067 -0.000001 39.322540
SCALE 1.000000 1.000000 1.000000
X -0.029891 -0.000054 0.999553
Y 0.999553 0.000059 0.029891
Z -0.000060 1.000000 0.000052

BONE 17
OFFSET -2.013009 -0.000001 43.534657
SCALE 1.000000 1.000000 1.000000
X 0.020433 -0.000062 0.999791
Y 0.999791 0.000062 -0.020433
Z -0.000060 1.000000 0.000063

BONE 18
OFFSET -1.959840 -0.000195 46.427246
SCALE 1.000000 1.000000 1.000000
X 0.047004 -0.000058 0.998895
Y 0.998895 0.000063 -0.047004
Z -0.000060 1.000000 0.000061

BONE 19
OFFSET -3.318696 1.458860 49.843929
SCALE 1.000000 1.000000 1.000000
X 0.022172 0.997058 0.072519
Y -0.999643 0.021027 0.016489
Z 0.014916 -0.072776 0.997207

BONE 20
OFFSET -3.477772 4.328166 49.084862
SCALE 1.000000 1.000000 1.000000
X 0.029256 0.780071 -0.624862
Y -0.994943 0.082820 0.056823
Z 0.096086 0.620075 0.778634

BONE 21
OFFSET -3.640296 10.736035 44.158546
SCALE 1.000000 1.000000 1.000000
X 0.703778 0.510801 -0.493652
Y -0.703899 0.595313 -0.387342
Z 0.096032 0.620119 0.778605

BONE 22
OFFSET -3.505154 10.686255 44.181526
SCALE 1.000000 1.000000 1.000000
X -0.038571 0.825933 -0.562285
Y -0.994892 0.020787 0.098774
Z 0.093278 0.563264 0.820995

BONE 23
OFFSET -3.765426 16.702961 39.925247
SCALE 1.000000 1.000000 1.000000
X -0.087637 0.851795 -0.516315
Y -0.058468 -0.521860 -0.851025
Z -0.994435 -0.044385 0.095538

BONE 24
OFFSET -2.756593 19.464661 38.479454
SCALE 1.000000 1.000000 1.000000
X -0.007772 0.860959 -0.508434
Y -0.198758 -0.499680 -0.843098
Z -0.980017 0.094511 0.175022

BONE 25
OFFSET -2.766949 20.620211 37.796978
SCALE 1.000000 1.000000 1.000000
X -0.018885 0.860715 -0.508556
Y -0.198493 -0.501795 -0.841904
Z -0.979920 0.085055 0.180338

BONE 26
OFFSET -2.779894 21.209551 37.448738
SCALE 1.000000 1.000000 1.000000
X 0.216697 0.838455 -0.499860
Y -0.154472 -0.476173 -0.865678
Z -0.963940 0.264793 0.026356

BONE 27
OFFSET -3.510303 19.548347 38.552708
SCALE 1.000000 1.000000 1.000000
X -0.000020 0.873556 -0.486533
Y -0.047380 -0.486036 -0.872653
Z -0.998877 0.023036 0.041403

BONE 28
OFFSET -3.510231 20.854355 37.825371
SCALE 1.000000 1.000000 1.000000
X 0.000592 0.866733 -0.498587
Y -0.048467 -0.498024 -0.865808
Z -0.998824 0.024678 0.041718

BONE 29
OFFSET -3.509838 21.518293 37.443485
SCALE 1.000000 1.000000 1.000000
X 0.029221 0.807011 -0.589659
Y -0.048453 -0.588112 -0.807325
Z -0.998397 0.052160 0.021923

BONE 30
OFFSET -4.872277 19.292393 38.453472
SCALE 1.000000 1.000000 1.000000
X 0.015368 0.853612 -0.520506
Y -0.017388 -0.520306 -0.853803
Z -0.999730 0.022170 0.006849

BONE 31
OFFSET -4.858016 20.082226 37.971855
SCALE 1.000000 1.000000 1.000000
X 0.057642 0.859037 -0.508478
Y -0.016640 -0.508474 -0.860917
Z -0.998198 0.058081 -0.015011

BONE 32
OFFSET -4.825066 20.574085 37.680767
SCALE 1.000000 1.000000 1.000000
X 0.056470 0.824613 -0.562710
Y -0.020228 -0.562590 -0.826488
Z -0.998199 0.058049 -0.015084

BONE 33
OFFSET -4.192964 19.480780 38.493931
SCALE 1.000000 1.000000 1.000000
X 0.000952 0.887343 -0.460910
Y 0.005950 -0.460958 -0.887402
Z -0.999981 -0.001900 -0.005718

BONE 34
OFFSET -4.191577 20.736244 37.841751
SCALE 1.000000 1.000000 1.000000
X -0.001448 0.871985 -0.489341
Y 0.006356 -0.489372 -0.872052
Z -0.999978 -0.004375 -0.004834

BONE 35
OFFSET -4.192767 21.405487 37.466297
SCALE 1.000000 1.000000 1.000000
X -0.032259 0.911067 -0.410773
Y 0.005119 -0.410886 -0.911671
Z -0.999466 -0.031512 0.008589

BONE 36
OFFSET -2.564698 17.186670 38.914177
SCALE 1.000000 1.000000 1.000000
X 0.359226 0.642023 -0.677211
Y -0.785965 0.599403 0.151451
Z 0.503204 0.477897 0.720000

BONE 37
OFFSET -2.041309 18.123108 37.926533
SCALE 1.000000 1.000000 1.000000
X 0.413552 0.720893 -0.556002
Y -0.786407 0.590587 0.180934
Z 0.458844 0.362468 0.811220

BONE 38
OFFSET -1.687347 18.740629 37.450352
SCALE 1.000000 1.000000 1.000000
X 0.528363 0.576739 -0.622964
Y -0.687756 0.720986 0.084311
Z 0.497819 0.383947 0.777663

BONE 39
OFFSET -1.444777 14.836169 39.287678
SCALE 1.000000 1.000000 1.000000
X -0.087628 0.851796 -0.516315
Y -0.058467 -0.521859 -0.851026
Z -0.994436 -0.044378 0.095532

BONE 40
OFFSET 17.474726 -9.473780 11.900257
SCALE 1.000000 1.000000 1.000000
X 0.547087 0.753813 -0.363778
Y -0.508528 0.644535 0.570929
Z 0.664902 -0.127291 0.735974

BONE 41
OFFSET -3.689194 14.941360 41.171200
SCALE 1.000000 1.000000 1.000000
X -0.038568 0.825952 -0.562257
Y -0.994892 0.020788 0.098775
Z 0.093280 0.563236 0.821013

BONE 42
OFFSET -3.468507 4.574856 48.887234
SCALE 1.000000 1.000000 1.000000
X 0.029248 0.780020 -0.624927
Y -0.994943 0.082819 0.056823
Z 0.096089 0.620140 0.778582

BONE 43
OFFSET -3.068917 5.887929 49.681232
SCALE 1.000000 1.000000 1.000000
X 0.198685 0.338983 0.919570
Y -0.948529 -0.169568 0.267441
Z 0.246609 -0.925311 0.287783

BONE 44
OFFSET -3.318694 -1.458858 49.843861
SCALE 1.000000 1.000000 1.000000
X -0.019470 0.997197 -0.072244
Y 0.999656 0.018146 -0.018931
Z -0.017567 -0.072588 -0.997207

BONE 45
OFFSET -3.477773 -4.328153 49.084858
SCALE 1.000000 1.000000 1.000000
X -0.028930 0.779578 0.625637
Y 0.993674 0.090373 -0.066660
Z -0.108507 0.619751 -0.777261

BONE 46
OFFSET -3.641516 -10.740850 44.152370
SCALE 1.000000 1.000000 1.000000
X -0.702525 0.505340 0.501088
Y 0.703321 0.600472 0.380489
Z -0.108613 0.619729 -0.777263

BONE 47
OFFSET -3.506429 -10.689991 44.174053
SCALE 1.000000 1.000000 1.000000
X 0.032921 0.811872 0.582906
Y 0.993441 0.037320 -0.108086
Z -0.109506 0.582641 -0.805318

BONE 48
OFFSET -3.726170 -16.587002 39.776775
SCALE 1.000000 1.000000 1.000000
X 0.094047 0.853170 0.513085
Y 0.025714 -0.517279 0.855430
Z 0.995235 -0.067257 -0.070588

BONE 49
OFFSET -2.756588 -19.464657 38.479332
SCALE 1.000000 1.000000 1.000000
X 0.006109 0.862116 0.506674
Y 0.164276 -0.500665 0.849910
Z 0.986395 0.078043 -0.144683

BONE 50
OFFSET -2.764854 -20.622929 37.798470
SCALE 1.000000 1.000000 1.000000
X 0.023348 0.857536 0.513894
Y 0.164226 -0.510341 0.844145
Z 0.986146 0.064685 -0.152745

BONE 51
OFFSET -2.780752 -21.209339 37.447178
SCALE 1.000000 1.000000 1.000000
X -0.073753 0.870389 0.486810
Y 0.165151 -0.470740 0.866677
Z 0.983507 0.144317 -0.109027

BONE 52
OFFSET -3.510298 -19.548342 38.552586
SCALE 1.000000 1.000000 1.000000
X -0.001405 0.875373 0.483446
Y 0.004471 -0.483436 0.875368
Z 0.999989 0.003391 -0.003235

BONE 53
OFFSET -3.508245 -20.859659 37.828480
SCALE 1.000000 1.000000 1.000000
X -0.003650 0.860666 0.509156
Y 0.005047 -0.509137 0.860670
Z 0.999980 0.005711 -0.002486

BONE 54
OFFSET -3.505407 -21.515921 37.440258
SCALE 1.000000 1.000000 1.000000
X -0.003265 0.820473 0.571676
Y 0.005250 -0.571657 0.820475
Z 0.999981 0.005681 -0.002441

BONE 55
OFFSET -4.872278 -19.292397 38.453594
SCALE 1.000000 1.000000 1.000000
X -0.013536 0.853960 0.520163
Y -0.017719 -0.520334 0.853779
Z 0.999751 0.002340 0.022174

BONE 56
OFFSET -4.859729 -20.080391 37.973656
SCALE 1.000000 1.000000 1.000000
X -0.066268 0.858194 0.509030
Y -0.017563 -0.511076 0.859356
Z 0.997647 0.048008 0.048941

BONE 57
OFFSET -4.821610 -20.575027 37.680325
SCALE 1.000000 1.000000 1.000000
X -0.023296 0.822293 0.568588
Y 0.009578 -0.568532 0.822605
Z 0.999682 0.024609 0.005369

BONE 58
OFFSET -4.192961 -19.480762 38.493851
SCALE 1.000000 1.000000 1.000000
X -0.000702 0.887832 0.460167
Y -0.053574 -0.459539 0.886540
Z 0.998563 -0.024031 0.047887

BONE 59
OFFSET -4.192076 -20.737459 37.842552
SCALE 1.000000 1.000000 1.000000
X -0.000660 0.873411 0.486983
Y -0.053196 -0.486324 0.872157
Z 0.998584 -0.025330 0.046783

BONE 60
OFFSET -4.191483 -21.408529 37.468353
SCALE 1.000000 1.000000 1.000000
X 0.002000 0.896770 0.442493
Y -0.053185 -0.441772 0.895549
Z 0.998582 -0.025325 0.046811

BONE 61
OFFSET -2.564705 -17.186663 38.914268
SCALE 1.000000 1.000000 1.000000
X -0.358683 0.641943 0.677684
Y 0.870299 -0.032533 0.491447
Z 0.337528 0.766062 -0.547013

BONE 62
OFFSET -2.041411 -18.123579 37.924995
SCALE 1.000000 1.000000 1.000000
X -0.413454 0.722037 0.554724
Y 0.838280 0.064020 0.541468
Z 0.355447 0.688886 -0.631738

BONE 63
OFFSET -1.687594 -18.741638 37.450176
SCALE 1.000000 1.000000 1.000000
X -0.419880 0.760512 0.495300
Y 0.833654 0.107446 0.541735
Z 0.358778 0.640372 -0.679118

BONE 64
OFFSET -6.103289 -18.396862 40.368317
SCALE 1.000000 1.000000 1.000000
X 0.094047 0.853170 0.513085
Y 0.025716 -0.517279 0.855430
Z 0.995235 -0.067257 -0.070589

BONE 65
OFFSET -12.677067 -26.005680 41.179749
SCALE 1.000000 1.000000 1.000000
X 0.538265 -0.768525 -0.345889
Y 0.537141 0.629095 -0.561888
Z 0.649423 0.116654 0.751427

BONE 66
OFFSET -12.677067 -26.005680 41.179749
SCALE 1.000000 1.000000 1.000000
X 0.538438 -0.768127 -0.346503
Y 0.505626 0.623452 -0.596364
Z 0.674112 0.145904 0.724076

BONE 67
OFFSET -3.661840 -14.860559 41.064175
SCALE 1.000000 1.000000 1.000000
X 0.032916 0.811872 0.582907
Y 0.993440 0.037327 -0.108086
Z -0.109510 0.582641 -0.805318

BONE 68
OFFSET -3.469537 -4.550259 48.906605
SCALE 1.000000 1.000000 1.000000
X -0.028931 0.779578 0.625637
Y 0.993674 0.090374 -0.066661
Z -0.108508 0.619751 -0.777261

BONE 69
OFFSET -3.051445 -5.861858 49.696400
SCALE 1.000000 1.000000 1.000000
X 0.133352 -0.395536 0.908718
Y 0.946722 -0.220370 -0.234849
Z 0.293146 0.891621 0.345076

BONE 70
OFFSET -1.837326 3.359214 52.354607
SCALE 1.000000 1.000000 1.000000
X -0.019309 -0.997191 -0.072368
Y 0.999659 -0.017984 -0.018912
Z 0.017557 -0.072709 0.997198

BONE 71
OFFSET -1.836919 -3.360258 52.354336
SCALE 1.000000 1.000000 1.000000
X 0.022410 -0.997087 0.072547
Y -0.999638 -0.021267 0.016488
Z -0.014898 -0.072855 -0.997218

BONE 72
OFFSET 14.310534 -23.803024 29.411366
SCALE 1.000000 1.000000 1.000000
X 1.000000 -0.000025 0.000078
Y 0.000025 1.000000 0.000008
Z -0.000078 -0.000008 1.000000

BONE 73
OFFSET 9.543661 -23.803793 35.722282
SCALE 1.000000 1.000000 1.000000
X -0.000083 1.000000 0.000125
Y 0.764288 0.000144 -0.644875
Z -0.644875 0.000042 -0.764288

BONE 74
OFFSET -8.990004 0.668181 46.758850
SCALE 1.000000 1.000000 1.000000
X -0.989753 -0.000188 0.142791
Y 0.000190 -1.000000 0.000000
Z 0.142791 0.000027 0.989753

BONE 75
OFFSET -7.448007 -3.837418 44.986248
SCALE 1.000000 1.000000 1.000000
X -0.006990 0.025926 -0.999639
Y -0.984168 -0.177222 0.002286
Z -0.177098 0.983827 0.026755

BONE 76
OFFSET 9.543661 -23.803793 35.722282
SCALE 1.000000 1.000000 1.000000
X 1.000000 -0.000035 0.000078
Y 0.000035 1.000000 0.000002
Z -0.000078 -0.000002 1.000000

BONE 77
OFFSET -3.426167 0.000008 50.649521
SCALE 1.000000 1.000000 1.000000
X 0.264531 0.000018 0.964377
Y 0.964377 -0.000000 -0.264531
Z -0.000004 1.000000 -0.000017

BONE 78
OFFSET -2.778848 0.000008 53.563011
SCALE 1.000000 1.000000 1.000000
X 0.170308 -0.000001 0.985391
Y 0.985391 -0.000000 -0.170308
Z 0.000000 1.000000 0.000001

BONE 79
OFFSET -7.854332 -2.188361 30.877544
SCALE 1.000000 1.000000 1.000000
X -0.188069 0.137961 0.972418
Y 0.149138 -0.974593 0.167113
Z 0.970767 0.176454 0.162715

BONE 80
OFFSET -0.001903 0.000000 -0.000000
SCALE 1.000000 1.000000 1.000000
X -1.000000 0.000000 0.000000
Y 0.000000 -1.000000 0.000000
Z 0.000000 0.000000 1.000000


NUMVERTS 2002
VERT 0
OFFSET 0.926017 -4.290846 29.089275
BONES 1
BONE 9 1.000000

VERT 1
OFFSET 1.230467 -2.394613 29.096024
BONES 1
BONE 9 1.000000

VERT 2
OFFSET -0.290524 -3.853811 29.223951
BONES 1
BONE 9 1.000000

VERT 3
OFFSET -0.792212 -3.741564 25.085604
BONES 1
BONE 9 1.000000

VERT 4
OFFSET 0.833018 -2.379920 24.957457
BONES 1
BONE 9 1.000000

VERT 5
OFFSET -0.387644 -3.766153 29.316872
BONES 1
BONE 9 1.000000

VERT 6
OFFSET 1.216178 -3.453703 29.186060
BONES 1
BONE 9 1.000000

VERT 7
OFFSET 0.892329 -4.243616 27.965937
BONES 1
BONE 9 1.000000

VERT 8
OFFSET -0.275701 -3.786714 29.176380
BONES 1
BONE 9 1.000000

VERT 9
OFFSET -0.354157 -6.019212 24.977638
BONES 1
BONE 9 1.000000

VERT 10
OFFSET -1.400367 -5.288539 25.098743
BONES 1
BONE 9 1.000000

VERT 11
OFFSET -1.027195 -5.488431 29.190268
BONES 1
BONE 9 1.000000

VERT 12
OFFSET 0.015837 -6.158875 29.076578
BONES 1
BONE 9 1.000000

VERT 13
OFFSET 0.483433 -4.127771 24.965965
BONES 1
BONE 9 1.000000

VERT 14
OFFSET -0.749130 -3.764661 25.084816
BONES 1
BONE 9 1.000000

VERT 15
OFFSET 0.865182 -4.198140 29.065317
BONES 1
BONE 9 1.000000

VERT 16
OFFSET -0.692049 -4.646593 29.214109
BONES 1
BONE 9 1.000000

VERT 17
OFFSET -1.099734 -5.374031 29.220671
BONES 1
BONE 9 1.000000

VERT 18
OFFSET -0.777282 -5.073164 29.204556
BONES 1
BONE 9 1.000000

VERT 19
OFFSET -0.882710 -5.015138 29.215765
BONES 1
BONE 9 1.000000

VERT 20
OFFSET -0.548982 -4.260752 29.212944
BONES 1
BONE 9 1.000000

VERT 21
OFFSET -0.437186 -4.305392 29.201738
BONES 1
BONE 9 1.000000

VERT 22
OFFSET -1.048194 -5.401477 29.318039
BONES 1
BONE 9 1.000000

VERT 23
OFFSET 0.916071 -4.343548 29.142178
BONES 1
BONE 9 1.000000

VERT 24
OFFSET 0.564474 -5.366985 29.178995
BONES 1
BONE 9 1.000000

VERT 25
OFFSET 0.032155 -6.048046 28.168047
BONES 1
BONE 9 1.000000

VERT 26
OFFSET 0.765064 -4.453763 27.964338
BONES 1
BONE 9 1.000000

VERT 27
OFFSET -1.043461 -5.467297 29.212784
BONES 1
BONE 9 1.000000

VERT 28
OFFSET 0.020836 -6.091437 29.100466
BONES 1
BONE 9 1.000000

VERT 29
OFFSET -1.491300 -7.635745 25.033022
BONES 1
BONE 9 1.000000

VERT 30
OFFSET -0.362308 -5.941419 25.001045
BONES 1
BONE 9 1.000000

VERT 31
OFFSET -1.491590 -5.374586 25.124537
BONES 1
BONE 9 1.000000

VERT 32
OFFSET -1.102826 -5.576900 29.214851
BONES 1
BONE 9 1.000000

VERT 33
OFFSET -1.868765 -6.571029 29.267147
BONES 1
BONE 9 1.000000

VERT 34
OFFSET -1.404650 -5.883075 29.252966
BONES 1
BONE 9 1.000000

VERT 35
OFFSET -2.086312 -6.930050 29.375195
BONES 1
BONE 9 1.000000

VERT 36
OFFSET -0.047501 -6.191785 29.121469
BONES 1
BONE 9 1.000000

VERT 37
OFFSET 0.056897 -6.259742 29.208681
BONES 1
BONE 9 1.000000

VERT 38
OFFSET -1.121234 -7.728575 28.224073
BONES 1
BONE 9 1.000000

VERT 39
OFFSET -0.150208 -6.309330 28.002813
BONES 1
BONE 9 1.000000

VERT 40
OFFSET -0.547974 -7.079592 28.150589
BONES 1
BONE 9 1.000000

VERT 41
OFFSET 0.592759 -4.116307 24.953671
BONES 1
BONE 9 1.000000

VERT 42
OFFSET -0.096462 -2.069582 29.311028
BONES 1
BONE 9 1.000000

VERT 43
OFFSET 0.971982 -4.298447 29.147596
BONES 1
BONE 9 1.000000

VERT 44
OFFSET 1.323778 -2.330376 29.172970
BONES 1
BONE 9 1.000000

VERT 45
OFFSET 1.188545 -2.322295 27.969772
BONES 1
BONE 9 1.000000

VERT 46
OFFSET -0.512938 -2.063707 25.086107
BONES 1
BONE 9 1.000000

VERT 47
OFFSET -0.296996 -3.915646 29.180418
BONES 1
BONE 9 1.000000

VERT 48
OFFSET -0.995776 -5.434525 29.209465
BONES 1
BONE 9 1.000000

VERT 49
OFFSET -0.583207 -4.698281 29.202902
BONES 1
BONE 9 1.000000

VERT 50
OFFSET -0.314144 -3.904829 29.198050
BONES 1
BONE 9 1.000000

VERT 51
OFFSET -0.427356 -3.864257 29.209259
BONES 1
BONE 9 1.000000

VERT 52
OFFSET -0.355358 -3.891404 29.309792
BONES 1
BONE 9 1.000000

VERT 53
OFFSET 0.119093 -6.080097 29.155443
BONES 1
BONE 9 1.000000

VERT 54
OFFSET -1.179303 -7.823153 29.133059
BONES 1
BONE 9 1.000000

VERT 55
OFFSET -2.499629 -6.789831 25.152826
BONES 1
BONE 9 1.000000

VERT 56
OFFSET -2.065323 -7.009899 29.244432
BONES 1
BONE 9 1.000000

VERT 57
OFFSET -2.043399 -6.968188 29.263031
BONES 1
BONE 9 1.000000

VERT 58
OFFSET -1.520702 -6.307340 29.248850
BONES 1
BONE 9 1.000000

VERT 59
OFFSET -1.619244 -6.238327 29.260057
BONES 1
BONE 9 1.000000

VERT 60
OFFSET -2.137077 -6.892748 29.274239
BONES 1
BONE 9 1.000000

VERT 61
OFFSET -1.103266 -5.576110 29.234669
BONES 1
BONE 9 1.000000

VERT 62
OFFSET -1.207008 -5.515459 29.245876
BONES 1
BONE 9 1.000000

VERT 63
OFFSET -1.773633 -6.644670 29.255941
BONES 1
BONE 9 1.000000

VERT 64
OFFSET -1.302809 -5.946774 29.241760
BONES 1
BONE 9 1.000000

VERT 65
OFFSET -1.150192 -5.549175 29.338663
BONES 1
BONE 9 1.000000

VERT 66
OFFSET -1.028085 -7.783385 29.213230
BONES 1
BONE 9 1.000000

VERT 67
OFFSET -0.514924 -7.153096 28.409903
BONES 1
BONE 9 1.000000

VERT 68
OFFSET -0.372757 -6.912508 28.289429
BONES 1
BONE 9 1.000000

VERT 69
OFFSET 0.824132 2.307738 38.032219
BONES 1
BONE 1 1.000000

VERT 70
OFFSET 0.341590 2.279804 38.099499
BONES 1
BONE 1 1.000000

VERT 71
OFFSET -1.326239 4.756718 37.734013
BONES 1
BONE 1 1.000000

VERT 72
OFFSET -6.018006 2.735787 38.872124
BONES 2
BONE 16 0.200000
BONE 1 0.800000

VERT 73
OFFSET 0.824133 -2.307736 38.032219
BONES 1
BONE 1 1.000000

VERT 74
OFFSET 1.107397 0.763422 38.010235
BONES 1
BONE 1 1.000000

VERT 75
OFFSET -1.460805 -4.961962 38.547684
BONES 2
BONE 1 0.957267
BONE 16 0.042733

VERT 76
OFFSET -5.147323 -3.982557 38.835232
BONES 2
BONE 16 0.200000
BONE 1 0.800000

VERT 77
OFFSET -4.348989 -4.578678 38.855278
BONES 2
BONE 1 0.800000
BONE 16 0.200000

VERT 78
OFFSET 1.230770 0.000002 37.164429
BONES 1
BONE 1 1.000000

VERT 79
OFFSET -6.138339 3.136819 38.730774
BONES 2
BONE 1 0.800000
BONE 16 0.200000

VERT 80
OFFSET -6.070467 -2.435823 38.935246
BONES 2
BONE 1 0.800000
BONE 16 0.200000

VERT 81
OFFSET -0.297388 -4.588698 37.986446
BONES 1
BONE 1 1.000000

VERT 82
OFFSET -4.277117 -5.067170 38.453255
BONES 2
BONE 1 0.825851
BONE 16 0.174149

VERT 83
OFFSET -4.381215 -4.680506 38.856491
BONES 2
BONE 1 0.800000
BONE 16 0.200000

VERT 84
OFFSET -5.249028 -4.063316 38.891476
BONES 2
BONE 16 0.200000
BONE 1 0.800000

VERT 85
OFFSET 1.443661 -0.252819 37.966942
BONES 1
BONE 1 1.000000

VERT 86
OFFSET 0.322681 3.930244 38.211544
BONES 1
BONE 1 1.000000

VERT 87
OFFSET 1.250130 -0.250087 37.141712
BONES 1
BONE 1 1.000000

VERT 88
OFFSET 1.361911 -0.253656 37.167274
BONES 1
BONE 1 1.000000

VERT 89
OFFSET -0.568474 4.687428 38.436905
BONES 2
BONE 16 0.019245
BONE 1 0.980755

VERT 90
OFFSET -6.376939 -2.807180 38.292366
BONES 2
BONE 16 0.200000
BONE 1 0.800000

VERT 91
OFFSET -1.883562 5.216210 37.899521
BONES 2
BONE 16 0.071809
BONE 1 0.928191

VERT 92
OFFSET 1.436201 0.077424 37.923763
BONES 1
BONE 1 1.000000

VERT 93
OFFSET -0.068200 4.116693 37.572628
BONES 1
BONE 1 1.000000

VERT 94
OFFSET 0.931695 0.831343 37.592445
BONES 1
BONE 1 1.000000

VERT 95
OFFSET 1.214761 0.851336 37.042053
BONES 1
BONE 1 1.000000

VERT 96
OFFSET 0.396108 -0.988272 48.416313
BONES 3
BONE 16 0.000805
BONE 17 0.798828
BONE 44 0.200367

VERT 97
OFFSET 0.538731 -0.503847 48.195465
BONES 3
BONE 44 0.202737
BONE 17 0.797263
BONE 16 0.000000

VERT 98
OFFSET 0.726824 -0.630200 48.170254
BONES 3
BONE 44 0.200029
BONE 16 0.000525
BONE 17 0.799446

VERT 99
OFFSET 0.608881 -0.785957 47.765465
BONES 3
BONE 17 0.781423
BONE 16 0.018473
BONE 44 0.200104

VERT 100
OFFSET 0.429396 -1.246801 47.835541
BONES 2
BONE 17 0.800000
BONE 44 0.200000

VERT 101
OFFSET 0.369797 -0.815747 47.706551
BONES 3
BONE 17 0.787779
BONE 16 0.012220
BONE 44 0.200001

VERT 102
OFFSET 0.690517 -0.665245 48.078079
BONES 3
BONE 17 0.789974
BONE 16 0.010026
BONE 44 0.200000

VERT 103
OFFSET 0.354781 -1.011257 47.778313
BONES 3
BONE 44 0.200009
BONE 16 0.008450
BONE 17 0.791541

VERT 104
OFFSET -6.127748 1.283187 50.070816
BONES 3
BONE 17 0.637157
BONE 19 0.298010
BONE 20 0.064833

VERT 105
OFFSET -2.116605 9.644913 47.254505
BONES 1
BONE 20 1.000000

VERT 106
OFFSET 0.068803 7.370864 42.916008
BONES 1
BONE 20 1.000000

VERT 107
OFFSET -5.116088 -2.882514 50.794815
BONES 1
BONE 17 1.000000

VERT 108
OFFSET 0.681038 -0.872643 48.216534
BONES 3
BONE 44 0.200001
BONE 16 0.004109
BONE 17 0.795891

VERT 109
OFFSET -0.374783 -2.169196 48.573666
BONES 2
BONE 17 0.786840
BONE 44 0.213160

VERT 110
OFFSET 0.399071 -0.792269 48.241173
BONES 2
BONE 44 0.200028
BONE 17 0.799972

VERT 111
OFFSET -0.108493 -1.983278 48.949753
BONES 2
BONE 17 0.712431
BONE 44 0.287569

VERT 112
OFFSET 0.018987 -1.906042 48.248302
BONES 2
BONE 17 0.799531
BONE 44 0.200469

VERT 113
OFFSET 0.511780 -1.107617 48.335987
BONES 2
BONE 17 0.799987
BONE 44 0.200013

VERT 114
OFFSET 0.481479 -1.252041 47.838818
BONES 3
BONE 16 0.001123
BONE 44 0.200002
BONE 17 0.798875

VERT 115
OFFSET -5.356429 -2.341624 51.188354
BONES 1
BONE 17 1.000000

VERT 116
OFFSET -5.438726 -2.161775 51.156635
BONES 1
BONE 17 1.000000

VERT 117
OFFSET -3.715884 -3.740503 51.569016
BONES 1
BONE 17 1.000000

VERT 118
OFFSET -0.813592 -2.535270 49.000946
BONES 2
BONE 17 0.494875
BONE 44 0.505125

VERT 119
OFFSET -6.000165 2.562120 50.219860
BONES 3
BONE 17 0.277631
BONE 20 0.023448
BONE 19 0.698921

VERT 120
OFFSET -5.681840 4.849366 48.916016
BONES 2
BONE 19 0.313754
BONE 20 0.686246

VERT 121
OFFSET -5.644900 5.125395 49.435566
BONES 2
BONE 20 0.668023
BONE 19 0.331977

VERT 122
OFFSET -5.685227 4.937011 49.490837
BONES 2
BONE 20 0.620860
BONE 19 0.379140

VERT 123
OFFSET -4.238878 8.560962 48.452965
BONES 1
BONE 20 1.000000

VERT 124
OFFSET 0.023532 7.074386 44.166889
BONES 2
BONE 17 0.400000
BONE 20 0.600000

VERT 125
OFFSET -4.459993 1.938431 13.566711
BONES 1
BONE 4 1.000000

VERT 126
OFFSET -7.153042 4.438700 14.260292
BONES 1
BONE 4 1.000000

VERT 127
OFFSET -5.404492 5.592498 14.073148
BONES 1
BONE 4 1.000000

VERT 128
OFFSET -3.278373 4.861753 13.639756
BONES 1
BONE 4 1.000000

VERT 129
OFFSET -6.809218 2.413504 14.004196
BONES 1
BONE 4 1.000000

VERT 130
OFFSET -5.411231 5.669917 14.065153
BONES 1
BONE 4 1.000000

VERT 131
OFFSET -3.627979 4.947646 13.165917
BONES 1
BONE 4 1.000000

VERT 132
OFFSET -3.708911 5.026822 13.183645
BONES 1
BONE 4 1.000000

VERT 133
OFFSET -3.516858 5.141123 13.700892
BONES 1
BONE 4 1.000000

VERT 134
OFFSET -3.613678 4.937076 13.043795
BONES 1
BONE 4 1.000000

VERT 135
OFFSET -3.455901 5.120025 13.710599
BONES 1
BONE 4 1.000000

VERT 136
OFFSET -6.978722 3.397455 15.414428
BONES 1
BONE 4 1.000000

VERT 137
OFFSET -5.419616 1.699698 14.465903
BONES 1
BONE 4 1.000000

VERT 138
OFFSET -5.426453 5.582173 15.264151
BONES 1
BONE 4 1.000000

VERT 139
OFFSET -6.742115 2.629722 15.332942
BONES 1
BONE 4 1.000000

VERT 140
OFFSET -5.884473 1.831159 15.148283
BONES 1
BONE 4 1.000000

VERT 141
OFFSET -3.851251 1.958462 14.345147
BONES 1
BONE 4 1.000000

VERT 142
OFFSET -5.596426 5.921991 14.863269
BONES 1
BONE 4 1.000000

VERT 143
OFFSET -3.554149 5.507945 14.880271
BONES 1
BONE 4 1.000000

VERT 144
OFFSET -3.109104 4.975185 14.745646
BONES 1
BONE 4 1.000000

VERT 145
OFFSET -3.169599 4.797145 14.957064
BONES 1
BONE 4 1.000000

VERT 146
OFFSET -3.682755 5.371139 15.066230
BONES 1
BONE 4 1.000000

VERT 147
OFFSET -6.197823 0.013055 38.156170
BONES 2
BONE 16 0.200000
BONE 1 0.800000

VERT 148
OFFSET -5.724405 0.094133 38.800915
BONES 2
BONE 1 0.800000
BONE 16 0.200000

VERT 149
OFFSET -5.987749 -0.152325 38.814499
BONES 2
BONE 16 0.200000
BONE 1 0.800000

VERT 150
OFFSET 0.512095 2.320048 37.234879
BONES 1
BONE 1 1.000000

VERT 151
OFFSET -0.975516 4.898898 37.991249
BONES 1
BONE 1 1.000000

VERT 152
OFFSET -1.214160 4.655298 38.534195
BONES 1
BONE 1 1.000000

VERT 153
OFFSET -6.172625 3.015382 38.237457
BONES 2
BONE 16 0.200000
BONE 1 0.800000

VERT 154
OFFSET -5.675942 2.848214 38.847168
BONES 2
BONE 1 0.800000
BONE 16 0.200000

VERT 155
OFFSET 0.512096 -2.320047 37.234879
BONES 1
BONE 1 1.000000

VERT 156
OFFSET 0.341591 -2.279802 38.099499
BONES 1
BONE 1 1.000000

VERT 157
OFFSET -0.975515 -4.898896 37.991249
BONES 1
BONE 1 1.000000

VERT 158
OFFSET -1.326238 -4.756717 37.734016
BONES 1
BONE 1 1.000000

VERT 159
OFFSET -1.214158 -4.655297 38.534195
BONES 1
BONE 1 1.000000

VERT 160
OFFSET -6.172623 -3.015382 38.237457
BONES 2
BONE 16 0.200000
BONE 1 0.800000

VERT 161
OFFSET -5.675940 -2.848214 38.847168
BONES 2
BONE 1 0.800000
BONE 16 0.200000

VERT 162
OFFSET -6.018005 -2.735787 38.872124
BONES 2
BONE 16 0.200000
BONE 1 0.800000

VERT 163
OFFSET -5.963601 -2.446321 38.868141
BONES 2
BONE 1 0.800000
BONE 16 0.200000

VERT 164
OFFSET 0.046702 -3.765405 38.233238
BONES 1
BONE 1 1.000000

VERT 165
OFFSET -0.746748 -5.105847 37.741882
BONES 2
BONE 16 0.038634
BONE 1 0.961366

VERT 166
OFFSET 0.230231 3.975855 37.482525
BONES 1
BONE 1 1.000000

VERT 167
OFFSET -5.927570 2.881339 38.868729
BONES 2
BONE 1 0.800000
BONE 16 0.200000

VERT 168
OFFSET -4.348991 4.578678 38.855278
BONES 2
BONE 1 0.800000
BONE 16 0.200000

VERT 169
OFFSET -6.381731 2.648288 38.275860
BONES 2
BONE 1 0.800000
BONE 16 0.200000

VERT 170
OFFSET -0.164439 3.965179 37.534790
BONES 1
BONE 1 1.000000

VERT 171
OFFSET -5.018475 4.662950 38.291595
BONES 2
BONE 1 0.800000
BONE 16 0.200000

VERT 172
OFFSET -1.522903 5.189176 38.246769
BONES 2
BONE 1 0.948066
BONE 16 0.051934

VERT 173
OFFSET -4.381216 4.680506 38.856491
BONES 2
BONE 1 0.800000
BONE 16 0.200000

VERT 174
OFFSET 0.900802 -0.279028 37.061584
BONES 1
BONE 1 1.000000

VERT 175
OFFSET 1.069166 0.637435 37.480373
BONES 1
BONE 1 1.000000

VERT 176
OFFSET 1.341195 0.817469 38.143093
BONES 1
BONE 1 1.000000

VERT 177
OFFSET 1.233131 -0.397112 36.991592
BONES 1
BONE 1 1.000000

VERT 178
OFFSET 1.071182 -0.420151 38.162098
BONES 1
BONE 1 1.000000

VERT 179
OFFSET 1.076409 -0.199297 37.821064
BONES 1
BONE 1 1.000000

VERT 180
OFFSET 1.334180 -0.146516 37.715687
BONES 1
BONE 1 1.000000

VERT 181
OFFSET 0.172887 -1.275402 47.827568
BONES 3
BONE 16 0.000000
BONE 44 0.200031
BONE 17 0.799969

VERT 182
OFFSET 0.574583 -1.158573 48.476517
BONES 2
BONE 17 0.794085
BONE 44 0.205915

VERT 183
OFFSET 0.365035 -1.391021 47.787231
BONES 3
BONE 44 0.200014
BONE 16 0.001517
BONE 17 0.798469

VERT 184
OFFSET 0.403245 -0.632477 47.517284
BONES 3
BONE 17 0.783632
BONE 44 0.201350
BONE 16 0.015018

VERT 185
OFFSET 0.452964 -1.001058 47.744087
BONES 3
BONE 17 0.787719
BONE 16 0.012277
BONE 44 0.200004

VERT 186
OFFSET -6.049304 1.915007 50.439404
BONES 4
BONE 20 0.101360
BONE 19 0.288612
BONE 17 0.609915
BONE 44 0.000113

VERT 187
OFFSET -4.662370 8.046745 48.691330
BONES 2
BONE 19 0.023943
BONE 20 0.976057

VERT 188
OFFSET -4.907846 7.293787 48.281395
BONES 2
BONE 19 0.057016
BONE 20 0.942984

VERT 189
OFFSET -2.129961 9.233191 46.869308
BONES 1
BONE 20 1.000000

VERT 190
OFFSET -5.330930 6.882319 48.776234
BONES 3
BONE 20 0.813608
BONE 19 0.171460
BONE 17 0.014932

VERT 191
OFFSET -2.180585 9.223198 46.775211
BONES 1
BONE 20 1.000000

VERT 192
OFFSET -0.185338 6.771329 41.550980
BONES 1
BONE 20 1.000000

VERT 193
OFFSET -0.423242 7.121695 43.200760
BONES 1
BONE 20 1.000000

VERT 194
OFFSET -0.481771 7.184133 43.200066
BONES 1
BONE 20 1.000000

VERT 195
OFFSET -0.174459 7.141433 39.839375
BONES 1
BONE 20 1.000000

VERT 196
OFFSET -5.968008 -0.129103 50.893219
BONES 3
BONE 20 0.000236
BONE 19 0.074989
BONE 17 0.924775

VERT 197
OFFSET -2.991416 -3.975195 51.592411
BONES 2
BONE 44 0.011124
BONE 17 0.988876

VERT 198
OFFSET -3.877639 -3.812584 51.302441
BONES 1
BONE 17 1.000000

VERT 199
OFFSET 0.418077 -0.918680 47.720139
BONES 3
BONE 44 0.203133
BONE 16 0.012328
BONE 17 0.784539

VERT 200
OFFSET -5.318216 -2.525990 51.184475
BONES 1
BONE 17 1.000000

VERT 201
OFFSET -2.589841 -3.778230 50.750187
BONES 1
BONE 17 1.000000

VERT 202
OFFSET -0.013460 -1.800072 48.813839
BONES 2
BONE 17 0.762755
BONE 44 0.237245

VERT 203
OFFSET 0.510561 -0.837938 48.242321
BONES 3
BONE 44 0.207137
BONE 16 0.003304
BONE 17 0.789559

VERT 204
OFFSET -1.528857 -3.179375 50.638935
BONES 2
BONE 17 0.800000
BONE 44 0.200000

VERT 205
OFFSET -5.796098 -0.044918 50.309982
BONES 2
BONE 44 0.010507
BONE 17 0.989493

VERT 206
OFFSET -5.950404 0.094964 50.861752
BONES 2
BONE 17 0.993389
BONE 44 0.006611

VERT 207
OFFSET -5.937053 -0.104795 50.870670
BONES 2
BONE 17 0.994335
BONE 44 0.005665

VERT 208
OFFSET -5.286322 -2.268662 50.607742
BONES 1
BONE 17 1.000000

VERT 209
OFFSET -3.786288 -3.629632 50.940369
BONES 1
BONE 17 1.000000

VERT 210
OFFSET -3.590472 -3.675325 50.930950
BONES 1
BONE 17 1.000000

VERT 211
OFFSET -1.734872 -3.342081 50.121365
BONES 2
BONE 44 0.200000
BONE 17 0.800000

VERT 212
OFFSET -1.578309 -3.292049 50.713135
BONES 2
BONE 17 0.800000
BONE 44 0.200000

VERT 213
OFFSET -1.883077 -3.338806 50.196335
BONES 2
BONE 44 0.200000
BONE 17 0.800000

VERT 214
OFFSET -0.674095 -2.518617 48.921482
BONES 2
BONE 44 0.500000
BONE 17 0.500000

VERT 215
OFFSET -0.547102 -2.340676 49.485172
BONES 2
BONE 17 0.494938
BONE 44 0.505062

VERT 216
OFFSET -6.047657 2.471739 49.647415
BONES 3
BONE 19 0.674622
BONE 20 0.011388
BONE 17 0.313990

VERT 217
OFFSET -5.994623 2.753996 50.162209
BONES 3
BONE 17 0.235027
BONE 20 0.050889
BONE 19 0.714084

VERT 218
OFFSET -4.223948 8.168697 48.013199
BONES 1
BONE 20 1.000000

VERT 219
OFFSET -4.377633 8.428198 48.510342
BONES 1
BONE 20 1.000000

VERT 220
OFFSET -0.350267 6.626975 44.079746
BONES 2
BONE 17 0.400000
BONE 20 0.600000

VERT 221
OFFSET -0.131371 7.125775 44.283230
BONES 2
BONE 20 0.600000
BONE 17 0.400000

VERT 222
OFFSET -7.206417 2.942631 13.566717
BONES 1
BONE 4 1.000000

VERT 223
OFFSET -5.727855 1.850281 13.172275
BONES 1
BONE 4 1.000000

VERT 224
OFFSET -5.777074 1.863200 13.792368
BONES 1
BONE 4 1.000000

VERT 225
OFFSET -6.747916 2.458947 14.001562
BONES 1
BONE 4 1.000000

VERT 226
OFFSET -6.593965 5.168794 13.724715
BONES 1
BONE 4 1.000000

VERT 227
OFFSET -3.455067 2.599154 13.456043
BONES 1
BONE 4 1.000000

VERT 228
OFFSET -4.677180 5.541126 13.402317
BONES 1
BONE 4 1.000000

VERT 229
OFFSET -4.367806 5.338729 13.347684
BONES 1
BONE 4 1.000000

VERT 230
OFFSET -3.374695 2.689319 12.862262
BONES 1
BONE 4 1.000000

VERT 231
OFFSET -3.681377 4.896109 13.186696
BONES 1
BONE 4 1.000000

VERT 232
OFFSET -7.233667 4.504593 14.076437
BONES 1
BONE 4 1.000000

VERT 233
OFFSET -5.794806 1.788721 13.780186
BONES 1
BONE 4 1.000000

VERT 234
OFFSET -4.444245 1.869551 13.553122
BONES 1
BONE 4 1.000000

VERT 235
OFFSET -3.200107 2.780588 13.424342
BONES 1
BONE 4 1.000000

VERT 236
OFFSET -3.258843 4.293781 13.038440
BONES 1
BONE 4 1.000000

VERT 237
OFFSET -5.328073 6.220517 13.580986
BONES 1
BONE 4 1.000000

VERT 238
OFFSET -3.577547 5.100269 13.741300
BONES 1
BONE 4 1.000000

VERT 239
OFFSET -3.546461 4.395609 13.059774
BONES 1
BONE 4 1.000000

VERT 240
OFFSET -3.197574 4.542825 13.533601
BONES 1
BONE 4 1.000000

VERT 241
OFFSET -3.300180 4.386192 13.744132
BONES 1
BONE 4 1.000000

VERT 242
OFFSET -3.509799 4.725152 13.692480
BONES 1
BONE 4 1.000000

VERT 243
OFFSET -3.652256 5.067273 13.852839
BONES 1
BONE 4 1.000000

VERT 244
OFFSET -3.860866 4.961707 13.163499
BONES 1
BONE 4 1.000000

VERT 245
OFFSET -3.544207 5.014268 13.392053
BONES 1
BONE 4 1.000000

VERT 246
OFFSET -7.311423 3.600571 14.968485
BONES 1
BONE 4 1.000000

VERT 247
OFFSET -6.680835 2.666464 15.322316
BONES 1
BONE 4 1.000000

VERT 248
OFFSET -6.779157 4.566144 15.445770
BONES 1
BONE 4 1.000000

VERT 249
OFFSET -5.835291 1.892986 15.148669
BONES 1
BONE 4 1.000000

VERT 250
OFFSET -3.225984 2.280703 14.691936
BONES 1
BONE 4 1.000000

VERT 251
OFFSET -3.248144 5.252493 14.845907
BONES 1
BONE 4 1.000000

VERT 252
OFFSET -2.816406 3.168364 14.083105
BONES 1
BONE 4 1.000000

VERT 253
OFFSET -5.144504 5.836419 14.688329
BONES 1
BONE 4 1.000000

VERT 254
OFFSET -7.050563 3.385850 15.433231
BONES 1
BONE 4 1.000000

VERT 255
OFFSET -6.833328 4.622930 15.460315
BONES 1
BONE 4 1.000000

VERT 256
OFFSET -4.791990 5.837285 14.754546
BONES 1
BONE 4 1.000000

VERT 257
OFFSET -2.612201 3.581607 14.538315
BONES 1
BONE 4 1.000000

VERT 258
OFFSET -3.740157 5.301561 14.371036
BONES 1
BONE 4 1.000000

VERT 259
OFFSET -3.607869 5.446229 14.913759
BONES 1
BONE 4 1.000000

VERT 260
OFFSET -3.411445 4.744542 14.269819
BONES 1
BONE 4 1.000000

VERT 261
OFFSET -3.458435 5.074183 14.905194
BONES 1
BONE 4 1.000000

VERT 262
OFFSET -3.612591 5.254210 14.253773
BONES 1
BONE 4 1.000000

VERT 263
OFFSET -3.859134 5.216173 14.373982
BONES 1
BONE 4 1.000000

VERT 264
OFFSET -3.564394 5.346693 14.603499
BONES 1
BONE 4 1.000000

VERT 265
OFFSET -3.505048 5.471675 14.923388
BONES 1
BONE 4 1.000000

VERT 266
OFFSET -3.616189 0.573903 30.421141
BONES 2
BONE 2 0.978367
BONE 1 0.021633

VERT 267
OFFSET -5.729259 1.999149 32.523945
BONES 2
BONE 2 0.612402
BONE 1 0.387598

VERT 268
OFFSET -5.733414 1.052363 32.870777
BONES 2
BONE 2 0.198936
BONE 1 0.801064

VERT 269
OFFSET -3.417375 0.621951 31.943697
BONES 2
BONE 1 0.409438
BONE 2 0.590562

VERT 270
OFFSET -3.622580 0.120697 32.356621
BONES 2
BONE 2 0.210636
BONE 1 0.789364

VERT 271
OFFSET -6.469923 3.272330 33.815361
BONES 2
BONE 1 0.728024
BONE 2 0.271976

VERT 272
OFFSET -5.307941 5.558256 34.271214
BONES 2
BONE 2 0.563781
BONE 1 0.436219

VERT 273
OFFSET -0.635479 1.225272 33.030106
BONES 2
BONE 2 0.421944
BONE 1 0.578056

VERT 274
OFFSET -6.011256 2.163125 39.018154
BONES 2
BONE 1 0.646210
BONE 16 0.353790

VERT 275
OFFSET -5.433191 5.693826 36.055946
BONES 2
BONE 1 0.888953
BONE 2 0.111047

VERT 276
OFFSET 0.329956 3.753061 30.930590
BONES 2
BONE 2 0.970999
BONE 1 0.029001

VERT 277
OFFSET 0.315275 3.012614 34.600704
BONES 3
BONE 16 0.000178
BONE 2 0.227467
BONE 1 0.772355

VERT 278
OFFSET -3.362422 6.381900 34.125473
BONES 2
BONE 1 0.312567
BONE 2 0.687433

VERT 279
OFFSET -0.168326 4.162097 38.493328
BONES 2
BONE 16 0.172602
BONE 1 0.827398

VERT 280
OFFSET -0.509478 5.862175 34.313866
BONES 2
BONE 2 0.713502
BONE 1 0.286498

VERT 281
OFFSET -2.694914 5.339817 37.380547
BONES 3
BONE 16 0.010301
BONE 2 0.028277
BONE 1 0.961423

VERT 282
OFFSET -0.825107 4.974937 36.837807
BONES 3
BONE 1 0.961492
BONE 16 0.012773
BONE 2 0.025735

VERT 283
OFFSET -6.482817 4.461412 34.952503
BONES 2
BONE 1 0.900582
BONE 2 0.099418

VERT 284
OFFSET -2.891940 6.354238 32.141411
BONES 2
BONE 2 0.912122
BONE 1 0.087879

VERT 285
OFFSET -6.066826 4.845142 37.124798
BONES 3
BONE 16 0.011165
BONE 2 0.000546
BONE 1 0.988288

VERT 286
OFFSET -4.158646 4.915586 39.035614
BONES 2
BONE 1 0.784833
BONE 16 0.215167

VERT 287
OFFSET -3.640898 4.346738 38.951130
BONES 2
BONE 1 0.783633
BONE 16 0.216367

VERT 288
OFFSET -2.009123 4.489487 38.778454
BONES 2
BONE 1 0.800000
BONE 16 0.200000

VERT 289
OFFSET 0.418776 1.730605 38.214371
BONES 2
BONE 1 0.800538
BONE 16 0.199462

VERT 290
OFFSET -1.001381 4.129385 38.621674
BONES 2
BONE 1 0.800529
BONE 16 0.199471

VERT 291
OFFSET -0.266218 2.764598 38.347313
BONES 2
BONE 16 0.189344
BONE 1 0.810656

VERT 292
OFFSET -4.862617 3.444849 39.012966
BONES 2
BONE 1 0.654258
BONE 16 0.345742

VERT 293
OFFSET -5.468142 0.907778 38.883747
BONES 2
BONE 1 0.546520
BONE 16 0.453480

VERT 294
OFFSET -5.392265 2.394243 38.997353
BONES 2
BONE 16 0.398848
BONE 1 0.601152

VERT 295
OFFSET 0.753477 1.125607 38.264385
BONES 2
BONE 16 0.200000
BONE 1 0.800000

VERT 296
OFFSET -7.426687 1.704464 35.312153
BONES 1
BONE 1 1.000000

VERT 297
OFFSET 0.024916 2.114975 34.012463
BONES 3
BONE 16 0.001775
BONE 1 0.897965
BONE 2 0.100260

VERT 298
OFFSET -0.353780 3.603573 38.487434
BONES 2
BONE 1 0.839551
BONE 16 0.160449

VERT 299
OFFSET -0.691459 1.057665 30.445219
BONES 2
BONE 2 0.975285
BONE 1 0.024715

VERT 300
OFFSET -1.214515 5.925959 30.972692
BONES 2
BONE 1 0.042838
BONE 2 0.957162

VERT 301
OFFSET 0.127517 4.230823 31.605328
BONES 2
BONE 2 0.970715
BONE 1 0.029285

VERT 302
OFFSET -6.181070 3.824435 31.523085
BONES 2
BONE 2 0.912031
BONE 1 0.087969

VERT 303
OFFSET -3.616189 -0.573902 30.421137
BONES 2
BONE 9 0.978367
BONE 1 0.021633

VERT 304
OFFSET -5.945624 -4.014365 30.750181
BONES 2
BONE 9 0.950106
BONE 1 0.049894

VERT 305
OFFSET -5.729258 -1.999150 32.523941
BONES 2
BONE 9 0.612402
