// Export time: Mon Nov 16 09:29:47 2020

// Exported using Blender v2.90.1
// Export filename: 'E:/blackops3/mod_xmodel/iw4/g11/ch_head_gk_g11_lod1.XMODEL_EXPORT'
// Source filename: 'E:/blackops3/mod_xmodel/iw4/g11/g11.blend'
MODEL
VERSION 6

NUMBONES 35
BONE 0 -1 "tag_origin"
BONE 1 0 "j_spineupper"
BONE 2 1 "j_spine4"
BONE 3 2 "j_neck"
BONE 4 3 "j_head"
BONE 5 4 "j_brow_le"
BONE 6 4 "j_brow_ri"
BONE 7 4 "j_browouter_le"
BONE 8 4 "j_browouter_ri"
BONE 9 4 "j_cheek_le"
BONE 10 4 "j_cheek_ri"
BONE 11 4 "j_cheeklower_le"
BONE 12 4 "j_cheeklower_ri"
BONE 13 4 "j_eye_lid_bot_le"
BONE 14 4 "j_eye_lid_bot_ri"
BONE 15 4 "j_eye_lid_top_le"
BONE 16 4 "j_eye_lid_top_ri"
BONE 17 4 "j_eyeball_le"
BONE 18 4 "j_eyeball_ri"
BONE 19 4 "j_head_end"
BONE 20 19 "j_helmet"
BONE 21 4 "j_jaw"
BONE 22 21 "j_chin_skinroll"
BONE 23 21 "j_lip_bot_le"
BONE 24 21 "j_lip_bot_ri"
BONE 25 4 "j_levator_le"
BONE 26 4 "j_levator_ri"
BONE 27 4 "j_lip_top_le"
BONE 28 4 "j_lip_top_ri"
BONE 29 4 "j_mouth_le"
BONE 30 4 "j_mouth_ri"
BONE 31 4 "j_nvg"
BONE 32 4 "tag_eye"
BONE 33 4 "UpperTeeth"
BONE 34 4 "LowerTeeth"

BONE 0
OFFSET 0.000000 0.000000 0.000000
SCALE 1.000000 1.000000 1.000000
X 1.000000 0.000000 0.000000
Y 0.000000 1.000000 0.000000
Z 0.000000 0.000000 1.000000

BONE 1
OFFSET -2.013009 -0.000001 43.534657
SCALE 1.000000 1.000000 1.000000
X 0.020435 -0.000062 0.999791
Y 0.999791 0.000062 -0.020435
Z -0.000060 1.000000 0.000063

BONE 2
OFFSET -1.959840 -0.000195 46.427246
SCALE 1.000000 1.000000 1.000000
X 0.047005 -0.000058 0.998895
Y 0.998895 0.000063 -0.047005
Z -0.000060 1.000000 0.000061

BONE 3
OFFSET -3.426167 0.000008 50.649521
SCALE 1.000000 1.000000 1.000000
X 0.264532 0.000018 0.964377
Y 0.964377 -0.000000 -0.264532
Z -0.000004 1.000000 -0.000017

BONE 4
OFFSET -2.778849 0.000008 53.563011
SCALE 1.000000 1.000000 1.000000
X 0.170309 -0.000000 0.985391
Y 0.985391 -0.000000 -0.170309
Z 0.000000 1.000000 0.000000

BONE 5
OFFSET 0.161294 1.453261 57.078617
SCALE 1.000000 1.000000 1.000000
X 0.000649 0.999998 -0.000118
Y -0.998862 0.000643 -0.047687
Z -0.047687 0.000149 0.998862

BONE 6
OFFSET 0.161293 -1.453260 57.078617
SCALE 1.000000 1.000000 1.000000
X 0.000010 1.000000 0.000073
Y 0.998890 -0.000014 0.047105
Z 0.047105 0.000072 -0.998890

BONE 7
OFFSET -0.369827 2.465694 57.148972
SCALE 1.000000 1.000000 1.000000
X 0.000648 0.999999 -0.000136
Y -0.998863 0.000641 -0.047682
Z -0.047682 0.000167 0.998863

BONE 8
OFFSET -0.369828 -2.465690 57.148972
SCALE 1.000000 1.000000 1.000000
X 0.000020 1.000000 0.000066
Y 0.998890 -0.000023 0.047105
Z 0.047105 0.000065 -0.998890

BONE 9
OFFSET 0.550101 2.035541 56.019783
SCALE 1.000000 1.000000 1.000000
X 0.000648 0.999996 -0.000125
Y -0.998862 0.000641 -0.047684
Z -0.047684 0.000155 0.998863

BONE 10
OFFSET 0.528162 -1.954922 56.090652
SCALE 1.000000 1.000000 1.000000
X 0.000019 1.000000 0.000076
Y 0.998890 -0.000023 0.047111
Z 0.047112 0.000075 -0.998890

BONE 11
OFFSET 0.539091 1.828950 54.728718
SCALE 1.000000 1.000000 1.000000
X 0.170309 0.000001 0.985391
Y 0.985391 0.000002 -0.170309
Z -0.000002 1.000000 -0.000000

BONE 12
OFFSET 0.587564 -1.827014 54.761574
SCALE 1.000000 1.000000 1.000000
X 0.170171 0.000001 0.985415
Y 0.985415 -0.000000 -0.170171
Z 0.000000 1.000000 -0.000001

BONE 13
OFFSET 0.268499 1.238292 56.618973
SCALE 1.000000 1.000000 1.000000
X -0.065609 0.997116 0.038036
Y -0.996951 -0.063891 -0.044793
Z -0.042234 -0.040862 0.998271

BONE 14
OFFSET 0.268839 -1.182454 56.611755
SCALE 1.000000 1.000000 1.000000
X 0.066583 0.997042 -0.038383
Y 0.996929 -0.064887 0.043855
Z 0.041234 -0.041185 -0.998300

BONE 15
OFFSET 0.268968 1.237193 56.699371
SCALE 1.000000 1.000000 1.000000
X -0.065482 0.997127 0.037987
Y -0.996959 -0.063765 -0.044794
Z -0.042243 -0.040806 0.998273

BONE 16
OFFSET 0.269652 -1.183931 56.684845
SCALE 1.000000 1.000000 1.000000
X 0.066548 0.997044 -0.038389
Y 0.996931 -0.064851 0.043854
Z 0.041235 -0.041189 -0.998300

BONE 17
OFFSET -2.329858 1.523072 55.477024
SCALE 1.000000 1.000000 1.000000
X -0.205892 0.978522 -0.010092
Y -0.977353 -0.206139 -0.047826
Z -0.048879 0.000016 0.998804

BONE 18
OFFSET -2.329857 -1.523072 55.476959
SCALE 1.000000 1.000000 1.000000
X 0.207719 0.978140 0.009771
Y 0.977070 -0.207949 0.045734
Z 0.046766 0.000047 -0.998906

BONE 19
OFFSET -2.009798 -0.000510 59.683674
SCALE 1.000000 1.000000 1.000000
X 0.170167 0.000003 0.985415
Y 0.985416 -0.000000 -0.170167
Z -0.000000 1.000000 -0.000003

BONE 20
OFFSET -3.076908 -0.000507 61.022476
SCALE 1.000000 1.000000 1.000000
X 0.995877 -0.000078 0.090721
Y 0.000078 1.000000 -0.000001
Z -0.090721 0.000008 0.995876

BONE 21
OFFSET -2.438787 0.000005 53.144642
SCALE 1.000000 1.000000 1.000000
X 0.000648 1.000000 -0.000099
Y -0.998865 0.000642 -0.047632
Z -0.047632 0.000129 0.998865

BONE 22
OFFSET -0.258801 -0.001533 51.856552
SCALE 1.000000 1.000000 1.000000
X 0.000648 1.000000 -0.000099
Y -0.998865 0.000642 -0.047632
Z -0.047632 0.000130 0.998865

BONE 23
OFFSET -0.272853 0.211658 52.988060
SCALE 1.000000 1.000000 1.000000
X 0.000647 1.000000 -0.000085
Y -0.998865 0.000642 -0.047632
Z -0.047632 0.000116 0.998865

BONE 24
OFFSET -0.272853 -0.211658 52.988060
SCALE 1.000000 1.000000 1.000000
X 0.000653 1.000000 -0.000152
Y 0.998834 -0.000641 0.048277
Z 0.048277 -0.000184 -0.998834

BONE 25
OFFSET 1.451019 0.611802 55.650005
SCALE 1.000000 1.000000 1.000000
X 0.000648 1.000000 -0.000086
Y -0.998863 0.000643 -0.047678
Z -0.047678 0.000116 0.998863

BONE 26
OFFSET 1.477876 -0.588979 55.656136
SCALE 1.000000 1.000000 1.000000
X 0.000011 1.000000 0.000087
Y 0.998890 -0.000015 0.047103
Z 0.047103 0.000086 -0.998890

BONE 27
OFFSET -0.160489 0.215802 53.157749
SCALE 1.000000 1.000000 1.000000
X 0.000647 0.999999 -0.000085
Y -0.998863 0.000642 -0.047681
Z -0.047681 0.000115 0.998863

BONE 28
OFFSET -0.160489 -0.215802 53.157753
SCALE 1.000000 1.000000 1.000000
X 0.000011 1.000000 0.000087
Y 0.998897 -0.000015 0.046963
Z 0.046963 0.000086 -0.998897

BONE 29
OFFSET -0.333689 0.502880 53.100838
SCALE 1.000000 1.000000 1.000000
X 0.000650 1.000000 -0.000114
Y -0.998863 0.000645 -0.047683
Z -0.047683 0.000144 0.998863

BONE 30
OFFSET -0.333689 -0.502880 53.100838
SCALE 1.000000 1.000000 1.000000
X 0.000010 1.000000 0.000093
Y 0.998900 -0.000014 0.046888
Z 0.046888 0.000092 -0.998900

BONE 31
OFFSET 3.093806 -0.000506 58.753254
SCALE 1.000000 1.000000 1.000000
X 0.985403 -0.000000 -0.170238
Y -0.170238 0.000000 -0.985403
Z 0.000000 1.000000 -0.000000

BONE 32
OFFSET 0.982540 0.000008 56.451698
SCALE 1.000000 1.000000 1.000000
X 0.922524 -0.000026 0.385939
Y 0.000028 1.000000 0.000000
Z -0.385939 0.000011 0.922524

BONE 33
OFFSET -0.481185 0.002462 53.403996
SCALE 1.000000 1.000000 1.000000
X -0.000000 1.000000 -0.000000
Y 0.000000 0.000000 1.000000
Z 1.000000 0.000000 -0.000000

BONE 34
OFFSET -0.687566 0.002462 52.879528
SCALE 1.000000 1.000000 1.000000
X -0.000000 1.000000 -0.000000
Y 0.000000 0.000000 1.000000
Z 1.000000 0.000000 -0.000000


NUMVERTS 2470
VERT 0
OFFSET 0.341668 0.000001 54.545132
BONES 1
BONE 4 1.000000

VERT 1
OFFSET 0.262974 0.184366 54.486290
BONES 1
BONE 4 1.000000

VERT 2
OFFSET 0.411780 0.000001 53.938099
BONES 1
BONE 4 1.000000

VERT 3
OFFSET 0.334855 0.168266 53.955971
BONES 1
BONE 4 1.000000

VERT 4
OFFSET 0.716522 0.000001 54.315540
BONES 1
BONE 4 1.000000

VERT 5
OFFSET 0.547199 0.186786 54.251068
BONES 1
BONE 4 1.000000

VERT 6
OFFSET 0.659263 0.094633 54.295792
BONES 1
BONE 4 1.000000

VERT 7
OFFSET 0.379914 0.090813 53.946301
BONES 1
BONE 4 1.000000

VERT 8
OFFSET 0.315799 0.093423 54.525574
BONES 1
BONE 4 1.000000

VERT 9
OFFSET 0.262974 -0.184364 54.486290
BONES 1
BONE 4 1.000000

VERT 10
OFFSET 0.334855 -0.168265 53.955971
BONES 1
BONE 4 1.000000

VERT 11
OFFSET 0.547199 -0.186784 54.251068
BONES 1
BONE 4 1.000000

VERT 12
OFFSET 0.659263 -0.094632 54.295792
BONES 1
BONE 4 1.000000

VERT 13
OFFSET 0.379914 -0.090812 53.946301
BONES 1
BONE 4 1.000000

VERT 14
OFFSET 0.315799 -0.093422 54.525574
BONES 1
BONE 4 1.000000

VERT 15
OFFSET 0.411780 0.000001 53.938099
BONES 1
BONE 4 1.000000

VERT 16
OFFSET -0.518818 0.862596 55.504833
BONES 1
BONE 4 1.000000

VERT 17
OFFSET -0.474813 0.910203 55.613304
BONES 1
BONE 4 1.000000

VERT 18
OFFSET -0.548021 0.942481 55.602623
BONES 1
BONE 4 1.000000

VERT 19
OFFSET -0.695184 1.824991 55.963390
BONES 1
BONE 4 1.000000

VERT 20
OFFSET -0.797931 2.225950 55.908524
BONES 1
BONE 4 1.000000

VERT 21
OFFSET -1.000488 2.705101 55.727390
BONES 1
BONE 4 1.000000

VERT 22
OFFSET -0.520223 1.843819 56.036407
BONES 1
BONE 4 1.000000

VERT 23
OFFSET -0.741172 2.551787 55.889217
BONES 1
BONE 4 1.000000

VERT 24
OFFSET -0.906666 2.852856 55.821404
BONES 1
BONE 4 1.000000

VERT 25
OFFSET -0.495403 1.840019 56.187611
BONES 1
BONE 4 1.000000

VERT 26
OFFSET -0.745706 2.631673 56.072487
BONES 1
BONE 4 1.000000

VERT 27
OFFSET -0.774172 2.648207 56.045559
BONES 1
BONE 4 1.000000

VERT 28
OFFSET -1.056817 3.232609 55.848835
BONES 1
BONE 4 1.000000

VERT 29
OFFSET -0.557736 1.131280 55.781158
BONES 1
BONE 4 1.000000

VERT 30
OFFSET -0.450770 1.586513 56.012100
BONES 1
BONE 4 1.000000

VERT 31
OFFSET -0.659056 2.240914 55.980698
BONES 1
BONE 4 1.000000

VERT 32
OFFSET -1.038439 2.982418 55.759499
BONES 1
BONE 4 1.000000

VERT 33
OFFSET -0.945024 2.908437 55.897034
BONES 1
BONE 4 1.000000

VERT 34
OFFSET -1.030317 2.598784 55.531742
BONES 1
BONE 4 1.000000

VERT 35
OFFSET -0.911192 2.792554 55.741459
BONES 1
BONE 4 1.000000

VERT 36
OFFSET -1.041843 2.928456 55.727253
BONES 1
BONE 4 1.000000

VERT 37
OFFSET -1.028138 2.292940 55.044231
BONES 1
BONE 4 1.000000

VERT 38
OFFSET -0.976333 2.674262 55.521111
BONES 1
BONE 4 1.000000

VERT 39
OFFSET -1.064026 2.739835 55.496216
BONES 1
BONE 4 1.000000

VERT 40
OFFSET -0.407188 1.272119 55.928715
BONES 1
BONE 4 1.000000

VERT 41
OFFSET -0.412995 1.533209 56.167076
BONES 1
BONE 4 1.000000

VERT 42
OFFSET -0.736921 2.851477 56.217388
BONES 1
BONE 4 1.000000

VERT 43
OFFSET -0.719921 2.667668 56.179508
BONES 1
BONE 4 1.000000

VERT 44
OFFSET -0.707632 2.691747 56.151947
BONES 1
BONE 4 1.000000

VERT 45
OFFSET -0.742446 2.711781 56.123325
BONES 1
BONE 4 1.000000

VERT 46
OFFSET -0.645797 2.308545 56.139160
BONES 1
BONE 4 1.000000

VERT 47
OFFSET -0.901509 2.815521 55.927242
BONES 1
BONE 4 1.000000

VERT 48
OFFSET -0.845551 2.762018 55.823833
BONES 1
BONE 4 1.000000

VERT 49
OFFSET -0.304861 0.688429 55.693939
BONES 1
BONE 4 1.000000

VERT 50
OFFSET -0.633746 1.421155 55.901516
BONES 1
BONE 4 1.000000

VERT 51
OFFSET -0.163050 0.876040 56.127529
BONES 1
BONE 4 1.000000

VERT 52
OFFSET -0.411010 0.877307 55.706619
BONES 1
BONE 4 1.000000

VERT 53
OFFSET -0.358964 0.813743 55.765057
BONES 1
BONE 4 1.000000

VERT 54
OFFSET -0.349051 0.828917 55.741634
BONES 1
BONE 4 1.000000

VERT 55
OFFSET -0.389373 0.847463 55.703720
BONES 1
BONE 4 1.000000

VERT 56
OFFSET -0.376775 0.973301 55.789688
BONES 1
BONE 4 1.000000

VERT 57
OFFSET -0.393965 0.954865 55.875595
BONES 1
BONE 4 1.000000

VERT 58
OFFSET -0.417363 1.076035 55.798359
BONES 1
BONE 4 1.000000

VERT 59
OFFSET -0.999294 3.031884 55.878059
BONES 1
BONE 4 1.000000

VERT 60
OFFSET -0.978970 3.050998 55.836082
BONES 1
BONE 4 1.000000

VERT 61
OFFSET -1.040254 3.063790 55.790836
BONES 1
BONE 4 1.000000

VERT 62
OFFSET -0.356755 1.277792 56.135864
BONES 1
BONE 4 1.000000

VERT 63
OFFSET -0.367442 1.102274 56.039379
BONES 1
BONE 4 1.000000

VERT 64
OFFSET -0.293209 1.207120 56.072456
BONES 1
BONE 4 1.000000

VERT 65
OFFSET -0.253196 1.049838 56.123199
BONES 1
BONE 4 1.000000

VERT 66
OFFSET -0.219641 1.013542 56.100124
BONES 1
BONE 4 1.000000

VERT 67
OFFSET -0.273139 0.978881 56.068970
BONES 1
BONE 4 1.000000

VERT 68
OFFSET -0.872615 2.500955 55.817093
BONES 1
BONE 4 1.000000

VERT 69
OFFSET -0.477791 0.891835 55.618359
BONES 1
BONE 4 1.000000

VERT 70
OFFSET -0.588385 1.809834 56.221767
BONES 1
BONE 4 1.000000

VERT 71
OFFSET -0.699336 1.765868 56.034569
BONES 1
BONE 4 1.000000

VERT 72
OFFSET -0.702646 2.188819 56.185974
BONES 1
BONE 4 1.000000

VERT 73
OFFSET -0.799923 2.229442 55.974945
BONES 1
BONE 4 1.000000

VERT 74
OFFSET -0.825177 2.491091 56.104416
BONES 1
BONE 4 1.000000

VERT 75
OFFSET -0.916711 2.587419 55.878731
BONES 1
BONE 4 1.000000

VERT 76
OFFSET -0.882668 2.607594 56.062145
BONES 1
BONE 4 1.000000

VERT 77
OFFSET -1.023539 2.781161 55.794525
BONES 1
BONE 4 1.000000

VERT 78
OFFSET -0.981043 2.759331 55.969810
BONES 1
BONE 4 1.000000

VERT 79
OFFSET -1.065894 2.850883 55.811787
BONES 1
BONE 4 1.000000

VERT 80
OFFSET -1.075060 2.862170 55.769474
BONES 1
BONE 4 1.000000

VERT 81
OFFSET -1.084130 2.737311 55.615498
BONES 1
BONE 4 1.000000

VERT 82
OFFSET -1.030002 2.853336 55.921135
BONES 1
BONE 4 1.000000

VERT 83
OFFSET -0.452070 0.944226 55.902233
BONES 1
BONE 4 1.000000

VERT 84
OFFSET -0.469230 0.866249 55.721725
BONES 1
BONE 4 1.000000

VERT 85
OFFSET -0.504411 1.500178 56.195900
BONES 1
BONE 4 1.000000

VERT 86
OFFSET -0.632999 1.410503 55.964291
BONES 1
BONE 4 1.000000

VERT 87
OFFSET -0.444803 1.242236 56.168041
BONES 1
BONE 4 1.000000

VERT 88
OFFSET -0.438626 1.079016 56.067665
BONES 1
BONE 4 1.000000

VERT 89
OFFSET -0.503627 0.883023 55.632946
BONES 1
BONE 4 1.000000

VERT 90
OFFSET -0.536698 0.924095 55.628983
BONES 1
BONE 4 1.000000

VERT 91
OFFSET -0.952900 3.115211 56.040775
BONES 1
BONE 4 1.000000

VERT 92
OFFSET -0.857022 2.749652 55.964088
BONES 1
BONE 4 1.000000

VERT 93
OFFSET -0.812593 2.744777 55.960079
BONES 1
BONE 4 1.000000

VERT 94
OFFSET -0.889819 2.895221 56.042011
BONES 1
BONE 4 1.000000

VERT 95
OFFSET -0.869300 2.911912 56.007198
BONES 1
BONE 4 1.000000

VERT 96
OFFSET -0.924273 2.945873 55.976398
BONES 1
BONE 4 1.000000

VERT 97
OFFSET -0.904001 2.920204 56.008492
BONES 1
BONE 4 1.000000

VERT 98
OFFSET -1.035403 2.463132 55.316849
BONES 1
BONE 4 1.000000

VERT 99
OFFSET -1.012992 2.491472 55.300289
BONES 1
BONE 4 1.000000

VERT 100
OFFSET -1.046389 2.530069 55.273426
BONES 1
BONE 4 1.000000

VERT 101
OFFSET -1.039737 2.488765 55.301826
BONES 1
BONE 4 1.000000

VERT 102
OFFSET -0.518818 0.862596 55.504833
BONES 1
BONE 4 1.000000

VERT 103
OFFSET -0.518818 0.862596 55.504833
BONES 1
BONE 4 1.000000

VERT 104
OFFSET -0.518818 0.862596 55.504833
BONES 1
BONE 4 1.000000

VERT 105
OFFSET -0.518818 0.862596 55.504833
BONES 1
BONE 4 1.000000

VERT 106
OFFSET -0.474813 0.910203 55.613304
BONES 1
BONE 4 1.000000

VERT 107
OFFSET -0.474813 0.910203 55.613304
BONES 1
BONE 4 1.000000

VERT 108
OFFSET -0.548021 0.942481 55.602623
BONES 1
BONE 4 1.000000

VERT 109
OFFSET -0.695184 1.824991 55.963390
BONES 1
BONE 4 1.000000

VERT 110
OFFSET -0.797931 2.225950 55.908524
BONES 1
BONE 4 1.000000

VERT 111
OFFSET -1.000488 2.705101 55.727390
BONES 1
BONE 4 1.000000

VERT 112
OFFSET -1.000488 2.705101 55.727390
BONES 1
BONE 4 1.000000

VERT 113
OFFSET -0.741172 2.551787 55.889217
BONES 1
BONE 4 1.000000

VERT 114
OFFSET -0.906666 2.852856 55.821404
BONES 1
BONE 4 1.000000

VERT 115
OFFSET -0.906666 2.852856 55.821404
BONES 1
BONE 4 1.000000

VERT 116
OFFSET -0.495403 1.840019 56.187611
BONES 1
BONE 4 1.000000

VERT 117
OFFSET -0.745706 2.631673 56.072487
BONES 1
BONE 4 1.000000

VERT 118
OFFSET -0.745706 2.631673 56.072487
BONES 1
BONE 4 1.000000

VERT 119
OFFSET -0.774172 2.648207 56.045559
BONES 1
BONE 4 1.000000

VERT 120
OFFSET -1.056817 3.232609 55.848835
BONES 1
BONE 4 1.000000

VERT 121
OFFSET -1.056817 3.232609 55.848835
BONES 1
BONE 4 1.000000

VERT 122
OFFSET -0.557736 1.131280 55.781158
BONES 1
BONE 4 1.000000

VERT 123
OFFSET -0.557736 1.131280 55.781158
BONES 1
BONE 4 1.000000

VERT 124
OFFSET -0.557736 1.131280 55.781158
BONES 1
BONE 4 1.000000

VERT 125
OFFSET -0.659056 2.240914 55.980698
BONES 1
BONE 4 1.000000

VERT 126
OFFSET -0.659056 2.240914 55.980698
BONES 1
BONE 4 1.000000

VERT 127
OFFSET -1.038439 2.982418 55.759499
BONES 1
BONE 4 1.000000

VERT 128
OFFSET -1.038439 2.982418 55.759499
BONES 1
BONE 4 1.000000

VERT 129
OFFSET -0.945024 2.908437 55.897034
BONES 1
BONE 4 1.000000

VERT 130
OFFSET -0.945024 2.908437 55.897034
BONES 1
BONE 4 1.000000

VERT 131
OFFSET -0.911192 2.792554 55.741459
BONES 1
BONE 4 1.000000

VERT 132
OFFSET -1.041843 2.928456 55.727253
BONES 1
BONE 4 1.000000

VERT 133
OFFSET -1.028138 2.292940 55.044231
BONES 1
BONE 4 1.000000

VERT 134
OFFSET -1.028138 2.292940 55.044231
BONES 1
BONE 4 1.000000

VERT 135
OFFSET -0.976333 2.674262 55.521111
BONES 1
BONE 4 1.000000

VERT 136
OFFSET -1.064026 2.739835 55.496216
BONES 1
BONE 4 1.000000

VERT 137
OFFSET -0.407188 1.272119 55.928715
BONES 1
BONE 4 1.000000

VERT 138
OFFSET -0.412995 1.533209 56.167076
BONES 1
BONE 4 1.000000

VERT 139
OFFSET -0.736921 2.851477 56.217388
BONES 1
BONE 4 1.000000

VERT 140
OFFSET -0.736921 2.851477 56.217388
BONES 1
BONE 4 1.000000

VERT 141
OFFSET -0.719921 2.667668 56.179508
BONES 1
BONE 4 1.000000

VERT 142
OFFSET -0.707632 2.691747 56.151947
BONES 1
BONE 4 1.000000

VERT 143
OFFSET -0.742446 2.711781 56.123325
BONES 1
BONE 4 1.000000

VERT 144
OFFSET -0.645797 2.308545 56.139160
BONES 1
BONE 4 1.000000

VERT 145
OFFSET -0.645797 2.308545 56.139160
BONES 1
BONE 4 1.000000

VERT 146
OFFSET -0.901509 2.815521 55.927242
BONES 1
BONE 4 1.000000

VERT 147
OFFSET -0.901509 2.815521 55.927242
BONES 1
BONE 4 1.000000

VERT 148
OFFSET -0.845551 2.762018 55.823833
BONES 1
BONE 4 1.000000

VERT 149
OFFSET -0.304861 0.688429 55.693939
BONES 1
BONE 4 1.000000

VERT 150
OFFSET -0.633746 1.421155 55.901516
BONES 1
BONE 4 1.000000

VERT 151
OFFSET -0.163050 0.876040 56.127529
BONES 1
BONE 4 1.000000

VERT 152
OFFSET -0.411010 0.877307 55.706619
BONES 1
BONE 4 1.000000

VERT 153
OFFSET -0.411010 0.877307 55.706619
BONES 1
BONE 4 1.000000

VERT 154
OFFSET -0.411010 0.877307 55.706619
BONES 1
BONE 4 1.000000

VERT 155
OFFSET -0.358964 0.813743 55.765057
BONES 1
BONE 4 1.000000

VERT 156
OFFSET -0.389373 0.847463 55.703720
BONES 1
BONE 4 1.000000

VERT 157
OFFSET -0.393965 0.954865 55.875595
BONES 1
BONE 4 1.000000

VERT 158
OFFSET -0.393965 0.954865 55.875595
BONES 1
BONE 4 1.000000

VERT 159
OFFSET -0.417363 1.076035 55.798359
BONES 1
BONE 4 1.000000

VERT 160
OFFSET -0.999294 3.031884 55.878059
BONES 1
BONE 4 1.000000

VERT 161
OFFSET -0.978970 3.050998 55.836082
BONES 1
BONE 4 1.000000

VERT 162
OFFSET -1.040254 3.063790 55.790836
BONES 1
BONE 4 1.000000

VERT 163
OFFSET -0.356755 1.277792 56.135864
BONES 1
BONE 4 1.000000

VERT 164
OFFSET -0.356755 1.277792 56.135864
BONES 1
BONE 4 1.000000

VERT 165
OFFSET -0.367442 1.102274 56.039379
BONES 1
BONE 4 1.000000

VERT 166
OFFSET -0.367442 1.102274 56.039379
BONES 1
BONE 4 1.000000

VERT 167
OFFSET -0.253196 1.049838 56.123199
BONES 1
BONE 4 1.000000

VERT 168
OFFSET -0.273139 0.978881 56.068970
BONES 1
BONE 4 1.000000

VERT 169
OFFSET -0.872615 2.500955 55.817093
BONES 1
BONE 4 1.000000

VERT 170
OFFSET -0.872615 2.500955 55.817093
BONES 1
BONE 4 1.000000

VERT 171
OFFSET -0.477791 0.891835 55.618359
BONES 1
BONE 4 1.000000

VERT 172
OFFSET -0.477791 0.891835 55.618359
BONES 1
BONE 4 1.000000

VERT 173
OFFSET -0.477791 0.891835 55.618359
BONES 1
BONE 4 1.000000

VERT 174
OFFSET -0.588385 1.809834 56.221767
BONES 1
BONE 4 1.000000

VERT 175
OFFSET -0.699336 1.765868 56.034569
BONES 1
BONE 4 1.000000

VERT 176
OFFSET -0.702646 2.188819 56.185974
BONES 1
BONE 4 1.000000

VERT 177
OFFSET -0.799923 2.229442 55.974945
BONES 1
BONE 4 1.000000

VERT 178
OFFSET -0.825177 2.491091 56.104416
BONES 1
BONE 4 1.000000

VERT 179
OFFSET -0.916711 2.587419 55.878731
BONES 1
BONE 4 1.000000

VERT 180
OFFSET -0.916711 2.587419 55.878731
BONES 1
BONE 4 1.000000

VERT 181
OFFSET -0.882668 2.607594 56.062145
BONES 1
BONE 4 1.000000

VERT 182
OFFSET -1.023539 2.781161 55.794525
BONES 1
BONE 4 1.000000

VERT 183
OFFSET -1.023539 2.781161 55.794525
BONES 1
BONE 4 1.000000

VERT 184
OFFSET -1.023539 2.781161 55.794525
BONES 1
BONE 4 1.000000

VERT 185
OFFSET -0.981043 2.759331 55.969810
BONES 1
BONE 4 1.000000

VERT 186
OFFSET -0.981043 2.759331 55.969810
BONES 1
BONE 4 1.000000

VERT 187
OFFSET -1.065894 2.850883 55.811787
BONES 1
BONE 4 1.000000

VERT 188
OFFSET -1.065894 2.850883 55.811787
BONES 1
BONE 4 1.000000

VERT 189
OFFSET -1.075060 2.862170 55.769474
BONES 1
BONE 4 1.000000

VERT 190
OFFSET -1.084130 2.737311 55.615498
BONES 1
BONE 4 1.000000

VERT 191
OFFSET -1.084130 2.737311 55.615498
BONES 1
BONE 4 1.000000

VERT 192
OFFSET -1.030002 2.853336 55.921135
BONES 1
BONE 4 1.000000

VERT 193
OFFSET -0.452070 0.944226 55.902233
BONES 1
BONE 4 1.000000

VERT 194
OFFSET -0.469230 0.866249 55.721725
BONES 1
BONE 4 1.000000

VERT 195
OFFSET -0.469230 0.866249 55.721725
BONES 1
BONE 4 1.000000

VERT 196
OFFSET -0.504411 1.500178 56.195900
BONES 1
BONE 4 1.000000

VERT 197
OFFSET -0.632999 1.410503 55.964291
BONES 1
BONE 4 1.000000

VERT 198
OFFSET -0.444803 1.242236 56.168041
BONES 1
BONE 4 1.000000

VERT 199
OFFSET -0.438626 1.079016 56.067665
BONES 1
BONE 4 1.000000

VERT 200
OFFSET -0.503627 0.883023 55.632946
BONES 1
BONE 4 1.000000

VERT 201
OFFSET -0.503627 0.883023 55.632946
BONES 1
BONE 4 1.000000

VERT 202
OFFSET -0.536698 0.924095 55.628983
BONES 1
BONE 4 1.000000

VERT 203
OFFSET -0.952900 3.115211 56.040775
BONES 1
BONE 4 1.000000

VERT 204
OFFSET -0.889819 2.895221 56.042011
BONES 1
BONE 4 1.000000

VERT 205
OFFSET -0.924273 2.945873 55.976398
BONES 1
BONE 4 1.000000

VERT 206
OFFSET -1.012992 2.491472 55.300289
BONES 1
BONE 4 1.000000

VERT 207
OFFSET -1.046389 2.530069 55.273426
BONES 1
BONE 4 1.000000

VERT 208
OFFSET -1.039737 2.488765 55.301826
BONES 1
BONE 4 1.000000

VERT 209
OFFSET -0.518818 -0.862595 55.504833
BONES 1
BONE 4 1.000000

VERT 210
OFFSET -0.474812 -0.910201 55.613304
BONES 1
BONE 4 1.000000

VERT 211
OFFSET -0.548020 -0.942479 55.602623
BONES 1
BONE 4 1.000000

VERT 212
OFFSET -0.695184 -1.824990 55.963390
BONES 1
BONE 4 1.000000

VERT 213
OFFSET -0.797930 -2.225950 55.908524
BONES 1
BONE 4 1.000000

VERT 214
OFFSET -1.000487 -2.705100 55.727390
BONES 1
BONE 4 1.000000

VERT 215
OFFSET -0.520223 -1.843818 56.036407
BONES 1
BONE 4 1.000000

VERT 216
OFFSET -0.741171 -2.551786 55.889217
BONES 1
BONE 4 1.000000

VERT 217
OFFSET -0.906665 -2.852855 55.821404
BONES 1
BONE 4 1.000000

VERT 218
OFFSET -0.495403 -1.840018 56.187611
BONES 1
BONE 4 1.000000

VERT 219
OFFSET -0.745705 -2.631672 56.072487
BONES 1
BONE 4 1.000000

VERT 220
OFFSET -0.774171 -2.648206 56.045559
BONES 1
BONE 4 1.000000

VERT 221
OFFSET -1.056816 -3.232608 55.848835
BONES 1
BONE 4 1.000000

VERT 222
OFFSET -0.557735 -1.131279 55.781158
BONES 1
BONE 4 1.000000

VERT 223
OFFSET -0.450769 -1.586512 56.012100
BONES 1
BONE 4 1.000000

VERT 224
OFFSET -0.659055 -2.240913 55.980698
BONES 1
BONE 4 1.000000

VERT 225
OFFSET -1.038438 -2.982417 55.759499
BONES 1
BONE 4 1.000000

VERT 226
OFFSET -0.945023 -2.908436 55.897034
BONES 1
BONE 4 1.000000

VERT 227
OFFSET -1.030316 -2.598783 55.531742
BONES 1
BONE 4 1.000000

VERT 228
OFFSET -0.911191 -2.792553 55.741459
BONES 1
BONE 4 1.000000

VERT 229
OFFSET -1.041842 -2.928455 55.727253
BONES 1
BONE 4 1.000000

VERT 230
OFFSET -1.028137 -2.292939 55.044231
BONES 1
BONE 4 1.000000

VERT 231
OFFSET -0.976332 -2.674261 55.521111
BONES 1
BONE 4 1.000000

VERT 232
OFFSET -1.064026 -2.739834 55.496216
BONES 1
BONE 4 1.000000

VERT 233
OFFSET -0.407188 -1.272118 55.928715
BONES 1
BONE 4 1.000000

VERT 234
OFFSET -0.412995 -1.533207 56.167076
BONES 1
BONE 4 1.000000

VERT 235
OFFSET -0.736920 -2.851476 56.217388
BONES 1
BONE 4 1.000000

VERT 236
OFFSET -0.719920 -2.667667 56.179508
BONES 1
BONE 4 1.000000

VERT 237
OFFSET -0.707631 -2.691746 56.151947
BONES 1
BONE 4 1.000000

VERT 238
OFFSET -0.742445 -2.711780 56.123325
BONES 1
BONE 4 1.000000

VERT 239
OFFSET -0.645796 -2.308544 56.139160
BONES 1
BONE 4 1.000000

VERT 240
OFFSET -0.901508 -2.815520 55.927242
BONES 1
BONE 4 1.000000

VERT 241
OFFSET -0.845550 -2.762017 55.823833
BONES 1
BONE 4 1.000000

VERT 242
OFFSET -0.304861 -0.688428 55.693939
BONES 1
BONE 4 1.000000

VERT 243
OFFSET -0.633746 -1.421153 55.901516
BONES 1
BONE 4 1.000000

VERT 244
OFFSET -0.163049 -0.876039 56.127529
BONES 1
BONE 4 1.000000

VERT 245
OFFSET -0.411010 -0.877306 55.706619
BONES 1
BONE 4 1.000000

VERT 246
OFFSET -0.358963 -0.813742 55.765057
BONES 1
BONE 4 1.000000

VERT 247
OFFSET -0.349051 -0.828916 55.741634
BONES 1
BONE 4 1.000000

VERT 248
OFFSET -0.389373 -0.847462 55.703720
BONES 1
BONE 4 1.000000

VERT 249
OFFSET -0.376775 -0.973300 55.789688
BONES 1
BONE 4 1.000000

VERT 250
OFFSET -0.393965 -0.954864 55.875595
BONES 1
BONE 4 1.000000

VERT 251
OFFSET -0.417362 -1.076034 55.798359
BONES 1
BONE 4 1.000000

VERT 252
OFFSET -0.999293 -3.031883 55.878059
BONES 1
BONE 4 1.000000

VERT 253
OFFSET -0.978969 -3.050997 55.836082
BONES 1
BONE 4 1.000000

VERT 254
OFFSET -1.040254 -3.063789 55.790836
BONES 1
BONE 4 1.000000

VERT 255
OFFSET -0.356754 -1.277791 56.135864
BONES 1
BONE 4 1.000000

VERT 256
OFFSET -0.367442 -1.102272 56.039379
BONES 1
BONE 4 1.000000

VERT 257
OFFSET -0.293208 -1.207119 56.072456
BONES 1
BONE 4 1.000000

VERT 258
OFFSET -0.253196 -1.049837 56.123199
BONES 1
BONE 4 1.000000

VERT 259
OFFSET -0.219640 -1.013541 56.100124
BONES 1
BONE 4 1.000000

VERT 260
OFFSET -0.273138 -0.978880 56.068970
BONES 1
BONE 4 1.000000

VERT 261
OFFSET -0.872614 -2.500954 55.817093
BONES 1
BONE 4 1.000000

VERT 262
OFFSET -0.477791 -0.891834 55.618359
BONES 1
BONE 4 1.000000

VERT 263
OFFSET -0.588385 -1.809833 56.221767
BONES 1
BONE 4 1.000000

VERT 264
OFFSET -0.699335 -1.765867 56.034569
BONES 1
BONE 4 1.000000

VERT 265
OFFSET -0.702646 -2.188818 56.185974
BONES 1
BONE 4 1.000000

VERT 266
OFFSET -0.799922 -2.229441 55.974945
BONES 1
BONE 4 1.000000

VERT 267
OFFSET -0.825176 -2.491090 56.104416
BONES 1
BONE 4 1.000000

VERT 268
OFFSET -0.916710 -2.587418 55.878731
BONES 1
BONE 4 1.000000

VERT 269
OFFSET -0.882667 -2.607593 56.062145
BONES 1
BONE 4 1.000000

VERT 270
OFFSET -1.023538 -2.781160 55.794525
BONES 1
BONE 4 1.000000

VERT 271
OFFSET -0.981042 -2.759330 55.969810
BONES 1
BONE 4 1.000000

VERT 272
OFFSET -1.065893 -2.850882 55.811787
BONES 1
BONE 4 1.000000

VERT 273
OFFSET -1.075059 -2.862169 55.769474
BONES 1
BONE 4 1.000000

VERT 274
OFFSET -1.084129 -2.737310 55.615498
BONES 1
BONE 4 1.000000

VERT 275
OFFSET -1.030001 -2.853335 55.921135
BONES 1
BONE 4 1.000000

VERT 276
OFFSET -0.452070 -0.944224 55.902233
BONES 1
BONE 4 1.000000

VERT 277
OFFSET -0.469229 -0.866248 55.721725
BONES 1
BONE 4 1.000000

VERT 278
OFFSET -0.504411 -1.500176 56.195900
BONES 1
BONE 4 1.000000

VERT 279
OFFSET -0.632999 -1.410501 55.964291
BONES 1
BONE 4 1.000000

VERT 280
OFFSET -0.444803 -1.242235 56.168041
BONES 1
BONE 4 1.000000

VERT 281
OFFSET -0.438626 -1.079015 56.067665
BONES 1
BONE 4 1.000000

VERT 282
OFFSET -0.503627 -0.883022 55.632946
BONES 1
BONE 4 1.000000

VERT 283
OFFSET -0.536697 -0.924093 55.628983
BONES 1
BONE 4 1.000000

VERT 284
OFFSET -0.952899 -3.115210 56.040775
BONES 1
BONE 4 1.000000

VERT 285
OFFSET -0.857021 -2.749651 55.964088
BONES 1
BONE 4 1.000000

VERT 286
OFFSET -0.812592 -2.744776 55.960079
BONES 1
BONE 4 1.000000

VERT 287
OFFSET -0.889818 -2.895220 56.042011
BONES 1
BONE 4 1.000000

VERT 288
OFFSET -0.869299 -2.911911 56.007198
BONES 1
BONE 4 1.000000

VERT 289
OFFSET -0.924272 -2.945872 55.976398
BONES 1
BONE 4 1.000000

VERT 290
OFFSET -0.904000 -2.920203 56.008492
BONES 1
BONE 4 1.000000

VERT 291
OFFSET -1.035402 -2.463131 55.316849
BONES 1
BONE 4 1.000000

VERT 292
OFFSET -1.012991 -2.491471 55.300289
BONES 1
BONE 4 1.000000

VERT 293
OFFSET -1.046388 -2.530068 55.273426
BONES 1
BONE 4 1.000000

VERT 294
OFFSET -1.039736 -2.488764 55.301826
BONES 1
BONE 4 1.000000

VERT 295
OFFSET -0.518818 -0.862595 55.504833
BONES 1
BONE 4 1.000000

VERT 296
OFFSET -0.518818 -0.862595 55.504833
BONES 1
BONE 4 1.000000

VERT 297
OFFSET -0.518818 -0.862595 55.504833
BONES 1
BONE 4 1.000000

VERT 298
OFFSET -0.518818 -0.862595 55.504833
BONES 1
BONE 4 1.000000

VERT 299
OFFSET -0.474812 -0.910201 55.613304
BONES 1
BONE 4 1.000000

VERT 300
OFFSET -0.474812 -0.910201 55.613304
BONES 1
BONE 4 1.000000

VERT 301
OFFSET -0.548020 -0.942479 55.602623
BONES 1
BONE 4 1.000000

VERT 302
OFFSET -0.695184 -1.824990 55.963390
BONES 1
BONE 4 1.000000

VERT 303
OFFSET -0.797930 -2.225950 55.908524
BONES 1
BONE 4 1.000000

VERT 304
OFFSET -1.000487 -2.705100 55.727390
BONES 1
BONE 4 1.000000

VERT 305
OFFSET -1.000487 -2.705100 55.727390
BONES 1
BONE 4 1.000000

VERT 306
OFFSET -0.741171 -2.551786 55.889217
BONES 1
BONE 4 1.000000

VERT 307
OFFSET -0.906665 -2.852855 55.821404
BONES 1
BONE 4 1.000000

VERT 308
OFFSET -0.906665 -2.852855 55.821404
BONES 1
BONE 4 1.000000

VERT 309
OFFSET -0.495403 -1.840018 56.187611
BONES 1
BONE 4 1.000000

VERT 310
OFFSET -0.745705 -2.631672 56.072487
BONES 1
BONE 4 1.000000

VERT 311
OFFSET -0.745705 -2.631672 56.072487
BONES 1
BONE 4 1.000000

VERT 312
OFFSET -0.774171 -2.648206 56.045559
BONES 1
BONE 4 1.000000

VERT 313
OFFSET -1.056816 -3.232608 55.848835
BONES 1
BONE 4 1.000000

VERT 314
OFFSET -1.056816 -3.232608 55.848835
BONES 1
BONE 4 1.000000

VERT 315
OFFSET -0.557735 -1.131279 55.781158
BONES 1
BONE 4 1.000000

VERT 316
OFFSET -0.557735 -1.131279 55.781158
BONES 1
BONE 4 1.000000

VERT 317
OFFSET -0.557735 -1.131279 55.781158
BONES 1
BONE 4 1.000000

VERT 318
OFFSET -0.659055 -2.240913 55.980698
BONES 1
BONE 4 1.000000

VERT 319
OFFSET -0.659055 -2.240913 55.980698
BONES 1
BONE 4 1.000000

VERT 320
OFFSET -1.038438 -2.982417 55.759499
BONES 1
BONE 4 1.000000

VERT 321
OFFSET -1.038438 -2.982417 55.759499
BONES 1
BONE 4 1.000000

VERT 322
OFFSET -0.945023 -2.908436 55.897034
BONES 1
BONE 4 1.000000

VERT 323
OFFSET -0.945023 -2.908436 55.897034
BONES 1
BONE 4 1.000000

VERT 324
OFFSET -0.911191 -2.792553 55.741459
BONES 1
BONE 4 1.000000

VERT 325
OFFSET -1.041842 -2.928455 55.727253
BONES 1
BONE 4 1.000000

VERT 326
OFFSET -1.028137 -2.292939 55.044231
BONES 1
BONE 4 1.000000

VERT 327
OFFSET -1.028137 -2.292939 55.044231
BONES 1
BONE 4 1.000000

VERT 328
OFFSET -0.976332 -2.674261 55.521111
BONES 1
BONE 4 1.000000

VERT 329
OFFSET -1.064026 -2.739834 55.496216
BONES 1
BONE 4 1.000000

VERT 330
OFFSET -0.407188 -1.272118 55.928715
BONES 1
BONE 4 1.000000

VERT 331
OFFSET -0.412995 -1.533207 56.167076
BONES 1
BONE 4 1.000000

VERT 332
OFFSET -0.736920 -2.851476 56.217388
BONES 1
BONE 4 1.000000

VERT 333
OFFSET -0.736920 -2.851476 56.217388
BONES 1
BONE 4 1.000000

VERT 334
OFFSET -0.719920 -2.667667 56.179508
BONES 1
BONE 4 1.000000

VERT 335
OFFSET -0.707631 -2.691746 56.151947
BONES 1
BONE 4 1.000000

VERT 336
OFFSET -0.742445 -2.711780 56.123325
BONES 1
BONE 4 1.000000

VERT 337
OFFSET -0.645796 -2.308544 56.139160
BONES 1
BONE 4 1.000000

VERT 338
OFFSET -0.645796 -2.308544 56.139160
BONES 1
BONE 4 1.000000

VERT 339
OFFSET -0.901508 -2.815520 55.927242
BONES 1
BONE 4 1.000000

VERT 340
OFFSET -0.901508 -2.815520 55.927242
BONES 1
BONE 4 1.000000

VERT 341
OFFSET -0.845550 -2.762017 55.823833
BONES 1
BONE 4 1.000000

VERT 342
OFFSET -0.304861 -0.688428 55.693939
BONES 1
BONE 4 1.000000

VERT 343
OFFSET -0.633746 -1.421153 55.901516
BONES 1
BONE 4 1.000000

VERT 344
OFFSET -0.163049 -0.876039 56.127529
BONES 1
BONE 4 1.000000

VERT 345
OFFSET -0.411010 -0.877306 55.706619
BONES 1
BONE 4 1.000000

VERT 346
OFFSET -0.411010 -0.877306 55.706619
BONES 1
BONE 4 1.000000

VERT 347
OFFSET -0.411010 -0.877306 55.706619
BONES 1
BONE 4 1.000000

VERT 348
OFFSET -0.358963 -0.813742 55.765057
BONES 1
BONE 4 1.000000

VERT 349
OFFSET -0.389373 -0.847462 55.703720
BONES 1
BONE 4 1.000000

VERT 350
OFFSET -0.393965 -0.954864 55.875595
BONES 1
BONE 4 1.000000

VERT 351
OFFSET -0.393965 -0.954864 55.875595
BONES 1
BONE 4 1.000000

VERT 352
OFFSET -0.417362 -1.076034 55.798359
BONES 1
BONE 4 1.000000

VERT 353
OFFSET -0.999293 -3.031883 55.878059
BONES 1
BONE 4 1.000000

VERT 354
OFFSET -0.978969 -3.050997 55.836082
BONES 1
BONE 4 1.000000

VERT 355
OFFSET -1.040254 -3.063789 55.790836
BONES 1
BONE 4 1.000000

VERT 356
OFFSET -0.356754 -1.277791 56.135864
BONES 1
BONE 4 1.000000

VERT 357
OFFSET -0.356754 -1.277791 56.135864
BONES 1
BONE 4 1.000000

VERT 358
OFFSET -0.367442 -1.102272 56.039379
BONES 1
BONE 4 1.000000

VERT 359
OFFSET -0.367442 -1.102272 56.039379
BONES 1
BONE 4 1.000000

VERT 360
OFFSET -0.253196 -1.049837 56.123199
BONES 1
BONE 4 1.000000

VERT 361
OFFSET -0.273138 -0.978880 56.068970
BONES 1
BONE 4 1.000000

VERT 362
OFFSET -0.872614 -2.500954 55.817093
BONES 1
BONE 4 1.000000

VERT 363
OFFSET -0.872614 -2.500954 55.817093
BONES 1
BONE 4 1.000000

VERT 364
OFFSET -0.477791 -0.891834 55.618359
BONES 1
BONE 4 1.000000

VERT 365
OFFSET -0.477791 -0.891834 55.618359
BONES 1
BONE 4 1.000000

VERT 366
OFFSET -0.477791 -0.891834 55.618359
BONES 1
BONE 4 1.000000

VERT 367
OFFSET -0.588385 -1.809833 56.221767
BONES 1
BONE 4 1.000000

VERT 368
OFFSET -0.699335 -1.765867 56.034569
BONES 1
BONE 4 1.000000

VERT 369
OFFSET -0.702646 -2.188818 56.185974
BONES 1
BONE 4 1.000000

VERT 370
OFFSET -0.799922 -2.229441 55.974945
BONES 1
BONE 4 1.000000

VERT 371
OFFSET -0.825176 -2.491090 56.104416
BONES 1
BONE 4 1.000000

VERT 372
OFFSET -0.916710 -2.587418 55.878731
BONES 1
BONE 4 1.000000

VERT 373
OFFSET -0.916710 -2.587418 55.878731
BONES 1
BONE 4 1.000000

VERT 374
OFFSET -0.882667 -2.607593 56.062145
BONES 1
BONE 4 1.000000

VERT 375
OFFSET -1.023538 -2.781160 55.794525
BONES 1
BONE 4 1.000000

VERT 376
OFFSET -1.023538 -2.781160 55.794525
BONES 1
BONE 4 1.000000

VERT 377
OFFSET -1.023538 -2.781160 55.794525
BONES 1
BONE 4 1.000000

VERT 378
OFFSET -0.981042 -2.759330 55.969810
BONES 1
BONE 4 1.000000

VERT 379
OFFSET -0.981042 -2.759330 55.969810
BONES 1
BONE 4 1.000000

VERT 380
OFFSET -1.065893 -2.850882 55.811787
BONES 1
BONE 4 1.000000

VERT 381
OFFSET -1.065893 -2.850882 55.811787
BONES 1
BONE 4 1.000000

VERT 382
OFFSET -1.075059 -2.862169 55.769474
BONES 1
BONE 4 1.000000

VERT 383
OFFSET -1.084129 -2.737310 55.615498
BONES 1
BONE 4 1.000000

VERT 384
OFFSET -1.084129 -2.737310 55.615498
BONES 1
BONE 4 1.000000

VERT 385
OFFSET -1.030001 -2.853335 55.921135
BONES 1
BONE 4 1.000000

VERT 386
OFFSET -0.452070 -0.944224 55.902233
BONES 1
BONE 4 1.000000

VERT 387
OFFSET -0.469229 -0.866248 55.721725
BONES 1
BONE 4 1.000000

VERT 388
OFFSET -0.469229 -0.866248 55.721725
BONES 1
BONE 4 1.000000

VERT 389
OFFSET -0.504411 -1.500176 56.195900
BONES 1
BONE 4 1.000000

VERT 390
OFFSET -0.632999 -1.410501 55.964291
BONES 1
BONE 4 1.000000

VERT 391
OFFSET -0.444803 -1.242235 56.168041
BONES 1
BONE 4 1.000000

VERT 392
OFFSET -0.438626 -1.079015 56.067665
BONES 1
BONE 4 1.000000

VERT 393
OFFSET -0.503627 -0.883022 55.632946
BONES 1
BONE 4 1.000000

VERT 394
OFFSET -0.503627 -0.883022 55.632946
BONES 1
BONE 4 1.000000

VERT 395
OFFSET -0.536697 -0.924093 55.628983
BONES 1
BONE 4 1.000000

VERT 396
OFFSET -0.952899 -3.115210 56.040775
BONES 1
BONE 4 1.000000

VERT 397
OFFSET -0.889818 -2.895220 56.042011
BONES 1
BONE 4 1.000000

VERT 398
OFFSET -0.924272 -2.945872 55.976398
BONES 1
BONE 4 1.000000

VERT 399
OFFSET -1.012991 -2.491471 55.300289
BONES 1
BONE 4 1.000000

VERT 400
OFFSET -1.046388 -2.530068 55.273426
BONES 1
BONE 4 1.000000

VERT 401
OFFSET -1.039736 -2.488764 55.301826
BONES 1
BONE 4 1.000000

VERT 402
OFFSET -0.272025 1.074949 56.175953
BONES 1
BONE 4 1.000000

VERT 403
OFFSET -0.273661 1.191024 56.259815
BONES 1
BONE 4 1.000000

VERT 404
OFFSET -0.303955 1.440621 56.401939
BONES 1
BONE 4 1.000000

VERT 405
OFFSET -0.359752 1.626545 56.402859
BONES 1
BONE 4 1.000000

VERT 406
OFFSET -0.269154 1.315480 56.393909
BONES 1
BONE 4 1.000000

VERT 407
OFFSET -0.300831 1.445862 56.385532
BONES 1
BONE 4 1.000000

VERT 408
OFFSET -0.262388 1.194839 56.288280
BONES 1
BONE 4 1.000000

VERT 409
OFFSET -0.272915 1.065149 56.167145
BONES 1
BONE 4 1.000000

VERT 410
OFFSET -0.271306 1.078273 56.172207
BONES 1
BONE 4 1.000000

VERT 411
OFFSET -0.278900 1.076921 56.169750
BONES 1
BONE 4 1.000000

VERT 412
OFFSET -0.479477 1.893609 56.351902
BONES 1
BONE 4 1.000000

VERT 413
OFFSET -0.632703 2.334160 56.313557
BONES 1
BONE 4 1.000000

VERT 414
OFFSET -0.443471 1.892579 56.364521
BONES 1
BONE 4 1.000000

VERT 415
OFFSET -0.446624 1.889493 56.386608
BONES 1
BONE 4 1.000000

VERT 416
OFFSET -0.335472 1.457881 56.352570
BONES 1
BONE 4 1.000000

VERT 417
OFFSET -0.297376 1.458315 56.365070
BONES 1
BONE 4 1.000000

VERT 418
OFFSET -0.298975 1.198884 56.236454
BONES 1
BONE 4 1.000000

VERT 419
OFFSET -0.271062 1.202021 56.245541
BONES 1
BONE 4 1.000000

VERT 420
OFFSET -0.392466 1.628832 56.366989
BONES 1
BONE 4 1.000000

VERT 421
OFFSET -0.355773 1.631904 56.380768
BONES 1
BONE 4 1.000000

VERT 422
OFFSET -0.272025 1.074949 56.175953
BONES 1
BONE 4 1.000000

VERT 423
OFFSET -0.272025 1.074949 56.175953
BONES 1
BONE 4 1.000000

VERT 424
OFFSET -0.273661 1.191024 56.259815
BONES 1
BONE 4 1.000000

VERT 425
OFFSET -0.273661 1.191024 56.259815
BONES 1
BONE 4 1.000000

VERT 426
OFFSET -0.359752 1.626545 56.402859
BONES 1
BONE 4 1.000000

VERT 427
OFFSET -0.359752 1.626545 56.402859
BONES 1
BONE 4 1.000000

VERT 428
OFFSET -0.300831 1.445862 56.385532
BONES 1
BONE 4 1.000000

VERT 429
OFFSET -0.300831 1.445862 56.385532
BONES 1
BONE 4 1.000000

VERT 430
OFFSET -0.272915 1.065149 56.167145
BONES 1
BONE 4 1.000000

VERT 431
OFFSET -0.272915 1.065149 56.167145
BONES 1
BONE 4 1.000000

VERT 432
OFFSET -0.271306 1.078273 56.172207
BONES 1
BONE 4 1.000000

VERT 433
OFFSET -0.278900 1.076921 56.169750
BONES 1
BONE 4 1.000000

VERT 434
OFFSET -0.479477 1.893609 56.351902
BONES 1
BONE 4 1.000000

VERT 435
OFFSET -0.632703 2.334160 56.313557
BONES 1
BONE 4 1.000000

VERT 436
OFFSET -0.632703 2.334160 56.313557
BONES 1
BONE 4 1.000000

VERT 437
OFFSET -0.443471 1.892579 56.364521
BONES 1
BONE 4 1.000000

VERT 438
OFFSET -0.446624 1.889493 56.386608
BONES 1
BONE 4 1.000000

VERT 439
OFFSET -0.335472 1.457881 56.352570
BONES 1
BONE 4 1.000000

VERT 440
OFFSET -0.297376 1.458315 56.365070
BONES 1
BONE 4 1.000000

VERT 441
OFFSET -0.298975 1.198884 56.236454
BONES 1
BONE 4 1.000000

VERT 442
OFFSET -0.271062 1.202021 56.245541
BONES 1
BONE 4 1.000000

VERT 443
OFFSET -0.392466 1.628832 56.366989
BONES 1
BONE 4 1.000000

VERT 444
OFFSET -0.355773 1.631904 56.380768
BONES 1
BONE 4 1.000000

VERT 445
OFFSET -0.272025 -1.074948 56.175953
BONES 1
BONE 4 1.000000

VERT 446
OFFSET -0.273660 -1.191023 56.259815
BONES 1
BONE 4 1.000000

VERT 447
OFFSET -0.303954 -1.440619 56.401939
BONES 1
BONE 4 1.000000

VERT 448
OFFSET -0.359751 -1.626544 56.402859
BONES 1
BONE 4 1.000000

VERT 449
OFFSET -0.269154 -1.315479 56.393909
BONES 1
BONE 4 1.000000

VERT 450
OFFSET -0.300831 -1.445861 56.385532
BONES 1
BONE 4 1.000000

VERT 451
OFFSET -0.262387 -1.194838 56.288280
BONES 1
BONE 4 1.000000

VERT 452
OFFSET -0.272914 -1.065148 56.167145
BONES 1
BONE 4 1.000000

VERT 453
OFFSET -0.271305 -1.078272 56.172207
BONES 1
BONE 4 1.000000

VERT 454
OFFSET -0.278900 -1.076919 56.169750
BONES 1
BONE 4 1.000000

VERT 455
OFFSET -0.479477 -1.893608 56.351902
BONES 1
BONE 4 1.000000

VERT 456
OFFSET -0.632703 -2.334159 56.313557
BONES 1
BONE 4 1.000000

VERT 457
OFFSET -0.443470 -1.892578 56.364521
BONES 1
BONE 4 1.000000

VERT 458
OFFSET -0.446623 -1.889492 56.386608
BONES 1
BONE 4 1.000000

VERT 459
OFFSET -0.335471 -1.457880 56.352570
BONES 1
BONE 4 1.000000

VERT 460
OFFSET -0.297376 -1.458314 56.365070
BONES 1
BONE 4 1.000000

VERT 461
OFFSET -0.298974 -1.198883 56.236454
BONES 1
BONE 4 1.000000

VERT 462
OFFSET -0.271062 -1.202020 56.245541
BONES 1
BONE 4 1.000000

VERT 463
OFFSET -0.392465 -1.628831 56.366989
BONES 1
BONE 4 1.000000

VERT 464
OFFSET -0.355772 -1.631902 56.380768
BONES 1
BONE 4 1.000000

VERT 465
OFFSET -0.272025 -1.074948 56.175953
BONES 1
BONE 4 1.000000

VERT 466
OFFSET -0.272025 -1.074948 56.175953
BONES 1
BONE 4 1.000000

VERT 467
OFFSET -0.273660 -1.191023 56.259815
BONES 1
BONE 4 1.000000

VERT 468
OFFSET -0.273660 -1.191023 56.259815
BONES 1
BONE 4 1.000000

VERT 469
OFFSET -0.359751 -1.626544 56.402859
BONES 1
BONE 4 1.000000

