// Export time: Mon Nov 16 09:30:01 2020

// Exported using Blender v2.90.1
// Export filename: 'E:/blackops3/mod_xmodel/iw4/g11/ch_head_gk_g11_lod2.XMODEL_EXPORT'
// Source filename: 'E:/blackops3/mod_xmodel/iw4/g11/g11.blend'
MODEL
VERSION 6

NUMBONES 35
BONE 0 -1 "tag_origin"
BONE 1 0 "j_spineupper"
BONE 2 1 "j_spine4"
BONE 3 2 "j_neck"
BONE 4 3 "j_head"
BONE 5 4 "j_brow_le"
BONE 6 4 "j_brow_ri"
BONE 7 4 "j_browouter_le"
BONE 8 4 "j_browouter_ri"
BONE 9 4 "j_cheek_le"
BONE 10 4 "j_cheek_ri"
BONE 11 4 "j_cheeklower_le"
BONE 12 4 "j_cheeklower_ri"
BONE 13 4 "j_eye_lid_bot_le"
BONE 14 4 "j_eye_lid_bot_ri"
BONE 15 4 "j_eye_lid_top_le"
BONE 16 4 "j_eye_lid_top_ri"
BONE 17 4 "j_eyeball_le"
BONE 18 4 "j_eyeball_ri"
BONE 19 4 "j_head_end"
BONE 20 19 "j_helmet"
BONE 21 4 "j_jaw"
BONE 22 21 "j_chin_skinroll"
BONE 23 21 "j_lip_bot_le"
BONE 24 21 "j_lip_bot_ri"
BONE 25 4 "j_levator_le"
BONE 26 4 "j_levator_ri"
BONE 27 4 "j_lip_top_le"
BONE 28 4 "j_lip_top_ri"
BONE 29 4 "j_mouth_le"
BONE 30 4 "j_mouth_ri"
BONE 31 4 "j_nvg"
BONE 32 4 "tag_eye"
BONE 33 4 "UpperTeeth"
BONE 34 4 "LowerTeeth"

BONE 0
OFFSET 0.000000 0.000000 0.000000
SCALE 1.000000 1.000000 1.000000
X 1.000000 0.000000 0.000000
Y 0.000000 1.000000 0.000000
Z 0.000000 0.000000 1.000000

BONE 1
OFFSET -2.013009 -0.000001 43.534657
SCALE 1.000000 1.000000 1.000000
X 0.020435 -0.000062 0.999791
Y 0.999791 0.000062 -0.020435
Z -0.000060 1.000000 0.000063

BONE 2
OFFSET -1.959840 -0.000195 46.427246
SCALE 1.000000 1.000000 1.000000
X 0.047005 -0.000058 0.998895
Y 0.998895 0.000063 -0.047005
Z -0.000060 1.000000 0.000061

BONE 3
OFFSET -3.426167 0.000008 50.649521
SCALE 1.000000 1.000000 1.000000
X 0.264532 0.000018 0.964377
Y 0.964377 -0.000000 -0.264532
Z -0.000004 1.000000 -0.000017

BONE 4
OFFSET -2.778849 0.000008 53.563011
SCALE 1.000000 1.000000 1.000000
X 0.170309 -0.000000 0.985391
Y 0.985391 -0.000000 -0.170309
Z 0.000000 1.000000 0.000000

BONE 5
OFFSET 0.161294 1.453261 57.078617
SCALE 1.000000 1.000000 1.000000
X 0.000649 0.999998 -0.000118
Y -0.998862 0.000643 -0.047687
Z -0.047687 0.000149 0.998862

BONE 6
OFFSET 0.161293 -1.453260 57.078617
SCALE 1.000000 1.000000 1.000000
X 0.000010 1.000000 0.000073
Y 0.998890 -0.000014 0.047105
Z 0.047105 0.000072 -0.998890

BONE 7
OFFSET -0.369827 2.465694 57.148972
SCALE 1.000000 1.000000 1.000000
X 0.000648 0.999999 -0.000136
Y -0.998863 0.000641 -0.047682
Z -0.047682 0.000167 0.998863

BONE 8
OFFSET -0.369828 -2.465690 57.148972
SCALE 1.000000 1.000000 1.000000
X 0.000020 1.000000 0.000066
Y 0.998890 -0.000023 0.047105
Z 0.047105 0.000065 -0.998890

BONE 9
OFFSET 0.550101 2.035541 56.019783
SCALE 1.000000 1.000000 1.000000
X 0.000648 0.999996 -0.000125
Y -0.998862 0.000641 -0.047684
Z -0.047684 0.000155 0.998863

BONE 10
OFFSET 0.528162 -1.954922 56.090652
SCALE 1.000000 1.000000 1.000000
X 0.000019 1.000000 0.000076
Y 0.998890 -0.000023 0.047111
Z 0.047112 0.000075 -0.998890

BONE 11
OFFSET 0.539091 1.828950 54.728718
SCALE 1.000000 1.000000 1.000000
X 0.170309 0.000001 0.985391
Y 0.985391 0.000002 -0.170309
Z -0.000002 1.000000 -0.000000

BONE 12
OFFSET 0.587564 -1.827014 54.761574
SCALE 1.000000 1.000000 1.000000
X 0.170171 0.000001 0.985415
Y 0.985415 -0.000000 -0.170171
Z 0.000000 1.000000 -0.000001

BONE 13
OFFSET 0.268499 1.238292 56.618973
SCALE 1.000000 1.000000 1.000000
X -0.065609 0.997116 0.038036
Y -0.996951 -0.063891 -0.044793
Z -0.042234 -0.040862 0.998271

BONE 14
OFFSET 0.268839 -1.182454 56.611755
SCALE 1.000000 1.000000 1.000000
X 0.066583 0.997042 -0.038383
Y 0.996929 -0.064887 0.043855
Z 0.041234 -0.041185 -0.998300

BONE 15
OFFSET 0.268968 1.237193 56.699371
SCALE 1.000000 1.000000 1.000000
X -0.065482 0.997127 0.037987
Y -0.996959 -0.063765 -0.044794
Z -0.042243 -0.040806 0.998273

BONE 16
OFFSET 0.269652 -1.183931 56.684845
SCALE 1.000000 1.000000 1.000000
X 0.066548 0.997044 -0.038389
Y 0.996931 -0.064851 0.043854
Z 0.041235 -0.041189 -0.998300

BONE 17
OFFSET -2.329858 1.523072 55.477024
SCALE 1.000000 1.000000 1.000000
X -0.205892 0.978522 -0.010092
Y -0.977353 -0.206139 -0.047826
Z -0.048879 0.000016 0.998804

BONE 18
OFFSET -2.329857 -1.523072 55.476959
SCALE 1.000000 1.000000 1.000000
X 0.207719 0.978140 0.009771
Y 0.977070 -0.207949 0.045734
Z 0.046766 0.000047 -0.998906

BONE 19
OFFSET -2.009798 -0.000510 59.683674
SCALE 1.000000 1.000000 1.000000
X 0.170167 0.000003 0.985415
Y 0.985416 -0.000000 -0.170167
Z -0.000000 1.000000 -0.000003

BONE 20
OFFSET -3.076908 -0.000507 61.022476
SCALE 1.000000 1.000000 1.000000
X 0.995877 -0.000078 0.090721
Y 0.000078 1.000000 -0.000001
Z -0.090721 0.000008 0.995876

BONE 21
OFFSET -2.438787 0.000005 53.144642
SCALE 1.000000 1.000000 1.000000
X 0.000648 1.000000 -0.000099
Y -0.998865 0.000642 -0.047632
Z -0.047632 0.000129 0.998865

BONE 22
OFFSET -0.258801 -0.001533 51.856552
SCALE 1.000000 1.000000 1.000000
X 0.000648 1.000000 -0.000099
Y -0.998865 0.000642 -0.047632
Z -0.047632 0.000130 0.998865

BONE 23
OFFSET -0.272853 0.211658 52.988060
SCALE 1.000000 1.000000 1.000000
X 0.000647 1.000000 -0.000085
Y -0.998865 0.000642 -0.047632
Z -0.047632 0.000116 0.998865

BONE 24
OFFSET -0.272853 -0.211658 52.988060
SCALE 1.000000 1.000000 1.000000
X 0.000653 1.000000 -0.000152
Y 0.998834 -0.000641 0.048277
Z 0.048277 -0.000184 -0.998834

BONE 25
OFFSET 1.451019 0.611802 55.650005
SCALE 1.000000 1.000000 1.000000
X 0.000648 1.000000 -0.000086
Y -0.998863 0.000643 -0.047678
Z -0.047678 0.000116 0.998863

BONE 26
OFFSET 1.477876 -0.588979 55.656136
SCALE 1.000000 1.000000 1.000000
X 0.000011 1.000000 0.000087
Y 0.998890 -0.000015 0.047103
Z 0.047103 0.000086 -0.998890

BONE 27
OFFSET -0.160489 0.215802 53.157749
SCALE 1.000000 1.000000 1.000000
X 0.000647 0.999999 -0.000085
Y -0.998863 0.000642 -0.047681
Z -0.047681 0.000115 0.998863

BONE 28
OFFSET -0.160489 -0.215802 53.157753
SCALE 1.000000 1.000000 1.000000
X 0.000011 1.000000 0.000087
Y 0.998897 -0.000015 0.046963
Z 0.046963 0.000086 -0.998897

BONE 29
OFFSET -0.333689 0.502880 53.100838
SCALE 1.000000 1.000000 1.000000
X 0.000650 1.000000 -0.000114
Y -0.998863 0.000645 -0.047683
Z -0.047683 0.000144 0.998863

BONE 30
OFFSET -0.333689 -0.502880 53.100838
SCALE 1.000000 1.000000 1.000000
X 0.000010 1.000000 0.000093
Y 0.998900 -0.000014 0.046888
Z 0.046888 0.000092 -0.998900

BONE 31
OFFSET 3.093806 -0.000506 58.753254
SCALE 1.000000 1.000000 1.000000
X 0.985403 -0.000000 -0.170238
Y -0.170238 0.000000 -0.985403
Z 0.000000 1.000000 -0.000000

BONE 32
OFFSET 0.982540 0.000008 56.451698
SCALE 1.000000 1.000000 1.000000
X 0.922524 -0.000026 0.385939
Y 0.000028 1.000000 0.000000
Z -0.385939 0.000011 0.922524

BONE 33
OFFSET -0.481185 0.002462 53.403996
SCALE 1.000000 1.000000 1.000000
X -0.000000 1.000000 -0.000000
Y 0.000000 0.000000 1.000000
Z 1.000000 0.000000 -0.000000

BONE 34
OFFSET -0.687566 0.002462 52.879528
SCALE 1.000000 1.000000 1.000000
X -0.000000 1.000000 -0.000000
Y 0.000000 0.000000 1.000000
Z 1.000000 0.000000 -0.000000


NUMVERTS 1208
VERT 0
OFFSET 0.340661 0.018218 54.543060
BONES 1
BONE 4 1.000000

VERT 1
OFFSET 0.262974 0.184366 54.486290
BONES 1
BONE 4 1.000000

VERT 2
OFFSET 0.411780 0.000001 53.938099
BONES 1
BONE 4 1.000000

VERT 3
OFFSET 0.342377 0.171812 53.953743
BONES 1
BONE 4 1.000000

VERT 4
OFFSET 0.719718 0.000001 54.317249
BONES 1
BONE 4 1.000000

VERT 5
OFFSET 0.547199 0.186786 54.251068
BONES 1
BONE 4 1.000000

VERT 6
OFFSET 0.274777 -0.194096 54.495987
BONES 1
BONE 4 1.000000

VERT 7
OFFSET 0.342377 -0.171810 53.953743
BONES 1
BONE 4 1.000000

VERT 8
OFFSET 0.547199 -0.186784 54.251068
BONES 1
BONE 4 1.000000

VERT 9
OFFSET 0.411780 0.000001 53.938099
BONES 1
BONE 4 1.000000

VERT 10
OFFSET -0.518818 0.862596 55.504833
BONES 1
BONE 4 1.000000

VERT 11
OFFSET -0.474813 0.910203 55.613304
BONES 1
BONE 4 1.000000

VERT 12
OFFSET -0.531648 0.863906 55.517059
BONES 1
BONE 4 1.000000

VERT 13
OFFSET -0.695184 1.824991 55.963390
BONES 1
BONE 4 1.000000

VERT 14
OFFSET -0.797931 2.225950 55.908524
BONES 1
BONE 4 1.000000

VERT 15
OFFSET -1.000488 2.705101 55.727390
BONES 1
BONE 4 1.000000

VERT 16
OFFSET -0.659211 2.240777 55.980980
BONES 1
BONE 4 1.000000

VERT 17
OFFSET -0.741172 2.551787 55.889217
BONES 1
BONE 4 1.000000

VERT 18
OFFSET -0.907245 2.851136 55.821209
BONES 1
BONE 4 1.000000

VERT 19
OFFSET -0.446497 1.678584 56.190865
BONES 1
BONE 4 1.000000

VERT 20
OFFSET -0.744540 2.609943 56.044247
BONES 1
BONE 4 1.000000

VERT 21
OFFSET -1.056817 3.232609 55.848835
BONES 1
BONE 4 1.000000

VERT 22
OFFSET -0.557736 1.131280 55.781158
BONES 1
BONE 4 1.000000

VERT 23
OFFSET -0.450770 1.586513 56.012100
BONES 1
BONE 4 1.000000

VERT 24
OFFSET -1.038439 2.982418 55.759499
BONES 1
BONE 4 1.000000

VERT 25
OFFSET -0.945024 2.908437 55.897034
BONES 1
BONE 4 1.000000

VERT 26
OFFSET -1.033095 2.588917 55.513584
BONES 1
BONE 4 1.000000

VERT 27
OFFSET -1.041843 2.928456 55.727253
BONES 1
BONE 4 1.000000

VERT 28
OFFSET -1.021745 2.450734 55.245899
BONES 1
BONE 4 1.000000

VERT 29
OFFSET -0.976333 2.674262 55.521111
BONES 1
BONE 4 1.000000

VERT 30
OFFSET -1.044205 2.582533 55.325699
BONES 1
BONE 4 1.000000

VERT 31
OFFSET -0.407188 1.272119 55.928715
BONES 1
BONE 4 1.000000

VERT 32
OFFSET -0.738501 2.840845 56.211842
BONES 1
BONE 4 1.000000

VERT 33
OFFSET -0.745715 2.632814 56.072224
BONES 1
BONE 4 1.000000

VERT 34
OFFSET -0.645797 2.308545 56.139160
BONES 1
BONE 4 1.000000

VERT 35
OFFSET -0.901509 2.815521 55.927242
BONES 1
BONE 4 1.000000

VERT 36
OFFSET -0.845551 2.762018 55.823833
BONES 1
BONE 4 1.000000

VERT 37
OFFSET -0.345580 0.734625 55.707981
BONES 1
BONE 4 1.000000

VERT 38
OFFSET -0.633746 1.421155 55.901516
BONES 1
BONE 4 1.000000

VERT 39
OFFSET -0.163050 0.876040 56.127529
BONES 1
BONE 4 1.000000

VERT 40
OFFSET -0.407204 0.875975 55.705784
BONES 1
BONE 4 1.000000

VERT 41
OFFSET -0.358964 0.813743 55.765057
BONES 1
BONE 4 1.000000

VERT 42
OFFSET -0.393965 0.954865 55.875595
BONES 1
BONE 4 1.000000

VERT 43
OFFSET -0.417363 1.076035 55.798359
BONES 1
BONE 4 1.000000

VERT 44
OFFSET -0.950148 2.908969 55.896152
BONES 1
BONE 4 1.000000

VERT 45
OFFSET -1.055672 3.238171 55.849667
BONES 1
BONE 4 1.000000

VERT 46
OFFSET -1.042390 2.958462 55.759586
BONES 1
BONE 4 1.000000

VERT 47
OFFSET -0.356755 1.277792 56.135864
BONES 1
BONE 4 1.000000

VERT 48
OFFSET -0.367442 1.102274 56.039379
BONES 1
BONE 4 1.000000

VERT 49
OFFSET -0.180400 0.892005 56.119938
BONES 1
BONE 4 1.000000

VERT 50
OFFSET -0.273139 0.978881 56.068970
BONES 1
BONE 4 1.000000

VERT 51
OFFSET -0.872615 2.500955 55.817093
BONES 1
BONE 4 1.000000

VERT 52
OFFSET -0.499879 0.902913 55.634499
BONES 1
BONE 4 1.000000

VERT 53
OFFSET -0.665688 2.088466 56.217358
BONES 1
BONE 4 1.000000

VERT 54
OFFSET -0.699336 1.765868 56.034569
BONES 1
BONE 4 1.000000

VERT 55
OFFSET -0.799923 2.229442 55.974945
BONES 1
BONE 4 1.000000

VERT 56
OFFSET -0.862869 2.570677 56.073662
BONES 1
BONE 4 1.000000

VERT 57
OFFSET -0.916711 2.587419 55.878731
BONES 1
BONE 4 1.000000

VERT 58
OFFSET -1.023539 2.781161 55.794525
BONES 1
BONE 4 1.000000

VERT 59
OFFSET -0.981043 2.759331 55.969810
BONES 1
BONE 4 1.000000

VERT 60
OFFSET -1.082536 2.866414 55.775764
BONES 1
BONE 4 1.000000

VERT 61
OFFSET -1.075060 2.862170 55.769474
BONES 1
BONE 4 1.000000

VERT 62
OFFSET -1.084130 2.737311 55.615498
BONES 1
BONE 4 1.000000

VERT 63
OFFSET -1.030002 2.853336 55.921135
BONES 1
BONE 4 1.000000

VERT 64
OFFSET -0.452070 0.944226 55.902233
BONES 1
BONE 4 1.000000

VERT 65
OFFSET -0.469230 0.866249 55.721725
BONES 1
BONE 4 1.000000

VERT 66
OFFSET -0.444078 1.250850 56.171597
BONES 1
BONE 4 1.000000

VERT 67
OFFSET -0.632999 1.410503 55.964291
BONES 1
BONE 4 1.000000

VERT 68
OFFSET -0.438626 1.079016 56.067665
BONES 1
BONE 4 1.000000

VERT 69
OFFSET -0.503627 0.883023 55.632946
BONES 1
BONE 4 1.000000

VERT 70
OFFSET -0.536698 0.924095 55.628983
BONES 1
BONE 4 1.000000

VERT 71
OFFSET -0.966060 3.090497 56.040924
BONES 1
BONE 4 1.000000

VERT 72
OFFSET -0.900316 2.816056 55.926521
BONES 1
BONE 4 1.000000

VERT 73
OFFSET -0.812600 2.749193 55.968292
BONES 1
BONE 4 1.000000

VERT 74
OFFSET -0.518818 0.862596 55.504833
BONES 1
BONE 4 1.000000

VERT 75
OFFSET -0.518818 0.862596 55.504833
BONES 1
BONE 4 1.000000

VERT 76
OFFSET -0.518818 0.862596 55.504833
BONES 1
BONE 4 1.000000

VERT 77
OFFSET -0.474813 0.910203 55.613304
BONES 1
BONE 4 1.000000

VERT 78
OFFSET -0.548021 0.942481 55.602623
BONES 1
BONE 4 1.000000

VERT 79
OFFSET -0.695184 1.824991 55.963390
BONES 1
BONE 4 1.000000

VERT 80
OFFSET -0.797931 2.225950 55.908524
BONES 1
BONE 4 1.000000

VERT 81
OFFSET -1.000488 2.705101 55.727390
BONES 1
BONE 4 1.000000

VERT 82
OFFSET -1.000488 2.705101 55.727390
BONES 1
BONE 4 1.000000

VERT 83
OFFSET -0.837732 2.760352 55.823757
BONES 1
BONE 4 1.000000

VERT 84
OFFSET -0.906666 2.852856 55.821404
BONES 1
BONE 4 1.000000

VERT 85
OFFSET -0.495403 1.840019 56.187611
BONES 1
BONE 4 1.000000

VERT 86
OFFSET -0.726489 2.640618 56.052723
BONES 1
BONE 4 1.000000

VERT 87
OFFSET -1.060243 3.230828 55.846405
BONES 1
BONE 4 1.000000

VERT 88
OFFSET -0.557736 1.131280 55.781158
BONES 1
BONE 4 1.000000

VERT 89
OFFSET -0.557736 1.131280 55.781158
BONES 1
BONE 4 1.000000

VERT 90
OFFSET -0.565150 1.124856 55.798664
BONES 1
BONE 4 1.000000

VERT 91
OFFSET -0.659056 2.240914 55.980698
BONES 1
BONE 4 1.000000

VERT 92
OFFSET -1.036307 2.982245 55.760529
BONES 1
BONE 4 1.000000

VERT 93
OFFSET -0.895806 2.835982 55.923115
BONES 1
BONE 4 1.000000

VERT 94
OFFSET -0.911192 2.792554 55.741459
BONES 1
BONE 4 1.000000

VERT 95
OFFSET -1.031924 2.290128 55.042557
BONES 1
BONE 4 1.000000

VERT 96
OFFSET -1.044648 2.283118 55.049812
BONES 1
BONE 4 1.000000

VERT 97
OFFSET -0.985336 2.660658 55.508198
BONES 1
BONE 4 1.000000

VERT 98
OFFSET -1.064026 2.739835 55.496216
BONES 1
BONE 4 1.000000

VERT 99
OFFSET -0.407188 1.272119 55.928715
BONES 1
BONE 4 1.000000

VERT 100
OFFSET -0.408722 1.468784 56.161942
BONES 1
BONE 4 1.000000

VERT 101
OFFSET -0.736921 2.851477 56.217388
BONES 1
BONE 4 1.000000

VERT 102
OFFSET -0.736509 2.854664 56.219730
BONES 1
BONE 4 1.000000

VERT 103
OFFSET -0.719921 2.667668 56.179508
BONES 1
BONE 4 1.000000

VERT 104
OFFSET -0.645797 2.308545 56.139160
BONES 1
BONE 4 1.000000

VERT 105
OFFSET -0.645797 2.308545 56.139160
BONES 1
BONE 4 1.000000

VERT 106
OFFSET -0.304861 0.688429 55.693939
BONES 1
BONE 4 1.000000

VERT 107
OFFSET -0.409376 0.878585 55.706005
BONES 1
BONE 4 1.000000

VERT 108
OFFSET -0.411010 0.877307 55.706619
BONES 1
BONE 4 1.000000

VERT 109
OFFSET -0.411010 0.877307 55.706619
BONES 1
BONE 4 1.000000

VERT 110
OFFSET -0.393965 0.954865 55.875595
BONES 1
BONE 4 1.000000

VERT 111
OFFSET -0.393965 0.954865 55.875595
BONES 1
BONE 4 1.000000

VERT 112
OFFSET -0.417363 1.076035 55.798359
BONES 1
BONE 4 1.000000

VERT 113
OFFSET -0.999294 3.031884 55.878059
BONES 1
BONE 4 1.000000

VERT 114
OFFSET -0.356755 1.277792 56.135864
BONES 1
BONE 4 1.000000

VERT 115
OFFSET -0.367442 1.102274 56.039379
BONES 1
BONE 4 1.000000

VERT 116
OFFSET -0.367442 1.102274 56.039379
BONES 1
BONE 4 1.000000

VERT 117
OFFSET -0.253196 1.049838 56.123199
BONES 1
BONE 4 1.000000

VERT 118
OFFSET -0.273139 0.978881 56.068970
BONES 1
BONE 4 1.000000

VERT 119
OFFSET -0.872615 2.500955 55.817093
BONES 1
BONE 4 1.000000

VERT 120
OFFSET -0.872615 2.500955 55.817093
BONES 1
BONE 4 1.000000

VERT 121
OFFSET -0.477791 0.891835 55.618359
BONES 1
BONE 4 1.000000

VERT 122
OFFSET -0.477791 0.891835 55.618359
BONES 1
BONE 4 1.000000

VERT 123
OFFSET -0.477791 0.891835 55.618359
BONES 1
BONE 4 1.000000

VERT 124
OFFSET -0.588385 1.809834 56.221767
BONES 1
BONE 4 1.000000

VERT 125
OFFSET -0.699336 1.765868 56.034569
BONES 1
BONE 4 1.000000

VERT 126
OFFSET -0.702646 2.188819 56.185974
BONES 1
BONE 4 1.000000

VERT 127
OFFSET -0.799923 2.229442 55.974945
BONES 1
BONE 4 1.000000

VERT 128
OFFSET -0.859948 2.590961 56.070847
BONES 1
BONE 4 1.000000

VERT 129
OFFSET -0.916711 2.587419 55.878731
BONES 1
BONE 4 1.000000

VERT 130
OFFSET -0.916711 2.587419 55.878731
BONES 1
BONE 4 1.000000

VERT 131
OFFSET -1.023539 2.781161 55.794525
BONES 1
BONE 4 1.000000

VERT 132
OFFSET -1.023539 2.781161 55.794525
BONES 1
BONE 4 1.000000

VERT 133
OFFSET -1.023539 2.781161 55.794525
BONES 1
BONE 4 1.000000

VERT 134
OFFSET -0.981043 2.759331 55.969810
BONES 1
BONE 4 1.000000

VERT 135
OFFSET -1.027991 2.854796 55.918194
BONES 1
BONE 4 1.000000

VERT 136
OFFSET -1.065894 2.850883 55.811787
BONES 1
BONE 4 1.000000

VERT 137
OFFSET -1.065894 2.850883 55.811787
BONES 1
BONE 4 1.000000

VERT 138
OFFSET -1.084130 2.737311 55.615498
BONES 1
BONE 4 1.000000

VERT 139
OFFSET -0.448001 1.010489 55.987717
BONES 1
BONE 4 1.000000

VERT 140
OFFSET -0.469230 0.866249 55.721725
BONES 1
BONE 4 1.000000

VERT 141
OFFSET -0.469230 0.866249 55.721725
BONES 1
BONE 4 1.000000

VERT 142
OFFSET -0.449945 1.288850 56.184258
BONES 1
BONE 4 1.000000

VERT 143
OFFSET -0.632999 1.410503 55.964291
BONES 1
BONE 4 1.000000

VERT 144
OFFSET -0.503627 0.883023 55.632946
BONES 1
BONE 4 1.000000

VERT 145
OFFSET -0.503627 0.883023 55.632946
BONES 1
BONE 4 1.000000

VERT 146
OFFSET -0.536698 0.924095 55.628983
BONES 1
BONE 4 1.000000

VERT 147
OFFSET -0.952884 3.114690 56.041096
BONES 1
BONE 4 1.000000

VERT 148
OFFSET -0.518818 -0.862595 55.504833
BONES 1
BONE 4 1.000000

VERT 149
OFFSET -0.474812 -0.910201 55.613304
BONES 1
BONE 4 1.000000

VERT 150
OFFSET -0.531648 -0.863905 55.517059
BONES 1
BONE 4 1.000000

VERT 151
OFFSET -0.695184 -1.824990 55.963390
BONES 1
BONE 4 1.000000

VERT 152
OFFSET -0.797930 -2.225950 55.908524
BONES 1
BONE 4 1.000000

VERT 153
OFFSET -1.000487 -2.705100 55.727390
BONES 1
BONE 4 1.000000

VERT 154
OFFSET -0.659210 -2.240776 55.980980
BONES 1
BONE 4 1.000000

VERT 155
OFFSET -0.741171 -2.551786 55.889217
BONES 1
BONE 4 1.000000

VERT 156
OFFSET -0.907244 -2.851135 55.821209
BONES 1
BONE 4 1.000000

VERT 157
OFFSET -0.446497 -1.678585 56.190865
BONES 1
BONE 4 1.000000

VERT 158
OFFSET -0.744539 -2.609942 56.044247
BONES 1
BONE 4 1.000000

VERT 159
OFFSET -1.056816 -3.232608 55.848835
BONES 1
BONE 4 1.000000

VERT 160
OFFSET -0.557735 -1.131279 55.781158
BONES 1
BONE 4 1.000000

VERT 161
OFFSET -0.450769 -1.586512 56.012100
BONES 1
BONE 4 1.000000

VERT 162
OFFSET -1.038438 -2.982417 55.759499
BONES 1
BONE 4 1.000000

VERT 163
OFFSET -0.945023 -2.908436 55.897034
BONES 1
BONE 4 1.000000

VERT 164
OFFSET -1.033094 -2.588916 55.513584
BONES 1
BONE 4 1.000000

VERT 165
OFFSET -1.041842 -2.928455 55.727253
BONES 1
BONE 4 1.000000

VERT 166
OFFSET -1.021744 -2.450733 55.245899
BONES 1
BONE 4 1.000000

VERT 167
OFFSET -0.976332 -2.674261 55.521111
BONES 1
BONE 4 1.000000

VERT 168
OFFSET -1.044204 -2.582532 55.325699
BONES 1
BONE 4 1.000000

VERT 169
OFFSET -0.407188 -1.272118 55.928715
BONES 1
BONE 4 1.000000

VERT 170
OFFSET -0.738500 -2.840844 56.211842
BONES 1
BONE 4 1.000000

VERT 171
OFFSET -0.745715 -2.632813 56.072224
BONES 1
BONE 4 1.000000

VERT 172
OFFSET -0.645796 -2.308544 56.139160
BONES 1
BONE 4 1.000000

VERT 173
OFFSET -0.901508 -2.815520 55.927242
BONES 1
BONE 4 1.000000

VERT 174
OFFSET -0.845550 -2.762017 55.823833
BONES 1
BONE 4 1.000000

VERT 175
OFFSET -0.345580 -0.734624 55.707981
BONES 1
BONE 4 1.000000

VERT 176
OFFSET -0.633746 -1.421153 55.901516
BONES 1
BONE 4 1.000000

VERT 177
OFFSET -0.163049 -0.876039 56.127529
BONES 1
BONE 4 1.000000

VERT 178
OFFSET -0.407203 -0.875973 55.705784
BONES 1
BONE 4 1.000000

VERT 179
OFFSET -0.358963 -0.813742 55.765057
BONES 1
BONE 4 1.000000

VERT 180
OFFSET -0.393965 -0.954864 55.875595
BONES 1
BONE 4 1.000000

VERT 181
OFFSET -0.417362 -1.076034 55.798359
BONES 1
BONE 4 1.000000

VERT 182
OFFSET -0.950147 -2.908968 55.896152
BONES 1
BONE 4 1.000000

VERT 183
OFFSET -1.055671 -3.238170 55.849667
BONES 1
BONE 4 1.000000

VERT 184
OFFSET -1.042390 -2.958461 55.759586
BONES 1
BONE 4 1.000000

VERT 185
OFFSET -0.356754 -1.277791 56.135864
BONES 1
BONE 4 1.000000

VERT 186
OFFSET -0.367442 -1.102272 56.039379
BONES 1
BONE 4 1.000000

VERT 187
OFFSET -0.180400 -0.892003 56.119938
BONES 1
BONE 4 1.000000

VERT 188
OFFSET -0.273138 -0.978880 56.068970
BONES 1
BONE 4 1.000000

VERT 189
OFFSET -0.872614 -2.500954 55.817093
BONES 1
BONE 4 1.000000

VERT 190
OFFSET -0.499878 -0.902912 55.634499
BONES 1
BONE 4 1.000000

VERT 191
OFFSET -0.665687 -2.088461 56.217358
BONES 1
BONE 4 1.000000

VERT 192
OFFSET -0.699335 -1.765867 56.034569
BONES 1
BONE 4 1.000000

VERT 193
OFFSET -0.799922 -2.229441 55.974945
BONES 1
BONE 4 1.000000

VERT 194
OFFSET -0.862867 -2.570675 56.073662
BONES 1
BONE 4 1.000000

VERT 195
OFFSET -0.916710 -2.587418 55.878731
BONES 1
BONE 4 1.000000

VERT 196
OFFSET -1.023538 -2.781160 55.794525
BONES 1
BONE 4 1.000000

VERT 197
OFFSET -0.981042 -2.759330 55.969810
BONES 1
BONE 4 1.000000

VERT 198
OFFSET -1.082536 -2.866413 55.775764
BONES 1
BONE 4 1.000000

VERT 199
OFFSET -1.075059 -2.862169 55.769474
BONES 1
BONE 4 1.000000

VERT 200
OFFSET -1.084129 -2.737310 55.615498
BONES 1
BONE 4 1.000000

VERT 201
OFFSET -1.030001 -2.853335 55.921135
BONES 1
BONE 4 1.000000

VERT 202
OFFSET -0.452070 -0.944224 55.902233
BONES 1
BONE 4 1.000000

VERT 203
OFFSET -0.469229 -0.866248 55.721725
BONES 1
BONE 4 1.000000

VERT 204
OFFSET -0.444078 -1.250849 56.171597
BONES 1
BONE 4 1.000000

VERT 205
OFFSET -0.632999 -1.410501 55.964291
BONES 1
BONE 4 1.000000

VERT 206
OFFSET -0.438626 -1.079015 56.067665
BONES 1
BONE 4 1.000000

VERT 207
OFFSET -0.503627 -0.883022 55.632946
BONES 1
BONE 4 1.000000

VERT 208
OFFSET -0.536697 -0.924093 55.628983
BONES 1
BONE 4 1.000000

VERT 209
OFFSET -0.966059 -3.090496 56.040924
BONES 1
BONE 4 1.000000

VERT 210
OFFSET -0.900315 -2.816055 55.926521
BONES 1
BONE 4 1.000000

VERT 211
OFFSET -0.812599 -2.749192 55.968292
BONES 1
BONE 4 1.000000

VERT 212
OFFSET -0.518818 -0.862595 55.504833
BONES 1
BONE 4 1.000000

VERT 213
OFFSET -0.518818 -0.862595 55.504833
BONES 1
BONE 4 1.000000

VERT 214
OFFSET -0.518818 -0.862595 55.504833
BONES 1
BONE 4 1.000000

VERT 215
OFFSET -0.474812 -0.910201 55.613304
BONES 1
BONE 4 1.000000

VERT 216
OFFSET -0.548020 -0.942479 55.602623
BONES 1
BONE 4 1.000000

VERT 217
OFFSET -0.695184 -1.824990 55.963390
BONES 1
BONE 4 1.000000

VERT 218
OFFSET -0.797930 -2.225950 55.908524
BONES 1
BONE 4 1.000000

VERT 219
OFFSET -1.000487 -2.705100 55.727390
BONES 1
BONE 4 1.000000

VERT 220
OFFSET -1.000487 -2.705100 55.727390
BONES 1
BONE 4 1.000000

VERT 221
OFFSET -0.837731 -2.760351 55.823757
BONES 1
BONE 4 1.000000

VERT 222
OFFSET -0.906665 -2.852855 55.821404
BONES 1
BONE 4 1.000000

VERT 223
OFFSET -0.495403 -1.840018 56.187611
BONES 1
BONE 4 1.000000

VERT 224
OFFSET -0.726488 -2.640617 56.052723
BONES 1
BONE 4 1.000000

VERT 225
OFFSET -1.060242 -3.230827 55.846405
BONES 1
BONE 4 1.000000

VERT 226
OFFSET -0.557735 -1.131279 55.781158
BONES 1
BONE 4 1.000000

VERT 227
OFFSET -0.557735 -1.131279 55.781158
BONES 1
BONE 4 1.000000

VERT 228
OFFSET -0.565150 -1.124855 55.798664
BONES 1
BONE 4 1.000000

VERT 229
OFFSET -0.659055 -2.240913 55.980698
BONES 1
BONE 4 1.000000

VERT 230
OFFSET -1.036306 -2.982244 55.760529
BONES 1
BONE 4 1.000000

VERT 231
OFFSET -0.895805 -2.835981 55.923115
BONES 1
BONE 4 1.000000

VERT 232
OFFSET -0.911191 -2.792553 55.741459
BONES 1
BONE 4 1.000000

VERT 233
OFFSET -1.031923 -2.290127 55.042557
BONES 1
BONE 4 1.000000

VERT 234
OFFSET -1.044647 -2.283117 55.049812
BONES 1
BONE 4 1.000000

VERT 235
OFFSET -0.985335 -2.660657 55.508198
BONES 1
BONE 4 1.000000

VERT 236
OFFSET -1.064026 -2.739834 55.496216
BONES 1
BONE 4 1.000000

VERT 237
OFFSET -0.407188 -1.272118 55.928715
BONES 1
BONE 4 1.000000

VERT 238
OFFSET -0.408721 -1.468783 56.161942
BONES 1
BONE 4 1.000000

VERT 239
OFFSET -0.736920 -2.851476 56.217388
BONES 1
BONE 4 1.000000

VERT 240
OFFSET -0.736508 -2.854663 56.219730
BONES 1
BONE 4 1.000000

VERT 241
OFFSET -0.719920 -2.667667 56.179508
BONES 1
BONE 4 1.000000

VERT 242
OFFSET -0.645796 -2.308544 56.139160
BONES 1
BONE 4 1.000000

VERT 243
OFFSET -0.645796 -2.308544 56.139160
BONES 1
BONE 4 1.000000

VERT 244
OFFSET -0.304861 -0.688428 55.693939
BONES 1
BONE 4 1.000000

VERT 245
OFFSET -0.409376 -0.878584 55.706005
BONES 1
BONE 4 1.000000

VERT 246
OFFSET -0.411010 -0.877306 55.706619
BONES 1
BONE 4 1.000000

VERT 247
OFFSET -0.411010 -0.877306 55.706619
BONES 1
BONE 4 1.000000

VERT 248
OFFSET -0.393965 -0.954864 55.875595
BONES 1
BONE 4 1.000000

VERT 249
OFFSET -0.393965 -0.954864 55.875595
BONES 1
BONE 4 1.000000

VERT 250
OFFSET -0.417362 -1.076034 55.798359
BONES 1
BONE 4 1.000000

VERT 251
OFFSET -0.999293 -3.031883 55.878059
BONES 1
BONE 4 1.000000

VERT 252
OFFSET -0.356754 -1.277791 56.135864
BONES 1
BONE 4 1.000000

VERT 253
OFFSET -0.367442 -1.102272 56.039379
BONES 1
BONE 4 1.000000

VERT 254
OFFSET -0.367442 -1.102272 56.039379
BONES 1
BONE 4 1.000000

VERT 255
OFFSET -0.253196 -1.049837 56.123199
BONES 1
BONE 4 1.000000

VERT 256
OFFSET -0.273138 -0.978880 56.068970
BONES 1
BONE 4 1.000000

VERT 257
OFFSET -0.872614 -2.500954 55.817093
BONES 1
BONE 4 1.000000

VERT 258
OFFSET -0.872614 -2.500954 55.817093
BONES 1
BONE 4 1.000000

VERT 259
OFFSET -0.477791 -0.891834 55.618359
BONES 1
BONE 4 1.000000

VERT 260
OFFSET -0.477791 -0.891834 55.618359
BONES 1
BONE 4 1.000000

VERT 261
OFFSET -0.477791 -0.891834 55.618359
BONES 1
BONE 4 1.000000

VERT 262
OFFSET -0.588385 -1.809833 56.221767
BONES 1
BONE 4 1.000000

VERT 263
OFFSET -0.699335 -1.765867 56.034569
BONES 1
BONE 4 1.000000

VERT 264
OFFSET -0.702646 -2.188818 56.185974
BONES 1
BONE 4 1.000000

VERT 265
OFFSET -0.799922 -2.229441 55.974945
BONES 1
BONE 4 1.000000

VERT 266
OFFSET -0.859947 -2.590959 56.070847
BONES 1
BONE 4 1.000000

VERT 267
OFFSET -0.916710 -2.587418 55.878731
BONES 1
BONE 4 1.000000

VERT 268
OFFSET -0.916710 -2.587418 55.878731
BONES 1
BONE 4 1.000000

VERT 269
OFFSET -1.023538 -2.781160 55.794525
BONES 1
BONE 4 1.000000

VERT 270
OFFSET -1.023538 -2.781160 55.794525
BONES 1
BONE 4 1.000000

VERT 271
OFFSET -1.023538 -2.781160 55.794525
BONES 1
BONE 4 1.000000

VERT 272
OFFSET -0.981042 -2.759330 55.969810
BONES 1
BONE 4 1.000000

VERT 273
OFFSET -1.027990 -2.854795 55.918194
BONES 1
BONE 4 1.000000

VERT 274
OFFSET -1.065893 -2.850882 55.811787
BONES 1
BONE 4 1.000000

VERT 275
OFFSET -1.065893 -2.850882 55.811787
BONES 1
BONE 4 1.000000

VERT 276
OFFSET -1.084129 -2.737310 55.615498
BONES 1
BONE 4 1.000000

VERT 277
OFFSET -0.448001 -1.010488 55.987717
BONES 1
BONE 4 1.000000

VERT 278
OFFSET -0.469229 -0.866248 55.721725
BONES 1
BONE 4 1.000000

VERT 279
OFFSET -0.469229 -0.866248 55.721725
BONES 1
BONE 4 1.000000

VERT 280
OFFSET -0.449945 -1.288849 56.184258
BONES 1
BONE 4 1.000000

VERT 281
OFFSET -0.632999 -1.410501 55.964291
BONES 1
BONE 4 1.000000

VERT 282
OFFSET -0.503627 -0.883022 55.632946
BONES 1
BONE 4 1.000000

VERT 283
OFFSET -0.503627 -0.883022 55.632946
BONES 1
BONE 4 1.000000

VERT 284
OFFSET -0.536697 -0.924093 55.628983
BONES 1
BONE 4 1.000000

VERT 285
OFFSET -0.952883 -3.114689 56.041096
BONES 1
BONE 4 1.000000

VERT 286
OFFSET -0.250193 1.095374 56.182487
BONES 1
BONE 4 1.000000

VERT 287
OFFSET -0.273661 1.191024 56.259815
BONES 1
BONE 4 1.000000

VERT 288
OFFSET -0.267113 1.322493 56.397522
BONES 1
BONE 4 1.000000

VERT 289
OFFSET -0.359752 1.626545 56.402859
BONES 1
BONE 4 1.000000

VERT 290
OFFSET -0.300831 1.445862 56.385532
BONES 1
BONE 4 1.000000

VERT 291
OFFSET -0.276048 1.063381 56.168404
BONES 1
BONE 4 1.000000

VERT 292
OFFSET -0.274720 1.064935 56.167294
BONES 1
BONE 4 1.000000

VERT 293
OFFSET -0.416886 1.705870 56.366680
BONES 1
BONE 4 1.000000

VERT 294
OFFSET -0.632703 2.334160 56.313557
BONES 1
BONE 4 1.000000

VERT 295
OFFSET -0.443471 1.892579 56.364521
BONES 1
BONE 4 1.000000

VERT 296
OFFSET -0.446624 1.889493 56.386608
BONES 1
BONE 4 1.000000

VERT 297
OFFSET -0.335472 1.457881 56.352570
BONES 1
BONE 4 1.000000

VERT 298
OFFSET -0.299934 1.469989 56.371708
BONES 1
BONE 4 1.000000

VERT 299
OFFSET -0.270767 1.069217 56.170914
BONES 1
BONE 4 1.000000

VERT 300
OFFSET -0.273661 1.191024 56.259815
BONES 1
BONE 4 1.000000

VERT 301
OFFSET -0.273661 1.191024 56.259815
BONES 1
BONE 4 1.000000

VERT 302
OFFSET -0.359752 1.626545 56.402859
BONES 1
BONE 4 1.000000

VERT 303
OFFSET -0.359752 1.626545 56.402859
BONES 1
BONE 4 1.000000

VERT 304
OFFSET -0.300831 1.445862 56.385532
BONES 1
BONE 4 1.000000

VERT 305
OFFSET -0.300831 1.445862 56.385532
BONES 1
BONE 4 1.000000

VERT 306
OFFSET -0.405802 1.671674 56.367950
BONES 1
BONE 4 1.000000

VERT 307
OFFSET -0.632703 2.334160 56.313557
BONES 1
BONE 4 1.000000

VERT 308
OFFSET -0.632703 2.334160 56.313557
BONES 1
BONE 4 1.000000

VERT 309
OFFSET -0.363854 1.659072 56.382244
BONES 1
BONE 4 1.000000

VERT 310
OFFSET -0.446624 1.889493 56.386608
BONES 1
BONE 4 1.000000

VERT 311
OFFSET -0.335472 1.457881 56.352570
BONES 1
BONE 4 1.000000

VERT 312
OFFSET -0.297376 1.458315 56.365070
BONES 1
BONE 4 1.000000

VERT 313
OFFSET -0.271062 1.202021 56.245541
BONES 1
BONE 4 1.000000

VERT 314
OFFSET -0.250193 -1.095373 56.182487
BONES 1
BONE 4 1.000000

VERT 315
OFFSET -0.273660 -1.191023 56.259815
BONES 1
BONE 4 1.000000

VERT 316
OFFSET -0.267112 -1.322492 56.397522
BONES 1
BONE 4 1.000000

VERT 317
OFFSET -0.359751 -1.626544 56.402859
BONES 1
BONE 4 1.000000

VERT 318
OFFSET -0.300831 -1.445861 56.385532
BONES 1
BONE 4 1.000000

VERT 319
OFFSET -0.276047 -1.063380 56.168404
BONES 1
BONE 4 1.000000

VERT 320
OFFSET -0.274720 -1.064934 56.167294
BONES 1
BONE 4 1.000000

VERT 321
OFFSET -0.416884 -1.705865 56.366680
BONES 1
BONE 4 1.000000

VERT 322
OFFSET -0.632703 -2.334159 56.313557
BONES 1
BONE 4 1.000000

VERT 323
OFFSET -0.443470 -1.892578 56.364521
BONES 1
BONE 4 1.000000

VERT 324
OFFSET -0.446623 -1.889492 56.386608
BONES 1
BONE 4 1.000000

VERT 325
OFFSET -0.335471 -1.457880 56.352570
BONES 1
BONE 4 1.000000

VERT 326
OFFSET -0.299934 -1.469988 56.371708
BONES 1
BONE 4 1.000000

VERT 327
OFFSET -0.270767 -1.069216 56.170914
BONES 1
BONE 4 1.000000

VERT 328
OFFSET -0.273660 -1.191023 56.259815
BONES 1
BONE 4 1.000000

VERT 329
OFFSET -0.273660 -1.191023 56.259815
BONES 1
BONE 4 1.000000

VERT 330
OFFSET -0.359751 -1.626544 56.402859
BONES 1
BONE 4 1.000000

VERT 331
OFFSET -0.359751 -1.626544 56.402859
BONES 1
BONE 4 1.000000

VERT 332
OFFSET -0.300831 -1.445861 56.385532
BONES 1
BONE 4 1.000000

VERT 333
OFFSET -0.300831 -1.445861 56.385532
BONES 1
BONE 4 1.000000

VERT 334
OFFSET -0.405801 -1.671671 56.367950
BONES 1
BONE 4 1.000000

VERT 335
OFFSET -0.632703 -2.334159 56.313557
BONES 1
BONE 4 1.000000

VERT 336
OFFSET -0.632703 -2.334159 56.313557
BONES 1
BONE 4 1.000000

VERT 337
OFFSET -0.363854 -1.659071 56.382244
BONES 1
BONE 4 1.000000

VERT 338
OFFSET -0.446623 -1.889492 56.386608
BONES 1
BONE 4 1.000000

VERT 339
OFFSET -0.335471 -1.457880 56.352570
BONES 1
BONE 4 1.000000

VERT 340
OFFSET -0.297376 -1.458314 56.365070
BONES 1
BONE 4 1.000000

VERT 341
OFFSET -0.271062 -1.202020 56.245541
BONES 1
BONE 4 1.000000

VERT 342
OFFSET 0.292193 0.868323 56.955616
BONES 3
BONE 5 0.218508
BONE 7 0.031492
BONE 4 0.750000

VERT 343
OFFSET 0.327829 0.992083 56.992462
BONES 3
BONE 5 0.218422
BONE 7 0.031578
BONE 4 0.750000

VERT 344
OFFSET 0.305709 0.986757 57.054760
BONES 3
BONE 5 0.218300
BONE 7 0.031700
BONE 4 0.750000

VERT 345
OFFSET 0.302800 0.870516 56.949837
BONES 3
BONE 5 0.218508
BONE 7 0.031492
BONE 4 0.750000

VERT 346
OFFSET -0.377662 2.432858 57.116867
BONES 3
BONE 4 0.750000
BONE 7 0.203437
BONE 5 0.046563

VERT 347
OFFSET -0.690766 2.884337 57.107998
BONES 3
BONE 5 0.031357
BONE 7 0.218643
BONE 4 0.750000

VERT 348
OFFSET -0.323257 2.425643 57.135376
BONES 3
BONE 4 0.750000
BONE 7 0.207001
BONE 5 0.042999

VERT 349
OFFSET -0.424400 2.548826 57.170918
BONES 3
BONE 4 0.750000
BONE 7 0.212801
BONE 5 0.037199

VERT 350
OFFSET 0.161293 1.453262 57.078629
BONES 3
BONE 5 0.218430
BONE 7 0.031570
BONE 4 0.750000

VERT 351
OFFSET 0.137483 1.426943 57.121929
BONES 3
BONE 5 0.218736
BONE 7 0.031264
BONE 4 0.750000

VERT 352
OFFSET 0.105603 1.432879 57.029850
BONES 3
BONE 5 0.218685
BONE 7 0.031315
BONE 4 0.750000

VERT 353
OFFSET -0.046392 1.926034 57.132351
BONES 3
BONE 5 0.134999
BONE 7 0.115001
BONE 4 0.750000

VERT 354
OFFSET -0.063916 1.904173 57.182774
BONES 3
BONE 5 0.153602
BONE 7 0.096398
BONE 4 0.750000

VERT 355
OFFSET -0.092943 1.889897 57.086502
BONES 3
BONE 5 0.154293
BONE 7 0.095707
BONE 4 0.750000

VERT 356
OFFSET -0.468023 2.603472 57.161869
BONES 3
BONE 5 0.031653
BONE 7 0.218347
BONE 4 0.750000

VERT 357
OFFSET -0.460006 2.611448 57.129185
BONES 3
BONE 5 0.031501
BONE 7 0.218499
BONE 4 0.750000

VERT 358
OFFSET -0.482450 2.590068 57.116318
BONES 3
BONE 5 0.031448
BONE 7 0.218552
BONE 4 0.750000

VERT 359
OFFSET 0.291147 0.869489 56.959557
BONES 3
BONE 4 0.750000
BONE 7 0.031486
BONE 5 0.218514

VERT 360
OFFSET 0.327829 0.992083 56.992462
BONES 3
BONE 5 0.218422
BONE 7 0.031578
BONE 4 0.750000

VERT 361
OFFSET 0.301610 0.986719 57.052063
BONES 3
BONE 5 0.218300
BONE 7 0.031700
BONE 4 0.750000

VERT 362
OFFSET -0.300137 2.295187 57.111408
BONES 3
BONE 5 0.059172
BONE 7 0.190828
BONE 4 0.750000

VERT 363
OFFSET -0.690766 2.884337 57.107998
BONES 3
BONE 5 0.031357
BONE 7 0.218643
BONE 4 0.750000

VERT 364
OFFSET -0.690766 2.884337 57.107998
BONES 3
BONE 5 0.031357
BONE 7 0.218643
BONE 4 0.750000

VERT 365
OFFSET -0.264875 2.326164 57.134296
BONES 3
BONE 5 0.048756
BONE 7 0.201244
BONE 4 0.750000

VERT 366
OFFSET -0.276931 2.309300 57.183144
BONES 3
BONE 5 0.050106
BONE 7 0.199894
BONE 4 0.750000

VERT 367
OFFSET 0.161293 1.453262 57.078629
BONES 3
BONE 5 0.218430
BONE 7 0.031570
BONE 4 0.750000

VERT 368
OFFSET 0.105603 1.432879 57.029850
BONES 3
BONE 5 0.218685
BONE 7 0.031315
BONE 4 0.750000

VERT 369
OFFSET -0.046392 1.926034 57.132351
BONES 3
BONE 5 0.135174
BONE 7 0.114826
BONE 4 0.750000

VERT 370
OFFSET -0.063916 1.904173 57.182774
BONES 3
BONE 5 0.135469
BONE 7 0.114531
BONE 4 0.750000

VERT 371
OFFSET -0.092943 1.889897 57.086502
BONES 3
BONE 5 0.154162
BONE 7 0.095838
BONE 4 0.750000

VERT 372
OFFSET 0.292193 -0.868321 56.955616
BONES 3
BONE 6 0.218589
BONE 8 0.031411
BONE 4 0.750000

VERT 373
OFFSET 0.327829 -0.992082 56.992462
BONES 3
BONE 6 0.218533
BONE 8 0.031467
BONE 4 0.750000

VERT 374
OFFSET 0.305709 -0.986756 57.054760
BONES 3
BONE 6 0.218456
BONE 8 0.031544
BONE 4 0.750000

VERT 375
OFFSET 0.302800 -0.870515 56.949837
BONES 3
BONE 6 0.218589
BONE 8 0.031411
BONE 4 0.750000

VERT 376
OFFSET -0.377661 -2.432857 57.116867
BONES 3
BONE 4 0.750000
BONE 8 0.202819
BONE 6 0.047181

VERT 377
OFFSET -0.690765 -2.884336 57.107998
BONES 3
BONE 6 0.031993
BONE 8 0.218007
BONE 4 0.750000

VERT 378
OFFSET -0.323256 -2.425642 57.135376
BONES 3
BONE 4 0.750000
BONE 8 0.205385
BONE 6 0.044615

VERT 379
OFFSET -0.424399 -2.548825 57.170918
BONES 3
BONE 4 0.750000
BONE 8 0.208355
BONE 6 0.041645

VERT 380
OFFSET 0.161293 -1.453260 57.078629
BONES 3
BONE 6 0.210861
BONE 8 0.039139
BONE 4 0.750000

VERT 381
OFFSET 0.137483 -1.426942 57.121929
BONES 3
BONE 6 0.211326
BONE 8 0.038674
BONE 4 0.750000

VERT 382
OFFSET 0.105603 -1.432878 57.029850
BONES 3
BONE 6 0.213236
BONE 8 0.036764
BONE 4 0.750000

VERT 383
OFFSET -0.046392 -1.926033 57.132351
BONES 3
BONE 6 0.136170
BONE 8 0.113830
BONE 4 0.750000

VERT 384
OFFSET -0.063916 -1.904172 57.182774
BONES 3
BONE 6 0.154004
BONE 8 0.095996
BONE 4 0.750000

VERT 385
OFFSET -0.092943 -1.889896 57.086502
BONES 3
BONE 6 0.153008
BONE 8 0.096992
BONE 4 0.750000

VERT 386
OFFSET -0.468022 -2.603471 57.161869
BONES 3
BONE 6 0.037636
BONE 8 0.212364
BONE 4 0.750000

VERT 387
OFFSET -0.460005 -2.611447 57.129185
BONES 3
BONE 6 0.037516
BONE 8 0.212484
BONE 4 0.750000

VERT 388
OFFSET -0.482449 -2.590067 57.116318
BONES 3
BONE 6 0.034998
BONE 8 0.215002
BONE 4 0.750000

VERT 389
OFFSET 0.291147 -0.869488 56.959557
BONES 3
BONE 4 0.750000
BONE 8 0.031416
BONE 6 0.218584

VERT 390
OFFSET 0.327829 -0.992082 56.992462
BONES 3
BONE 6 0.218533
BONE 8 0.031467
BONE 4 0.750000

VERT 391
OFFSET 0.301610 -0.986718 57.052063
BONES 3
BONE 6 0.218456
BONE 8 0.031544
BONE 4 0.750000

VERT 392
OFFSET -0.300136 -2.295186 57.111408
BONES 3
BONE 6 0.057548
BONE 8 0.192452
BONE 4 0.750000

VERT 393
OFFSET -0.690765 -2.884336 57.107998
BONES 3
BONE 6 0.031993
BONE 8 0.218007
BONE 4 0.750000

VERT 394
OFFSET -0.690765 -2.884336 57.107998
BONES 3
BONE 6 0.031993
BONE 8 0.218007
BONE 4 0.750000

VERT 395
OFFSET -0.264875 -2.326162 57.134296
BONES 3
BONE 6 0.047936
BONE 8 0.202064
BONE 4 0.750000

VERT 396
OFFSET -0.276930 -2.309299 57.183144
BONES 3
BONE 6 0.047259
BONE 8 0.202741
BONE 4 0.750000

VERT 397
OFFSET 0.161293 -1.453260 57.078629
BONES 3
BONE 6 0.211007
BONE 8 0.038993
BONE 4 0.750000

VERT 398
OFFSET 0.105603 -1.432878 57.029850
BONES 3
BONE 6 0.213293
BONE 8 0.036707
BONE 4 0.750000

VERT 399
OFFSET -0.046392 -1.926033 57.132351
BONES 3
BONE 6 0.135596
BONE 8 0.114404
BONE 4 0.750000

VERT 400
OFFSET -0.063916 -1.904172 57.182774
BONES 3
BONE 6 0.135508
BONE 8 0.114492
BONE 4 0.750000

VERT 401
OFFSET -0.092943 -1.889896 57.086502
BONES 3
BONE 6 0.153090
BONE 8 0.096910
BONE 4 0.750000

VERT 402
OFFSET -0.938778 1.848994 55.665165
BONES 2
BONE 17 0.500000
BONE 4 0.500000

VERT 403
OFFSET -0.824966 1.512831 55.761581
BONES 2
BONE 4 0.500000
BONE 17 0.500000

VERT 404
OFFSET -0.903678 1.445541 55.303085
BONES 2
BONE 4 0.500000
BONE 17 0.500000

VERT 405
OFFSET -1.028597 1.854616 55.220966
BONES 2
BONE 4 0.500000
BONE 17 0.500000

VERT 406
OFFSET -0.841018 1.280086 55.052086
BONES 2
BONE 17 0.500000
BONE 4 0.500000

VERT 407
OFFSET -0.854877 2.158533 55.945133
BONES 2
BONE 4 0.500000
BONE 17 0.500000

VERT 408
OFFSET -0.784086 1.947529 56.161556
BONES 2
BONE 17 0.500000
BONE 4 0.500000

VERT 409
OFFSET -0.667010 1.268220 55.853500
BONES 2
BONE 4 0.500000
BONE 17 0.500000

VERT 410
OFFSET -1.072956 2.043558 55.055405
BONES 2
BONE 17 0.500000
BONE 4 0.500000

VERT 411
OFFSET -1.033053 2.087587 55.238781
BONES 2
BONE 4 0.500000
BONE 17 0.500000

VERT 412
OFFSET -0.949970 2.251622 55.780479
BONES 2
BONE 17 0.500000
BONE 4 0.500000

VERT 413
OFFSET -0.866505 2.174077 56.048225
BONES 2
BONE 17 0.500000
BONE 4 0.500000

VERT 414
OFFSET -0.797186 1.944415 56.160965
BONES 2
BONE 17 0.500000
BONE 4 0.500000

VERT 415
OFFSET -0.736124 1.693203 56.195572
BONES 2
BONE 17 0.500000
BONE 4 0.500000

VERT 416
OFFSET -0.688970 1.466421 56.137520
BONES 2
BONE 17 0.500000
BONE 4 0.500000

VERT 417
OFFSET -0.656695 1.255366 56.005539
BONES 2
BONE 17 0.500000
BONE 4 0.500000

VERT 418
OFFSET -0.688633 1.139485 55.739655
BONES 2
BONE 17 0.500000
BONE 4 0.500000

VERT 419
OFFSET -0.754948 1.101507 55.468739
BONES 2
BONE 4 0.500000
BONE 17 0.500000

VERT 420
OFFSET -0.801734 1.150910 55.215370
BONES 2
BONE 17 0.500000
BONE 4 0.500000

VERT 421
OFFSET -0.875208 1.251725 54.980385
BONES 2
BONE 17 0.500000
BONE 4 0.500000

VERT 422
OFFSET -0.957795 1.457297 54.863525
BONES 2
BONE 17 0.500000
BONE 4 0.500000

VERT 423
OFFSET -1.020430 1.670550 54.841362
BONES 2
BONE 17 0.500000
BONE 4 0.500000

VERT 424
OFFSET -1.065183 1.864679 54.915550
BONES 2
BONE 17 0.500000
BONE 4 0.500000

VERT 425
OFFSET -1.088236 2.033434 55.061005
BONES 2
BONE 17 0.500000
BONE 4 0.500000

VERT 426
OFFSET -1.069656 2.156163 55.264183
BONES 2
BONE 17 0.500000
BONE 4 0.500000

VERT 427
OFFSET -1.022713 2.228009 55.499687
BONES 2
BONE 17 0.500000
BONE 4 0.500000

VERT 428
OFFSET -1.096688 1.869694 55.245594
BONES 2
BONE 4 0.500000
BONE 17 0.500000

VERT 429
OFFSET -0.895701 2.176629 56.060295
BONES 2
BONE 17 0.500000
BONE 4 0.500000

VERT 430
OFFSET -0.822834 1.518318 55.964806
BONES 2
BONE 17 0.500000
BONE 4 0.500000

VERT 431
OFFSET -0.977840 1.430278 55.078484
BONES 2
BONE 4 0.500000
BONE 17 0.500000

VERT 432
OFFSET -0.949970 2.251622 55.780479
BONES 2
BONE 17 0.500000
BONE 4 0.500000

VERT 433
OFFSET -0.736124 1.693203 56.195572
BONES 2
BONE 17 0.500000
BONE 4 0.500000

VERT 434
OFFSET -0.688970 1.466421 56.137520
BONES 2
BONE 17 0.500000
BONE 4 0.500000

VERT 435
