// Export time: Mon Nov 16 09:30:10 2020

// Exported using Blender v2.90.1
// Export filename: 'E:/blackops3/mod_xmodel/iw4/g11/ch_head_gk_g11_lod3.XMODEL_EXPORT'
// Source filename: 'E:/blackops3/mod_xmodel/iw4/g11/g11.blend'
MODEL
VERSION 6

NUMBONES 35
BONE 0 -1 "tag_origin"
BONE 1 0 "j_spineupper"
BONE 2 1 "j_spine4"
BONE 3 2 "j_neck"
BONE 4 3 "j_head"
BONE 5 4 "j_brow_le"
BONE 6 4 "j_brow_ri"
BONE 7 4 "j_browouter_le"
BONE 8 4 "j_browouter_ri"
BONE 9 4 "j_cheek_le"
BONE 10 4 "j_cheek_ri"
BONE 11 4 "j_cheeklower_le"
BONE 12 4 "j_cheeklower_ri"
BONE 13 4 "j_eye_lid_bot_le"
BONE 14 4 "j_eye_lid_bot_ri"
BONE 15 4 "j_eye_lid_top_le"
BONE 16 4 "j_eye_lid_top_ri"
BONE 17 4 "j_eyeball_le"
BONE 18 4 "j_eyeball_ri"
BONE 19 4 "j_head_end"
BONE 20 19 "j_helmet"
BONE 21 4 "j_jaw"
BONE 22 21 "j_chin_skinroll"
BONE 23 21 "j_lip_bot_le"
BONE 24 21 "j_lip_bot_ri"
BONE 25 4 "j_levator_le"
BONE 26 4 "j_levator_ri"
BONE 27 4 "j_lip_top_le"
BONE 28 4 "j_lip_top_ri"
BONE 29 4 "j_mouth_le"
BONE 30 4 "j_mouth_ri"
BONE 31 4 "j_nvg"
BONE 32 4 "tag_eye"
BONE 33 4 "UpperTeeth"
BONE 34 4 "LowerTeeth"

BONE 0
OFFSET 0.000000 0.000000 0.000000
SCALE 1.000000 1.000000 1.000000
X 1.000000 0.000000 0.000000
Y 0.000000 1.000000 0.000000
Z 0.000000 0.000000 1.000000

BONE 1
OFFSET -2.013009 -0.000001 43.534657
SCALE 1.000000 1.000000 1.000000
X 0.020435 -0.000062 0.999791
Y 0.999791 0.000062 -0.020435
Z -0.000060 1.000000 0.000063

BONE 2
OFFSET -1.959840 -0.000195 46.427246
SCALE 1.000000 1.000000 1.000000
X 0.047005 -0.000058 0.998895
Y 0.998895 0.000063 -0.047005
Z -0.000060 1.000000 0.000061

BONE 3
OFFSET -3.426167 0.000008 50.649521
SCALE 1.000000 1.000000 1.000000
X 0.264532 0.000018 0.964377
Y 0.964377 -0.000000 -0.264532
Z -0.000004 1.000000 -0.000017

BONE 4
OFFSET -2.778849 0.000008 53.563011
SCALE 1.000000 1.000000 1.000000
X 0.170309 -0.000000 0.985391
Y 0.985391 -0.000000 -0.170309
Z 0.000000 1.000000 0.000000

BONE 5
OFFSET 0.161294 1.453261 57.078617
SCALE 1.000000 1.000000 1.000000
X 0.000649 0.999998 -0.000118
Y -0.998862 0.000643 -0.047687
Z -0.047687 0.000149 0.998862

BONE 6
OFFSET 0.161293 -1.453260 57.078617
SCALE 1.000000 1.000000 1.000000
X 0.000010 1.000000 0.000073
Y 0.998890 -0.000014 0.047105
Z 0.047105 0.000072 -0.998890

BONE 7
OFFSET -0.369827 2.465694 57.148972
SCALE 1.000000 1.000000 1.000000
X 0.000648 0.999999 -0.000136
Y -0.998863 0.000641 -0.047682
Z -0.047682 0.000167 0.998863

BONE 8
OFFSET -0.369828 -2.465690 57.148972
SCALE 1.000000 1.000000 1.000000
X 0.000020 1.000000 0.000066
Y 0.998890 -0.000023 0.047105
Z 0.047105 0.000065 -0.998890

BONE 9
OFFSET 0.550101 2.035541 56.019783
SCALE 1.000000 1.000000 1.000000
X 0.000648 0.999996 -0.000125
Y -0.998862 0.000641 -0.047684
Z -0.047684 0.000155 0.998863

BONE 10
OFFSET 0.528162 -1.954922 56.090652
SCALE 1.000000 1.000000 1.000000
X 0.000019 1.000000 0.000076
Y 0.998890 -0.000023 0.047111
Z 0.047112 0.000075 -0.998890

BONE 11
OFFSET 0.539091 1.828950 54.728718
SCALE 1.000000 1.000000 1.000000
X 0.170309 0.000001 0.985391
Y 0.985391 0.000002 -0.170309
Z -0.000002 1.000000 -0.000000

BONE 12
OFFSET 0.587564 -1.827014 54.761574
SCALE 1.000000 1.000000 1.000000
X 0.170171 0.000001 0.985415
Y 0.985415 -0.000000 -0.170171
Z 0.000000 1.000000 -0.000001

BONE 13
OFFSET 0.268499 1.238292 56.618973
SCALE 1.000000 1.000000 1.000000
X -0.065609 0.997116 0.038036
Y -0.996951 -0.063891 -0.044793
Z -0.042234 -0.040862 0.998271

BONE 14
OFFSET 0.268839 -1.182454 56.611755
SCALE 1.000000 1.000000 1.000000
X 0.066583 0.997042 -0.038383
Y 0.996929 -0.064887 0.043855
Z 0.041234 -0.041185 -0.998300

BONE 15
OFFSET 0.268968 1.237193 56.699371
SCALE 1.000000 1.000000 1.000000
X -0.065482 0.997127 0.037987
Y -0.996959 -0.063765 -0.044794
Z -0.042243 -0.040806 0.998273

BONE 16
OFFSET 0.269652 -1.183931 56.684845
SCALE 1.000000 1.000000 1.000000
X 0.066548 0.997044 -0.038389
Y 0.996931 -0.064851 0.043854
Z 0.041235 -0.041189 -0.998300

BONE 17
OFFSET -2.329858 1.523072 55.477024
SCALE 1.000000 1.000000 1.000000
X -0.205892 0.978522 -0.010092
Y -0.977353 -0.206139 -0.047826
Z -0.048879 0.000016 0.998804

BONE 18
OFFSET -2.329857 -1.523072 55.476959
SCALE 1.000000 1.000000 1.000000
X 0.207719 0.978140 0.009771
Y 0.977070 -0.207949 0.045734
Z 0.046766 0.000047 -0.998906

BONE 19
OFFSET -2.009798 -0.000510 59.683674
SCALE 1.000000 1.000000 1.000000
X 0.170167 0.000003 0.985415
Y 0.985416 -0.000000 -0.170167
Z -0.000000 1.000000 -0.000003

BONE 20
OFFSET -3.076908 -0.000507 61.022476
SCALE 1.000000 1.000000 1.000000
X 0.995877 -0.000078 0.090721
Y 0.000078 1.000000 -0.000001
Z -0.090721 0.000008 0.995876

BONE 21
OFFSET -2.438787 0.000005 53.144642
SCALE 1.000000 1.000000 1.000000
X 0.000648 1.000000 -0.000099
Y -0.998865 0.000642 -0.047632
Z -0.047632 0.000129 0.998865

BONE 22
OFFSET -0.258801 -0.001533 51.856552
SCALE 1.000000 1.000000 1.000000
X 0.000648 1.000000 -0.000099
Y -0.998865 0.000642 -0.047632
Z -0.047632 0.000130 0.998865

BONE 23
OFFSET -0.272853 0.211658 52.988060
SCALE 1.000000 1.000000 1.000000
X 0.000647 1.000000 -0.000085
Y -0.998865 0.000642 -0.047632
Z -0.047632 0.000116 0.998865

BONE 24
OFFSET -0.272853 -0.211658 52.988060
SCALE 1.000000 1.000000 1.000000
X 0.000653 1.000000 -0.000152
Y 0.998834 -0.000641 0.048277
Z 0.048277 -0.000184 -0.998834

BONE 25
OFFSET 1.451019 0.611802 55.650005
SCALE 1.000000 1.000000 1.000000
X 0.000648 1.000000 -0.000086
Y -0.998863 0.000643 -0.047678
Z -0.047678 0.000116 0.998863

BONE 26
OFFSET 1.477876 -0.588979 55.656136
SCALE 1.000000 1.000000 1.000000
X 0.000011 1.000000 0.000087
Y 0.998890 -0.000015 0.047103
Z 0.047103 0.000086 -0.998890

BONE 27
OFFSET -0.160489 0.215802 53.157749
SCALE 1.000000 1.000000 1.000000
X 0.000647 0.999999 -0.000085
Y -0.998863 0.000642 -0.047681
Z -0.047681 0.000115 0.998863

BONE 28
OFFSET -0.160489 -0.215802 53.157753
SCALE 1.000000 1.000000 1.000000
X 0.000011 1.000000 0.000087
Y 0.998897 -0.000015 0.046963
Z 0.046963 0.000086 -0.998897

BONE 29
OFFSET -0.333689 0.502880 53.100838
SCALE 1.000000 1.000000 1.000000
X 0.000650 1.000000 -0.000114
Y -0.998863 0.000645 -0.047683
Z -0.047683 0.000144 0.998863

BONE 30
OFFSET -0.333689 -0.502880 53.100838
SCALE 1.000000 1.000000 1.000000
X 0.000010 1.000000 0.000093
Y 0.998900 -0.000014 0.046888
Z 0.046888 0.000092 -0.998900

BONE 31
OFFSET 3.093806 -0.000506 58.753254
SCALE 1.000000 1.000000 1.000000
X 0.985403 -0.000000 -0.170238
Y -0.170238 0.000000 -0.985403
Z 0.000000 1.000000 -0.000000

BONE 32
OFFSET 0.982540 0.000008 56.451698
SCALE 1.000000 1.000000 1.000000
X 0.922524 -0.000026 0.385939
Y 0.000028 1.000000 0.000000
Z -0.385939 0.000011 0.922524

BONE 33
OFFSET -0.481185 0.002462 53.403996
SCALE 1.000000 1.000000 1.000000
X -0.000000 1.000000 -0.000000
Y 0.000000 0.000000 1.000000
Z 1.000000 0.000000 -0.000000

BONE 34
OFFSET -0.687566 0.002462 52.879528
SCALE 1.000000 1.000000 1.000000
X -0.000000 1.000000 -0.000000
Y 0.000000 0.000000 1.000000
Z 1.000000 0.000000 -0.000000


NUMVERTS 441
VERT 0
OFFSET 0.283872 0.182939 54.489746
BONES 1
BONE 4 1.000000

VERT 1
OFFSET 0.411780 0.000001 53.938099
BONES 1
BONE 4 1.000000

VERT 2
OFFSET 0.342377 0.171812 53.953743
BONES 1
BONE 4 1.000000

VERT 3
OFFSET 0.719718 0.000001 54.317249
BONES 1
BONE 4 1.000000

VERT 4
OFFSET 0.547199 0.186786 54.251068
BONES 1
BONE 4 1.000000

VERT 5
OFFSET 0.160756 -0.031709 54.325481
BONES 1
BONE 4 1.000000

VERT 6
OFFSET 0.342377 -0.171810 53.953743
BONES 1
BONE 4 1.000000

VERT 7
OFFSET 0.411780 0.000001 53.938099
BONES 1
BONE 4 1.000000

VERT 8
OFFSET -0.518818 0.862596 55.504833
BONES 1
BONE 4 1.000000

VERT 9
OFFSET -0.476579 0.900635 55.615219
BONES 1
BONE 4 1.000000

VERT 10
OFFSET -0.531648 0.863906 55.517059
BONES 1
BONE 4 1.000000

VERT 11
OFFSET -0.695184 1.824991 55.963390
BONES 1
BONE 4 1.000000

VERT 12
OFFSET -0.901247 2.865264 55.701817
BONES 1
BONE 4 1.000000

VERT 13
OFFSET -0.665686 2.282657 55.981991
BONES 1
BONE 4 1.000000

VERT 14
OFFSET -0.898807 2.853511 55.815216
BONES 1
BONE 4 1.000000

VERT 15
OFFSET -0.356927 1.211281 56.112511
BONES 1
BONE 4 1.000000

VERT 16
OFFSET -0.755057 2.626881 56.049683
BONES 1
BONE 4 1.000000

VERT 17
OFFSET -1.056817 3.232609 55.848835
BONES 1
BONE 4 1.000000

VERT 18
OFFSET -0.571483 0.847407 55.634701
BONES 1
BONE 4 1.000000

VERT 19
OFFSET -0.399611 1.102940 55.868256
BONES 1
BONE 4 1.000000

VERT 20
OFFSET -0.993075 2.950160 55.757484
BONES 1
BONE 4 1.000000

VERT 21
OFFSET -1.040449 2.476194 55.277088
BONES 1
BONE 4 1.000000

VERT 22
OFFSET -0.998110 2.267222 55.002754
BONES 1
BONE 4 1.000000

VERT 23
OFFSET -0.775057 2.651908 56.132820
BONES 1
BONE 4 1.000000

VERT 24
OFFSET -0.691647 2.655749 56.081566
BONES 1
BONE 4 1.000000

VERT 25
OFFSET -0.948831 2.833310 56.067616
BONES 1
BONE 4 1.000000

VERT 26
OFFSET -0.345580 0.734625 55.707981
BONES 1
BONE 4 1.000000

VERT 27
OFFSET -0.593311 1.358125 55.908039
BONES 1
BONE 4 1.000000

VERT 28
OFFSET -0.174774 0.887249 56.124008
BONES 1
BONE 4 1.000000

VERT 29
OFFSET -0.494322 0.927872 55.735600
BONES 1
BONE 4 1.000000

VERT 30
OFFSET -0.321609 0.720700 55.702366
BONES 1
BONE 4 1.000000

VERT 31
OFFSET -0.499779 0.786633 55.752579
BONES 1
BONE 4 1.000000

VERT 32
OFFSET -0.950148 2.908969 55.896152
BONES 1
BONE 4 1.000000

VERT 33
OFFSET -1.030419 3.102308 55.836014
BONES 1
BONE 4 1.000000

VERT 34
OFFSET -0.356755 1.277792 56.135864
BONES 1
BONE 4 1.000000

VERT 35
OFFSET -0.405709 1.109558 56.054203
BONES 1
BONE 4 1.000000

VERT 36
OFFSET -1.047125 2.519122 55.847141
BONES 1
BONE 4 1.000000

VERT 37
OFFSET -0.499879 0.902913 55.634499
BONES 1
BONE 4 1.000000

VERT 38
OFFSET -0.435798 1.286910 56.235382
BONES 1
BONE 4 1.000000

VERT 39
OFFSET -0.717824 1.834456 55.998127
BONES 1
BONE 4 1.000000

VERT 40
OFFSET -0.970208 2.764216 55.949406
BONES 1
BONE 4 1.000000

VERT 41
OFFSET -1.082536 2.866414 55.775764
BONES 1
BONE 4 1.000000

VERT 42
OFFSET -1.115135 2.831368 55.803909
BONES 1
BONE 4 1.000000

VERT 43
OFFSET -0.417658 1.127945 56.137573
BONES 1
BONE 4 1.000000

VERT 44
OFFSET -0.733296 1.556705 56.068943
BONES 1
BONE 4 1.000000

VERT 45
OFFSET -0.966060 3.090497 56.040924
BONES 1
BONE 4 1.000000

VERT 46
OFFSET -0.894288 2.840722 55.923252
BONES 1
BONE 4 1.000000

VERT 47
OFFSET -0.518818 0.862596 55.504833
BONES 1
BONE 4 1.000000

VERT 48
OFFSET -0.537175 0.834247 55.520092
BONES 1
BONE 4 1.000000

VERT 49
OFFSET -0.892534 2.806377 55.743576
BONES 1
BONE 4 1.000000

VERT 50
OFFSET -0.847162 2.510716 55.775543
BONES 1
BONE 4 1.000000

VERT 51
OFFSET -1.072837 2.929470 55.789879
BONES 1
BONE 4 1.000000

VERT 52
OFFSET -0.875418 2.855179 55.784283
BONES 1
BONE 4 1.000000

VERT 53
OFFSET -0.494009 1.753847 56.194202
BONES 1
BONE 4 1.000000

VERT 54
OFFSET -0.517481 0.939425 55.620304
BONES 1
BONE 4 1.000000

VERT 55
OFFSET -0.565150 1.124856 55.798664
BONES 1
BONE 4 1.000000

VERT 56
OFFSET -0.659056 2.240914 55.980698
BONES 1
BONE 4 1.000000

VERT 57
OFFSET -1.036307 2.982245 55.760529
BONES 1
BONE 4 1.000000

VERT 58
OFFSET -1.108079 2.418709 55.273094
BONES 1
BONE 4 1.000000

VERT 59
OFFSET -0.750511 2.824914 56.208939
BONES 1
BONE 4 1.000000

VERT 60
OFFSET -0.692518 2.647075 56.066708
BONES 1
BONE 4 1.000000

VERT 61
OFFSET -0.423470 0.822154 55.734978
BONES 1
BONE 4 1.000000

VERT 62
OFFSET -0.435570 0.819805 55.697220
BONES 1
BONE 4 1.000000

VERT 63
OFFSET -0.362575 1.083660 56.032463
BONES 1
BONE 4 1.000000

VERT 64
OFFSET -0.774081 2.605123 55.831043
BONES 1
BONE 4 1.000000

VERT 65
OFFSET -0.490477 0.887286 55.623535
BONES 1
BONE 4 1.000000

VERT 66
OFFSET -0.487377 0.862932 55.617702
BONES 1
BONE 4 1.000000

VERT 67
OFFSET -0.680403 1.973538 56.247921
BONES 1
BONE 4 1.000000

VERT 68
OFFSET -0.849938 2.410753 55.939911
BONES 1
BONE 4 1.000000

VERT 69
OFFSET -0.923786 2.895270 55.929028
BONES 1
BONE 4 1.000000

VERT 70
OFFSET -1.057735 2.842678 55.796368
BONES 1
BONE 4 1.000000

VERT 71
OFFSET -1.230278 2.688618 55.790390
BONES 1
BONE 4 1.000000

VERT 72
OFFSET -0.952884 3.114690 56.041096
BONES 1
BONE 4 1.000000

VERT 73
OFFSET -0.518818 -0.862595 55.504833
BONES 1
BONE 4 1.000000

VERT 74
OFFSET -0.476579 -0.900634 55.615219
BONES 1
BONE 4 1.000000

VERT 75
OFFSET -0.531648 -0.863905 55.517059
BONES 1
BONE 4 1.000000

VERT 76
OFFSET -0.695184 -1.824990 55.963390
BONES 1
BONE 4 1.000000

VERT 77
OFFSET -0.901246 -2.865263 55.701817
BONES 1
BONE 4 1.000000

VERT 78
OFFSET -0.665685 -2.282657 55.981991
BONES 1
BONE 4 1.000000

VERT 79
OFFSET -0.898806 -2.853510 55.815216
BONES 1
BONE 4 1.000000

VERT 80
OFFSET -0.356927 -1.211280 56.112511
BONES 1
BONE 4 1.000000

VERT 81
OFFSET -0.755056 -2.626880 56.049683
BONES 1
BONE 4 1.000000

VERT 82
OFFSET -1.056816 -3.232608 55.848835
BONES 1
BONE 4 1.000000

VERT 83
OFFSET -0.571482 -0.847406 55.634701
BONES 1
BONE 4 1.000000

VERT 84
OFFSET -0.407107 -1.280173 55.931751
BONES 1
BONE 4 1.000000

VERT 85
OFFSET -0.993074 -2.950159 55.757484
BONES 1
BONE 4 1.000000

VERT 86
OFFSET -1.040448 -2.476193 55.277088
BONES 1
BONE 4 1.000000

VERT 87
OFFSET -0.998109 -2.267221 55.002754
BONES 1
BONE 4 1.000000

VERT 88
OFFSET -0.775056 -2.651908 56.132820
BONES 1
BONE 4 1.000000

VERT 89
OFFSET -0.691646 -2.655748 56.081566
BONES 1
BONE 4 1.000000

VERT 90
OFFSET -0.948830 -2.833309 56.067616
BONES 1
BONE 4 1.000000

VERT 91
OFFSET -0.345580 -0.734624 55.707981
BONES 1
BONE 4 1.000000

VERT 92
OFFSET -0.593310 -1.358124 55.908039
BONES 1
BONE 4 1.000000

VERT 93
OFFSET -0.174774 -0.887248 56.124008
BONES 1
BONE 4 1.000000

VERT 94
OFFSET -0.494322 -0.927871 55.735600
BONES 1
BONE 4 1.000000

VERT 95
OFFSET -0.321609 -0.720698 55.702366
BONES 1
BONE 4 1.000000

VERT 96
OFFSET -0.499779 -0.786632 55.752579
BONES 1
BONE 4 1.000000

VERT 97
OFFSET -0.950147 -2.908968 55.896152
BONES 1
BONE 4 1.000000

VERT 98
OFFSET -1.030418 -3.102307 55.836014
BONES 1
BONE 4 1.000000

VERT 99
OFFSET -0.356754 -1.277791 56.135864
BONES 1
BONE 4 1.000000

VERT 100
OFFSET -0.405708 -1.109557 56.054203
BONES 1
BONE 4 1.000000

VERT 101
OFFSET -1.047124 -2.519121 55.847141
BONES 1
BONE 4 1.000000

VERT 102
OFFSET -0.499878 -0.902912 55.634499
BONES 1
BONE 4 1.000000

VERT 103
OFFSET -0.435797 -1.286907 56.235378
BONES 1
BONE 4 1.000000

VERT 104
OFFSET -0.717823 -1.834454 55.998127
BONES 1
BONE 4 1.000000

VERT 105
OFFSET -0.970207 -2.764215 55.949406
BONES 1
BONE 4 1.000000

VERT 106
OFFSET -1.082536 -2.866413 55.775764
BONES 1
BONE 4 1.000000

VERT 107
OFFSET -1.115134 -2.831367 55.803909
BONES 1
BONE 4 1.000000

VERT 108
OFFSET -0.417657 -1.127944 56.137573
BONES 1
BONE 4 1.000000

VERT 109
OFFSET -0.733295 -1.556703 56.068943
BONES 1
BONE 4 1.000000

VERT 110
OFFSET -0.966059 -3.090496 56.040924
BONES 1
BONE 4 1.000000

VERT 111
OFFSET -0.894287 -2.840721 55.923252
BONES 1
BONE 4 1.000000

VERT 112
OFFSET -0.518818 -0.862595 55.504833
BONES 1
BONE 4 1.000000

VERT 113
OFFSET -0.537175 -0.834245 55.520092
BONES 1
BONE 4 1.000000

VERT 114
OFFSET -0.420096 -1.010549 55.689575
BONES 1
BONE 4 1.000000

VERT 115
OFFSET -0.892533 -2.806376 55.743576
BONES 1
BONE 4 1.000000

VERT 116
OFFSET -0.847161 -2.510715 55.775543
BONES 1
BONE 4 1.000000

VERT 117
OFFSET -1.072837 -2.929469 55.789879
BONES 1
BONE 4 1.000000

VERT 118
OFFSET -0.875417 -2.855178 55.784283
BONES 1
BONE 4 1.000000

VERT 119
OFFSET -0.494008 -1.753846 56.194202
BONES 1
BONE 4 1.000000

VERT 120
OFFSET -0.517481 -0.939424 55.620304
BONES 1
BONE 4 1.000000

VERT 121
OFFSET -0.565150 -1.124855 55.798664
BONES 1
BONE 4 1.000000

VERT 122
OFFSET -0.659055 -2.240913 55.980698
BONES 1
BONE 4 1.000000

VERT 123
OFFSET -1.036306 -2.982244 55.760529
BONES 1
BONE 4 1.000000

VERT 124
OFFSET -1.108078 -2.418708 55.273094
BONES 1
BONE 4 1.000000

VERT 125
OFFSET -0.750510 -2.824913 56.208939
BONES 1
BONE 4 1.000000

VERT 126
OFFSET -0.692517 -2.647074 56.066708
BONES 1
BONE 4 1.000000

VERT 127
OFFSET -0.423469 -0.822152 55.734978
BONES 1
BONE 4 1.000000

VERT 128
OFFSET -0.435569 -0.819803 55.697220
BONES 1
BONE 4 1.000000

VERT 129
OFFSET -0.362575 -1.083659 56.032463
BONES 1
BONE 4 1.000000

VERT 130
OFFSET -0.774080 -2.605122 55.831043
BONES 1
BONE 4 1.000000

VERT 131
OFFSET -0.490476 -0.887285 55.623535
BONES 1
BONE 4 1.000000

VERT 132
OFFSET -0.487377 -0.862931 55.617702
BONES 1
BONE 4 1.000000

VERT 133
OFFSET -0.680402 -1.973536 56.247921
BONES 1
BONE 4 1.000000

VERT 134
OFFSET -0.849937 -2.410752 55.939911
BONES 1
BONE 4 1.000000

VERT 135
OFFSET -0.923785 -2.895268 55.929028
BONES 1
BONE 4 1.000000

VERT 136
OFFSET -1.057734 -2.842677 55.796368
BONES 1
BONE 4 1.000000

VERT 137
OFFSET -1.230277 -2.688617 55.790390
BONES 1
BONE 4 1.000000

VERT 138
OFFSET -0.952883 -3.114689 56.041096
BONES 1
BONE 4 1.000000

VERT 139
OFFSET -0.271372 1.124231 56.222588
BONES 1
BONE 4 1.000000

VERT 140
OFFSET -0.282465 1.353620 56.387035
BONES 1
BONE 4 1.000000

VERT 141
OFFSET -0.317198 1.467937 56.372070
BONES 1
BONE 4 1.000000

VERT 142
OFFSET -0.275241 1.061270 56.172062
BONES 1
BONE 4 1.000000

VERT 143
OFFSET -0.274377 1.059430 56.176132
BONES 1
BONE 4 1.000000

VERT 144
OFFSET -0.511193 2.025070 56.366081
BONES 1
BONE 4 1.000000

VERT 145
OFFSET -0.330591 1.544902 56.362133
BONES 1
BONE 4 1.000000

VERT 146
OFFSET -0.275309 1.076550 56.177494
BONES 1
BONE 4 1.000000

VERT 147
OFFSET -0.315155 1.444335 56.369305
BONES 1
BONE 4 1.000000

VERT 148
OFFSET -0.413758 1.724728 56.387028
BONES 1
BONE 4 1.000000

VERT 149
OFFSET -0.271371 -1.124229 56.222588
BONES 1
BONE 4 1.000000

VERT 150
OFFSET -0.282464 -1.353619 56.387035
BONES 1
BONE 4 1.000000

VERT 151
OFFSET -0.317197 -1.467936 56.372070
BONES 1
BONE 4 1.000000

VERT 152
OFFSET -0.275240 -1.061269 56.172062
BONES 1
BONE 4 1.000000

VERT 153
OFFSET -0.274376 -1.059429 56.176132
BONES 1
BONE 4 1.000000

VERT 154
OFFSET -0.511193 -2.025071 56.366081
BONES 1
BONE 4 1.000000

VERT 155
OFFSET -0.330591 -1.544900 56.362133
BONES 1
BONE 4 1.000000

VERT 156
OFFSET -0.275309 -1.076549 56.177494
BONES 1
BONE 4 1.000000

VERT 157
OFFSET -0.315155 -1.444333 56.369305
BONES 1
BONE 4 1.000000

VERT 158
OFFSET -0.413758 -1.724727 56.387028
BONES 1
BONE 4 1.000000

VERT 159
OFFSET 0.260229 0.884823 56.958893
BONES 3
BONE 5 0.218493
BONE 7 0.031507
BONE 4 0.750000

VERT 160
OFFSET 0.333424 0.907259 56.961617
BONES 3
BONE 4 0.750000
BONE 7 0.031539
BONE 5 0.218461

VERT 161
OFFSET -0.456999 2.584752 57.132259
BONES 3
BONE 5 0.039342
BONE 7 0.210658
BONE 4 0.750000

VERT 162
OFFSET 0.072753 1.788516 56.993721
BONES 3
BONE 4 0.750000
BONE 7 0.081394
BONE 5 0.168606

VERT 163
OFFSET -0.019869 1.751476 57.072163
BONES 3
BONE 4 0.750000
BONE 7 0.075587
BONE 5 0.174413

VERT 164
OFFSET 0.039674 1.769953 57.127594
BONES 3
BONE 4 0.750000
BONE 7 0.086548
BONE 5 0.163452

VERT 165
OFFSET -0.156323 2.145921 57.206207
BONES 3
BONE 5 0.099204
BONE 7 0.150796
BONE 4 0.750000

VERT 166
OFFSET 0.314579 0.916207 56.937923
BONES 3
BONE 5 0.218483
BONE 7 0.031517
BONE 4 0.750000

VERT 167
OFFSET -0.565315 2.701967 57.129475
BONES 3
BONE 4 0.750000
BONE 7 0.212509
BONE 5 0.037491

VERT 168
OFFSET -0.624796 2.749619 57.118843
BONES 3
BONE 5 0.040823
BONE 7 0.209177
BONE 4 0.750000

VERT 169
OFFSET 0.260229 -0.884822 56.958893
BONES 3
BONE 6 0.218579
BONE 8 0.031421
BONE 4 0.750000

VERT 170
OFFSET 0.333424 -0.907257 56.961617
BONES 3
BONE 4 0.750000
BONE 8 0.031441
BONE 6 0.218559

VERT 171
OFFSET -0.456998 -2.584751 57.132259
BONES 3
BONE 6 0.040997
BONE 8 0.209003
BONE 4 0.750000

VERT 172
OFFSET 0.072753 -1.788517 56.993721
BONES 3
BONE 4 0.750000
BONE 8 0.084181
BONE 6 0.165819

VERT 173
OFFSET -0.019870 -1.751476 57.072163
BONES 3
BONE 4 0.750000
BONE 8 0.078174
BONE 6 0.171826

VERT 174
OFFSET 0.039675 -1.769950 57.127594
BONES 3
BONE 4 0.750000
BONE 8 0.088307
BONE 6 0.161693

VERT 175
OFFSET -0.156323 -2.145921 57.206207
BONES 3
BONE 6 0.099688
BONE 8 0.150312
BONE 4 0.750000

VERT 176
OFFSET 0.314579 -0.916205 56.937923
BONES 3
BONE 6 0.218567
BONE 8 0.031433
BONE 4 0.750000

VERT 177
OFFSET -0.565314 -2.701965 57.129475
BONES 3
BONE 4 0.750000
BONE 8 0.211880
BONE 6 0.038120

VERT 178
OFFSET -0.624796 -2.749620 57.118843
BONES 3
BONE 6 0.041924
BONE 8 0.208076
BONE 4 0.750000

VERT 179
OFFSET -0.915667 1.626180 55.623631
BONES 2
BONE 4 0.500000
BONE 17 0.500000

VERT 180
OFFSET -1.073669 2.159272 55.201607
BONES 2
BONE 4 0.500000
BONE 17 0.500000

VERT 181
OFFSET -0.882209 1.308373 54.907101
BONES 2
BONE 17 0.500000
BONE 4 0.500000

VERT 182
OFFSET -0.842930 2.143356 56.093533
BONES 2
BONE 4 0.500000
BONE 17 0.500000

VERT 183
OFFSET -0.637035 1.199509 55.943935
BONES 2
BONE 4 0.500000
BONE 17 0.500000

VERT 184
OFFSET -0.949970 2.251622 55.780479
BONES 2
BONE 17 0.500000
BONE 4 0.500000

VERT 185
OFFSET -0.745236 1.808505 56.193127
BONES 2
BONE 4 0.500000
BONE 17 0.500000

VERT 186
OFFSET -0.679951 1.281667 56.068619
BONES 2
BONE 17 0.500000
BONE 4 0.500000

VERT 187
OFFSET -0.729274 1.086638 55.496563
BONES 2
BONE 4 0.500000
BONE 17 0.500000

VERT 188
OFFSET -0.908256 1.303719 54.916908
BONES 2
BONE 4 0.500000
BONE 17 0.500000

VERT 189
OFFSET -1.003951 1.758292 54.855759
BONES 2
BONE 4 0.500000
BONE 17 0.500000

VERT 190
OFFSET -1.131433 2.160566 55.219917
BONES 2
BONE 17 0.500000
BONE 4 0.500000

VERT 191
OFFSET -0.896254 2.222176 56.002113
BONES 2
BONE 4 0.500000
BONE 17 0.500000

VERT 192
OFFSET -0.727474 1.590809 56.189671
BONES 2
BONE 4 0.500000
BONE 17 0.500000

VERT 193
OFFSET -0.772885 1.117656 55.334812
BONES 2
BONE 4 0.500000
BONE 17 0.500000

VERT 194
OFFSET -1.060608 1.750141 54.861805
BONES 2
BONE 4 0.500000
BONE 17 0.500000

VERT 195
OFFSET -0.915669 -1.626182 55.623627
BONES 2
BONE 4 0.500000
BONE 18 0.500000

VERT 196
OFFSET -1.073669 -2.159271 55.201611
BONES 2
BONE 4 0.500000
BONE 18 0.500000

VERT 197
OFFSET -0.882206 -1.308375 54.907101
BONES 2
BONE 18 0.500000
BONE 4 0.500000

VERT 198
OFFSET -0.842929 -2.143358 56.093533
BONES 2
BONE 4 0.500000
BONE 18 0.500000

VERT 199
OFFSET -0.637035 -1.199509 55.943943
BONES 2
BONE 4 0.500000
BONE 18 0.500000

VERT 200
OFFSET -0.949969 -2.251621 55.780483
BONES 2
BONE 18 0.500000
BONE 4 0.500000

VERT 201
OFFSET -0.745235 -1.808503 56.193127
BONES 2
BONE 4 0.500000
BONE 18 0.500000

VERT 202
OFFSET -0.679952 -1.281662 56.068619
BONES 2
BONE 18 0.500000
BONE 4 0.500000

VERT 203
OFFSET -0.729272 -1.086637 55.496563
BONES 2
BONE 4 0.500000
BONE 18 0.500000

VERT 204
OFFSET -0.908256 -1.303723 54.916908
BONES 2
BONE 4 0.500000
BONE 18 0.500000

VERT 205
OFFSET -1.003949 -1.758286 54.855755
BONES 2
BONE 4 0.500000
BONE 18 0.500000

VERT 206
OFFSET -1.131433 -2.160565 55.219921
BONES 2
BONE 18 0.500000
BONE 4 0.500000

VERT 207
OFFSET -0.896253 -2.222174 56.002117
BONES 2
BONE 4 0.500000
BONE 18 0.500000

VERT 208
OFFSET -0.727474 -1.590810 56.189671
BONES 2
BONE 4 0.500000
BONE 18 0.500000

VERT 209
OFFSET -0.772884 -1.117655 55.334816
BONES 2
BONE 4 0.500000
BONE 18 0.500000

VERT 210
OFFSET -1.060612 -1.750132 54.861805
BONES 2
BONE 4 0.500000
BONE 18 0.500000

VERT 211
OFFSET -0.683910 1.146949 55.436676
BONES 2
BONE 17 0.500000
BONE 4 0.500000

VERT 212
OFFSET -0.626057 1.102459 55.581017
BONES 2
BONE 4 0.500000
BONE 17 0.500000

VERT 213
OFFSET -0.678487 1.312853 55.658127
BONES 2
BONE 17 0.500000
BONE 4 0.500000

VERT 214
OFFSET -0.750032 1.401201 55.520344
BONES 2
BONE 4 0.500000
BONE 17 0.500000

VERT 215
OFFSET -0.762980 1.346765 55.411606
BONES 2
BONE 4 0.500000
BONE 17 0.500000

VERT 216
OFFSET -0.743651 1.343525 55.489056
BONES 2
BONE 17 0.500000
BONE 4 0.500000

VERT 217
OFFSET -0.777789 1.425493 55.457478
BONES 2
BONE 4 0.500000
BONE 17 0.500000

VERT 218
OFFSET -0.923834 1.919030 55.463715
BONES 2
BONE 4 0.500000
BONE 17 0.500000

VERT 219
OFFSET -0.936276 2.003814 55.379261
BONES 2
BONE 4 0.500000
BONE 17 0.500000

VERT 220
OFFSET -0.950972 2.276075 55.404476
BONES 2
BONE 4 0.500000
BONE 17 0.500000

VERT 221
OFFSET -0.939689 -2.199400 55.436680
BONES 2
BONE 18 0.500000
BONE 4 0.500000

VERT 222
OFFSET -0.910095 -2.266111 55.581017
BONES 2
BONE 4 0.500000
BONE 18 0.500000

VERT 223
OFFSET -0.876426 -1.944423 55.520348
BONES 2
BONE 4 0.500000
BONE 18 0.500000

VERT 224
OFFSET -0.855734 -2.056209 55.658131
BONES 2
BONE 18 0.500000
BONE 4 0.500000

VERT 225
OFFSET -0.913786 -1.986079 55.411610
BONES 2
BONE 18 0.500000
BONE 4 0.500000

VERT 226
OFFSET -0.898364 -1.998143 55.489059
BONES 2
BONE 4 0.500000
BONE 18 0.500000

VERT 227
OFFSET -0.889221 -1.909826 55.457478
BONES 2
BONE 4 0.500000
BONE 18 0.500000

VERT 228
OFFSET -0.781954 -1.406434 55.463718
BONES 2
BONE 4 0.500000
BONE 18 0.500000

VERT 229
OFFSET -0.752423 -1.326019 55.379269
BONES 2
BONE 18 0.500000
BONE 4 0.500000

VERT 230
OFFSET -0.635357 -1.079743 55.404476
BONES 2
BONE 4 0.500000
BONE 18 0.500000

VERT 231
OFFSET -0.682980 1.009684 55.057072
BONES 1
BONE 4 1.000000

VERT 232
OFFSET -1.047172 2.328383 55.092422
BONES 1
BONE 4 1.000000

VERT 233
OFFSET -1.000681 2.773891 55.849365
BONES 1
BONE 4 1.000000

VERT 234
OFFSET -0.491333 1.007017 55.868187
BONES 1
BONE 4 1.000000

VERT 235
OFFSET -4.805948 0.410316 60.208488
BONES 1
BONE 4 1.000000

VERT 236
OFFSET -4.822920 -0.000000 52.725132
BONES 3
BONE 1 0.001932
BONE 3 0.011762
BONE 4 0.986306

VERT 237
OFFSET -4.578556 0.603152 52.708084
BONES 3
BONE 3 0.012988
BONE 1 0.002650
BONE 4 0.984362

VERT 238
OFFSET -4.148332 1.087166 52.886421
BONES 3
BONE 1 0.000001
BONE 4 0.997941
BONE 3 0.002058

VERT 239
OFFSET -3.893736 1.824106 53.358711
BONES 1
BONE 4 1.000000

VERT 240
OFFSET -4.131470 3.273956 56.290672
BONES 1
BONE 4 1.000000

VERT 241
OFFSET -0.403768 2.365201 58.504242
BONES 1
BONE 4 1.000000

VERT 242
OFFSET -3.218312 2.313185 53.240376
BONES 1
BONE 4 1.000000

VERT 243
OFFSET -3.218692 2.058687 59.932278
BONES 1
BONE 4 1.000000

VERT 244
OFFSET -1.953648 2.949628 54.807114
BONES 1
BONE 4 1.000000

VERT 245
OFFSET -4.566007 2.369043 59.166634
BONES 1
BONE 4 1.000000

VERT 246
OFFSET -1.587402 3.499826 57.325329
BONES 1
BONE 4 1.000000

VERT 247
OFFSET -1.976138 3.481749 56.050568
BONES 1
BONE 4 1.000000

VERT 248
OFFSET -3.843825 1.043018 52.359482
BONES 3
BONE 4 0.549507
BONE 1 0.063368
BONE 3 0.387125

VERT 249
OFFSET -4.694531 0.404277 51.875576
BONES 3
BONE 1 0.400000
BONE 4 0.200000
BONE 3 0.400000

VERT 250
OFFSET -3.513352 1.081936 51.612942
BONES 3
BONE 1 0.396010
BONE 4 0.201517
BONE 3 0.402473

VERT 251
OFFSET -0.570282 1.489758 56.062485
BONES 1
BONE 4 1.000000

VERT 252
OFFSET -0.092784 0.820144 54.057308
BONES 1
BONE 4 1.000000

VERT 253
OFFSET -0.412029 2.006015 54.018673
BONES 1
BONE 4 1.000000

VERT 254
OFFSET -0.306584 2.392449 57.202942
BONES 1
BONE 4 1.000000

VERT 255
OFFSET -1.015102 2.286272 55.019367
BONES 1
BONE 4 1.000000

VERT 256
OFFSET 0.001146 -0.009732 53.256397
BONES 4
BONE 30 0.005265
BONE 4 0.768348
BONE 27 0.106490
BONE 28 0.119896

VERT 257
OFFSET -0.316766 0.488509 53.074383
BONES 4
BONE 27 0.021128
BONE 4 0.762855
BONE 29 0.211143
BONE 23 0.004873

VERT 258
OFFSET -0.681433 2.286291 53.552330
BONES 2
BONE 4 0.997507
BONE 29 0.002493

VERT 259
OFFSET -1.320614 2.120964 52.848991
BONES 1
BONE 4 1.000000

VERT 260
OFFSET -0.997736 2.778381 55.801819
BONES 1
BONE 4 1.000000

VERT 261
OFFSET -1.193705 3.079481 55.826496
BONES 1
BONE 4 1.000000

VERT 262
OFFSET -2.271529 2.684932 53.769447
BONES 1
BONE 4 1.000000

VERT 263
OFFSET -0.540029 0.869109 55.451275
BONES 1
BONE 4 1.000000

VERT 264
OFFSET -2.879630 0.933237 52.433372
BONES 3
BONE 3 0.178446
BONE 1 0.023680
BONE 4 0.797874

VERT 265
OFFSET -3.216789 3.071708 55.373829
BONES 1
BONE 4 1.000000

VERT 266
OFFSET -0.696101 1.086098 55.010380
BONES 1
BONE 4 1.000000

VERT 267
OFFSET -0.881231 2.498698 55.979473
BONES 1
BONE 4 1.000000

VERT 268
OFFSET -3.724509 2.464723 54.325661
BONES 1
BONE 4 1.000000

VERT 269
OFFSET -0.682980 -1.009683 55.057072
BONES 1
BONE 4 1.000000

VERT 270
OFFSET -1.047171 -2.328382 55.092422
BONES 1
BONE 4 1.000000

VERT 271
OFFSET -1.000680 -2.773891 55.849365
BONES 1
BONE 4 1.000000

VERT 272
OFFSET -0.491333 -1.007015 55.868187
BONES 1
BONE 4 1.000000

VERT 273
OFFSET -4.578555 -0.603153 52.708084
BONES 3
BONE 3 0.012988
BONE 1 0.002650
BONE 4 0.984362

VERT 274
OFFSET -4.156694 -1.009323 52.875618
BONES 3
BONE 3 0.020268
BONE 1 0.002273
BONE 4 0.977459

VERT 275
OFFSET -3.893735 -1.824106 53.358711
BONES 1
BONE 4 1.000000

VERT 276
OFFSET -4.131469 -3.273955 56.290672
BONES 1
BONE 4 1.000000

VERT 277
OFFSET -0.264811 -2.156296 58.716045
BONES 1
BONE 4 1.000000

VERT 278
OFFSET -3.218692 -2.058688 59.932278
BONES 1
BONE 4 1.000000

VERT 279
OFFSET -4.605750 -2.207550 59.475609
BONES 1
BONE 4 1.000000

VERT 280
OFFSET -1.953648 -2.949627 54.807114
BONES 1
BONE 4 1.000000

VERT 281
OFFSET -1.976137 -3.481748 56.050568
BONES 1
BONE 4 1.000000

VERT 282
OFFSET -1.196755 -2.072390 52.829514
BONES 1
BONE 4 1.000000

VERT 283
OFFSET -2.255616 -0.128335 52.149841
BONES 3
BONE 3 0.182933
BONE 1 0.021788
BONE 4 0.795279

VERT 284
OFFSET -3.082367 -1.021113 52.516392
BONES 3
BONE 4 0.823047
BONE 1 0.018785
BONE 3 0.158169

VERT 285
OFFSET -4.570502 -0.600197 51.849525
BONES 3
BONE 3 0.400000
BONE 4 0.200000
BONE 1 0.400000

VERT 286
OFFSET -2.381673 0.000000 51.354721
BONES 3
BONE 1 0.400000
BONE 4 0.200000
BONE 3 0.400000

VERT 287
OFFSET -3.513352 -1.081936 51.612942
BONES 3
BONE 1 0.396010
BONE 4 0.201517
BONE 3 0.402473

VERT 288
OFFSET -0.560906 -1.323276 56.008430
BONES 1
BONE 4 1.000000

VERT 289
OFFSET -0.100864 -0.827851 53.995232
BONES 1
BONE 4 1.000000

VERT 290
OFFSET -0.412029 -2.006014 54.018673
BONES 1
BONE 4 1.000000

VERT 291
OFFSET 0.552886 -0.007490 57.433823
BONES 1
BONE 4 1.000000

VERT 292
OFFSET -0.306585 -2.392450 57.202942
BONES 1
BONE 4 1.000000

VERT 293
OFFSET -1.587401 -3.499826 57.325329
BONES 1
BONE 4 1.000000

VERT 294
OFFSET -0.040408 0.003049 54.925125
BONES 1
BONE 4 1.000000

VERT 295
OFFSET -1.015101 -2.286271 55.019367
BONES 1
BONE 4 1.000000

VERT 296
OFFSET 0.570507 0.016528 54.314762
BONES 1
BONE 4 1.000000

VERT 297
OFFSET -0.693157 -2.296380 53.559662
BONES 1
BONE 4 1.000000

VERT 298
OFFSET -1.244839 -2.985808 55.528774
BONES 1
BONE 4 1.000000

VERT 299
OFFSET -2.271528 -2.684932 53.769447
BONES 1
BONE 4 1.000000

VERT 300
OFFSET -0.540029 -0.869108 55.451275
BONES 1
BONE 4 1.000000

VERT 301
OFFSET -0.058279 0.000052 55.798664
BONES 1
BONE 4 1.000000

VERT 302
OFFSET -3.216785 -3.071708 55.373825
BONES 1
BONE 4 1.000000

VERT 303
OFFSET -0.696101 -1.086097 55.010380
BONES 1
BONE 4 1.000000

VERT 304
OFFSET -0.288291 0.000001 53.017281
BONES 5
BONE 29 0.002721
BONE 4 0.717255
BONE 23 0.137096
BONE 24 0.140423
BONE 30 0.002504

VERT 305
OFFSET -0.175544 -0.015428 52.986950
BONES 3
BONE 4 0.707298
BONE 23 0.150363
BONE 24 0.142340

VERT 306
OFFSET -0.835447 0.018760 51.870857
BONES 3
BONE 23 0.000023
BONE 24 0.000064
BONE 4 0.999913

VERT 307
OFFSET -0.228892 0.000001 53.062790
BONES 3
BONE 4 0.722374
BONE 28 0.141883
BONE 27 0.135743

VERT 308
OFFSET -0.316383 -0.488177 53.073910
BONES 4
BONE 24 0.004923
BONE 4 0.769718
BONE 30 0.210308
BONE 28 0.015051

VERT 309
OFFSET -3.218312 -2.313185 53.240376
BONES 1
BONE 4 1.000000

VERT 310
OFFSET -0.968235 -2.795495 55.820820
BONES 1
BONE 4 1.000000

VERT 311
OFFSET -0.688788 -1.962821 56.078777
BONES 1
BONE 4 1.000000

VERT 312
OFFSET -3.724508 -2.464723 54.325661
BONES 1
BONE 4 1.000000

VERT 313
OFFSET -3.653396 3.055163 54.041409
BONES 1
BONE 4 1.000000

VERT 314
OFFSET -3.861550 3.817169 55.991489
BONES 1
BONE 4 1.000000

VERT 315
OFFSET -3.260117 3.179193 55.076683
BONES 1
BONE 4 1.000000

VERT 316
OFFSET -2.993856 2.814782 54.290821
BONES 1
BONE 4 1.000000

VERT 317
OFFSET -4.298106 3.539220 54.739773
BONES 1
BONE 4 1.000000

VERT 318
OFFSET -2.921051 2.628149 53.977715
BONES 1
BONE 4 1.000000

VERT 319
OFFSET -3.653396 -3.055164 54.041409
BONES 1
BONE 4 1.000000

VERT 320
OFFSET -3.861549 -3.817169 55.991489
BONES 1
BONE 4 1.000000

VERT 321
OFFSET -2.920195 -3.262028 55.761013
BONES 1
BONE 4 1.000000

VERT 322
OFFSET -3.260116 -3.179192 55.076683
BONES 1
BONE 4 1.000000

VERT 323
OFFSET -2.993855 -2.814781 54.290821
BONES 1
BONE 4 1.000000

VERT 324
OFFSET -4.298105 -3.539220 54.739773
BONES 1
BONE 4 1.000000

VERT 325
OFFSET -2.032105 1.652650 55.553955
BONES 1
BONE 4 1.000000

VERT 326
OFFSET -1.133319 0.842680 55.946598
BONES 1
BONE 4 1.000000

VERT 327
OFFSET -1.337935 0.920549 54.961578
BONES 1
BONE 4 1.000000

VERT 328
OFFSET -1.674678 2.066251 54.845821
BONES 1
BONE 4 1.000000

VERT 329
OFFSET -1.657407 2.793747 56.028652
BONES 1
BONE 4 1.000000

VERT 330
OFFSET -2.032104 -1.652649 55.553955
BONES 1
BONE 4 1.000000

VERT 331
OFFSET -1.133318 -0.842679 55.946598
BONES 1
BONE 4 1.000000

VERT 332
OFFSET -1.337935 -0.920548 54.961578
BONES 1
BONE 4 1.000000

VERT 333
OFFSET -1.674677 -2.066250 54.845821
BONES 1
BONE 4 1.000000

VERT 334
OFFSET -1.657406 -2.793746 56.028652
BONES 1
BONE 4 1.000000

VERT 335
OFFSET -0.505161 0.970341 55.756771
BONES 1
BONE 4 1.000000

VERT 336
OFFSET -0.813389 1.576543 54.884922
BONES 1
BONE 4 1.000000

VERT 337
OFFSET 0.349690 0.209026 59.245205
BONES 1
BONE 4 1.000000

VERT 338
OFFSET -2.897431 0.000000 60.488251
BONES 1
BONE 4 1.000000

VERT 339
OFFSET -2.794655 2.965050 55.113735
BONES 1
BONE 4 1.000000

VERT 340
OFFSET -2.772995 2.835284 54.667622
BONES 1
BONE 4 1.000000

VERT 341
OFFSET -2.757616 2.709724 54.241276
BONES 1
BONE 4 1.000000

VERT 342
OFFSET -0.505160 -0.970340 55.756771
BONES 1
BONE 4 1.000000

VERT 343
OFFSET -0.813387 -1.576542 54.884922
BONES 1
BONE 4 1.000000

VERT 344
OFFSET -2.794654 -2.965050 55.113735
BONES 1
BONE 4 1.000000

VERT 345
OFFSET -2.772994 -2.835284 54.667622
BONES 1
BONE 4 1.000000

VERT 346
OFFSET -2.757615 -2.709724 54.241276
BONES 1
BONE 4 1.000000

VERT 347
OFFSET -2.920196 3.262028 55.761009
BONES 1
BONE 4 1.000000

VERT 348
OFFSET -3.547986 2.757730 55.083328
BONES 1
BONE 4 1.000000

VERT 349
OFFSET -3.547985 -2.757730 55.083328
BONES 1
BONE 4 1.000000

VERT 350
OFFSET -2.921049 -2.628148 53.977715
BONES 1
BONE 4 1.000000

VERT 351
OFFSET -0.528707 0.424197 53.132542
BONES 3
BONE 24 0.200000
BONE 23 0.200000
BONE 4 0.600000

VERT 352
OFFSET -0.710499 -0.527233 52.874084
BONES 3
BONE 4 0.600000
BONE 23 0.200000
BONE 24 0.200000

VERT 353
OFFSET -0.820998 -0.447758 52.905090
BONES 3
BONE 4 0.600000
BONE 23 0.200000
BONE 24 0.200000

VERT 354
OFFSET -0.614347 0.454971 52.852394
BONES 3
BONE 4 0.600000
BONE 23 0.200000
BONE 24 0.200000

VERT 355
OFFSET -0.750717 0.399446 52.887936
BONES 3
BONE 4 0.600000
BONE 23 0.200000
BONE 24 0.200000

VERT 356
OFFSET -1.480000 0.740483 53.216118
BONES 3
BONE 4 0.600000
BONE 23 0.200000
BONE 24 0.200000

VERT 357
OFFSET -1.479999 -0.735560 53.216114
BONES 3
BONE 4 0.600000
BONE 23 0.200000
BONE 24 0.200000

VERT 358
OFFSET -0.568287 -0.458063 53.146587
BONES 3
BONE 4 0.600000
BONE 23 0.200000
BONE 24 0.200000

VERT 359
OFFSET -0.401954 0.495971 53.401279
BONES 3
BONE 4 0.600000
BONE 27 0.200000
BONE 28 0.200000

VERT 360
OFFSET -0.603051 0.487993 53.449097
BONES 3
BONE 28 0.200000
BONE 27 0.200000
BONE 4 0.600000

VERT 361
OFFSET -0.493376 -0.573790 53.429234
BONES 3
BONE 4 0.600000
BONE 27 0.200000
BONE 28 0.200000

VERT 362
OFFSET -0.537389 -0.429631 53.431248
BONES 3
BONE 4 0.600000
BONE 27 0.200000
BONE 28 0.200000

VERT 363
OFFSET -0.509301 0.415934 53.125202
BONES 3
BONE 28 0.200000
BONE 27 0.200000
BONE 4 0.600000

VERT 364
OFFSET -1.388099 0.807444 53.464367
BONES 3
BONE 4 0.600000
BONE 27 0.200000
BONE 28 0.200000

VERT 365
OFFSET -1.388098 -0.802520 53.464367
BONES 3
BONE 4 0.600000
BONE 27 0.200000
BONE 28 0.200000

VERT 366
OFFSET -0.542843 -0.442410 53.132603
BONES 3
BONE 28 0.200000
BONE 27 0.200000
BONE 4 0.600000

VERT 367
OFFSET -0.482019 -0.018185 52.751282
BONES 1
BONE 4 1.000000

VERT 368
OFFSET -0.437101 0.008853 52.721821
BONES 1
BONE 4 1.000000

VERT 369
OFFSET -2.234255 -0.012160 53.179245
BONES 1
BONE 4 1.000000

VERT 370
OFFSET -2.395405 0.011209 53.173553
BONES 1
BONE 4 1.000000

VERT 371
OFFSET -0.818127 0.001838 53.266609
BONES 1
BONE 4 1.000000

VERT 372
OFFSET -1.042662 -0.000620 53.042374
BONES 1
BONE 4 1.000000

VERT 373
OFFSET -0.794191 0.338722 53.274761
BONES 1
BONE 4 1.000000

VERT 374
OFFSET -0.650926 0.397374 52.946995
BONES 1
BONE 4 1.000000

VERT 375
OFFSET -2.239195 -0.004171 53.451653
BONES 1
BONE 4 1.000000

VERT 376
OFFSET -2.234255 0.012160 53.179245
BONES 1
BONE 4 1.000000

VERT 377
OFFSET -1.143370 0.534706 53.228001
BONES 1
BONE 4 1.000000

VERT 378
OFFSET -0.660061 0.440504 52.953609
BONES 1
BONE 4 1.000000

VERT 379
OFFSET -0.975652 0.490069 53.215801
BONES 1
BONE 4 1.000000

VERT 380
OFFSET -1.042663 0.000621 53.042374
BONES 1
BONE 4 1.000000

VERT 381
OFFSET -2.305502 0.470599 53.194836
BONES 1
BONE 4 1.000000

VERT 382
OFFSET -0.818127 -0.001837 53.266609
BONES 1
BONE 4 1.000000

VERT 383
OFFSET -0.794190 -0.338720 53.274761
BONES 1
BONE 4 1.000000

VERT 384
OFFSET -0.607568 -0.412849 52.888958
BONES 1
BONE 4 1.000000

VERT 385
OFFSET -0.650926 -0.397373 52.946995
BONES 1
BONE 4 1.000000

VERT 386
OFFSET -1.143371 -0.534705 53.228001
BONES 1
BONE 4 1.000000

VERT 387
OFFSET -2.239195 0.004172 53.451653
BONES 1
BONE 4 1.000000

VERT 388
OFFSET -0.975652 -0.490068 53.215801
BONES 1
BONE 4 1.000000

VERT 389
OFFSET -2.305502 -0.470599 53.194836
BONES 1
BONE 4 1.000000

VERT 390
OFFSET -0.444465 -0.008287 52.732605
BONES 1
BONE 4 1.000000

VERT 391
OFFSET -2.395405 -0.011209 53.173553
BONES 1
BONE 4 1.000000

VERT 392
OFFSET -0.482019 0.018186 52.751282
BONES 1
BONE 4 1.000000

VERT 393
OFFSET -0.691233 0.616485 52.726536
BONES 1
BONE 4 1.000000

VERT 394
OFFSET -0.755915 0.873150 53.036293
BONES 1
BONE 4 1.000000

VERT 395
OFFSET -1.906090 0.000000 53.225452
BONES 1
BONE 4 1.000000

VERT 396
OFFSET -0.578871 0.006116 52.650208
BONES 1
BONE 4 1.000000

VERT 397
OFFSET -0.499608 0.003413 53.708439
BONES 1
BONE 4 1.000000

VERT 398
OFFSET -0.228332 0.001030 53.066040
BONES 3
BONE 24 0.172402
BONE 23 0.169041
BONE 4 0.658557

VERT 399
OFFSET -0.698662 0.520947 52.732544
BONES 1
BONE 4 1.000000

VERT 400
OFFSET -0.228332 -0.001029 53.066040
BONES 3
BONE 24 0.172317
BONE 23 0.169117
BONE 4 0.658567

VERT 401
OFFSET -0.369597 0.393029 53.129353
BONES 3
BONE 23 0.123224
BONE 4 0.761399
BONE 29 0.115377

VERT 402
OFFSET -0.705017 0.834117 53.427597
BONES 1
BONE 4 1.000000

VERT 403
OFFSET -0.619767 0.667724 52.657154
BONES 1
BONE 4 1.000000

VERT 404
OFFSET -0.578871 -0.006115 52.650208
BONES 1
BONE 4 1.000000

VERT 405
OFFSET -1.631464 0.000000 52.510487
BONES 1
BONE 4 1.000000

VERT 406
OFFSET -1.659363 0.950157 53.033798
BONES 1
BONE 4 1.000000

VERT 407
OFFSET -1.649365 0.147781 53.222214
BONES 1
BONE 4 1.000000

VERT 408
OFFSET -1.699283 0.830189 53.275967
BONES 1
BONE 4 1.000000

VERT 409
OFFSET -1.949471 -0.002369 53.244633
BONES 1
BONE 4 1.000000

VERT 410
OFFSET -0.234419 0.009944 53.044888
BONES 3
BONE 27 0.142737
BONE 28 0.135168
BONE 4 0.722094

VERT 411
OFFSET -0.305272 0.496102 53.095703
BONES 3
BONE 4 0.765626
BONE 27 0.006184
BONE 29 0.228190

VERT 412
OFFSET -0.698662 -0.520945 52.732544
BONES 1
BONE 4 1.000000

VERT 413
OFFSET -0.760933 -0.856669 53.054482
BONES 1
BONE 4 1.000000

VERT 414
OFFSET -0.499608 -0.003412 53.708439
BONES 1
BONE 4 1.000000

VERT 415
OFFSET -0.369598 -0.393028 53.129353
BONES 3
BONE 24 0.123539
BONE 4 0.763017
BONE 30 0.113444

VERT 416
OFFSET -0.705017 -0.834116 53.427597
BONES 1
BONE 4 1.000000

VERT 417
OFFSET -0.768502 -0.895767 53.035088
BONES 1
BONE 4 1.000000

VERT 418
OFFSET -0.691233 -0.616484 52.726536
BONES 1
BONE 4 1.000000

VERT 419
OFFSET -0.619767 -0.667722 52.657154
BONES 1
BONE 4 1.000000

VERT 420
OFFSET -1.659363 -0.950156 53.033798
BONES 1
BONE 4 1.000000

VERT 421
OFFSET -1.649365 -0.147780 53.222214
BONES 1
BONE 4 1.000000

VERT 422
OFFSET -1.699283 -0.830188 53.275967
BONES 1
BONE 4 1.000000

VERT 423
OFFSET -0.234419 -0.009943 53.044888
BONES 3
BONE 4 0.721866
BONE 28 0.150066
BONE 27 0.128068

VERT 424
OFFSET -0.305272 -0.496100 53.095703
BONES 3
BONE 4 0.769784
BONE 28 0.006398
BONE 30 0.223818

VERT 425
OFFSET -0.760934 0.856671 53.054482
