// Export time: Fri Oct 09 11:06:26 2020

// Exported using Blender v2.90.1
// Export filename: 'E:/blackops3/mod_xmodel/iw4/m4a1/ch_body_gk_m4a1_lod2.XMODEL_EXPORT'
// Source filename: 'E:/blackops3/mod_xmodel/iw4/m4a1/m4a1.blend'
MODEL
VERSION 6

NUMBONES 89
BONE 0 -1 "tag_origin"
BONE 1 0 "j_mainroot"
BONE 2 1 "j_hip_le"
BONE 3 2 "j_knee_le"
BONE 4 3 "j_ankle_le"
BONE 5 4 "j_ball_le"
BONE 6 1 "j_hip_ri"
BONE 7 6 "j_knee_ri"
BONE 8 7 "j_ankle_ri"
BONE 9 8 "j_ball_ri"
BONE 10 1 "j_spinelower"
BONE 11 10 "j_spineupper"
BONE 12 11 "j_spine4"
BONE 13 12 "j_clavicle_le"
BONE 14 13 "j_shoulder_le"
BONE 15 14 "j_elbow_le"
BONE 16 15 "j_wrist_le"
BONE 17 16 "j_index_le_1"
BONE 18 17 "j_index_le_2"
BONE 19 18 "j_index_le_3"
BONE 20 16 "j_mid_le_1"
BONE 21 20 "j_mid_le_2"
BONE 22 21 "j_mid_le_3"
BONE 23 16 "j_pinky_le_1"
BONE 24 23 "j_pinky_le_2"
BONE 25 24 "j_pinky_le_3"
BONE 26 16 "j_ring_le_1"
BONE 27 26 "j_ring_le_2"
BONE 28 27 "j_ring_le_3"
BONE 29 16 "j_thumb_le_1"
BONE 30 29 "j_thumb_le_2"
BONE 31 30 "j_thumb_le_3"
BONE 32 16 "j_wrist_le1"
BONE 33 32 "tag_weapon_left"
BONE 34 15 "j_wristtwist_le"
BONE 35 14 "j_shouldertwist_le"
BONE 36 35 "tag_reflector_arm_le"
BONE 37 12 "j_clavicle_ri"
BONE 38 37 "j_shoulder_ri"
BONE 39 38 "j_elbow_ri"
BONE 40 39 "j_wrist_ri"
BONE 41 40 "j_index_ri_1"
BONE 42 41 "j_index_ri_2"
BONE 43 42 "j_index_ri_3"
BONE 44 40 "j_mid_ri_1"
BONE 45 44 "j_mid_ri_2"
BONE 46 45 "j_mid_ri_3"
BONE 47 40 "j_pinky_ri_1"
BONE 48 47 "j_pinky_ri_2"
BONE 49 48 "j_pinky_ri_3"
BONE 50 40 "j_ring_ri_1"
BONE 51 50 "j_ring_ri_2"
BONE 52 51 "j_ring_ri_3"
BONE 53 40 "j_thumb_ri_1"
BONE 54 53 "j_thumb_ri_2"
BONE 55 54 "j_thumb_ri_3"
BONE 56 40 "j_wrist_ri1"
BONE 57 56 "tag_weapon_right"
BONE 58 56 "j_gun"
BONE 59 39 "j_wristtwist_ri"
BONE 60 38 "j_shouldertwist_ri"
BONE 61 60 "tag_reflector_arm_ri"
BONE 62 12 "j_neck"
BONE 63 62 "j_head"
BONE 64 12 "j_shoulderraise_le"
BONE 65 12 "j_shoulderraise_ri"
BONE 66 12 "tag_bipod"
BONE 67 12 "tag_inhand"
BONE 68 12 "tag_shield_back"
BONE 69 12 "tag_stowed_back"
BONE 70 12 "tag_weapon_chest"
BONE 71 1 "tag_stowed_hip_rear"
BONE 72 1 "qzA00"
BONE 73 72 "qzA01"
BONE 74 73 "qzA02"
BONE 75 74 "qzA03"
BONE 76 1 "qzB00"
BONE 77 76 "qzB01"
BONE 78 77 "qzB02"
BONE 79 78 "qzB03"
BONE 80 1 "qzC00"
BONE 81 80 "qzC01"
BONE 82 81 "qzC02"
BONE 83 82 "qzC03"
BONE 84 1 "qzD00"
BONE 85 84 "qzD01"
BONE 86 1 "qzE00"
BONE 87 86 "qzE01"
BONE 88 0 "tag_sync"

BONE 0
OFFSET 0.000000 0.000000 0.000000
SCALE 1.000000 1.000000 1.000000
X 1.000000 0.000000 0.000000
Y 0.000000 1.000000 0.000000
Z 0.000000 0.000000 1.000000

BONE 1
OFFSET -3.269401 -0.000006 35.371479
SCALE 1.000000 1.000000 1.000000
X -0.024715 -0.000056 0.999695
Y 0.999695 0.000059 0.024715
Z -0.000060 1.000000 0.000055

BONE 2
OFFSET -2.285595 2.662787 34.550770
SCALE 1.000000 1.000000 1.000000
X -0.033720 0.000194 -0.999431
Y 0.999421 -0.004522 -0.033721
Z -0.004526 -0.999990 -0.000042

BONE 3
OFFSET -2.754329 2.676403 21.458942
SCALE 1.000000 1.000000 1.000000
X -0.167087 0.000792 -0.985942
Y 0.985932 -0.004446 -0.167089
Z -0.004516 -0.999990 -0.000038

BONE 4
OFFSET -5.546779 2.689624 4.985479
SCALE 1.000000 1.000000 1.000000
X 0.008690 0.009153 -0.999920
Y 0.999824 0.016537 0.008840
Z 0.016617 -0.999821 -0.009008

BONE 5
OFFSET 0.021637 2.892444 0.549907
SCALE 1.000000 1.000000 1.000000
X 0.983133 0.014705 0.182300
Y -0.182135 -0.011886 0.983202
Z 0.016625 -0.999821 -0.009007

BONE 6
OFFSET -2.276204 -2.667045 34.568195
SCALE 1.000000 1.000000 1.000000
X 0.033724 -0.009150 0.999406
Y -0.999431 -0.000313 0.033721
Z 0.000004 -0.999958 -0.009156

BONE 7
OFFSET -2.745081 -2.551014 21.475492
SCALE 1.000000 1.000000 1.000000
X 0.167107 -0.009021 0.985915
Y -0.985939 -0.001545 0.167100
Z 0.000016 -0.999958 -0.009152

BONE 8
OFFSET -5.536885 -2.400320 5.000841
SCALE 1.000000 1.000000 1.000000
X -0.008646 0.000004 0.999979
Y -0.999740 0.021118 -0.008647
Z -0.021118 -0.999777 -0.000178

BONE 9
OFFSET 0.029974 -2.587419 0.562771
SCALE 1.000000 1.000000 1.000000
X -0.983061 0.020804 -0.182102
Y 0.182060 -0.003664 -0.983297
Z -0.021123 -0.999777 -0.000185

BONE 10
OFFSET -3.202741 -0.000289 40.315186
SCALE 1.000000 1.000000 1.000000
X -0.029901 -0.000053 0.999553
Y 0.999553 0.000059 0.029901
Z -0.000060 1.000000 0.000052

BONE 11
OFFSET -3.168286 -0.000627 46.140034
SCALE 1.000000 1.000000 1.000000
X 0.020442 -0.000062 0.999791
Y 0.999791 0.000062 -0.020442
Z -0.000060 1.000000 0.000063

BONE 12
OFFSET -3.107767 -0.000848 50.041580
SCALE 1.000000 1.000000 1.000000
X 0.047011 -0.000058 0.998894
Y 0.998894 0.000063 -0.047011
Z -0.000060 1.000000 0.000061

BONE 13
OFFSET -3.889093 1.304511 54.465569
SCALE 1.000000 1.000000 1.000000
X 0.022163 0.997121 0.072254
Y -0.999643 0.021022 0.016503
Z 0.014936 -0.072569 0.997243

BONE 14
OFFSET -3.496036 4.407781 54.410259
SCALE 1.000000 1.000000 1.000000
X 0.264004 0.662297 -0.701154
Y -0.955912 0.276575 -0.098658
Z 0.128584 0.696296 0.706141

BONE 15
OFFSET -1.340289 10.717596 47.998302
SCALE 1.000000 1.000000 1.000000
X 0.847829 0.292183 -0.442497
Y -0.514476 0.655395 -0.552930
Z 0.128457 0.696452 0.706010

BONE 16
OFFSET 6.937963 13.416535 43.582642
SCALE 1.000000 1.000000 1.000000
X 0.784395 0.296591 -0.544742
Y -0.116582 -0.792094 -0.599155
Z -0.609207 0.533460 -0.586733

BONE 17
OFFSET 10.965097 14.115376 42.328049
SCALE 1.000000 1.000000 1.000000
X 0.923396 0.249720 -0.291501
Y -0.052646 -0.669851 -0.740625
Z -0.380221 0.699213 -0.605382

BONE 18
OFFSET 12.007699 14.263359 41.841808
SCALE 1.000000 1.000000 1.000000
X 0.604754 -0.307228 -0.734768
Y -0.699806 -0.645411 -0.306116
Z -0.380190 0.699296 -0.605306

BONE 19
OFFSET 12.482120 13.905011 41.129761
SCALE 1.000000 1.000000 1.000000
X 0.245470 -0.554712 -0.795009
Y -0.891785 -0.450753 0.039161
Z -0.380086 0.699339 -0.605321

BONE 20
OFFSET 10.756310 14.682162 41.777969
SCALE 1.000000 1.000000 1.000000
X 0.795459 0.064436 -0.602566
Y -0.286501 -0.836187 -0.467649
Z -0.534006 0.544609 -0.646687

BONE 21
OFFSET 11.713839 14.669876 40.983772
SCALE 1.000000 1.000000 1.000000
X 0.051220 -0.742578 -0.667795
Y -0.844029 -0.389611 0.368517
Z -0.533847 0.544739 -0.646708

BONE 22
OFFSET 11.718911 13.834953 40.276489
SCALE 1.000000 1.000000 1.000000
X -0.281855 -0.835664 -0.471392
Y -0.797247 -0.069350 0.599651
Z -0.533813 0.544807 -0.646680

BONE 23
OFFSET 9.756509 15.371742 40.949444
SCALE 1.000000 1.000000 1.000000
X 0.723477 -0.101405 -0.682857
Y -0.423244 -0.846583 -0.322714
Z -0.545385 0.522468 -0.655399

BONE 24
OFFSET 10.283279 15.206458 40.379234
SCALE 1.000000 1.000000 1.000000
X 0.102737 -0.734407 -0.670885
Y -0.831991 -0.433093 0.346705
Z -0.545193 0.522528 -0.655511

BONE 25
OFFSET 10.348713 14.739465 39.952820
SCALE 1.000000 1.000000 1.000000
X -0.341011 -0.852549 -0.396051
Y -0.765880 0.007681 0.642933
Z -0.545105 0.522551 -0.655566

BONE 26
OFFSET 10.320251 15.086048 41.374084
SCALE 1.000000 1.000000 1.000000
X 0.740569 -0.008178 -0.671926
Y -0.327097 -0.877837 -0.349844
Z -0.586997 0.478846 -0.652771

BONE 27
OFFSET 11.138990 14.953770 40.540787
SCALE 1.000000 1.000000 1.000000
X 0.111384 -0.750837 -0.651024
Y -0.801969 -0.454775 0.387307
Z -0.586890 0.478939 -0.652800

BONE 28
OFFSET 11.229465 14.344831 40.012882
SCALE 1.000000 1.000000 1.000000
X -0.168568 -0.860857 -0.480102
Y -0.792001 -0.171650 0.585884
Z -0.586787 0.478980 -0.652862

BONE 29
OFFSET 8.489244 13.063569 43.229538
SCALE 1.000000 1.000000 1.000000
X 0.592492 -0.768242 -0.242367
Y 0.364434 0.523905 -0.769853
Z 0.718430 0.367814 0.590400

BONE 30
OFFSET 9.445650 11.823155 42.837978
SCALE 1.000000 1.000000 1.000000
X 0.685884 -0.516032 -0.513101
Y 0.115892 0.773521 -0.623042
Z 0.718423 0.367880 0.590367

BONE 31
OFFSET 10.307967 11.174232 42.192482
SCALE 1.000000 1.000000 1.000000
X 0.677960 -0.180324 -0.712637
Y -0.155700 0.912204 -0.378931
Z 0.718420 0.367867 0.590379

BONE 32
OFFSET 7.021015 10.668934 44.893921
SCALE 1.000000 1.000000 1.000000
X 0.784396 0.296598 -0.544736
Y -0.116569 -0.792096 -0.599155
Z -0.609208 0.533453 -0.586739

BONE 33
OFFSET 8.689608 -25.560020 40.925083
SCALE 1.000000 1.000000 1.000000
X 0.999994 -0.002755 0.002300
Y 0.002755 0.999976 0.000229
Z -0.002300 -0.000199 0.999991

BONE 34
OFFSET 4.514351 12.626164 44.875282
SCALE 1.000000 1.000000 1.000000
X 0.847855 0.292158 -0.442463
Y -0.514436 0.655401 -0.552961
Z 0.128442 0.696457 0.706008

BONE 35
OFFSET -3.399826 4.649125 54.154861
SCALE 1.000000 1.000000 1.000000
X 0.264056 0.662586 -0.700862
Y -0.955913 0.276573 -0.098659
Z 0.128473 0.696021 0.706432

BONE 36
OFFSET -2.749394 6.163390 54.943428
SCALE 1.000000 1.000000 1.000000
X 0.153289 0.423693 0.892741
Y -0.988083 0.052927 0.144541
Z 0.013991 -0.904236 0.426741

BONE 37
OFFSET -3.888811 -1.304388 54.467533
SCALE 1.000000 1.000000 1.000000
X -0.019472 0.997197 -0.072235
Y 0.999656 0.018148 -0.018937
Z -0.017573 -0.072579 -0.997208

BONE 38
OFFSET -3.504800 -4.408730 54.410904
SCALE 1.000000 1.000000 1.000000
X -0.260627 0.662907 0.701874
Y 0.956911 0.273797 0.096734
Z -0.128045 0.696842 -0.705702

BONE 39
OFFSET -1.381465 -10.722315 47.991463
SCALE 1.000000 1.000000 1.000000
X -0.845934 0.294629 0.444511
Y 0.517666 0.653942 0.551709
Z -0.128135 0.696817 -0.705711

BONE 40
OFFSET 6.879842 -13.446800 43.558029
SCALE 1.000000 1.000000 1.000000
X -0.782177 0.298762 0.546754
Y 0.115783 -0.792552 0.598711
Z 0.612203 0.531603 0.585325

BONE 41
OFFSET 10.079472 -13.911162 42.604717
SCALE 1.000000 1.000000 1.000000
X -0.921953 0.252324 0.293827
Y 0.052541 -0.670157 0.740358
Z 0.383720 0.698013 0.604596

BONE 42
OFFSET 11.129391 -14.146913 42.231915
SCALE 1.000000 1.000000 1.000000
X -0.603786 -0.305738 0.736184
Y 0.698722 -0.647521 0.304145
Z 0.383706 0.698026 0.604591

BONE 43
OFFSET 11.685014 -13.940974 41.641628
SCALE 1.000000 1.000000 1.000000
X -0.245150 -0.554215 0.795454
Y 0.890334 -0.453411 -0.041513
Z 0.383675 0.698043 0.604590

BONE 44
OFFSET 9.885008 -14.514934 41.964020
SCALE 1.000000 1.000000 1.000000
X -0.793822 0.066558 0.604497
Y 0.285215 -0.837154 0.466717
Z 0.537121 0.542902 0.645569

BONE 45
OFFSET 11.098044 -14.541937 40.977379
SCALE 1.000000 1.000000 1.000000
X -0.051850 -0.742621 0.667702
Y 0.841950 -0.392067 -0.370678
Z 0.537058 0.542952 0.645579

BONE 46
OFFSET 11.076857 -13.893885 40.450058
SCALE 1.000000 1.000000 1.000000
X 0.280327 -0.836708 0.470464
Y 0.795568 -0.071726 -0.601604
Z 0.537111 0.542932 0.645552

BONE 47
OFFSET 8.859613 -14.845865 41.084675
SCALE 1.000000 1.000000 1.000000
X -0.722155 -0.099551 0.684530
Y 0.421561 -0.847925 0.321418
Z 0.548432 0.520685 0.654300

BONE 48
OFFSET 9.502206 -14.757301 40.475647
SCALE 1.000000 1.000000 1.000000
X -0.103352 -0.734284 0.670929
Y 0.829803 -0.435565 -0.348870
Z 0.548403 0.520682 0.654328

BONE 49
OFFSET 9.557815 -14.362265 40.114574
SCALE 1.000000 1.000000 1.000000
X 0.339216 -0.853752 0.395018
Y 0.764326 0.005341 -0.644808
Z 0.548397 0.520652 0.654357

BONE 50
OFFSET 9.372630 -14.794671 41.497810
SCALE 1.000000 1.000000 1.000000
X -0.738964 -0.006259 0.673715
Y 0.325384 -0.878926 0.348732
Z 0.589963 0.476917 0.651532

BONE 51
OFFSET 10.328750 -14.786673 40.626022
SCALE 1.000000 1.000000 1.000000
X -0.112180 -0.750673 0.651080
Y 0.799656 -0.457156 -0.389306
Z 0.589887 0.476968 0.651564

BONE 52
OFFSET 10.416977 -14.196306 40.114098
SCALE 1.000000 1.000000 1.000000
X 0.167016 -0.861540 0.479431
Y 0.790022 -0.173988 -0.587872
Z 0.589890 0.476945 0.651577

BONE 53
OFFSET 8.323424 -13.156824 43.311996
SCALE 1.000000 1.000000 1.000000
X -0.594204 -0.766465 0.243830
Y -0.360953 0.525024 0.770755
Z -0.718773 0.369974 -0.588630

BONE 54
OFFSET 9.104391 -12.149666 42.991325
SCALE 1.000000 1.000000 1.000000
X -0.686132 -0.514004 0.514803
Y -0.112066 0.773890 0.623326
Z -0.718793 0.369992 -0.588594

BONE 55
OFFSET 9.754009 -11.609766 42.486534
SCALE 1.000000 1.000000 1.000000
X -0.676743 -0.178472 0.714260
Y 0.159234 0.911726 0.378683
Z -0.718794 0.370005 -0.588585

BONE 56
OFFSET 6.785615 -16.193993 42.246433
SCALE 1.000000 1.000000 1.000000
X -0.782177 0.298758 0.546757
Y 0.115791 -0.792551 0.598712
Z 0.612202 0.531608 0.585322

BONE 57
OFFSET 8.549210 -23.833059 38.281898
SCALE 1.000000 1.000000 1.000000
X 1.000000 0.000615 -0.000899
Y -0.000656 0.998916 -0.046555
Z 0.000869 0.046556 0.998916

BONE 58
OFFSET 8.549210 -23.833059 38.281898
SCALE 1.000000 1.000000 1.000000
X 1.000000 -0.000073 -0.000602
Y 0.000073 1.000000 0.000466
Z 0.000602 -0.000466 1.000000

BONE 59
OFFSET 4.461195 -12.649168 44.856022
SCALE 1.000000 1.000000 1.000000
X -0.845929 0.294636 0.444514
Y 0.517673 0.653939 0.551705
Z -0.128132 0.696817 -0.705711

BONE 60
OFFSET -3.419335 -4.626130 54.180725
SCALE 1.000000 1.000000 1.000000
X -0.260629 0.662906 0.701875
Y 0.956910 0.273800 0.096734
Z -0.128048 0.696842 -0.705702

BONE 61
OFFSET -2.771159 -6.142340 54.967091
SCALE 1.000000 1.000000 1.000000
X 0.091523 -0.493265 0.865051
Y 0.993594 -0.012593 -0.112304
Z 0.066289 0.869788 0.488953

BONE 62
OFFSET -3.863354 -0.001244 56.358082
SCALE 1.000000 1.000000 1.000000
X 0.309758 -0.000040 0.950816
Y 0.950816 0.000075 -0.309758
Z -0.000059 1.000000 0.000061

BONE 63
OFFSET -3.148026 -0.001351 58.986137
SCALE 1.000000 1.000000 1.000000
X 0.216359 -0.000040 0.976314
Y 0.976314 0.000072 -0.216359
Z -0.000061 1.000000 0.000055

BONE 64
OFFSET -2.968312 3.823044 56.788479
SCALE 1.000000 1.000000 1.000000
X -0.019305 -0.997191 -0.072366
Y 0.999659 -0.017980 -0.018914
Z 0.017559 -0.072706 0.997199

BONE 65
OFFSET -2.967850 -3.825488 56.788166
SCALE 1.000000 1.000000 1.000000
X 0.022402 -0.997089 0.072402
Y -0.999638 -0.021260 0.016494
Z -0.014907 -0.072699 -0.997226

BONE 66
OFFSET 15.412203 -27.094725 30.673040
SCALE 1.000000 1.000000 1.000000
X 1.000000 -0.000031 0.000076
Y 0.000031 1.000000 -0.000004
Z -0.000076 0.000004 1.000000

BONE 67
OFFSET 9.986255 -27.095610 37.856510
SCALE 1.000000 1.000000 1.000000
X -0.000150 1.000000 0.000195
Y 0.764278 0.000240 -0.644887
Z -0.644887 0.000052 -0.764278

BONE 68
OFFSET -11.109972 0.759941 50.419029
SCALE 1.000000 1.000000 1.000000
X -0.989753 -0.000237 0.142792
Y 0.000239 -1.000000 -0.000000
Z 0.142792 0.000034 0.989753

BONE 69
OFFSET -9.354752 -4.368623 48.401340
SCALE 1.000000 1.000000 1.000000
X -0.006989 0.025932 -0.999639
Y -0.984168 -0.177222 0.002283
Z -0.177099 0.983829 0.026760

BONE 70
OFFSET 9.986255 -27.095610 37.856510
SCALE 1.000000 1.000000 1.000000
X 1.000000 0.000012 0.000076
Y -0.000012 1.000000 0.000003
Z -0.000076 -0.000003 1.000000

BONE 71
OFFSET -8.940302 -2.490934 35.146790
SCALE 1.000000 1.000000 1.000000
X -0.188058 0.137952 0.972421
Y 0.149137 -0.974595 0.167102
Z 0.970769 0.176448 0.162706

BONE 72
OFFSET -6.769319 -0.625172 39.139000
SCALE 1.000000 1.000000 1.000000
X 0.000000 0.999927 -0.012049
Y 0.987864 -0.001872 -0.155314
Z -0.155325 -0.011903 -0.987792

BONE 73
OFFSET -8.900462 -0.672135 35.240883
SCALE 1.000000 1.000000 1.000000
X -0.000000 0.999927 -0.012049
Y 0.987864 -0.001871 -0.155314
Z -0.155325 -0.011903 -0.987792

BONE 74
OFFSET -11.031605 -0.719098 31.342764
SCALE 1.000000 1.000000 1.000000
X -0.000001 0.999927 -0.012055
Y 0.987865 -0.001871 -0.155303
Z -0.155314 -0.011909 -0.987793

BONE 75
OFFSET -13.162749 -0.766061 27.444649
SCALE 1.000000 1.000000 1.000000
X -0.000002 0.999927 -0.012057
Y 0.987864 -0.001871 -0.155314
Z -0.155325 -0.011911 -0.987792

BONE 76
OFFSET -4.478246 -6.638844 38.289982
SCALE 1.000000 1.000000 1.000000
X -0.574274 0.818521 -0.015258
Y 0.731552 0.504712 -0.458363
Z -0.367479 -0.274388 -0.888634

BONE 77
OFFSET -7.112337 -8.543269 35.261127
SCALE 1.000000 1.000000 1.000000
X -0.574259 0.818531 -0.015268
Y 0.731553 0.504687 -0.458390
Z -0.367501 -0.274404 -0.888620

BONE 78
OFFSET -9.746430 -10.447698 32.232273
SCALE 1.000000 1.000000 1.000000
X -0.574256 0.818533 -0.015271
Y 0.731557 0.504683 -0.458388
Z -0.367499 -0.274403 -0.888621

BONE 79
OFFSET -12.380526 -12.352126 29.203409
SCALE 1.000000 1.000000 1.000000
X -0.574254 0.818535 -0.015270
Y 0.731560 0.504684 -0.458383
Z -0.367495 -0.274399 -0.888624

BONE 80
OFFSET -5.539672 5.070408 35.421028
SCALE 1.000000 1.000000 1.000000
X 0.826284 0.546460 -0.136515
Y 0.520355 -0.833367 -0.186356
Z -0.215604 0.082947 -0.972951

BONE 81
OFFSET -7.221786 6.667209 31.631565
SCALE 1.000000 1.000000 1.000000
X 0.826287 0.546455 -0.136515
Y 0.520346 -0.833369 -0.186378
Z -0.215614 0.082967 -0.972948

BONE 82
OFFSET -8.903893 8.264008 27.842100
SCALE 1.000000 1.000000 1.000000
X 0.826283 0.546461 -0.136518
Y 0.520354 -0.833366 -0.186367
Z -0.215612 0.082955 -0.972949

BONE 83
OFFSET -10.586003 9.860806 24.052635
SCALE 1.000000 1.000000 1.000000
X 0.826287 0.546455 -0.136515
Y 0.520346 -0.833369 -0.186378
Z -0.215614 0.082966 -0.972947

BONE 84
OFFSET 2.338999 -1.718440 37.069008
SCALE 1.000000 1.000000 1.000000
X -0.256484 -0.965151 0.051975
Y -0.958378 0.246969 -0.143243
Z 0.125418 -0.086548 -0.988326

BONE 85
OFFSET 2.856471 -3.016055 31.369017
SCALE 1.000000 1.000000 1.000000
X -0.256476 -0.965153 0.051977
Y -0.958381 0.246962 -0.143234
Z 0.125409 -0.086547 -0.988327

BONE 86
OFFSET 2.769674 2.914176 37.251938
SCALE 1.000000 1.000000 1.000000
X -0.209561 -0.949256 -0.234512
Y -0.958383 0.246958 -0.143220
Z 0.193865 0.194736 -0.961503

BONE 87
OFFSET 2.931068 3.846567 31.931826
SCALE 1.000000 1.000000 1.000000
X -0.209563 -0.949255 -0.234512
Y -0.958381 0.246963 -0.143230
Z 0.193876 0.194734 -0.961502

BONE 88
OFFSET -0.002166 0.000000 -0.000000
SCALE 1.000000 1.000000 1.000000
X -1.000000 0.000000 0.000000
Y 0.000000 -1.000000 0.000000
Z 0.000000 0.000000 1.000000


NUMVERTS 1326
VERT 0
OFFSET -2.263514 4.611588 55.320950
BONES 4
BONE 13 1.000000
BONE 40 0.000000
BONE 14 0.000000
BONE 38 0.000000

VERT 1
OFFSET -2.369712 4.998358 55.288910
BONES 4
BONE 13 1.000000
BONE 40 0.000000
BONE 14 0.000000
BONE 38 0.000000

VERT 2
OFFSET -2.583816 4.565067 55.824474
BONES 4
BONE 13 1.000000
BONE 40 0.000000
BONE 14 0.000000
BONE 38 0.000000

VERT 3
OFFSET -4.282739 6.304640 52.501743
BONES 1
BONE 14 1.000000

VERT 4
OFFSET -3.038081 6.833266 53.851330
BONES 1
BONE 14 1.000000

VERT 5
OFFSET -2.684005 7.204036 52.691483
BONES 1
BONE 14 1.000000

VERT 6
OFFSET -3.508534 6.821096 53.555302
BONES 1
BONE 14 1.000000

VERT 7
OFFSET -2.928186 7.576565 52.962532
BONES 1
BONE 14 1.000000

VERT 8
OFFSET -1.234168 11.092962 48.812706
BONES 1
BONE 14 1.000000

VERT 9
OFFSET -4.218070 7.367198 52.111233
BONES 1
BONE 14 1.000000

VERT 10
OFFSET -3.291616 6.384593 53.179459
BONES 1
BONE 14 1.000000

VERT 11
OFFSET -3.806885 4.735172 27.503891
BONES 1
BONE 2 1.000000

VERT 12
OFFSET -3.599847 4.550650 26.671646
BONES 1
BONE 2 1.000000

VERT 13
OFFSET -2.160014 4.785639 26.464510
BONES 1
BONE 2 1.000000

VERT 14
OFFSET -3.012809 4.763275 26.264431
BONES 1
BONE 2 1.000000

VERT 15
OFFSET -1.784429 4.906114 27.065458
BONES 1
BONE 2 1.000000

VERT 16
OFFSET -1.982339 4.993745 27.911077
BONES 1
BONE 2 1.000000

VERT 17
OFFSET -2.588739 4.975336 28.295918
BONES 1
BONE 2 1.000000

VERT 18
OFFSET -3.431570 4.855889 28.107183
BONES 1
BONE 2 1.000000

VERT 19
OFFSET -2.542309 4.593115 27.709480
BONES 1
BONE 2 1.000000

VERT 20
OFFSET -3.038737 4.678751 28.339128
BONES 1
BONE 2 1.000000

VERT 21
OFFSET -2.547837 4.585498 27.620012
BONES 1
BONE 2 1.000000

VERT 22
OFFSET -2.952924 4.511211 26.917322
BONES 1
BONE 2 1.000000

VERT 23
OFFSET 0.036951 -3.549981 22.681934
BONES 2
BONE 7 0.010957
BONE 6 0.989043

VERT 24
OFFSET -1.199695 -3.439003 24.807234
BONES 1
BONE 6 1.000000

VERT 25
OFFSET -1.569236 -4.381010 21.282194
BONES 2
BONE 6 0.810358
BONE 7 0.189642

VERT 26
OFFSET -0.007160 -2.555150 19.810829
BONES 2
BONE 7 0.513455
BONE 6 0.486545

VERT 27
OFFSET -1.076728 -3.131611 19.437342
BONES 2
BONE 7 0.689554
BONE 6 0.310446

VERT 28
OFFSET -1.276228 -1.323500 19.692335
BONES 2
BONE 6 0.418242
BONE 7 0.581758

VERT 29
OFFSET -0.896602 -1.178759 21.449062
BONES 2
BONE 7 0.104960
BONE 6 0.895040

VERT 30
OFFSET -0.945999 -1.699919 24.455051
BONES 1
BONE 6 1.000000

VERT 31
OFFSET 0.356891 -2.500901 22.538059
BONES 2
BONE 7 0.030704
BONE 6 0.969296

VERT 32
OFFSET -1.737054 11.143817 48.261616
BONES 1
BONE 14 1.000000

VERT 33
OFFSET -1.906509 11.395481 48.437992
BONES 1
BONE 14 1.000000

VERT 34
OFFSET -2.118286 10.906812 48.570515
BONES 1
BONE 14 1.000000

VERT 35
OFFSET -4.811546 6.571365 52.732971
BONES 1
BONE 14 1.000000

VERT 36
OFFSET -4.349546 6.685398 53.009670
BONES 1
BONE 14 1.000000

VERT 37
OFFSET -0.976184 -2.813753 23.425858
BONES 1
BONE 6 1.000000

VERT 38
OFFSET -4.238286 -1.544711 22.805847
BONES 2
BONE 6 0.945414
BONE 7 0.054586

VERT 39
OFFSET -1.407841 -3.452497 23.503510
BONES 1
BONE 6 1.000000

VERT 40
OFFSET -1.964301 -3.845180 23.466522
BONES 1
BONE 6 1.000000

VERT 41
OFFSET -2.841874 -4.059216 23.365307
BONES 1
BONE 6 1.000000

VERT 42
OFFSET -3.581238 -3.893610 23.209318
BONES 1
BONE 6 1.000000

VERT 43
OFFSET -4.107888 -3.414742 23.018791
BONES 2
BONE 7 0.051474
BONE 6 0.948526

VERT 44
OFFSET -4.368926 -2.736311 22.860109
BONES 2
BONE 7 0.059124
BONE 6 0.940876

VERT 45
OFFSET -4.304577 -1.973397 23.272301
BONES 1
BONE 6 1.000000

VERT 46
OFFSET -3.881135 -1.197085 23.324316
BONES 1
BONE 6 1.000000

VERT 47
OFFSET -3.015473 -0.722983 23.145470
BONES 1
BONE 6 1.000000

VERT 48
OFFSET -2.176453 -0.695490 23.268806
BONES 1
BONE 6 1.000000

VERT 49
OFFSET -1.355108 -1.129254 23.731977
BONES 1
BONE 6 1.000000

VERT 50
OFFSET -0.878831 -2.104728 23.404724
BONES 1
BONE 6 1.000000

VERT 51
OFFSET -1.241300 -1.182799 22.964716
BONES 1
BONE 6 1.000000

VERT 52
OFFSET -5.391139 -2.564587 19.863699
BONES 2
BONE 6 0.218378
BONE 7 0.781622

VERT 53
OFFSET -4.381397 -1.691647 19.800995
BONES 2
BONE 6 0.299437
BONE 7 0.700563

VERT 54
OFFSET -4.797089 -3.779688 19.831051
BONES 2
BONE 7 0.725541
BONE 6 0.274459

VERT 55
OFFSET -4.421508 -3.496363 19.779655
BONES 2
BONE 7 0.533960
BONE 6 0.466040

VERT 56
OFFSET -4.703692 -2.675558 19.830191
BONES 2
BONE 6 0.432265
BONE 7 0.567735

VERT 57
OFFSET -3.154817 -1.207909 19.520229
BONES 2
BONE 6 0.293403
BONE 7 0.706597

VERT 58
OFFSET -4.391832 -1.119193 19.650940
BONES 2
BONE 7 0.808849
BONE 6 0.191151

VERT 59
OFFSET -5.646762 -1.867820 15.695381
BONES 1
BONE 7 1.000000

VERT 60
OFFSET -5.012366 -1.249848 7.280818
BONES 1
BONE 7 1.000000

VERT 61
OFFSET -5.997640 -3.061817 16.275660
BONES 1
BONE 7 1.000000

VERT 62
OFFSET -6.137414 -2.552910 8.161625
BONES 1
BONE 7 1.000000

VERT 63
OFFSET -5.778343 -1.711074 7.893196
BONES 1
BONE 7 1.000000

VERT 64
OFFSET -5.050770 -4.278048 16.689161
BONES 1
BONE 7 1.000000

VERT 65
OFFSET -5.540098 -3.654798 7.828119
BONES 1
BONE 7 1.000000

VERT 66
OFFSET -3.538417 -4.018697 20.351807
BONES 2
BONE 6 0.857394
BONE 7 0.142606

VERT 67
OFFSET -4.362956 -3.670110 20.470362
BONES 2
BONE 6 0.564192
BONE 7 0.435808

VERT 68
OFFSET -4.929017 -2.927561 20.123947
BONES 2
BONE 6 0.412231
BONE 7 0.587769

VERT 69
OFFSET -4.852183 -2.152680 20.022068
BONES 2
BONE 6 0.251866
BONE 7 0.748134

VERT 70
OFFSET -4.120636 -1.372662 20.085052
BONES 2
BONE 6 0.357846
BONE 7 0.642154

VERT 71
OFFSET -3.292431 -0.944512 19.970413
BONES 2
BONE 7 0.591280
BONE 6 0.408720

VERT 72
OFFSET -2.408750 -0.849623 20.025913
BONES 2
BONE 6 0.407866
BONE 7 0.592134

VERT 73
OFFSET -1.661416 -1.352623 19.655523
BONES 2
BONE 6 0.517377
BONE 7 0.482623

VERT 74
OFFSET -2.589202 -4.030655 20.311069
BONES 2
BONE 7 0.212371
BONE 6 0.787629

VERT 75
OFFSET -1.739597 -3.375680 19.875368
BONES 2
BONE 7 0.688078
BONE 6 0.311922

VERT 76
OFFSET -1.437611 -2.512204 19.683266
BONES 2
BONE 7 0.744800
BONE 6 0.255200

VERT 77
OFFSET -1.046469 -2.833372 20.572245
BONES 2
BONE 6 0.517949
BONE 7 0.482051

VERT 78
OFFSET -1.680915 -3.702860 20.637419
BONES 2
BONE 7 0.251100
BONE 6 0.748900

VERT 79
OFFSET -4.756914 -2.796989 20.928059
BONES 2
BONE 7 0.467029
BONE 6 0.532971

VERT 80
OFFSET -1.430207 -1.211706 20.430799
BONES 2
BONE 6 0.641799
BONE 7 0.358201

VERT 81
OFFSET -1.008057 -1.900571 20.412819
BONES 2
BONE 6 0.735855
BONE 7 0.264145

VERT 82
OFFSET -3.307128 5.937069 28.450201
BONES 1
BONE 2 1.000000

VERT 83
OFFSET 0.188225 -3.392327 21.126911
BONES 2
BONE 7 0.230787
BONE 6 0.769212

VERT 84
OFFSET -3.011292 5.193050 28.601711
BONES 1
BONE 2 1.000000

VERT 85
OFFSET -3.441103 4.331327 27.660095
BONES 1
BONE 2 1.000000

VERT 86
OFFSET -7.327626 -2.411501 3.540524
BONES 2
BONE 7 0.314437
BONE 8 0.685563

VERT 87
OFFSET -6.087076 -3.997581 4.287731
BONES 2
BONE 8 0.493306
BONE 7 0.506694

VERT 88
OFFSET -5.790963 -3.567955 6.684489
BONES 2
BONE 7 0.994277
BONE 8 0.005723

VERT 89
OFFSET -4.163941 -0.649248 1.859738
BONES 2
BONE 7 0.006127
BONE 8 0.993873

VERT 90
OFFSET -5.812083 -1.477486 6.505603
BONES 2
BONE 7 0.986904
BONE 8 0.013096

VERT 91
OFFSET -6.289223 -2.578119 7.277691
BONES 1
BONE 7 1.000000

VERT 92
OFFSET -4.879453 -1.043809 5.110136
BONES 2
BONE 8 0.255605
BONE 7 0.744395

VERT 93
OFFSET -3.400040 4.346795 27.573706
BONES 1
BONE 2 1.000000

VERT 94
OFFSET -4.201092 -3.814092 4.403284
BONES 2
BONE 8 0.510842
BONE 7 0.489158

VERT 95
OFFSET -2.720027 -2.354847 5.065457
BONES 3
BONE 9 0.012867
BONE 8 0.268731
BONE 7 0.718402

VERT 96
OFFSET -4.871107 -3.863734 5.325948
BONES 2
BONE 8 0.188808
BONE 7 0.811192

VERT 97
OFFSET -4.076974 -1.502341 6.734901
BONES 2
BONE 8 0.005780
BONE 7 0.994220

VERT 98
OFFSET -3.235387 -2.516288 10.237403
BONES 1
BONE 7 1.000000

VERT 99
OFFSET -3.860751 -3.312236 6.609929
BONES 1
BONE 7 1.000000

VERT 100
OFFSET -3.762779 -1.413722 12.051853
BONES 1
BONE 7 1.000000

VERT 101
OFFSET -2.269313 4.989429 28.125994
BONES 1
BONE 2 1.000000

VERT 102
OFFSET -2.162448 5.237867 29.363018
BONES 1
BONE 2 1.000000

VERT 103
OFFSET -1.195164 5.120219 28.780567
BONES 1
BONE 2 1.000000

VERT 104
OFFSET -2.856405 4.416932 54.925468
BONES 4
BONE 13 1.000000
BONE 40 0.000000
BONE 14 0.000000
BONE 38 0.000000

VERT 105
OFFSET -3.139897 4.376337 55.412346
BONES 1
BONE 13 1.000000

VERT 106
OFFSET -3.282426 4.757330 55.398968
BONES 4
BONE 13 1.000000
BONE 14 0.000000
BONE 11 0.000000
BONE 10 0.000000

VERT 107
OFFSET -2.962577 4.803715 54.895451
BONES 4
BONE 13 1.000000
BONE 14 0.000000
BONE 11 0.000000
BONE 10 0.000000

VERT 108
OFFSET -3.176254 4.370546 55.428947
BONES 4
BONE 13 1.000000
BONE 40 0.000000
BONE 14 0.000000
BONE 38 0.000000

VERT 109
OFFSET -3.176254 4.370546 55.428947
BONES 4
BONE 13 1.000000
BONE 40 0.000000
BONE 14 0.000000
BONE 38 0.000000

VERT 110
OFFSET -3.855670 4.266596 56.513512
BONES 4
BONE 13 1.000000
BONE 40 0.000000
BONE 14 0.000000
BONE 38 0.000000

VERT 111
OFFSET -4.003395 4.458717 57.062042
BONES 1
BONE 13 1.000000

VERT 112
OFFSET -4.352352 4.797053 56.999699
BONES 1
BONE 13 1.000000

VERT 113
OFFSET -2.856405 4.416930 54.925468
BONES 4
BONE 13 1.000000
BONE 40 0.000000
BONE 14 0.000000
BONE 38 0.000000

VERT 114
OFFSET -2.981662 4.745426 54.935577
BONES 4
BONE 13 0.666079
BONE 14 0.194765
BONE 11 0.139156
BONE 10 0.000000

VERT 115
OFFSET -2.263514 4.611587 55.320953
BONES 4
BONE 13 1.000000
BONE 40 0.000000
BONE 14 0.000000
BONE 38 0.000000

VERT 116
OFFSET -4.691750 -3.791779 7.181512
BONES 2
BONE 8 0.000129
BONE 7 0.999871

VERT 117
OFFSET -0.039923 -2.744727 2.788197
BONES 2
BONE 8 0.346816
BONE 9 0.653184

VERT 118
OFFSET -4.425879 -1.189875 -0.059007
BONES 1
BONE 8 1.000000

VERT 119
OFFSET -6.052226 -0.801365 2.561902
BONES 2
BONE 7 0.072817
BONE 8 0.927183

VERT 120
OFFSET -6.172071 -2.015019 -0.123830
BONES 1
BONE 8 1.000000

VERT 121
OFFSET -6.179636 -4.000893 2.336968
BONES 2
BONE 7 0.009587
BONE 8 0.990413

VERT 122
OFFSET -1.839048 -1.203927 19.291042
BONES 2
BONE 7 0.762329
BONE 6 0.237671

VERT 123
OFFSET -2.772989 -0.597380 19.412180
BONES 2
BONE 7 0.785192
BONE 6 0.214808

VERT 124
OFFSET -1.736599 -2.404884 19.187624
BONES 4
BONE 7 0.762481
BONE 6 0.237519
BONE 16 0.000000
BONE 40 0.000000

VERT 125
OFFSET -2.125930 -1.523318 19.350935
BONES 2
BONE 6 0.367512
BONE 7 0.632488

VERT 126
OFFSET -1.413244 -2.293041 19.082394
BONES 2
BONE 6 0.196062
BONE 7 0.803938

VERT 127
OFFSET -1.948709 -3.627453 19.275534
BONES 2
BONE 6 0.171621
BONE 7 0.828380

VERT 128
OFFSET -3.033025 -4.435102 19.422848
BONES 2
BONE 7 0.728279
BONE 6 0.271721

VERT 129
OFFSET -2.138326 -3.221468 19.333509
BONES 4
BONE 7 0.813244
BONE 6 0.186756
BONE 16 0.000000
BONE 40 0.000000

VERT 130
OFFSET -2.875926 -3.751439 19.485266
BONES 2
BONE 7 0.188430
BONE 6 0.811570

VERT 131
OFFSET -0.443325 -0.684909 0.048757
BONES 2
BONE 9 0.357809
BONE 8 0.642191

VERT 132
OFFSET 2.517636 -1.287927 0.095442
BONES 2
BONE 9 0.997522
BONE 8 0.002478

VERT 133
OFFSET -0.747568 -4.610317 -0.047260
BONES 2
BONE 9 0.460587
BONE 8 0.539413

VERT 134
OFFSET 3.167040 -2.885701 0.093595
BONES 1
BONE 9 1.000000

VERT 135
OFFSET -3.367264 -4.000371 14.352638
BONES 2
BONE 6 0.011734
BONE 7 0.988266

VERT 136
OFFSET -0.174385 -1.399106 1.575247
BONES 2
BONE 8 0.498579
BONE 9 0.501421

VERT 137
OFFSET -1.568795 -1.160942 2.188595
BONES 1
BONE 8 1.000000

VERT 138
OFFSET -4.651405 -3.773206 -0.138932
BONES 1
BONE 8 1.000000

VERT 139
OFFSET -0.387944 -4.057041 1.453960
BONES 2
BONE 9 0.488131
BONE 8 0.511869

VERT 140
OFFSET -4.295508 -4.317742 1.761511
BONES 2
BONE 7 0.000001
BONE 8 0.999999

VERT 141
OFFSET 2.364873 -4.340245 0.036747
BONES 1
BONE 9 1.000000

VERT 142
OFFSET 0.366962 -2.730279 2.297113
BONES 2
BONE 8 0.193108
BONE 9 0.806892

VERT 143
OFFSET 2.091660 -2.809459 1.344326
BONES 1
BONE 9 1.000000

VERT 144
OFFSET 1.727126 -1.350886 0.967716
BONES 2
BONE 8 0.000090
BONE 9 0.999910

VERT 145
OFFSET 1.576320 -4.236792 0.898663
BONES 1
BONE 9 1.000000

VERT 146
OFFSET 7.074955 -14.576972 43.559902
BONES 5
BONE 6 0.000005
BONE 2 0.000005
BONE 14 0.000005
BONE 59 0.055211
BONE 40 0.944773

VERT 147
OFFSET 10.106676 -14.205833 42.674301
BONES 5
BONE 41 0.604404
BONE 42 0.000658
BONE 40 0.374083
BONE 50 0.000000
BONE 44 0.020855

VERT 148
OFFSET 9.419011 -13.324555 43.604622
BONES 3
BONE 53 0.076879
BONE 40 0.902990
BONE 54 0.020131

VERT 149
OFFSET 9.016906 -11.838623 43.381367
BONES 3
BONE 40 0.008661
BONE 53 0.318488
BONE 54 0.672851

VERT 150
OFFSET 9.493991 -12.324221 43.375652
BONES 4
BONE 55 0.001981
BONE 40 0.044734
BONE 53 0.339944
BONE 54 0.613342

VERT 151
OFFSET 7.702314 -12.631485 43.507450
BONES 3
BONE 40 0.448535
BONE 53 0.549325
BONE 59 0.002141

VERT 152
OFFSET 8.688149 -13.408324 42.070778
BONES 4
BONE 44 0.000396
BONE 50 0.000355
BONE 40 0.928396
BONE 53 0.070853

VERT 153
OFFSET 9.240418 -14.722893 40.985264
BONES 4
BONE 48 0.006613
BONE 47 0.392987
BONE 40 0.214464
BONE 50 0.385937

VERT 154
OFFSET 8.698219 -14.811960 40.823536
BONES 3
BONE 48 0.006000
BONE 40 0.249226
BONE 47 0.744774

VERT 155
OFFSET 7.073737 -13.769626 41.868393
BONES 2
BONE 40 0.923283
BONE 59 0.076717

VERT 156
OFFSET 9.839397 -14.036988 41.695160
BONES 3
BONE 41 0.002654
BONE 40 0.532321
BONE 44 0.465025

VERT 157
OFFSET 9.794313 -14.554849 41.340420
BONES 4
BONE 47 0.001987
BONE 44 0.365821
BONE 40 0.250630
BONE 50 0.381561

VERT 158
OFFSET 10.894773 -14.328609 42.009678
BONES 4
BONE 42 0.286484
BONE 43 0.000827
BONE 41 0.695922
BONE 40 0.016767

VERT 159
OFFSET 8.978098 -11.818235 42.699898
BONES 3
BONE 54 0.866890
BONE 40 0.032615
BONE 53 0.100495

VERT 160
OFFSET -6.307836 2.313220 -0.028266
BONES 1
BONE 4 1.000000

VERT 161
OFFSET -4.951920 3.883294 -0.026112
BONES 1
BONE 4 1.000000

VERT 162
OFFSET -6.338743 2.201540 7.250964
BONES 2
BONE 4 0.000836
BONE 3 0.999164

VERT 163
OFFSET 7.328894 -12.927499 43.551426
BONES 2
BONE 40 0.625490
BONE 59 0.374510

VERT 164
OFFSET 6.628492 -14.336358 43.183983
BONES 2
BONE 40 0.581709
BONE 59 0.418291

VERT 165
OFFSET 6.576249 -12.544371 44.668545
BONES 2
BONE 40 0.008611
BONE 59 0.991389

VERT 166
OFFSET 6.096558 -13.455448 42.836819
BONES 2
BONE 59 0.964610
BONE 40 0.035390

VERT 167
OFFSET 7.316452 -13.014204 44.576077
BONES 2
BONE 59 0.711813
BONE 40 0.288187

VERT 168
OFFSET 7.116148 -13.891253 44.520599
BONES 2
BONE 59 0.701817
BONE 40 0.298183

VERT 169
OFFSET 7.620476 -13.474467 44.119011
BONES 6
BONE 6 0.000005
BONE 2 0.000005
BONE 14 0.000005
BONE 50 0.000005
BONE 40 0.879526
BONE 59 0.120455

VERT 170
OFFSET 6.762157 -14.632626 42.661057
BONES 2
BONE 40 0.910913
BONE 59 0.089087

VERT 171
OFFSET 6.666816 -13.924366 42.346199
BONES 2
BONE 40 0.676108
BONE 59 0.323892

VERT 172
OFFSET 10.232197 -13.881846 42.808025
BONES 2
BONE 41 0.556742
BONE 40 0.443258

VERT 173
OFFSET -1.438944 4.235344 1.971344
BONES 2
BONE 5 0.166755
BONE 4 0.833245

VERT 174
OFFSET -5.061643 3.860776 5.371767
BONES 2
BONE 4 0.377131
BONE 3 0.622869

VERT 175
OFFSET -0.787266 4.783890 0.147861
BONES 2
BONE 4 0.636434
BONE 5 0.363566

VERT 176
OFFSET 2.295408 4.491770 0.312537
BONES 1
BONE 5 1.000000

VERT 177
OFFSET 1.544227 1.487015 1.288775
BONES 1
BONE 5 1.000000

VERT 178
OFFSET 2.338546 1.394473 0.447248
BONES 1
BONE 5 1.000000

VERT 179
OFFSET -0.588412 0.866661 0.294523
BONES 2
BONE 5 0.360849
BONE 4 0.639151

VERT 180
OFFSET -4.253417 0.879595 1.997506
BONES 1
BONE 4 1.000000

VERT 181
OFFSET -0.194688 2.911404 3.036026
BONES 2
BONE 4 0.573610
BONE 5 0.426390

VERT 182
OFFSET -4.550501 1.410478 0.085907
BONES 1
BONE 4 1.000000

VERT 183
OFFSET -4.444954 4.533628 1.874763
BONES 1
BONE 4 1.000000

VERT 184
OFFSET -4.667236 1.216634 7.135156
BONES 2
BONE 4 0.011651
BONE 3 0.988349

VERT 185
OFFSET -5.999457 3.382543 6.643207
BONES 2
BONE 3 0.969360
BONE 4 0.030640

VERT 186
OFFSET 3.092739 3.030893 0.392438
BONES 1
BONE 5 1.000000

VERT 187
OFFSET -4.143876 3.933846 4.194525
BONES 2
BONE 3 0.184325
BONE 4 0.815675

VERT 188
OFFSET -2.067805 1.334429 2.556943
BONES 1
BONE 4 1.000000

VERT 189
OFFSET -2.692621 2.462146 4.798962
BONES 3
BONE 5 0.014893
BONE 4 0.591782
BONE 3 0.393325

VERT 190
OFFSET -0.325040 1.598367 1.818643
BONES 2
BONE 5 0.483746
BONE 4 0.516254

VERT 191
OFFSET -4.791797 1.245681 4.908676
BONES 2
BONE 4 0.492688
BONE 3 0.507312

VERT 192
OFFSET -0.428869 4.175488 1.739267
BONES 2
BONE 5 0.500102
BONE 4 0.499898

VERT 193
OFFSET 0.224001 2.946692 2.561568
BONES 2
BONE 4 0.247458
BONE 5 0.752542

VERT 194
OFFSET 1.486691 4.381162 1.173862
BONES 1
BONE 5 1.000000

VERT 195
OFFSET 1.945767 3.039130 1.656375
BONES 1
BONE 5 1.000000

VERT 196
OFFSET -6.182213 1.050511 2.564728
BONES 2
BONE 3 0.012753
BONE 4 0.987247

VERT 197
OFFSET -7.402841 2.696944 3.444950
BONES 2
BONE 3 0.072456
BONE 4 0.927544

VERT 198
OFFSET -6.416559 4.239496 2.666314
BONES 2
BONE 3 0.012246
BONE 4 0.987754

VERT 199
OFFSET -5.687336 1.285805 6.468185
BONES 2
BONE 4 0.019212
BONE 3 0.980788

VERT 200
OFFSET -5.682736 4.316189 3.603671
BONES 2
BONE 3 0.062900
BONE 4 0.937100

VERT 201
OFFSET -3.884676 4.999860 16.772255
BONES 1
BONE 3 1.000000

VERT 202
OFFSET -5.305449 4.506528 17.066216
BONES 1
BONE 3 1.000000

VERT 203
OFFSET -4.382196 4.582439 16.121750
BONES 1
BONE 3 1.000000

VERT 204
OFFSET -5.508827 4.618532 16.098806
BONES 1
BONE 3 1.000000

VERT 205
OFFSET -3.592748 4.128597 14.747567
BONES 1
BONE 3 1.000000

VERT 206
OFFSET -3.020146 3.800526 14.741425
BONES 1
BONE 3 1.000000

VERT 207
OFFSET -2.900931 3.689769 14.688438
BONES 1
BONE 3 1.000000

VERT 208
OFFSET -3.406138 4.490633 16.130877
BONES 1
BONE 3 1.000000

VERT 209
OFFSET -3.493617 4.416885 16.131516
BONES 1
BONE 3 1.000000

VERT 210
OFFSET -3.183741 4.510450 16.676460
BONES 1
BONE 3 1.000000

VERT 211
OFFSET -4.920643 4.732659 16.586739
BONES 1
BONE 3 1.000000

VERT 212
OFFSET -4.044445 4.600706 16.620920
BONES 1
BONE 3 1.000000

VERT 213
OFFSET -4.286760 4.585539 15.457816
BONES 1
BONE 3 1.000000

VERT 214
OFFSET -3.906834 4.584754 15.937503
BONES 1
BONE 3 1.000000

VERT 215
OFFSET -6.168037 2.273792 8.138327
BONES 1
BONE 3 1.000000

VERT 216
OFFSET -4.493203 1.337308 19.643980
BONES 2
BONE 2 0.478146
BONE 3 0.521854

VERT 217
OFFSET -5.426079 2.429077 19.481834
BONES 2
BONE 2 0.318264
BONE 3 0.681736

VERT 218
OFFSET -4.928925 3.817111 19.614389
BONES 2
BONE 2 0.507699
BONE 3 0.492301

VERT 219
OFFSET -4.560139 4.495089 16.763847
BONES 2
BONE 2 0.012702
BONE 3 0.987298

VERT 220
OFFSET -3.218909 4.600231 19.490929
BONES 2
BONE 2 0.415590
BONE 3 0.584410

VERT 221
OFFSET -4.431124 3.582089 19.647562
BONES 4
BONE 2 0.707818
BONE 3 0.292182
BONE 6 0.000000
BONE 40 0.000000

VERT 222
OFFSET -4.651555 2.813592 19.670824
BONES 2
BONE 2 0.707348
BONE 3 0.292652

VERT 223
OFFSET -3.405670 4.008778 19.467592
BONES 2
BONE 3 0.315127
BONE 2 0.684873

VERT 224
OFFSET -5.419441 1.348274 13.964741
BONES 1
BONE 3 1.000000

VERT 225
OFFSET -6.039698 2.500752 17.500484
BONES 2
BONE 3 0.991594
BONE 2 0.008406

VERT 226
OFFSET -3.030496 0.788656 19.363819
BONES 2
BONE 3 0.609522
BONE 2 0.390478

VERT 227
OFFSET -5.561193 1.387407 7.786934
BONES 1
BONE 3 1.000000

VERT 228
OFFSET -5.842590 3.574473 15.891990
BONES 1
BONE 3 1.000000

VERT 229
OFFSET -5.847180 3.361259 7.867722
BONES 1
BONE 3 1.000000

VERT 230
OFFSET -3.168244 3.807244 14.455564
BONES 1
BONE 3 1.000000

VERT 231
OFFSET -3.897170 1.702605 6.316992
BONES 2
BONE 4 0.211180
BONE 3 0.788820

VERT 232
OFFSET -3.749404 1.269806 12.469741
BONES 1
BONE 3 1.000000

VERT 233
OFFSET -3.317383 2.694397 10.600045
BONES 1
BONE 3 1.000000

VERT 234
OFFSET -1.435459 2.628574 19.120493
BONES 2
BONE 2 0.279189
BONE 3 0.720811

VERT 235
OFFSET -2.025556 1.569763 18.172930
BONES 2
BONE 3 0.879536
BONE 2 0.120464

VERT 236
OFFSET -2.181427 0.982677 19.414335
BONES 2
BONE 3 0.534033
BONE 2 0.465967

VERT 237
OFFSET -2.265056 1.620028 19.424891
BONES 2
BONE 2 0.478601
BONE 3 0.521399

VERT 238
OFFSET -3.033197 1.365362 19.520046
BONES 2
BONE 3 0.394088
BONE 2 0.605912

VERT 239
OFFSET -2.259280 4.052230 19.375877
BONES 2
BONE 2 0.468567
BONE 3 0.531433

VERT 240
OFFSET -1.745744 2.551941 19.410038
BONES 2
BONE 2 0.329310
BONE 3 0.670690

VERT 241
OFFSET -2.432320 3.672908 19.483816
BONES 2
BONE 3 0.556940
BONE 2 0.443060

VERT 242
OFFSET -4.027152 3.883435 12.240617
BONES 1
BONE 3 1.000000

VERT 243
OFFSET -4.085231 3.444133 6.609531
BONES 1
BONE 3 1.000000

VERT 244
OFFSET -4.898149 3.718573 7.129634
BONES 2
BONE 4 0.010093
BONE 3 0.989907

VERT 245
OFFSET -1.431564 3.450182 19.381168
BONES 2
BONE 2 0.468608
BONE 3 0.531392

VERT 246
OFFSET -1.656275 4.486362 21.337940
BONES 2
BONE 2 0.871166
BONE 3 0.128834

VERT 247
OFFSET -0.904249 3.518490 24.613907
BONES 1
BONE 2 1.000000

VERT 248
OFFSET -0.923220 1.762566 24.258850
BONES 1
BONE 2 1.000000

VERT 249
OFFSET -0.104294 2.630719 19.905479
BONES 2
BONE 3 0.321438
BONE 2 0.678562

VERT 250
OFFSET -0.272233 3.499062 20.065363
BONES 2
BONE 3 0.371982
BONE 2 0.628018

VERT 251
OFFSET -1.388781 1.383695 19.865345
BONES 2
BONE 3 0.400450
BONE 2 0.599550

VERT 252
OFFSET -1.837727 3.649912 19.957897
BONES 2
BONE 2 0.571967
BONE 3 0.428033

VERT 253
OFFSET -3.517236 4.263527 20.317684
BONES 2
BONE 3 0.299514
BONE 2 0.700486

VERT 254
OFFSET -4.395368 3.861919 20.338436
BONES 2
BONE 3 0.255911
BONE 2 0.744089

VERT 255
OFFSET -4.873923 3.015257 20.165791
BONES 2
BONE 2 0.768403
BONE 3 0.231597

VERT 256
OFFSET -4.625526 2.115873 20.102194
BONES 2
BONE 3 0.298136
BONE 2 0.701864

VERT 257
OFFSET -4.095383 1.469793 20.038706
BONES 2
BONE 3 0.401092
BONE 2 0.598908

VERT 258
OFFSET -3.201087 1.070186 20.008997
BONES 2
BONE 2 0.724457
BONE 3 0.275543

VERT 259
OFFSET -2.375642 1.029478 20.082909
BONES 2
BONE 2 0.716007
BONE 3 0.283993

VERT 260
OFFSET -1.839729 1.368296 19.840631
BONES 2
BONE 2 0.528273
BONE 3 0.471727

VERT 261
OFFSET -1.243049 1.945412 20.173576
BONES 2
BONE 3 0.311063
BONE 2 0.688937

VERT 262
OFFSET -1.438310 2.827221 19.794842
BONES 2
BONE 3 0.433684
BONE 2 0.566316

VERT 263
OFFSET -1.087087 2.787949 20.631823
BONES 2
BONE 3 0.233756
BONE 2 0.766244

VERT 264
OFFSET -1.537037 1.356272 20.567965
BONES 2
BONE 2 0.818570
BONE 3 0.181430

VERT 265
OFFSET -1.500519 3.653812 20.716385
BONES 2
BONE 2 0.823187
BONE 3 0.176813

VERT 266
OFFSET -2.613281 4.201018 20.336798
BONES 2
BONE 2 0.679909
BONE 3 0.320091

VERT 267
OFFSET -5.406024 4.527266 17.153585
BONES 1
BONE 3 1.000000

VERT 268
OFFSET -3.867177 4.899700 16.837181
BONES 1
BONE 3 1.000000

VERT 269
