// Export time: Fri Oct 09 11:06:16 2020

// Exported using Blender v2.90.1
// Export filename: 'E:/blackops3/mod_xmodel/iw4/m4a1/ch_body_gk_m4a1_lod1.XMODEL_EXPORT'
// Source filename: 'E:/blackops3/mod_xmodel/iw4/m4a1/m4a1.blend'
MODEL
VERSION 6

NUMBONES 89
BONE 0 -1 "tag_origin"
BONE 1 0 "j_mainroot"
BONE 2 1 "j_hip_le"
BONE 3 2 "j_knee_le"
BONE 4 3 "j_ankle_le"
BONE 5 4 "j_ball_le"
BONE 6 1 "j_hip_ri"
BONE 7 6 "j_knee_ri"
BONE 8 7 "j_ankle_ri"
BONE 9 8 "j_ball_ri"
BONE 10 1 "j_spinelower"
BONE 11 10 "j_spineupper"
BONE 12 11 "j_spine4"
BONE 13 12 "j_clavicle_le"
BONE 14 13 "j_shoulder_le"
BONE 15 14 "j_elbow_le"
BONE 16 15 "j_wrist_le"
BONE 17 16 "j_index_le_1"
BONE 18 17 "j_index_le_2"
BONE 19 18 "j_index_le_3"
BONE 20 16 "j_mid_le_1"
BONE 21 20 "j_mid_le_2"
BONE 22 21 "j_mid_le_3"
BONE 23 16 "j_pinky_le_1"
BONE 24 23 "j_pinky_le_2"
BONE 25 24 "j_pinky_le_3"
BONE 26 16 "j_ring_le_1"
BONE 27 26 "j_ring_le_2"
BONE 28 27 "j_ring_le_3"
BONE 29 16 "j_thumb_le_1"
BONE 30 29 "j_thumb_le_2"
BONE 31 30 "j_thumb_le_3"
BONE 32 16 "j_wrist_le1"
BONE 33 32 "tag_weapon_left"
BONE 34 15 "j_wristtwist_le"
BONE 35 14 "j_shouldertwist_le"
BONE 36 35 "tag_reflector_arm_le"
BONE 37 12 "j_clavicle_ri"
BONE 38 37 "j_shoulder_ri"
BONE 39 38 "j_elbow_ri"
BONE 40 39 "j_wrist_ri"
BONE 41 40 "j_index_ri_1"
BONE 42 41 "j_index_ri_2"
BONE 43 42 "j_index_ri_3"
BONE 44 40 "j_mid_ri_1"
BONE 45 44 "j_mid_ri_2"
BONE 46 45 "j_mid_ri_3"
BONE 47 40 "j_pinky_ri_1"
BONE 48 47 "j_pinky_ri_2"
BONE 49 48 "j_pinky_ri_3"
BONE 50 40 "j_ring_ri_1"
BONE 51 50 "j_ring_ri_2"
BONE 52 51 "j_ring_ri_3"
BONE 53 40 "j_thumb_ri_1"
BONE 54 53 "j_thumb_ri_2"
BONE 55 54 "j_thumb_ri_3"
BONE 56 40 "j_wrist_ri1"
BONE 57 56 "tag_weapon_right"
BONE 58 56 "j_gun"
BONE 59 39 "j_wristtwist_ri"
BONE 60 38 "j_shouldertwist_ri"
BONE 61 60 "tag_reflector_arm_ri"
BONE 62 12 "j_neck"
BONE 63 62 "j_head"
BONE 64 12 "j_shoulderraise_le"
BONE 65 12 "j_shoulderraise_ri"
BONE 66 12 "tag_bipod"
BONE 67 12 "tag_inhand"
BONE 68 12 "tag_shield_back"
BONE 69 12 "tag_stowed_back"
BONE 70 12 "tag_weapon_chest"
BONE 71 1 "tag_stowed_hip_rear"
BONE 72 1 "qzA00"
BONE 73 72 "qzA01"
BONE 74 73 "qzA02"
BONE 75 74 "qzA03"
BONE 76 1 "qzB00"
BONE 77 76 "qzB01"
BONE 78 77 "qzB02"
BONE 79 78 "qzB03"
BONE 80 1 "qzC00"
BONE 81 80 "qzC01"
BONE 82 81 "qzC02"
BONE 83 82 "qzC03"
BONE 84 1 "qzD00"
BONE 85 84 "qzD01"
BONE 86 1 "qzE00"
BONE 87 86 "qzE01"
BONE 88 0 "tag_sync"

BONE 0
OFFSET 0.000000 0.000000 0.000000
SCALE 1.000000 1.000000 1.000000
X 1.000000 0.000000 0.000000
Y 0.000000 1.000000 0.000000
Z 0.000000 0.000000 1.000000

BONE 1
OFFSET -3.269401 -0.000006 35.371479
SCALE 1.000000 1.000000 1.000000
X -0.024715 -0.000056 0.999695
Y 0.999695 0.000059 0.024715
Z -0.000060 1.000000 0.000055

BONE 2
OFFSET -2.285595 2.662787 34.550770
SCALE 1.000000 1.000000 1.000000
X -0.033720 0.000194 -0.999431
Y 0.999421 -0.004522 -0.033721
Z -0.004526 -0.999990 -0.000042

BONE 3
OFFSET -2.754329 2.676403 21.458942
SCALE 1.000000 1.000000 1.000000
X -0.167087 0.000792 -0.985942
Y 0.985932 -0.004446 -0.167089
Z -0.004516 -0.999990 -0.000038

BONE 4
OFFSET -5.546779 2.689624 4.985479
SCALE 1.000000 1.000000 1.000000
X 0.008690 0.009153 -0.999920
Y 0.999824 0.016537 0.008840
Z 0.016617 -0.999821 -0.009008

BONE 5
OFFSET 0.021637 2.892444 0.549907
SCALE 1.000000 1.000000 1.000000
X 0.983133 0.014705 0.182300
Y -0.182135 -0.011886 0.983202
Z 0.016625 -0.999821 -0.009007

BONE 6
OFFSET -2.276204 -2.667045 34.568195
SCALE 1.000000 1.000000 1.000000
X 0.033724 -0.009150 0.999406
Y -0.999431 -0.000313 0.033721
Z 0.000004 -0.999958 -0.009156

BONE 7
OFFSET -2.745081 -2.551014 21.475492
SCALE 1.000000 1.000000 1.000000
X 0.167107 -0.009021 0.985915
Y -0.985939 -0.001545 0.167100
Z 0.000016 -0.999958 -0.009152

BONE 8
OFFSET -5.536885 -2.400320 5.000841
SCALE 1.000000 1.000000 1.000000
X -0.008646 0.000004 0.999979
Y -0.999740 0.021118 -0.008647
Z -0.021118 -0.999777 -0.000178

BONE 9
OFFSET 0.029974 -2.587419 0.562771
SCALE 1.000000 1.000000 1.000000
X -0.983061 0.020804 -0.182102
Y 0.182060 -0.003664 -0.983297
Z -0.021123 -0.999777 -0.000185

BONE 10
OFFSET -3.202741 -0.000289 40.315186
SCALE 1.000000 1.000000 1.000000
X -0.029901 -0.000053 0.999553
Y 0.999553 0.000059 0.029901
Z -0.000060 1.000000 0.000052

BONE 11
OFFSET -3.168286 -0.000627 46.140034
SCALE 1.000000 1.000000 1.000000
X 0.020442 -0.000062 0.999791
Y 0.999791 0.000062 -0.020442
Z -0.000060 1.000000 0.000063

BONE 12
OFFSET -3.107767 -0.000848 50.041580
SCALE 1.000000 1.000000 1.000000
X 0.047011 -0.000058 0.998894
Y 0.998894 0.000063 -0.047011
Z -0.000060 1.000000 0.000061

BONE 13
OFFSET -3.889093 1.304511 54.465569
SCALE 1.000000 1.000000 1.000000
X 0.022163 0.997121 0.072254
Y -0.999643 0.021022 0.016503
Z 0.014936 -0.072569 0.997243

BONE 14
OFFSET -3.496036 4.407781 54.410259
SCALE 1.000000 1.000000 1.000000
X 0.264004 0.662297 -0.701154
Y -0.955912 0.276575 -0.098658
Z 0.128584 0.696296 0.706141

BONE 15
OFFSET -1.340289 10.717596 47.998302
SCALE 1.000000 1.000000 1.000000
X 0.847829 0.292183 -0.442497
Y -0.514476 0.655395 -0.552930
Z 0.128457 0.696452 0.706010

BONE 16
OFFSET 6.937963 13.416535 43.582642
SCALE 1.000000 1.000000 1.000000
X 0.784395 0.296591 -0.544742
Y -0.116582 -0.792094 -0.599155
Z -0.609207 0.533460 -0.586733

BONE 17
OFFSET 10.965097 14.115376 42.328049
SCALE 1.000000 1.000000 1.000000
X 0.923396 0.249720 -0.291501
Y -0.052646 -0.669851 -0.740625
Z -0.380221 0.699213 -0.605382

BONE 18
OFFSET 12.007699 14.263359 41.841808
SCALE 1.000000 1.000000 1.000000
X 0.604754 -0.307228 -0.734768
Y -0.699806 -0.645411 -0.306116
Z -0.380190 0.699296 -0.605306

BONE 19
OFFSET 12.482120 13.905011 41.129761
SCALE 1.000000 1.000000 1.000000
X 0.245470 -0.554712 -0.795009
Y -0.891785 -0.450753 0.039161
Z -0.380086 0.699339 -0.605321

BONE 20
OFFSET 10.756310 14.682162 41.777969
SCALE 1.000000 1.000000 1.000000
X 0.795459 0.064436 -0.602566
Y -0.286501 -0.836187 -0.467649
Z -0.534006 0.544609 -0.646687

BONE 21
OFFSET 11.713839 14.669876 40.983772
SCALE 1.000000 1.000000 1.000000
X 0.051220 -0.742578 -0.667795
Y -0.844029 -0.389611 0.368517
Z -0.533847 0.544739 -0.646708

BONE 22
OFFSET 11.718911 13.834953 40.276489
SCALE 1.000000 1.000000 1.000000
X -0.281855 -0.835664 -0.471392
Y -0.797247 -0.069350 0.599651
Z -0.533813 0.544807 -0.646680

BONE 23
OFFSET 9.756509 15.371742 40.949444
SCALE 1.000000 1.000000 1.000000
X 0.723477 -0.101405 -0.682857
Y -0.423244 -0.846583 -0.322714
Z -0.545385 0.522468 -0.655399

BONE 24
OFFSET 10.283279 15.206458 40.379234
SCALE 1.000000 1.000000 1.000000
X 0.102737 -0.734407 -0.670885
Y -0.831991 -0.433093 0.346705
Z -0.545193 0.522528 -0.655511

BONE 25
OFFSET 10.348713 14.739465 39.952820
SCALE 1.000000 1.000000 1.000000
X -0.341011 -0.852549 -0.396051
Y -0.765880 0.007681 0.642933
Z -0.545105 0.522551 -0.655566

BONE 26
OFFSET 10.320251 15.086048 41.374084
SCALE 1.000000 1.000000 1.000000
X 0.740569 -0.008178 -0.671926
Y -0.327097 -0.877837 -0.349844
Z -0.586997 0.478846 -0.652771

BONE 27
OFFSET 11.138990 14.953770 40.540787
SCALE 1.000000 1.000000 1.000000
X 0.111384 -0.750837 -0.651024
Y -0.801969 -0.454775 0.387307
Z -0.586890 0.478939 -0.652800

BONE 28
OFFSET 11.229465 14.344831 40.012882
SCALE 1.000000 1.000000 1.000000
X -0.168568 -0.860857 -0.480102
Y -0.792001 -0.171650 0.585884
Z -0.586787 0.478980 -0.652862

BONE 29
OFFSET 8.489244 13.063569 43.229538
SCALE 1.000000 1.000000 1.000000
X 0.592492 -0.768242 -0.242367
Y 0.364434 0.523905 -0.769853
Z 0.718430 0.367814 0.590400

BONE 30
OFFSET 9.445650 11.823155 42.837978
SCALE 1.000000 1.000000 1.000000
X 0.685884 -0.516032 -0.513101
Y 0.115892 0.773521 -0.623042
Z 0.718423 0.367880 0.590367

BONE 31
OFFSET 10.307967 11.174232 42.192482
SCALE 1.000000 1.000000 1.000000
X 0.677960 -0.180324 -0.712637
Y -0.155700 0.912204 -0.378931
Z 0.718420 0.367867 0.590379

BONE 32
OFFSET 7.021015 10.668934 44.893921
SCALE 1.000000 1.000000 1.000000
X 0.784396 0.296598 -0.544736
Y -0.116569 -0.792096 -0.599155
Z -0.609208 0.533453 -0.586739

BONE 33
OFFSET 8.689608 -25.560020 40.925083
SCALE 1.000000 1.000000 1.000000
X 0.999994 -0.002755 0.002300
Y 0.002755 0.999976 0.000229
Z -0.002300 -0.000199 0.999991

BONE 34
OFFSET 4.514351 12.626164 44.875282
SCALE 1.000000 1.000000 1.000000
X 0.847855 0.292158 -0.442463
Y -0.514436 0.655401 -0.552961
Z 0.128442 0.696457 0.706008

BONE 35
OFFSET -3.399826 4.649125 54.154861
SCALE 1.000000 1.000000 1.000000
X 0.264056 0.662586 -0.700862
Y -0.955913 0.276573 -0.098659
Z 0.128473 0.696021 0.706432

BONE 36
OFFSET -2.749394 6.163390 54.943428
SCALE 1.000000 1.000000 1.000000
X 0.153289 0.423693 0.892741
Y -0.988083 0.052927 0.144541
Z 0.013991 -0.904236 0.426741

BONE 37
OFFSET -3.888811 -1.304388 54.467533
SCALE 1.000000 1.000000 1.000000
X -0.019472 0.997197 -0.072235
Y 0.999656 0.018148 -0.018937
Z -0.017573 -0.072579 -0.997208

BONE 38
OFFSET -3.504800 -4.408730 54.410904
SCALE 1.000000 1.000000 1.000000
X -0.260627 0.662907 0.701874
Y 0.956911 0.273797 0.096734
Z -0.128045 0.696842 -0.705702

BONE 39
OFFSET -1.381465 -10.722315 47.991463
SCALE 1.000000 1.000000 1.000000
X -0.845934 0.294629 0.444511
Y 0.517666 0.653942 0.551709
Z -0.128135 0.696817 -0.705711

BONE 40
OFFSET 6.879842 -13.446800 43.558029
SCALE 1.000000 1.000000 1.000000
X -0.782177 0.298762 0.546754
Y 0.115783 -0.792552 0.598711
Z 0.612203 0.531603 0.585325

BONE 41
OFFSET 10.079472 -13.911162 42.604717
SCALE 1.000000 1.000000 1.000000
X -0.921953 0.252324 0.293827
Y 0.052541 -0.670157 0.740358
Z 0.383720 0.698013 0.604596

BONE 42
OFFSET 11.129391 -14.146913 42.231915
SCALE 1.000000 1.000000 1.000000
X -0.603786 -0.305738 0.736184
Y 0.698722 -0.647521 0.304145
Z 0.383706 0.698026 0.604591

BONE 43
OFFSET 11.685014 -13.940974 41.641628
SCALE 1.000000 1.000000 1.000000
X -0.245150 -0.554215 0.795454
Y 0.890334 -0.453411 -0.041513
Z 0.383675 0.698043 0.604590

BONE 44
OFFSET 9.885008 -14.514934 41.964020
SCALE 1.000000 1.000000 1.000000
X -0.793822 0.066558 0.604497
Y 0.285215 -0.837154 0.466717
Z 0.537121 0.542902 0.645569

BONE 45
OFFSET 11.098044 -14.541937 40.977379
SCALE 1.000000 1.000000 1.000000
X -0.051850 -0.742621 0.667702
Y 0.841950 -0.392067 -0.370678
Z 0.537058 0.542952 0.645579

BONE 46
OFFSET 11.076857 -13.893885 40.450058
SCALE 1.000000 1.000000 1.000000
X 0.280327 -0.836708 0.470464
Y 0.795568 -0.071726 -0.601604
Z 0.537111 0.542932 0.645552

BONE 47
OFFSET 8.859613 -14.845865 41.084675
SCALE 1.000000 1.000000 1.000000
X -0.722155 -0.099551 0.684530
Y 0.421561 -0.847925 0.321418
Z 0.548432 0.520685 0.654300

BONE 48
OFFSET 9.502206 -14.757301 40.475647
SCALE 1.000000 1.000000 1.000000
X -0.103352 -0.734284 0.670929
Y 0.829803 -0.435565 -0.348870
Z 0.548403 0.520682 0.654328

BONE 49
OFFSET 9.557815 -14.362265 40.114574
SCALE 1.000000 1.000000 1.000000
X 0.339216 -0.853752 0.395018
Y 0.764326 0.005341 -0.644808
Z 0.548397 0.520652 0.654357

BONE 50
OFFSET 9.372630 -14.794671 41.497810
SCALE 1.000000 1.000000 1.000000
X -0.738964 -0.006259 0.673715
Y 0.325384 -0.878926 0.348732
Z 0.589963 0.476917 0.651532

BONE 51
OFFSET 10.328750 -14.786673 40.626022
SCALE 1.000000 1.000000 1.000000
X -0.112180 -0.750673 0.651080
Y 0.799656 -0.457156 -0.389306
Z 0.589887 0.476968 0.651564

BONE 52
OFFSET 10.416977 -14.196306 40.114098
SCALE 1.000000 1.000000 1.000000
X 0.167016 -0.861540 0.479431
Y 0.790022 -0.173988 -0.587872
Z 0.589890 0.476945 0.651577

BONE 53
OFFSET 8.323424 -13.156824 43.311996
SCALE 1.000000 1.000000 1.000000
X -0.594204 -0.766465 0.243830
Y -0.360953 0.525024 0.770755
Z -0.718773 0.369974 -0.588630

BONE 54
OFFSET 9.104391 -12.149666 42.991325
SCALE 1.000000 1.000000 1.000000
X -0.686132 -0.514004 0.514803
Y -0.112066 0.773890 0.623326
Z -0.718793 0.369992 -0.588594

BONE 55
OFFSET 9.754009 -11.609766 42.486534
SCALE 1.000000 1.000000 1.000000
X -0.676743 -0.178472 0.714260
Y 0.159234 0.911726 0.378683
Z -0.718794 0.370005 -0.588585

BONE 56
OFFSET 6.785615 -16.193993 42.246433
SCALE 1.000000 1.000000 1.000000
X -0.782177 0.298758 0.546757
Y 0.115791 -0.792551 0.598712
Z 0.612202 0.531608 0.585322

BONE 57
OFFSET 8.549210 -23.833059 38.281898
SCALE 1.000000 1.000000 1.000000
X 1.000000 0.000615 -0.000899
Y -0.000656 0.998916 -0.046555
Z 0.000869 0.046556 0.998916

BONE 58
OFFSET 8.549210 -23.833059 38.281898
SCALE 1.000000 1.000000 1.000000
X 1.000000 -0.000073 -0.000602
Y 0.000073 1.000000 0.000466
Z 0.000602 -0.000466 1.000000

BONE 59
OFFSET 4.461195 -12.649168 44.856022
SCALE 1.000000 1.000000 1.000000
X -0.845929 0.294636 0.444514
Y 0.517673 0.653939 0.551705
Z -0.128132 0.696817 -0.705711

BONE 60
OFFSET -3.419335 -4.626130 54.180725
SCALE 1.000000 1.000000 1.000000
X -0.260629 0.662906 0.701875
Y 0.956910 0.273800 0.096734
Z -0.128048 0.696842 -0.705702

BONE 61
OFFSET -2.771159 -6.142340 54.967091
SCALE 1.000000 1.000000 1.000000
X 0.091523 -0.493265 0.865051
Y 0.993594 -0.012593 -0.112304
Z 0.066289 0.869788 0.488953

BONE 62
OFFSET -3.863354 -0.001244 56.358082
SCALE 1.000000 1.000000 1.000000
X 0.309758 -0.000040 0.950816
Y 0.950816 0.000075 -0.309758
Z -0.000059 1.000000 0.000061

BONE 63
OFFSET -3.148026 -0.001351 58.986137
SCALE 1.000000 1.000000 1.000000
X 0.216359 -0.000040 0.976314
Y 0.976314 0.000072 -0.216359
Z -0.000061 1.000000 0.000055

BONE 64
OFFSET -2.968312 3.823044 56.788479
SCALE 1.000000 1.000000 1.000000
X -0.019305 -0.997191 -0.072366
Y 0.999659 -0.017980 -0.018914
Z 0.017559 -0.072706 0.997199

BONE 65
OFFSET -2.967850 -3.825488 56.788166
SCALE 1.000000 1.000000 1.000000
X 0.022402 -0.997089 0.072402
Y -0.999638 -0.021260 0.016494
Z -0.014907 -0.072699 -0.997226

BONE 66
OFFSET 15.412203 -27.094725 30.673040
SCALE 1.000000 1.000000 1.000000
X 1.000000 -0.000031 0.000076
Y 0.000031 1.000000 -0.000004
Z -0.000076 0.000004 1.000000

BONE 67
OFFSET 9.986255 -27.095610 37.856510
SCALE 1.000000 1.000000 1.000000
X -0.000150 1.000000 0.000195
Y 0.764278 0.000240 -0.644887
Z -0.644887 0.000052 -0.764278

BONE 68
OFFSET -11.109972 0.759941 50.419029
SCALE 1.000000 1.000000 1.000000
X -0.989753 -0.000237 0.142792
Y 0.000239 -1.000000 -0.000000
Z 0.142792 0.000034 0.989753

BONE 69
OFFSET -9.354752 -4.368623 48.401340
SCALE 1.000000 1.000000 1.000000
X -0.006989 0.025932 -0.999639
Y -0.984168 -0.177222 0.002283
Z -0.177099 0.983829 0.026760

BONE 70
OFFSET 9.986255 -27.095610 37.856510
SCALE 1.000000 1.000000 1.000000
X 1.000000 0.000012 0.000076
Y -0.000012 1.000000 0.000003
Z -0.000076 -0.000003 1.000000

BONE 71
OFFSET -8.940302 -2.490934 35.146790
SCALE 1.000000 1.000000 1.000000
X -0.188058 0.137952 0.972421
Y 0.149137 -0.974595 0.167102
Z 0.970769 0.176448 0.162706

BONE 72
OFFSET -6.769319 -0.625172 39.139000
SCALE 1.000000 1.000000 1.000000
X 0.000000 0.999927 -0.012049
Y 0.987864 -0.001872 -0.155314
Z -0.155325 -0.011903 -0.987792

BONE 73
OFFSET -8.900462 -0.672135 35.240883
SCALE 1.000000 1.000000 1.000000
X -0.000000 0.999927 -0.012049
Y 0.987864 -0.001871 -0.155314
Z -0.155325 -0.011903 -0.987792

BONE 74
OFFSET -11.031605 -0.719098 31.342764
SCALE 1.000000 1.000000 1.000000
X -0.000001 0.999927 -0.012055
Y 0.987865 -0.001871 -0.155303
Z -0.155314 -0.011909 -0.987793

BONE 75
OFFSET -13.162749 -0.766061 27.444649
SCALE 1.000000 1.000000 1.000000
X -0.000002 0.999927 -0.012057
Y 0.987864 -0.001871 -0.155314
Z -0.155325 -0.011911 -0.987792

BONE 76
OFFSET -4.478246 -6.638844 38.289982
SCALE 1.000000 1.000000 1.000000
X -0.574274 0.818521 -0.015258
Y 0.731552 0.504712 -0.458363
Z -0.367479 -0.274388 -0.888634

BONE 77
OFFSET -7.112337 -8.543269 35.261127
SCALE 1.000000 1.000000 1.000000
X -0.574259 0.818531 -0.015268
Y 0.731553 0.504687 -0.458390
Z -0.367501 -0.274404 -0.888620

BONE 78
OFFSET -9.746430 -10.447698 32.232273
SCALE 1.000000 1.000000 1.000000
X -0.574256 0.818533 -0.015271
Y 0.731557 0.504683 -0.458388
Z -0.367499 -0.274403 -0.888621

BONE 79
OFFSET -12.380526 -12.352126 29.203409
SCALE 1.000000 1.000000 1.000000
X -0.574254 0.818535 -0.015270
Y 0.731560 0.504684 -0.458383
Z -0.367495 -0.274399 -0.888624

BONE 80
OFFSET -5.539672 5.070408 35.421028
SCALE 1.000000 1.000000 1.000000
X 0.826284 0.546460 -0.136515
Y 0.520355 -0.833367 -0.186356
Z -0.215604 0.082947 -0.972951

BONE 81
OFFSET -7.221786 6.667209 31.631565
SCALE 1.000000 1.000000 1.000000
X 0.826287 0.546455 -0.136515
Y 0.520346 -0.833369 -0.186378
Z -0.215614 0.082967 -0.972948

BONE 82
OFFSET -8.903893 8.264008 27.842100
SCALE 1.000000 1.000000 1.000000
X 0.826283 0.546461 -0.136518
Y 0.520354 -0.833366 -0.186367
Z -0.215612 0.082955 -0.972949

BONE 83
OFFSET -10.586003 9.860806 24.052635
SCALE 1.000000 1.000000 1.000000
X 0.826287 0.546455 -0.136515
Y 0.520346 -0.833369 -0.186378
Z -0.215614 0.082966 -0.972947

BONE 84
OFFSET 2.338999 -1.718440 37.069008
SCALE 1.000000 1.000000 1.000000
X -0.256484 -0.965151 0.051975
Y -0.958378 0.246969 -0.143243
Z 0.125418 -0.086548 -0.988326

BONE 85
OFFSET 2.856471 -3.016055 31.369017
SCALE 1.000000 1.000000 1.000000
X -0.256476 -0.965153 0.051977
Y -0.958381 0.246962 -0.143234
Z 0.125409 -0.086547 -0.988327

BONE 86
OFFSET 2.769674 2.914176 37.251938
SCALE 1.000000 1.000000 1.000000
X -0.209561 -0.949256 -0.234512
Y -0.958383 0.246958 -0.143220
Z 0.193865 0.194736 -0.961503

BONE 87
OFFSET 2.931068 3.846567 31.931826
SCALE 1.000000 1.000000 1.000000
X -0.209563 -0.949255 -0.234512
Y -0.958381 0.246963 -0.143230
Z 0.193876 0.194734 -0.961502

BONE 88
OFFSET -0.002166 0.000000 -0.000000
SCALE 1.000000 1.000000 1.000000
X -1.000000 0.000000 0.000000
Y 0.000000 -1.000000 0.000000
Z 0.000000 0.000000 1.000000


NUMVERTS 4709
VERT 0
OFFSET -2.263514 4.611588 55.320950
BONES 4
BONE 13 1.000000
BONE 40 0.000000
BONE 14 0.000000
BONE 38 0.000000

VERT 1
OFFSET -2.369712 4.998358 55.288910
BONES 4
BONE 13 1.000000
BONE 40 0.000000
BONE 14 0.000000
BONE 38 0.000000

VERT 2
OFFSET -2.583816 4.565067 55.824474
BONES 4
BONE 13 1.000000
BONE 40 0.000000
BONE 14 0.000000
BONE 38 0.000000

VERT 3
OFFSET -3.618781 7.078152 52.046162
BONES 1
BONE 14 1.000000

VERT 4
OFFSET -3.995932 6.341073 52.700375
BONES 1
BONE 14 1.000000

VERT 5
OFFSET -4.514944 6.258397 52.355770
BONES 1
BONE 14 1.000000

VERT 6
OFFSET -1.893361 10.750972 48.633923
BONES 1
BONE 14 1.000000

VERT 7
OFFSET -1.707839 11.130099 48.291042
BONES 1
BONE 14 1.000000

VERT 8
OFFSET -3.000563 7.178106 52.440662
BONES 1
BONE 14 1.000000

VERT 9
OFFSET -2.771039 6.552021 53.511124
BONES 3
BONE 14 1.000000
BONE 6 0.000000
BONE 2 0.000000

VERT 10
OFFSET -2.494587 7.286731 52.765804
BONES 1
BONE 14 1.000000

VERT 11
OFFSET -1.150314 10.874755 49.123371
BONES 1
BONE 14 1.000000

VERT 12
OFFSET -3.112119 7.565827 52.815250
BONES 1
BONE 14 1.000000

VERT 13
OFFSET -3.476690 6.782660 53.646385
BONES 1
BONE 14 1.000000

VERT 14
OFFSET -2.744925 7.631529 53.062656
BONES 1
BONE 14 1.000000

VERT 15
OFFSET -3.088284 6.844189 53.896725
BONES 1
BONE 14 1.000000

VERT 16
OFFSET -1.241061 11.206631 48.603825
BONES 1
BONE 14 1.000000

VERT 17
OFFSET -1.226791 11.460949 48.962536
BONES 1
BONE 14 1.000000

VERT 18
OFFSET -1.068420 11.212436 48.767239
BONES 1
BONE 14 1.000000

VERT 19
OFFSET -1.327829 11.154160 49.326641
BONES 1
BONE 14 1.000000

VERT 20
OFFSET -4.295268 6.716135 53.100262
BONES 1
BONE 14 1.000000

VERT 21
OFFSET -3.858658 7.456919 52.314590
BONES 1
BONE 14 1.000000

VERT 22
OFFSET -3.864386 7.488929 52.439240
BONES 1
BONE 14 1.000000

VERT 23
OFFSET -3.932865 6.195868 52.769157
BONES 1
BONE 14 1.000000

VERT 24
OFFSET -3.336277 6.296878 53.161854
BONES 3
BONE 14 1.000000
BONE 6 0.000000
BONE 2 0.000000

VERT 25
OFFSET -3.357645 7.568522 52.781048
BONES 1
BONE 14 1.000000

VERT 26
OFFSET -3.240224 7.554673 52.725716
BONES 1
BONE 14 1.000000

VERT 27
OFFSET -3.611357 6.824031 53.536713
BONES 1
BONE 14 1.000000

VERT 28
OFFSET -3.285541 6.459597 53.169231
BONES 1
BONE 14 1.000000

VERT 29
OFFSET -3.016987 6.934049 53.786880
BONES 3
BONE 14 1.000000
BONE 6 0.000000
BONE 2 0.000000

VERT 30
OFFSET -3.424706 6.865904 53.517555
BONES 1
BONE 14 1.000000

VERT 31
OFFSET -4.351867 6.711087 52.904655
BONES 1
BONE 14 1.000000

VERT 32
OFFSET -3.992057 7.416916 52.233807
BONES 1
BONE 14 1.000000

VERT 33
OFFSET -2.312615 10.986403 48.670376
BONES 1
BONE 14 1.000000

VERT 34
OFFSET -1.886413 11.384706 48.493233
BONES 1
BONE 14 1.000000

VERT 35
OFFSET -3.832362 4.933540 27.476595
BONES 1
BONE 2 1.000000

VERT 36
OFFSET -3.781472 4.536658 27.530210
BONES 1
BONE 2 1.000000

VERT 37
OFFSET -3.594348 4.436501 26.688988
BONES 1
BONE 2 1.000000

VERT 38
OFFSET -3.623222 4.846836 26.629757
BONES 1
BONE 2 1.000000

VERT 39
OFFSET -2.138723 4.586049 26.484417
BONES 1
BONE 2 1.000000

VERT 40
OFFSET -2.182066 4.984921 26.442457
BONES 1
BONE 2 1.000000

VERT 41
OFFSET -3.018430 4.877075 26.243511
BONES 1
BONE 2 1.000000

VERT 42
OFFSET -2.987910 4.467236 26.305079
BONES 1
BONE 2 1.000000

VERT 43
OFFSET -2.005893 5.192788 27.887362
BONES 1
BONE 2 1.000000

VERT 44
OFFSET -1.796769 5.106011 27.039482
BONES 1
BONE 2 1.000000

VERT 45
OFFSET -1.771898 4.706350 27.092232
BONES 1
BONE 2 1.000000

VERT 46
OFFSET -1.958204 4.794831 27.935238
BONES 1
BONE 2 1.000000

VERT 47
OFFSET -2.564683 4.775950 28.317745
BONES 1
BONE 2 1.000000

VERT 48
OFFSET -2.611466 5.174676 28.271654
BONES 1
BONE 2 1.000000

VERT 49
OFFSET -3.414703 4.657138 28.138512
BONES 1
BONE 2 1.000000

VERT 50
OFFSET -3.447490 5.054786 28.074520
BONES 1
BONE 2 1.000000

VERT 51
OFFSET -2.618434 4.591891 27.705626
BONES 1
BONE 2 1.000000

VERT 52
OFFSET -2.485847 4.592052 27.714273
BONES 1
BONE 2 1.000000

VERT 53
OFFSET -3.025588 4.670919 28.261839
BONES 1
BONE 2 1.000000

VERT 54
OFFSET -2.479154 4.585933 27.624905
BONES 1
BONE 2 1.000000

VERT 55
OFFSET -2.611715 4.585216 27.615961
BONES 1
BONE 2 1.000000

VERT 56
OFFSET -2.950956 4.499297 26.807869
BONES 1
BONE 2 1.000000

VERT 57
OFFSET -2.957623 4.521351 27.009706
BONES 1
BONE 2 1.000000

VERT 58
OFFSET -0.051185 -3.662516 22.181231
BONES 2
BONE 7 0.032814
BONE 6 0.967186

VERT 59
OFFSET -0.770731 -3.970440 22.118650
BONES 1
BONE 6 1.000000

VERT 60
OFFSET -0.742187 -3.640135 23.625906
BONES 1
BONE 6 1.000000

VERT 61
OFFSET -1.532380 -4.080756 23.237890
BONES 4
BONE 6 1.000000
BONE 14 0.000000
BONE 38 0.000000
BONE 40 0.000000

VERT 62
OFFSET -1.368769 -3.726306 24.477322
BONES 1
BONE 6 1.000000

VERT 63
OFFSET -0.999985 -2.824389 24.865725
BONES 1
BONE 6 1.000000

VERT 64
OFFSET -0.129998 -3.469566 20.561363
BONES 2
BONE 7 0.345411
BONE 6 0.654589

VERT 65
OFFSET -0.023823 -3.625789 21.284803
BONES 2
BONE 7 0.124004
BONE 6 0.875996

VERT 66
OFFSET -1.524266 -4.319852 21.401152
BONES 2
BONE 6 0.769526
BONE 7 0.230474

VERT 67
OFFSET -1.640809 -4.258776 22.140890
BONES 1
BONE 6 1.000000

VERT 68
OFFSET -1.521444 -4.222403 20.566717
BONES 2
BONE 6 0.738628
BONE 7 0.261372

VERT 69
OFFSET -0.234942 -3.033320 19.868887
BONES 2
BONE 6 0.377536
BONE 7 0.622464

VERT 70
OFFSET -1.306717 -3.629619 19.733879
BONES 2
BONE 6 0.344671
BONE 7 0.655329

VERT 71
OFFSET 0.149358 -2.336124 20.459780
BONES 2
BONE 7 0.281204
BONE 6 0.718796

VERT 72
OFFSET -0.093388 -2.316014 19.889235
BONES 2
BONE 6 0.549833
BONE 7 0.450167

VERT 73
OFFSET -1.186618 -3.538624 20.084625
BONES 2
BONE 7 0.576129
BONE 6 0.423871

VERT 74
OFFSET -1.144519 -2.594145 19.361853
BONES 2
BONE 6 0.245486
BONE 7 0.754514

VERT 75
OFFSET -1.227246 -1.427965 19.734772
BONES 2
BONE 7 0.551804
BONE 6 0.448196

VERT 76
OFFSET -1.271936 -1.689110 19.500587
BONES 2
BONE 6 0.305690
BONE 7 0.694310

VERT 77
OFFSET -1.075701 -1.652526 20.024780
BONES 2
BONE 7 0.444261
BONE 6 0.555739

VERT 78
OFFSET -1.014092 -2.665306 19.819960
BONES 4
BONE 7 0.628815
BONE 6 0.371185
BONE 16 0.000000
BONE 40 0.000000

VERT 79
OFFSET -0.917342 -1.154350 21.294329
BONES 2
BONE 7 0.127439
BONE 6 0.872561

VERT 80
OFFSET -1.118575 -1.153076 20.350595
BONES 2
BONE 7 0.417582
BONE 6 0.582418

VERT 81
OFFSET -0.908146 -1.295083 22.172316
BONES 1
BONE 6 1.000000

VERT 82
OFFSET -0.928011 -1.424812 23.257908
BONES 4
BONE 6 1.000000
BONE 14 0.000000
BONE 38 0.000000
BONE 40 0.000000

VERT 83
OFFSET -0.910992 -1.953110 24.600393
BONES 4
BONE 6 1.000000
BONE 14 0.000000
BONE 38 0.000000
BONE 40 0.000000

VERT 84
OFFSET -0.981059 -1.656200 24.241182
BONES 4
BONE 6 1.000000
BONE 14 0.000000
BONE 38 0.000000
BONE 40 0.000000

VERT 85
OFFSET -0.385916 -2.140742 23.684113
BONES 1
BONE 6 1.000000

VERT 86
OFFSET 0.273702 -2.543641 22.777308
BONES 1
BONE 6 1.000000

VERT 87
OFFSET 0.302779 -2.326263 21.461115
BONES 2
BONE 6 0.808863
BONE 7 0.191137

VERT 88
OFFSET 0.339508 -2.522831 22.037609
BONES 2
BONE 7 0.029246
BONE 6 0.970754

VERT 89
OFFSET -0.633804 -2.874018 24.160887
BONES 4
BONE 6 1.000000
BONE 14 0.000000
BONE 38 0.000000
BONE 40 0.000000

VERT 90
OFFSET -0.007522 -3.431138 22.856445
BONES 1
BONE 6 1.000000

VERT 91
OFFSET -1.922523 11.069265 48.203560
BONES 1
BONE 14 1.000000

VERT 92
OFFSET -2.097145 11.315054 48.388203
BONES 1
BONE 14 1.000000

VERT 93
OFFSET -2.136921 10.710699 48.473515
BONES 1
BONE 14 1.000000

VERT 94
OFFSET -4.759279 6.642726 52.635735
BONES 3
BONE 14 1.000000
BONE 6 0.000000
BONE 2 0.000000

VERT 95
OFFSET -4.814375 6.559458 52.760532
BONES 1
BONE 14 1.000000

VERT 96
OFFSET -4.427817 6.619390 53.014656
BONES 1
BONE 14 1.000000

VERT 97
OFFSET -1.908024 -3.910038 23.120981
BONES 1
BONE 6 1.000000

VERT 98
OFFSET -1.274629 -3.471056 23.146393
BONES 1
BONE 6 1.000000

VERT 99
OFFSET -1.949001 -3.835737 23.118313
BONES 4
BONE 6 1.000000
BONE 14 0.000000
BONE 38 0.000000
BONE 40 0.000000

VERT 100
OFFSET -1.349814 -3.414148 23.132399
BONES 4
BONE 6 1.000000
BONE 14 0.000000
BONE 38 0.000000
BONE 40 0.000000

VERT 101
OFFSET -0.914120 -2.813700 23.030125
BONES 4
BONE 6 1.000000
BONE 14 0.000000
BONE 38 0.000000
BONE 40 0.000000

VERT 102
OFFSET -0.832324 -2.829183 23.041988
BONES 1
BONE 6 1.000000

VERT 103
OFFSET -1.090520 -2.794227 23.862175
BONES 1
BONE 6 1.000000

VERT 104
OFFSET -2.828591 -4.131371 23.026224
BONES 1
BONE 6 1.000000

VERT 105
OFFSET -3.589987 -3.964021 22.863884
BONES 1
BONE 6 1.000000

VERT 106
OFFSET -1.511923 -1.002758 23.005806
BONES 4
BONE 6 1.000000
BONE 14 0.000000
BONE 38 0.000000
BONE 40 0.000000

VERT 107
OFFSET -2.125124 -0.755944 22.932060
BONES 1
BONE 6 1.000000

VERT 108
OFFSET -2.972284 -0.793400 22.786392
BONES 1
BONE 6 1.000000

VERT 109
OFFSET -3.766860 -1.268236 22.678751
BONES 4
BONE 6 1.000000
BONE 14 0.000000
BONE 38 0.000000
BONE 40 0.000000

VERT 110
OFFSET -3.877895 -1.243009 22.562405
BONES 4
BONE 6 0.895700
BONE 7 0.104300
BONE 10 0.000000
BONE 16 0.000000

VERT 111
OFFSET -4.241540 -2.051367 22.503304
BONES 2
BONE 7 0.110878
BONE 6 0.889122

VERT 112
OFFSET -4.303658 -2.797861 22.517794
BONES 4
BONE 6 0.890913
BONE 7 0.109087
BONE 2 0.000000
BONE 10 0.000000

VERT 113
OFFSET -4.051237 -3.436223 22.668005
BONES 2
BONE 7 0.101797
BONE 6 0.898203

VERT 114
OFFSET -3.533303 -3.888406 22.875454
BONES 4
BONE 6 1.000000
BONE 14 0.000000
BONE 38 0.000000
BONE 40 0.000000

VERT 115
OFFSET -2.819023 -4.043036 23.030178
BONES 4
BONE 6 1.000000
BONE 14 0.000000
BONE 38 0.000000
BONE 40 0.000000

VERT 116
OFFSET -4.406737 -2.797712 22.501055
BONES 2
BONE 7 0.109601
BONE 6 0.890399

VERT 117
OFFSET -1.463028 -0.936101 23.005058
BONES 1
BONE 6 1.000000

VERT 118
OFFSET -0.998956 -1.412138 22.974377
BONES 4
BONE 6 1.000000
BONE 14 0.000000
BONE 38 0.000000
BONE 40 0.000000

VERT 119
OFFSET -0.874677 -2.050168 23.819342
BONES 1
BONE 6 1.000000

VERT 120
OFFSET -4.223919 -3.421495 23.370794
BONES 1
BONE 6 1.000000

VERT 121
OFFSET -4.373612 -1.930088 23.269142
BONES 4
BONE 6 1.000000
BONE 14 0.000000
BONE 38 0.000000
BONE 40 0.000000

VERT 122
OFFSET -3.925195 -1.121068 23.324781
BONES 1
BONE 6 1.000000

VERT 123
OFFSET -3.062412 -0.613545 23.472214
BONES 1
BONE 6 1.000000

VERT 124
OFFSET -2.135631 -0.603631 23.598619
BONES 1
BONE 6 1.000000

VERT 125
OFFSET -1.261024 -1.115052 23.733576
BONES 1
BONE 6 1.000000

VERT 126
OFFSET -1.454808 -3.417300 23.839161
BONES 1
BONE 6 1.000000

VERT 127
OFFSET -2.039231 -3.837742 23.801922
BONES 1
BONE 6 1.000000

VERT 128
OFFSET -2.893975 -4.053296 23.691975
BONES 1
BONE 6 1.000000

VERT 129
OFFSET -3.636337 -3.879683 23.538664
BONES 1
BONE 6 1.000000

VERT 130
OFFSET -4.145869 -3.389891 23.379583
BONES 4
BONE 6 1.000000
BONE 14 0.000000
BONE 38 0.000000
BONE 40 0.000000

VERT 131
OFFSET -4.383075 -2.735290 23.262594
BONES 1
BONE 6 1.000000

VERT 132
OFFSET -4.302409 -1.977644 23.275972
BONES 4
BONE 6 1.000000
BONE 14 0.000000
BONE 38 0.000000
BONE 40 0.000000

VERT 133
OFFSET -3.880397 -1.201015 23.332691
BONES 4
BONE 6 1.000000
BONE 14 0.000000
BONE 38 0.000000
BONE 40 0.000000

VERT 134
OFFSET -3.021264 -0.712897 23.488102
BONES 4
BONE 6 1.000000
BONE 14 0.000000
BONE 38 0.000000
BONE 40 0.000000

VERT 135
OFFSET -2.162533 -0.685048 23.602116
BONES 4
BONE 6 1.000000
BONE 14 0.000000
BONE 38 0.000000
BONE 40 0.000000

VERT 136
OFFSET -1.528849 -0.992575 23.694834
BONES 4
BONE 6 1.000000
BONE 14 0.000000
BONE 38 0.000000
BONE 40 0.000000

VERT 137
OFFSET -1.183451 -1.430292 23.752897
BONES 4
BONE 6 1.000000
BONE 14 0.000000
BONE 38 0.000000
BONE 40 0.000000

VERT 138
OFFSET -0.960563 -2.069919 23.804415
BONES 4
BONE 6 1.000000
BONE 14 0.000000
BONE 38 0.000000
BONE 40 0.000000

VERT 139
OFFSET -0.835955 -2.083555 22.988707
BONES 1
BONE 6 1.000000

VERT 140
OFFSET -1.076575 -1.442810 22.969555
BONES 4
BONE 6 1.000000
BONE 14 0.000000
BONE 38 0.000000
BONE 40 0.000000

VERT 141
OFFSET -5.267130 -2.033639 19.003721
BONES 2
BONE 7 0.836864
BONE 6 0.163136

VERT 142
OFFSET -5.802424 -2.895243 17.897520
BONES 1
BONE 7 1.000000

VERT 143
OFFSET -5.611976 -3.526848 17.197521
BONES 1
BONE 7 1.000000

VERT 144
OFFSET -5.271584 -3.426002 19.023243
BONES 2
BONE 7 0.879536
BONE 6 0.120464

VERT 145
OFFSET -5.546975 -2.742820 19.140560
BONES 2
BONE 7 0.895775
BONE 6 0.104225

VERT 146
OFFSET -5.060085 -4.079313 17.738554
BONES 1
BONE 7 1.000000

VERT 147
OFFSET -4.334180 -4.436566 17.660564
BONES 1
BONE 7 1.000000

VERT 148
OFFSET -3.524736 -4.512919 17.550100
BONES 2
BONE 6 0.011392
BONE 7 0.988608

VERT 149
OFFSET -4.691061 -3.896578 19.668020
BONES 2
BONE 6 0.236302
BONE 7 0.763698

VERT 150
OFFSET -4.018282 -4.332153 19.034735
BONES 2
BONE 6 0.113605
BONE 7 0.886395

VERT 151
OFFSET -5.783942 -3.460756 14.924902
BONES 1
BONE 7 1.000000

VERT 152
OFFSET -5.426957 -3.959410 15.370882
BONES 1
BONE 7 1.000000

VERT 153
OFFSET -4.975909 -1.928887 19.850574
BONES 2
BONE 6 0.191609
BONE 7 0.808391

VERT 154
OFFSET -4.300233 -1.620776 19.731771
BONES 4
BONE 7 0.746088
BONE 6 0.253912
BONE 16 0.000000
BONE 40 0.000000

VERT 155
OFFSET -4.531587 -1.981264 19.789558
BONES 4
BONE 7 0.570099
BONE 6 0.429901
BONE 16 0.000000
BONE 40 0.000000

VERT 156
OFFSET -4.687229 -2.497145 19.812567
BONES 4
BONE 7 0.571689
BONE 6 0.428311
BONE 16 0.000000
BONE 40 0.000000

VERT 157
OFFSET -5.295674 -2.608696 19.839787
BONES 2
BONE 6 0.241083
BONE 7 0.758917

VERT 158
OFFSET -5.045401 -3.322628 19.834156
BONES 2
BONE 6 0.186859
BONE 7 0.813141

VERT 159
OFFSET -4.681745 -3.707864 19.838184
BONES 2
BONE 6 0.411011
BONE 7 0.588989

VERT 160
OFFSET -3.260664 -4.406183 18.827915
BONES 2
BONE 6 0.119718
BONE 7 0.880282

VERT 161
OFFSET -3.981488 -4.075038 19.672028
BONES 2
BONE 7 0.306589
BONE 6 0.693411

VERT 162
OFFSET -3.172071 -3.766583 19.539049
BONES 4
BONE 6 0.814524
BONE 7 0.185476
BONE 16 0.000000
BONE 40 0.000000

VERT 163
OFFSET -3.875266 -3.652153 19.658422
BONES 4
BONE 6 0.704245
BONE 7 0.295755
BONE 16 0.000000
BONE 40 0.000000

VERT 164
OFFSET -4.455797 -3.445263 19.791588
BONES 4
BONE 7 0.554859
BONE 6 0.445141
BONE 16 0.000000
BONE 40 0.000000

VERT 165
OFFSET -3.123329 -4.303922 19.495216
BONES 2
BONE 6 0.377130
BONE 7 0.622870

VERT 166
OFFSET -4.627042 -3.010619 19.814142
BONES 4
BONE 7 0.560031
BONE 6 0.439969
BONE 16 0.000000
BONE 40 0.000000

VERT 167
OFFSET -3.581400 -1.314309 19.595465
BONES 4
BONE 7 0.631189
BONE 6 0.368811
BONE 16 0.000000
BONE 40 0.000000

VERT 168
OFFSET -2.887721 -1.234369 19.490498
BONES 4
BONE 7 0.751575
BONE 6 0.248425
BONE 16 0.000000
BONE 40 0.000000

VERT 169
OFFSET -2.796101 -0.721362 19.462574
BONES 2
BONE 6 0.239744
BONE 7 0.760256

VERT 170
OFFSET -3.721112 -0.900961 19.570711
BONES 2
BONE 6 0.237914
BONE 7 0.762086

VERT 171
OFFSET -3.282313 -0.688434 18.580143
BONES 2
BONE 7 0.910838
BONE 6 0.089162

VERT 172
OFFSET -4.092222 -0.962208 18.752544
BONES 2
BONE 7 0.946350
BONE 6 0.053650

VERT 173
OFFSET -4.822368 -1.431574 18.909689
BONES 2
BONE 7 0.878851
BONE 6 0.121149

VERT 174
OFFSET -4.543249 -1.358734 19.755241
BONES 2
BONE 6 0.196828
BONE 7 0.803172

VERT 175
OFFSET -4.377617 -1.055966 14.413960
BONES 1
BONE 7 1.000000

VERT 176
OFFSET -4.936130 -1.258323 15.335852
BONES 1
BONE 7 1.000000

VERT 177
OFFSET -5.810017 -2.266708 16.028557
BONES 1
BONE 7 1.000000

VERT 178
OFFSET -5.513134 -1.724002 15.705199
BONES 1
BONE 7 1.000000

VERT 179
OFFSET -4.881629 -1.327008 8.410256
BONES 1
BONE 7 1.000000

VERT 180
OFFSET -6.009214 -2.903590 15.827732
BONES 1
BONE 7 1.000000

VERT 181
OFFSET -5.319859 -1.438731 8.769567
BONES 1
BONE 7 1.000000

VERT 182
OFFSET -5.922479 -2.189235 9.352235
BONES 1
BONE 7 1.000000

VERT 183
OFFSET -6.049337 -2.701042 9.966639
BONES 1
BONE 7 1.000000

VERT 184
OFFSET -5.911233 -1.644263 8.016330
BONES 1
BONE 7 1.000000

VERT 185
OFFSET -5.671526 -1.733732 9.311542
BONES 1
BONE 7 1.000000

VERT 186
OFFSET -4.843776 -4.241440 14.787477
BONES 1
BONE 7 1.000000

VERT 187
OFFSET -5.855947 -3.149331 9.366580
BONES 1
BONE 7 1.000000

VERT 188
OFFSET -5.549571 -3.553636 9.327664
BONES 1
BONE 7 1.000000

VERT 189
OFFSET -6.211757 -2.659419 8.251749
BONES 1
BONE 7 1.000000

VERT 190
OFFSET -4.422880 -4.147999 12.840096
BONES 1
BONE 7 1.000000

VERT 191
OFFSET -5.153184 -3.743771 8.922658
BONES 1
BONE 7 1.000000

VERT 192
OFFSET -4.699635 -3.777889 8.222016
BONES 1
BONE 7 1.000000

VERT 193
OFFSET -3.640697 -4.002590 20.014864
BONES 2
BONE 7 0.178453
BONE 6 0.821547

VERT 194
OFFSET -2.663770 -3.972660 19.916788
BONES 4
BONE 6 0.686553
BONE 7 0.313447
BONE 16 0.000000
BONE 40 0.000000

VERT 195
OFFSET -4.514517 -3.742319 20.142502
BONES 2
BONE 6 0.442729
BONE 7 0.557271

VERT 196
OFFSET -4.450399 -3.698029 20.132334
BONES 4
BONE 7 0.554068
BONE 6 0.445932
BONE 16 0.000000
BONE 40 0.000000

VERT 197
OFFSET -4.929017 -2.927561 20.123947
BONES 2
BONE 6 0.412231
BONE 7 0.587769

VERT 198
OFFSET -4.852183 -2.152680 20.022068
BONES 2
BONE 6 0.251866
BONE 7 0.748134

VERT 199
OFFSET -4.295329 -1.316901 19.838346
BONES 2
BONE 6 0.275550
BONE 7 0.724451

VERT 200
OFFSET -4.289618 -1.431311 19.836395
BONES 4
BONE 7 0.743919
BONE 6 0.256081
BONE 16 0.000000
BONE 40 0.000000

VERT 201
OFFSET -3.484973 -0.983929 19.725510
BONES 2
BONE 6 0.249590
BONE 7 0.750410

VERT 202
OFFSET -2.617867 -0.812218 19.688501
BONES 2
BONE 6 0.270475
BONE 7 0.729525

VERT 203
OFFSET -2.668293 -0.888544 19.695488
BONES 4
BONE 7 0.749453
BONE 6 0.250547
BONE 16 0.000000
BONE 40 0.000000

VERT 204
OFFSET -1.750866 -1.228880 19.745888
BONES 2
BONE 7 0.350215
BONE 6 0.649785

VERT 205
OFFSET -1.198339 -1.348183 20.418262
BONES 4
BONE 6 0.585644
BONE 7 0.414356
BONE 16 0.000000
BONE 40 0.000000

VERT 206
OFFSET -1.557353 -1.032058 20.451572
BONES 2
BONE 7 0.314073
BONE 6 0.685927

VERT 207
OFFSET -2.960032 -0.853874 20.369232
BONES 4
BONE 6 0.662236
BONE 7 0.337764
BONE 16 0.000000
BONE 40 0.000000

VERT 208
OFFSET -4.574616 -2.156415 20.497843
BONES 2
BONE 6 0.375703
BONE 7 0.624297

VERT 209
OFFSET -4.932015 -2.969572 20.502249
BONES 4
BONE 7 0.593851
BONE 6 0.406149
BONE 16 0.000000
BONE 40 0.000000

VERT 210
OFFSET -3.411442 -4.114473 20.693596
BONES 4
BONE 6 0.891356
BONE 7 0.108644
BONE 16 0.000000
BONE 40 0.000000

VERT 211
OFFSET -2.649139 -4.060245 19.904474
BONES 2
BONE 7 0.316417
BONE 6 0.683583

VERT 212
OFFSET -1.587199 -3.751931 20.649586
BONES 2
BONE 7 0.253379
BONE 6 0.746621

VERT 213
OFFSET -1.669879 -3.416636 19.854439
BONES 2
BONE 6 0.313859
BONE 7 0.686141

VERT 214
OFFSET -1.228580 -3.306395 20.547489
BONES 4
BONE 6 0.620633
BONE 7 0.379367
BONE 16 0.000000
BONE 40 0.000000

VERT 215
OFFSET -1.149128 -2.640248 19.992420
BONES 4
BONE 6 0.543256
BONE 7 0.456744
BONE 16 0.000000
BONE 40 0.000000

VERT 216
OFFSET -1.442243 -2.505998 19.680016
BONES 2
BONE 6 0.250544
BONE 7 0.749456

VERT 217
OFFSET -1.740333 -3.375640 19.883986
BONES 4
BONE 7 0.688161
BONE 6 0.311839
BONE 16 0.000000
BONE 40 0.000000

VERT 218
OFFSET -1.020824 -2.598518 20.480011
BONES 2
BONE 7 0.435869
BONE 6 0.564131

VERT 219
OFFSET -1.269959 -3.178867 20.555521
BONES 4
BONE 7 0.560719
BONE 6 0.439281
BONE 16 0.000000
BONE 40 0.000000

VERT 220
OFFSET -1.698272 -3.710484 20.666924
BONES 4
BONE 6 0.752621
BONE 7 0.247379
BONE 16 0.000000
BONE 40 0.000000

VERT 221
OFFSET -2.545082 -4.052685 20.669827
BONES 2
BONE 7 0.122986
BONE 6 0.877014

VERT 222
OFFSET -3.443432 -4.016921 20.697109
BONES 4
BONE 6 0.894032
BONE 7 0.105968
BONE 16 0.000000
BONE 40 0.000000

VERT 223
OFFSET -4.290293 -3.610780 20.828499
BONES 2
BONE 7 0.307456
BONE 6 0.692544

VERT 224
OFFSET -4.731876 -2.896263 20.839756
BONES 2
BONE 7 0.461774
BONE 6 0.538226

VERT 225
OFFSET -4.438365 -2.087664 20.481384
BONES 4
BONE 7 0.501279
BONE 6 0.498721
BONE 16 0.000000
BONE 40 0.000000

VERT 226
OFFSET -3.940806 -1.379545 20.462458
BONES 2
BONE 7 0.490534
BONE 6 0.509466

VERT 227
OFFSET -2.977969 -0.939799 20.370214
BONES 4
BONE 6 0.669707
BONE 7 0.330293
BONE 16 0.000000
BONE 40 0.000000

VERT 228
OFFSET -1.544819 -1.664818 19.654285
BONES 2
BONE 6 0.254319
BONE 7 0.745681

VERT 229
OFFSET -1.193552 -1.756840 19.957418
BONES 4
BONE 6 0.550870
BONE 7 0.449130
BONE 16 0.000000
BONE 40 0.000000

VERT 230
OFFSET -2.225955 -0.892747 20.413530
BONES 2
BONE 7 0.426607
BONE 6 0.573393

VERT 231
OFFSET -1.578838 -1.125787 20.464624
BONES 4
BONE 6 0.689603
BONE 7 0.310397
BONE 16 0.000000
BONE 40 0.000000

VERT 232
OFFSET -1.298563 -1.372359 20.447628
BONES 4
BONE 6 0.586454
BONE 7 0.413546
BONE 16 0.000000
BONE 40 0.000000

VERT 233
OFFSET -1.000960 -1.908100 20.444635
BONES 2
BONE 7 0.252220
BONE 6 0.747780

VERT 234
OFFSET -2.074270 11.030987 48.837517
BONES 1
BONE 14 1.000000

VERT 235
OFFSET -3.736063 5.836401 28.041103
BONES 1
BONE 2 1.000000

VERT 236
OFFSET -2.532235 6.004185 28.290585
BONES 1
BONE 2 1.000000

VERT 237
OFFSET 0.185391 -3.046381 22.844362
BONES 1
BONE 6 1.000000

VERT 238
OFFSET -0.182013 -2.627189 19.700047
BONES 2
BONE 6 0.375269
BONE 7 0.624731

VERT 239
OFFSET 0.237231 -2.950123 20.785494
BONES 2
BONE 7 0.247927
BONE 6 0.752073

VERT 240
OFFSET 0.302308 -2.989428 21.928362
BONES 2
BONE 7 0.175270
BONE 6 0.824730

VERT 241
OFFSET -4.821445 -1.262684 7.116072
BONES 1
BONE 7 1.000000

VERT 242
OFFSET -4.988436 -1.093266 7.341925
BONES 1
BONE 7 1.000000

VERT 243
OFFSET -4.632874 -3.749317 7.103542
BONES 2
BONE 8 0.000165
BONE 7 0.999835

VERT 244
OFFSET -3.863867 -3.354876 6.559170
BONES 1
BONE 7 1.000000

VERT 245
OFFSET -3.643984 5.060065 28.132797
BONES 1
BONE 2 1.000000

VERT 246
OFFSET -2.447006 5.231685 28.414005
BONES 1
BONE 2 1.000000

VERT 247
OFFSET -3.036578 4.697228 28.464123
BONES 1
BONE 2 1.000000

VERT 248
OFFSET -3.350375 4.383509 27.666805
BONES 1
BONE 2 1.000000

VERT 249
OFFSET -3.475243 4.313851 27.662161
BONES 1
BONE 2 1.000000

VERT 250
OFFSET -5.903208 -0.929523 3.671906
BONES 2
BONE 8 0.632531
BONE 7 0.367469

VERT 251
OFFSET -6.296251 -1.206574 4.072234
BONES 2
BONE 7 0.477695
BONE 8 0.522305

VERT 252
OFFSET -6.783614 -1.939201 4.503248
BONES 2
BONE 8 0.386219
BONE 7 0.613781

VERT 253
OFFSET -6.807767 -1.747355 3.221347
BONES 2
BONE 8 0.628739
BONE 7 0.371261

VERT 254
OFFSET -7.152673 -2.526131 4.517750
BONES 2
BONE 8 0.460020
BONE 7 0.539980

VERT 255
OFFSET -6.691304 -3.231164 4.510325
BONES 2
BONE 8 0.401408
BONE 7 0.598592

VERT 256
OFFSET -6.208438 -1.041357 2.400152
BONES 2
BONE 8 0.988520
BONE 7 0.011480

VERT 257
OFFSET -7.227563 -2.365436 2.892985
BONES 2
BONE 8 0.843021
BONE 7 0.156979

VERT 258
OFFSET -6.332564 -3.817080 3.790773
BONES 2
BONE 8 0.493838
