// Export time: Tue Nov 17 10:48:13 2020

// Exported using Blender v2.90.1
// Export filename: 'E:/blackops3/mod_xmodel/iw4/m4a1/ch_head_gk_m4a1.XMODEL_EXPORT'
// Source filename: 'E:/blackops3/mod_xmodel/iw4/m4a1/m4a1.blend'
MODEL
VERSION 6

NUMBONES 33
BONE 0 -1 "tag_origin"
BONE 1 0 "j_spineupper"
BONE 2 1 "j_spine4"
BONE 3 2 "j_neck"
BONE 4 3 "j_head"
BONE 5 4 "j_brow_le"
BONE 6 4 "j_brow_ri"
BONE 7 4 "j_browouter_le"
BONE 8 4 "j_browouter_ri"
BONE 9 4 "j_cheek_le"
BONE 10 4 "j_cheek_ri"
BONE 11 4 "j_cheeklower_le"
BONE 12 4 "j_cheeklower_ri"
BONE 13 4 "j_eye_lid_bot_le"
BONE 14 4 "j_eye_lid_bot_ri"
BONE 15 4 "j_eye_lid_top_le"
BONE 16 4 "j_eye_lid_top_ri"
BONE 17 4 "j_eyeball_le"
BONE 18 4 "j_eyeball_ri"
BONE 19 4 "j_head_end"
BONE 20 19 "j_helmet"
BONE 21 4 "j_jaw"
BONE 22 21 "j_chin_skinroll"
BONE 23 21 "j_lip_bot_le"
BONE 24 21 "j_lip_bot_ri"
BONE 25 4 "j_levator_le"
BONE 26 4 "j_levator_ri"
BONE 27 4 "j_lip_top_le"
BONE 28 4 "j_lip_top_ri"
BONE 29 4 "j_mouth_le"
BONE 30 4 "j_mouth_ri"
BONE 31 4 "j_nvg"
BONE 32 4 "tag_eye"

BONE 0
OFFSET 0.000000 0.000000 0.000000
SCALE 1.000000 1.000000 1.000000
X 1.000000 0.000000 0.000000
Y 0.000000 1.000000 0.000000
Z 0.000000 0.000000 1.000000

BONE 1
OFFSET -3.168286 -0.000627 46.140034
SCALE 1.000000 1.000000 1.000000
X 0.020441 -0.000062 0.999791
Y 0.999791 0.000062 -0.020442
Z -0.000060 1.000000 0.000063

BONE 2
OFFSET -3.107767 -0.000848 50.041580
SCALE 1.000000 1.000000 1.000000
X 0.047010 -0.000058 0.998894
Y 0.998894 0.000063 -0.047010
Z -0.000060 1.000000 0.000061

BONE 3
OFFSET -3.863354 -0.001244 56.358082
SCALE 1.000000 1.000000 1.000000
X 0.309758 -0.000040 0.950816
Y 0.950816 0.000075 -0.309758
Z -0.000059 1.000000 0.000061

BONE 4
OFFSET -3.148026 -0.001351 58.986137
SCALE 1.000000 1.000000 1.000000
X 0.216360 -0.000040 0.976314
Y 0.976314 0.000072 -0.216360
Z -0.000061 1.000000 0.000055

BONE 5
OFFSET -0.629035 0.516257 61.583179
SCALE 1.000000 1.000000 1.000000
X 0.000648 1.000000 -0.000112
Y -0.998864 0.000643 -0.047656
Z -0.047656 0.000143 0.998864

BONE 6
OFFSET -0.630873 -0.495959 61.547459
SCALE 1.000000 1.000000 1.000000
X 0.000011 1.000000 0.000085
Y 0.998885 -0.000015 0.047208
Z 0.047209 0.000084 -0.998885

BONE 7
OFFSET -1.034867 1.203185 61.455845
SCALE 1.000000 1.000000 1.000000
X 0.000611 0.999995 -0.000125
Y -0.998869 0.000603 -0.047550
Z -0.047550 0.000154 0.998869

BONE 8
OFFSET -1.050319 -1.169166 61.433300
SCALE 1.000000 1.000000 1.000000
X -0.000000 1.000000 0.000077
Y 0.998890 -0.000004 0.047104
Z 0.047104 0.000076 -0.998890

BONE 9
OFFSET -1.322373 1.330075 60.625763
SCALE 1.000000 1.000000 1.000000
X 0.000642 0.999997 -0.000129
Y -0.998869 0.000634 -0.047544
Z -0.047545 0.000159 0.998869

BONE 10
OFFSET -1.336716 -1.279320 60.672112
SCALE 1.000000 1.000000 1.000000
X 0.000017 1.000000 0.000082
Y 0.998890 -0.000021 0.047104
Z 0.047104 0.000082 -0.998890

BONE 11
OFFSET -1.329572 1.194984 59.781521
SCALE 1.000000 1.000000 1.000000
X 0.170214 -0.000001 0.985407
Y 0.985407 -0.000017 -0.170214
Z 0.000017 1.000000 -0.000001

BONE 12
OFFSET -1.297874 -1.195679 59.803009
SCALE 1.000000 1.000000 1.000000
X 0.170211 0.000001 0.985408
Y 0.985408 -0.000034 -0.170211
Z 0.000033 1.000000 -0.000007

BONE 13
OFFSET -1.506516 0.808748 61.017578
SCALE 1.000000 1.000000 1.000000
X -0.065611 0.997117 0.038024
Y -0.996946 -0.063888 -0.044897
Z -0.042338 -0.040855 0.998268

BONE 14
OFFSET -1.506291 -0.774198 61.012856
SCALE 1.000000 1.000000 1.000000
X 0.066573 0.997043 -0.038388
Y 0.996931 -0.064879 0.043799
Z 0.041179 -0.041186 -0.998303

BONE 15
OFFSET -1.506209 0.808029 61.070152
SCALE 1.000000 1.000000 1.000000
X -0.065491 0.997126 0.037996
Y -0.996959 -0.063774 -0.044788
Z -0.042236 -0.040816 0.998273

BONE 16
OFFSET -1.505758 -0.775163 61.060658
SCALE 1.000000 1.000000 1.000000
X 0.066545 0.997045 -0.038381
Y 0.996933 -0.064852 0.043795
Z 0.041177 -0.041177 -0.998303

BONE 17
OFFSET -2.630615 1.128275 60.917355
SCALE 1.000000 1.000000 1.000000
X -0.205927 0.978512 -0.010112
Y -0.977358 -0.206177 -0.047547
Z -0.048608 0.000088 0.998816

BONE 18
OFFSET -2.631334 -1.091464 60.914371
SCALE 1.000000 1.000000 1.000000
X 0.207688 0.978146 0.009805
Y 0.977074 -0.207919 0.045778
Z 0.046816 0.000072 -0.998904

BONE 19
OFFSET -2.996311 -0.001315 63.021610
SCALE 1.000000 1.000000 1.000000
X 0.170213 0.000002 0.985407
Y 0.985407 -0.000000 -0.170213
Z -0.000000 1.000000 -0.000002

BONE 20
OFFSET -3.694102 -0.001313 63.897072
SCALE 1.000000 1.000000 1.000000
X 0.995877 -0.000065 0.090718
Y 0.000075 1.000000 -0.000111
Z -0.090718 0.000117 0.995877

BONE 21
OFFSET -2.890241 0.000000 58.490665
SCALE 1.000000 1.000000 1.000000
X 0.000647 1.000000 -0.000098
Y -0.998864 0.000642 -0.047656
Z -0.047656 0.000128 0.998864

BONE 22
OFFSET -0.760692 -0.001502 57.232368
SCALE 1.000000 1.000000 1.000000
X 0.000646 1.000000 -0.000095
Y -0.998864 0.000642 -0.047656
Z -0.047656 0.000126 0.998864

BONE 23
OFFSET -0.794078 0.159076 58.551395
SCALE 1.000000 1.000000 1.000000
X 0.000644 1.000000 -0.000085
Y -0.998864 0.000640 -0.047659
Z -0.047660 0.000116 0.998864

BONE 24
OFFSET -0.794078 -0.159076 58.551395
SCALE 1.000000 1.000000 1.000000
X 0.000662 1.000000 -0.000407
Y 0.998832 -0.000642 0.048317
Z 0.048316 -0.000439 -0.998832

BONE 25
OFFSET -0.733255 0.399081 60.383965
SCALE 1.000000 1.000000 1.000000
X 0.000647 0.999996 -0.000083
Y -0.998869 0.000641 -0.047542
Z -0.047542 0.000113 0.998869

BONE 26
OFFSET -0.715695 -0.386119 60.387966
SCALE 1.000000 1.000000 1.000000
X 0.000010 1.000000 0.000088
Y 0.998880 -0.000014 0.047326
Z 0.047326 0.000088 -0.998880

BONE 27
OFFSET -0.728684 0.144639 58.658672
SCALE 1.000000 1.000000 1.000000
X 0.000644 0.999997 -0.000083
Y -0.998869 0.000639 -0.047548
Z -0.047548 0.000114 0.998869

BONE 28
OFFSET -0.728686 -0.144639 58.658672
SCALE 1.000000 1.000000 1.000000
X 0.000009 1.000000 0.000115
Y 0.998895 -0.000015 0.046993
Z 0.046993 0.000114 -0.998895

BONE 29
OFFSET -0.895903 0.413530 58.592373
SCALE 1.000000 1.000000 1.000000
X 0.000653 0.999999 -0.000113
Y -0.998869 0.000646 -0.047546
Z -0.047546 0.000144 0.998869

BONE 30
OFFSET -0.895903 -0.413530 58.592369
SCALE 1.000000 1.000000 1.000000
X 0.000000 1.000000 0.000108
Y 0.998895 -0.000005 0.046995
Z 0.046995 0.000108 -0.998895

BONE 31
OFFSET 0.340976 -0.001312 62.413200
SCALE 1.000000 1.000000 1.000000
X 0.985409 0.000003 -0.170203
Y -0.170203 0.000000 -0.985409
Z -0.000003 1.000000 0.000001

BONE 32
OFFSET -1.039596 -0.000976 60.908195
SCALE 1.000000 1.000000 1.000000
X 0.922501 -0.000067 0.385995
Y 0.000074 1.000000 -0.000003
Z -0.385995 0.000032 0.922501


NUMVERTS 2849
VERT 0
OFFSET -1.072299 1.456786 60.533642
BONES 1
BONE 4 1.000000

VERT 1
OFFSET -1.081596 1.480746 60.534836
BONES 1
BONE 4 1.000000

VERT 2
OFFSET -1.052796 1.474264 60.517918
BONES 1
BONE 4 1.000000

VERT 3
OFFSET -2.108239 0.525969 58.509186
BONES 3
BONE 4 0.900000
BONE 24 0.050000
BONE 23 0.050000

VERT 4
OFFSET -1.915195 0.562977 58.614697
BONES 3
BONE 4 0.900000
BONE 24 0.050000
BONE 23 0.050000

VERT 5
OFFSET -2.092706 0.525029 58.643448
BONES 3
BONE 4 0.900000
BONE 24 0.050000
BONE 23 0.050000

VERT 6
OFFSET -1.930212 0.562417 58.480434
BONES 3
BONE 4 0.900000
BONE 24 0.050000
BONE 23 0.050000

VERT 7
OFFSET -1.735852 0.574759 58.585571
BONES 3
BONE 4 0.900000
BONE 24 0.050000
BONE 23 0.050000

VERT 8
OFFSET -1.750214 0.574136 58.451355
BONES 3
BONE 4 0.900000
BONE 24 0.050000
BONE 23 0.050000

VERT 9
OFFSET -1.565807 0.566575 58.558167
BONES 3
BONE 4 0.900000
BONE 24 0.050000
BONE 23 0.050000

VERT 10
OFFSET -1.580049 0.566540 58.423912
BONES 3
BONE 4 0.900000
BONE 24 0.050000
BONE 23 0.050000

VERT 11
OFFSET -1.439547 0.535109 58.537777
BONES 3
BONE 4 0.900000
BONE 24 0.050000
BONE 23 0.050000

VERT 12
OFFSET -1.452735 0.537144 58.403320
BONES 3
BONE 4 0.900000
BONE 24 0.050000
BONE 23 0.050000

VERT 13
OFFSET -1.341025 0.464892 58.522045
BONES 3
BONE 4 0.900000
BONE 24 0.050000
BONE 23 0.050000

VERT 14
OFFSET -1.352816 0.474461 58.387344
BONES 3
BONE 4 0.900000
BONE 24 0.050000
BONE 23 0.050000

VERT 15
OFFSET -1.250614 0.377130 58.507553
BONES 3
BONE 4 0.900000
BONE 24 0.050000
BONE 23 0.050000

VERT 16
OFFSET -1.264781 0.392839 58.373306
BONES 3
BONE 4 0.900000
BONE 24 0.050000
BONE 23 0.050000

VERT 17
OFFSET -1.176040 0.292691 58.495766
BONES 3
BONE 4 0.900000
BONE 24 0.050000
BONE 23 0.050000

VERT 18
OFFSET -1.192251 0.308936 58.361706
BONES 3
BONE 4 0.900000
BONE 24 0.050000
BONE 23 0.050000

VERT 19
OFFSET -1.125911 0.203498 58.487724
BONES 3
BONE 4 0.900000
BONE 24 0.050000
BONE 23 0.050000

VERT 20
OFFSET -1.141899 0.215608 58.353859
BONES 3
BONE 4 0.900000
BONE 24 0.050000
BONE 23 0.050000

VERT 21
OFFSET -1.099044 0.100829 58.483795
BONES 3
BONE 4 0.900000
BONE 24 0.050000
BONE 23 0.050000

VERT 22
OFFSET -1.112129 0.108518 58.349323
BONES 3
BONE 4 0.900000
BONE 24 0.050000
BONE 23 0.050000

VERT 23
OFFSET -1.087901 0.002113 58.482353
BONES 3
BONE 4 0.900000
BONE 24 0.050000
BONE 23 0.050000

VERT 24
OFFSET -1.100370 0.001684 58.347912
BONES 3
BONE 4 0.900000
BONE 24 0.050000
BONE 23 0.050000

VERT 25
OFFSET -1.110243 -0.105093 58.349770
BONES 3
BONE 4 0.900000
BONE 24 0.050000
BONE 23 0.050000

VERT 26
OFFSET -1.097267 -0.096914 58.484203
BONES 3
BONE 4 0.900000
BONE 24 0.050000
BONE 23 0.050000

VERT 27
OFFSET -0.968149 0.002801 58.326618
BONES 3
BONE 4 0.900000
BONE 24 0.050000
BONE 23 0.050000

VERT 28
OFFSET -0.980634 0.133420 58.328217
BONES 3
BONE 4 0.900000
BONE 24 0.050000
BONE 23 0.050000

VERT 29
OFFSET -1.016000 0.252010 58.333767
BONES 3
BONE 4 0.900000
BONE 24 0.050000
BONE 23 0.050000

VERT 30
OFFSET -1.084098 0.338206 58.344322
BONES 3
BONE 4 0.900000
BONE 24 0.050000
BONE 23 0.050000

VERT 31
OFFSET -1.179020 0.425025 58.359417
BONES 3
BONE 4 0.900000
BONE 24 0.050000
BONE 23 0.050000

VERT 32
OFFSET -1.292447 0.527683 58.377567
BONES 3
BONE 4 0.900000
BONE 24 0.050000
BONE 23 0.050000

VERT 33
OFFSET -1.412341 0.619533 58.396767
BONES 3
BONE 4 0.900000
BONE 24 0.050000
BONE 23 0.050000

VERT 34
OFFSET -1.547353 0.666225 58.418537
BONES 3
BONE 4 0.900000
BONE 24 0.050000
BONE 23 0.050000

VERT 35
OFFSET -0.978356 -0.127698 58.328762
BONES 3
BONE 4 0.900000
BONE 24 0.050000
BONE 23 0.050000

VERT 36
OFFSET -1.011454 -0.246975 58.334812
BONES 3
BONE 4 0.900000
BONE 24 0.050000
BONE 23 0.050000

VERT 37
OFFSET -1.137852 -0.212723 58.354755
BONES 3
BONE 4 0.900000
BONE 24 0.050000
BONE 23 0.050000

VERT 38
OFFSET -0.956144 0.003334 58.461105
BONES 3
BONE 4 0.900000
BONE 24 0.050000
BONE 23 0.050000

VERT 39
OFFSET -0.965466 0.122144 58.462307
BONES 3
BONE 4 0.900000
BONE 24 0.050000
BONE 23 0.050000

VERT 40
OFFSET -0.987687 0.236043 58.465572
BONES 3
BONE 4 0.900000
BONE 24 0.050000
BONE 23 0.050000

VERT 41
OFFSET -1.048975 0.316263 58.475307
BONES 3
BONE 4 0.900000
BONE 24 0.050000
BONE 23 0.050000

VERT 42
OFFSET -1.149189 0.402779 58.491245
BONES 3
BONE 4 0.900000
BONE 24 0.050000
BONE 23 0.050000

VERT 43
OFFSET -1.270720 0.517578 58.510586
BONES 3
BONE 4 0.900000
BONE 24 0.050000
BONE 23 0.050000

VERT 44
OFFSET -1.394661 0.624674 58.530590
BONES 3
BONE 4 0.900000
BONE 24 0.050000
BONE 23 0.050000

VERT 45
OFFSET -1.529663 0.674384 58.552357
BONES 3
BONE 4 0.900000
BONE 24 0.050000
BONE 23 0.050000

VERT 46
OFFSET -1.926963 0.687109 58.616505
BONES 3
BONE 4 0.900000
BONE 24 0.050000
BONE 23 0.050000

VERT 47
OFFSET -1.710672 0.688763 58.581654
BONES 3
BONE 4 0.900000
BONE 24 0.050000
BONE 23 0.050000

VERT 48
OFFSET -1.726986 0.682300 58.447605
BONES 3
BONE 4 0.900000
BONE 24 0.050000
BONE 23 0.050000

VERT 49
OFFSET -1.941791 0.682767 58.482300
BONES 3
BONE 4 0.900000
BONE 24 0.050000
BONE 23 0.050000

VERT 50
OFFSET -2.150508 0.638891 58.516010
BONES 3
BONE 4 0.900000
BONE 24 0.050000
BONE 23 0.050000

VERT 51
OFFSET -2.134984 0.638955 58.650265
BONES 3
BONE 4 0.900000
BONE 24 0.050000
BONE 23 0.050000

VERT 52
OFFSET -0.963398 -0.115725 58.462799
BONES 3
BONE 4 0.900000
BONE 24 0.050000
BONE 23 0.050000

VERT 53
OFFSET -0.983411 -0.230013 58.466549
BONES 3
BONE 4 0.900000
BONE 24 0.050000
BONE 23 0.050000

VERT 54
OFFSET -1.077884 -0.334410 58.345726
BONES 3
BONE 4 0.900000
BONE 24 0.050000
BONE 23 0.050000

VERT 55
OFFSET -1.043253 -0.311443 58.476616
BONES 3
BONE 4 0.900000
BONE 24 0.050000
BONE 23 0.050000

VERT 56
OFFSET -1.171279 -0.422861 58.361183
BONES 3
BONE 4 0.900000
BONE 24 0.050000
BONE 23 0.050000

VERT 57
OFFSET -1.141829 -0.399570 58.492920
BONES 3
BONE 4 0.900000
BONE 24 0.050000
BONE 23 0.050000

VERT 58
OFFSET -1.282839 -0.527582 58.379772
BONES 3
BONE 4 0.900000
BONE 24 0.050000
BONE 23 0.050000

VERT 59
OFFSET -1.261312 -0.516409 58.512745
BONES 3
BONE 4 0.900000
BONE 24 0.050000
BONE 23 0.050000

VERT 60
OFFSET -1.400954 -0.621407 58.399353
BONES 3
BONE 4 0.900000
BONE 24 0.050000
BONE 23 0.050000

VERT 61
OFFSET -1.383265 -0.625517 58.533207
BONES 3
BONE 4 0.900000
BONE 24 0.050000
BONE 23 0.050000

VERT 62
OFFSET -1.535083 -0.670390 58.421322
BONES 3
BONE 4 0.900000
BONE 24 0.050000
BONE 23 0.050000

VERT 63
OFFSET -1.517372 -0.677675 58.555180
BONES 3
BONE 4 0.900000
BONE 24 0.050000
BONE 23 0.050000

VERT 64
OFFSET -1.714587 -0.689649 58.450466
BONES 3
BONE 4 0.900000
BONE 24 0.050000
BONE 23 0.050000

VERT 65
OFFSET -1.698082 -0.695213 58.584545
BONES 3
BONE 4 0.900000
BONE 24 0.050000
BONE 23 0.050000

VERT 66
OFFSET -1.929270 -0.693983 58.485168
BONES 3
BONE 4 0.900000
BONE 24 0.050000
BONE 23 0.050000

VERT 67
OFFSET -1.914294 -0.697253 58.619400
BONES 3
BONE 4 0.900000
BONE 24 0.050000
BONE 23 0.050000

VERT 68
OFFSET -1.122254 -0.199774 58.488571
BONES 3
BONE 4 0.900000
BONE 24 0.050000
BONE 23 0.050000

VERT 69
OFFSET -1.170849 -0.289911 58.496979
BONES 3
BONE 4 0.900000
BONE 24 0.050000
BONE 23 0.050000

VERT 70
OFFSET -1.243819 -0.375737 58.509121
BONES 3
BONE 4 0.900000
BONE 24 0.050000
BONE 23 0.050000

VERT 71
OFFSET -1.332570 -0.465026 58.523991
BONES 3
BONE 4 0.900000
BONE 24 0.050000
BONE 23 0.050000

VERT 72
OFFSET -1.429829 -0.536988 58.540012
BONES 3
BONE 4 0.900000
BONE 24 0.050000
BONE 23 0.050000

VERT 73
OFFSET -1.555486 -0.570522 58.560539
BONES 3
BONE 4 0.900000
BONE 24 0.050000
BONE 23 0.050000

VERT 74
OFFSET -1.725319 -0.581763 58.587986
BONES 3
BONE 4 0.900000
BONE 24 0.050000
BONE 23 0.050000

VERT 75
OFFSET -1.904690 -0.573076 58.617069
BONES 3
BONE 4 0.900000
BONE 24 0.050000
BONE 23 0.050000

VERT 76
OFFSET -2.138761 -0.653625 58.518715
BONES 3
BONE 4 0.900000
BONE 24 0.050000
BONE 23 0.050000

VERT 77
OFFSET -2.123398 -0.652791 58.652969
BONES 3
BONE 4 0.900000
BONE 24 0.050000
BONE 23 0.050000

VERT 78
OFFSET -2.082908 -0.538242 58.645668
BONES 3
BONE 4 0.900000
BONE 24 0.050000
BONE 23 0.050000

VERT 79
OFFSET -2.098532 -0.539936 58.511410
BONES 3
BONE 4 0.900000
BONE 24 0.050000
BONE 23 0.050000

VERT 80
OFFSET -1.919942 -0.573484 58.482811
BONES 3
BONE 4 0.900000
BONE 24 0.050000
BONE 23 0.050000

VERT 81
OFFSET -1.739761 -0.582001 58.453770
BONES 3
BONE 4 0.900000
BONE 24 0.050000
BONE 23 0.050000

VERT 82
OFFSET -1.569768 -0.571330 58.426292
BONES 3
BONE 4 0.900000
BONE 24 0.050000
BONE 23 0.050000

VERT 83
OFFSET -1.442894 -0.539754 58.405579
BONES 3
BONE 4 0.900000
BONE 24 0.050000
BONE 23 0.050000

VERT 84
OFFSET -1.344212 -0.475338 58.389328
BONES 3
BONE 4 0.900000
BONE 24 0.050000
BONE 23 0.050000

VERT 85
OFFSET -1.257654 -0.392100 58.374947
BONES 3
BONE 4 0.900000
BONE 24 0.050000
BONE 23 0.050000

VERT 86
OFFSET -1.186640 -0.306924 58.362991
BONES 3
BONE 4 0.900000
BONE 24 0.050000
BONE 23 0.050000

VERT 87
OFFSET -1.322560 2.100969 61.060421
BONES 1
BONE 4 1.000000

VERT 88
OFFSET -1.342850 2.102802 61.027035
BONES 1
BONE 4 1.000000

VERT 89
OFFSET -1.301052 2.192835 61.054371
BONES 1
BONE 4 1.000000

VERT 90
OFFSET -1.347633 2.084449 60.871532
BONES 1
BONE 4 1.000000

VERT 91
OFFSET -1.344347 2.051227 60.884212
BONES 1
BONE 4 1.000000

VERT 92
OFFSET -1.344213 2.001108 60.788528
BONES 1
BONE 4 1.000000

VERT 93
OFFSET -1.339130 1.984741 60.796463
BONES 1
BONE 4 1.000000

VERT 94
OFFSET -1.320984 1.924389 60.721607
BONES 1
BONE 4 1.000000

VERT 95
OFFSET -0.890981 0.894836 61.039635
BONES 1
BONE 4 1.000000

VERT 96
OFFSET -0.878548 0.898296 61.054817
BONES 1
BONE 4 1.000000

VERT 97
OFFSET -0.815646 0.822038 60.982788
BONES 1
BONE 4 1.000000

VERT 98
OFFSET -0.964037 0.940078 61.072853
BONES 1
BONE 4 1.000000

VERT 99
OFFSET -0.937653 0.938543 61.113937
BONES 1
BONE 4 1.000000

VERT 100
OFFSET -0.963476 1.019667 61.168869
BONES 1
BONE 4 1.000000

VERT 101
OFFSET -0.986050 1.036355 61.137802
BONES 1
BONE 4 1.000000

VERT 102
OFFSET -0.985117 1.205116 61.256054
BONES 1
BONE 4 1.000000

VERT 103
OFFSET -1.008427 1.204633 61.199627
BONES 1
BONE 4 1.000000

VERT 104
OFFSET -1.015357 1.476778 61.368408
BONES 1
BONE 4 1.000000

VERT 105
OFFSET -1.062316 1.427054 61.277348
BONES 1
BONE 4 1.000000

VERT 106
OFFSET -1.125867 1.782257 61.344975
BONES 1
BONE 4 1.000000

VERT 107
OFFSET -1.186629 1.722309 61.289532
BONES 1
BONE 4 1.000000

VERT 108
OFFSET -1.203658 2.089994 61.264595
BONES 1
BONE 4 1.000000

VERT 109
OFFSET -1.280265 1.964525 61.181633
BONES 1
BONE 4 1.000000

VERT 110
OFFSET -1.255061 2.315696 61.134792
BONES 1
BONE 4 1.000000

VERT 111
OFFSET -1.302357 2.098288 61.098480
BONES 1
BONE 4 1.000000

VERT 112
OFFSET -1.283793 2.252059 61.095512
BONES 1
BONE 4 1.000000

VERT 113
OFFSET -0.880693 0.881969 61.058468
BONES 1
BONE 4 1.000000

VERT 114
OFFSET -0.933925 0.902002 61.128956
BONES 1
BONE 4 1.000000

VERT 115
OFFSET -0.974925 0.962173 61.212425
BONES 1
BONE 4 1.000000

VERT 116
OFFSET -0.960637 0.897739 60.930862
BONES 1
BONE 4 1.000000

VERT 117
OFFSET -1.013766 1.127184 61.332829
BONES 1
BONE 4 1.000000

VERT 118
OFFSET -1.047465 1.409041 61.451561
BONES 1
BONE 4 1.000000

VERT 119
OFFSET -1.152183 1.760425 61.465187
BONES 1
BONE 4 1.000000

VERT 120
OFFSET -1.272268 2.061970 61.342110
BONES 1
BONE 4 1.000000

VERT 121
OFFSET -1.336023 2.229024 61.155434
BONES 1
BONE 4 1.000000

VERT 122
OFFSET -1.353468 2.227824 61.106674
BONES 1
BONE 4 1.000000

VERT 123
OFFSET -1.369538 2.229144 61.063526
BONES 1
BONE 4 1.000000

VERT 124
OFFSET -1.396323 2.112734 60.846680
BONES 1
BONE 4 1.000000

VERT 125
OFFSET -1.362626 2.007845 60.769203
BONES 1
BONE 4 1.000000

VERT 126
OFFSET -0.759990 -0.301450 58.640198
BONES 6
BONE 4 0.709155
BONE 23 0.000000
BONE 27 0.000234
BONE 24 0.000000
BONE 30 0.128032
BONE 28 0.162579

VERT 127
OFFSET -0.751150 -0.218621 58.624664
BONES 7
BONE 4 0.683320
BONE 23 0.000000
BONE 27 0.023150
BONE 24 0.000000
BONE 30 0.117752
BONE 28 0.175778
BONE 29 0.000000

VERT 128
OFFSET -0.697887 -0.229975 58.650906
BONES 7
BONE 4 0.691648
BONE 23 0.000000
BONE 27 0.021536
BONE 24 0.000000
BONE 30 0.106852
BONE 28 0.179964
BONE 29 0.000000

VERT 129
OFFSET -0.704460 -0.120549 58.627350
BONES 7
BONE 4 0.697973
BONE 23 0.000000
BONE 27 0.060943
BONE 24 0.000000
BONE 30 0.085745
BONE 28 0.155340
BONE 29 0.000000

VERT 130
OFFSET -0.654563 -0.129084 58.661411
BONES 7
BONE 4 0.731073
BONE 23 0.000000
BONE 27 0.055039
BONE 24 0.000000
BONE 30 0.072306
BONE 28 0.141582
BONE 29 0.000000

VERT 131
OFFSET -0.660243 0.006829 58.627300
BONES 7
BONE 4 0.774076
BONE 23 0.000000
BONE 30 0.000000
BONE 24 0.000000
BONE 28 0.116782
BONE 27 0.108811
BONE 29 0.000332

VERT 132
OFFSET -0.598664 0.007580 58.665127
BONES 7
BONE 4 0.812038
BONE 23 0.000000
BONE 29 0.000122
BONE 24 0.000000
BONE 28 0.101681
BONE 27 0.086159
BONE 30 0.000000

VERT 133
OFFSET -0.657064 0.143450 58.660843
BONES 7
BONE 4 0.719999
BONE 23 0.000000
BONE 30 0.000000
BONE 24 0.000000
BONE 29 0.081304
BONE 28 0.075133
BONE 27 0.123564

VERT 134
OFFSET -0.714576 0.006303 58.593735
BONES 7
BONE 4 0.804653
BONE 23 0.000000
BONE 30 0.000490
BONE 24 0.000000
BONE 28 0.097874
BONE 27 0.091468
BONE 29 0.005515

VERT 135
OFFSET -0.706901 0.133525 58.626797
BONES 7
BONE 4 0.691547
BONE 23 0.000000
BONE 30 0.000000
BONE 24 0.000000
BONE 29 0.091864
BONE 28 0.073524
BONE 27 0.143065

VERT 136
OFFSET -0.702267 0.242897 58.649452
BONES 7
BONE 4 0.742336
BONE 23 0.000000
BONE 28 0.015034
BONE 24 0.000000
BONE 29 0.105029
BONE 27 0.137600
BONE 30 0.000000

VERT 137
OFFSET -0.747940 0.232305 58.621086
BONES 7
BONE 4 0.705519
BONE 23 0.000000
BONE 27 0.158675
BONE 24 0.000000
BONE 29 0.115156
BONE 28 0.020650
BONE 30 0.000000

VERT 138
OFFSET -0.765999 0.313213 58.638302
BONES 7
BONE 4 0.723573
BONE 23 0.000000
BONE 28 0.000000
BONE 24 0.000000
BONE 29 0.131526
BONE 27 0.144900
BONE 30 0.000000

VERT 139
OFFSET -0.799583 0.302409 58.612881
BONES 7
BONE 4 0.695933
BONE 23 0.000000
BONE 28 0.000000
BONE 24 0.000000
BONE 29 0.140337
BONE 27 0.163730
BONE 30 0.000000

VERT 140
OFFSET -0.829572 0.370577 58.624691
BONES 6
BONE 4 0.702422
BONE 23 0.000000
BONE 28 0.000000
BONE 24 0.000000
BONE 29 0.164114
BONE 27 0.133464

VERT 141
OFFSET -0.839901 0.352370 58.607235
BONES 6
BONE 4 0.675287
BONE 23 0.000000
BONE 28 0.000000
BONE 24 0.000000
BONE 29 0.179270
BONE 27 0.145443

VERT 142
OFFSET -0.892584 0.440215 58.592781
BONES 6
BONE 4 0.705162
BONE 23 0.010782
BONE 27 0.095596
BONE 24 0.000000
BONE 29 0.188459
BONE 28 0.000000

VERT 143
OFFSET -0.889572 0.398666 58.593239
BONES 6
BONE 4 0.681990
BONE 23 0.021924
BONE 27 0.102202
BONE 24 0.000000
BONE 29 0.193884
BONE 28 0.000000

VERT 144
OFFSET -0.877253 0.382599 58.557381
BONES 6
BONE 4 0.727879
BONE 24 0.000000
BONE 23 0.068402
BONE 27 0.045895
BONE 29 0.157824
BONE 28 0.000000

VERT 145
OFFSET -0.866595 0.362007 58.577164
BONES 6
BONE 4 0.691851
BONE 24 0.000000
BONE 23 0.089527
BONE 27 0.044597
BONE 29 0.174025
BONE 28 0.000000

VERT 146
OFFSET -0.855247 0.324901 58.543949
BONES 6
BONE 4 0.725891
BONE 28 0.000000
BONE 24 0.002608
BONE 27 0.012906
BONE 29 0.140404
BONE 23 0.118191

VERT 147
OFFSET -0.840531 0.308220 58.569744
BONES 6
BONE 4 0.705971
BONE 28 0.000000
BONE 24 0.000729
BONE 27 0.006096
BONE 29 0.147372
BONE 23 0.139833

VERT 148
OFFSET -0.824325 0.243971 58.535191
BONES 7
BONE 4 0.697423
BONE 27 0.000121
BONE 24 0.032799
BONE 28 0.000000
BONE 29 0.122669
BONE 23 0.146987
BONE 30 0.000000

VERT 149
OFFSET -0.813588 0.234645 58.562904
BONES 7
BONE 4 0.672124
BONE 27 0.000121
BONE 24 0.039617
BONE 28 0.000000
BONE 29 0.121324
BONE 23 0.166814
BONE 30 0.000000

VERT 150
OFFSET -0.798500 0.136547 58.527905
BONES 7
BONE 4 0.696582
BONE 30 0.000000
BONE 28 0.000000
BONE 27 0.000005
BONE 29 0.089377
BONE 24 0.068887
BONE 23 0.145149

VERT 151
OFFSET -0.762650 0.127434 58.597389
BONES 7
BONE 4 0.739868
BONE 23 0.000000
BONE 30 0.000000
BONE 24 0.000000
BONE 29 0.079989
BONE 28 0.043311
BONE 27 0.136832

VERT 152
OFFSET -0.795765 0.223196 58.596416
BONES 7
BONE 4 0.758218
BONE 23 0.000000
BONE 27 0.143388
BONE 24 0.000000
BONE 29 0.086855
BONE 28 0.011540
BONE 30 0.000000

VERT 153
OFFSET -0.821632 0.292472 58.595261
BONES 7
BONE 4 0.751682
BONE 23 0.000000
BONE 28 0.000000
BONE 24 0.000000
BONE 29 0.110557
BONE 27 0.137760
BONE 30 0.000000

VERT 154
OFFSET -0.858150 0.340817 58.593388
BONES 6
BONE 4 0.733914
BONE 23 0.000269
BONE 28 0.000000
BONE 24 0.000000
BONE 29 0.153285
BONE 27 0.112532

VERT 155
OFFSET -0.894949 0.391703 58.597897
BONES 6
BONE 4 0.746076
BONE 23 0.035670
BONE 27 0.054901
BONE 24 0.000000
BONE 29 0.163353
BONE 28 0.000000

VERT 156
OFFSET -0.870728 0.348813 58.593018
BONES 6
BONE 4 0.727439
BONE 24 0.000000
BONE 27 0.021416
BONE 28 0.000000
BONE 29 0.159953
BONE 23 0.091192

VERT 157
OFFSET -0.840049 0.294111 58.594959
BONES 7
BONE 4 0.769931
BONE 28 0.000000
BONE 24 0.000347
BONE 27 0.000601
BONE 29 0.104048
BONE 23 0.125074
BONE 30 0.000000

VERT 158
OFFSET -0.811701 0.221848 58.594433
BONES 7
BONE 4 0.723540
BONE 27 0.000023
BONE 24 0.041818
BONE 28 0.000000
BONE 29 0.078212
BONE 23 0.156406
BONE 30 0.000000

VERT 159
OFFSET -0.783215 0.129797 58.558395
BONES 7
BONE 4 0.669462
BONE 30 0.000000
BONE 28 0.000000
BONE 27 0.000000
BONE 29 0.081160
BONE 24 0.076103
BONE 23 0.173274

VERT 160
OFFSET -0.782297 0.123234 58.595531
BONES 7
BONE 4 0.727648
BONE 30 0.000000
BONE 28 0.000000
BONE 27 0.000000
BONE 29 0.048598
BONE 24 0.064599
BONE 23 0.159155

VERT 161
OFFSET -0.753533 0.005144 58.553955
BONES 7
BONE 4 0.740003
BONE 30 0.000064
BONE 28 0.000000
BONE 27 0.000000
BONE 24 0.138727
BONE 23 0.120071
BONE 29 0.001135

VERT 162
OFFSET -0.742275 0.005370 58.593109
BONES 7
BONE 4 0.784530
BONE 30 0.001062
BONE 28 0.000000
BONE 27 0.000000
BONE 24 0.108424
BONE 23 0.105754
BONE 29 0.000229

VERT 163
OFFSET -0.780088 -0.113199 58.595997
BONES 7
BONE 4 0.746976
BONE 28 0.000000
BONE 23 0.067112
BONE 27 0.000000
BONE 30 0.041875
BONE 24 0.144037
BONE 29 0.000000

VERT 164
OFFSET -0.768189 0.004786 58.522690
BONES 7
BONE 4 0.761588
BONE 30 0.000000
BONE 28 0.000000
BONE 27 0.000001
BONE 24 0.133721
BONE 23 0.102770
BONE 29 0.001921

VERT 165
OFFSET -0.780952 -0.120100 58.558914
BONES 7
BONE 4 0.685478
BONE 28 0.000000
BONE 23 0.069465
BONE 27 0.000000
BONE 30 0.075273
BONE 24 0.169784
BONE 29 0.000000

VERT 166
OFFSET -0.796032 -0.127587 58.528454
BONES 7
BONE 4 0.701898
BONE 28 0.000000
BONE 27 0.000000
BONE 29 0.000000
BONE 30 0.083210
BONE 24 0.162604
BONE 23 0.052289

VERT 167
OFFSET -0.809523 -0.225420 58.563877
BONES 7
BONE 4 0.685431
BONE 27 0.000000
BONE 23 0.021030
BONE 28 0.001202
BONE 30 0.120553
BONE 24 0.171784
BONE 29 0.000000

VERT 168
OFFSET -0.821108 -0.239267 58.536739
BONES 7
BONE 4 0.697093
BONE 27 0.000000
BONE 23 0.014149
BONE 28 0.003574
BONE 30 0.120221
BONE 24 0.164962
BONE 29 0.000000

VERT 169
OFFSET -0.834975 -0.299403 58.572132
BONES 7
BONE 4 0.720903
BONE 23 0.000000
BONE 28 0.013204
BONE 27 0.000000
BONE 30 0.142770
BONE 24 0.123123
BONE 29 0.000000

VERT 170
OFFSET -0.848262 -0.310931 58.546684
BONES 7
BONE 4 0.740791
BONE 23 0.000000
BONE 28 0.018760
BONE 27 0.000000
BONE 30 0.136012
BONE 24 0.104437
BONE 29 0.000000

VERT 171
OFFSET -0.860027 -0.353335 58.579605
BONES 6
BONE 4 0.725250
BONE 23 0.000000
BONE 28 0.048873
BONE 27 0.000000
BONE 30 0.158111
BONE 24 0.067765

VERT 172
OFFSET -0.870458 -0.374290 58.560814
BONES 6
BONE 4 0.753130
BONE 23 0.000000
BONE 28 0.053576
BONE 27 0.000000
BONE 30 0.142906
BONE 24 0.050388

VERT 173
OFFSET -0.882467 -0.390304 58.595127
BONES 6
BONE 4 0.692297
BONE 23 0.000000
BONE 27 0.000000
BONE 24 0.024374
BONE 30 0.188849
BONE 28 0.094480

VERT 174
OFFSET -0.884662 -0.431929 58.594620
BONES 6
BONE 4 0.702125
BONE 23 0.000000
BONE 28 0.107364
BONE 24 0.008027
BONE 30 0.182485
BONE 27 0.000000

VERT 175
OFFSET -0.833702 -0.342931 58.608742
BONES 6
BONE 4 0.681109
BONE 23 0.000000
BONE 27 0.000000
BONE 24 0.000000
BONE 30 0.168752
BONE 28 0.150139

VERT 176
OFFSET -0.822921 -0.360857 58.626217
BONES 6
BONE 4 0.699933
BONE 23 0.000000
BONE 27 0.000000
BONE 24 0.000000
BONE 30 0.152270
BONE 28 0.147797

VERT 177
OFFSET -0.792267 -0.291410 58.620796
BONES 7
BONE 4 0.689406
BONE 23 0.000000
BONE 27 0.000000
BONE 24 0.000000
BONE 30 0.140433
BONE 28 0.170160
BONE 29 0.000000

VERT 178
OFFSET -0.807838 -0.212715 58.595345
BONES 7
BONE 4 0.760903
BONE 27 0.000000
BONE 23 0.022829
BONE 28 0.000089
BONE 30 0.075273
BONE 24 0.140906
BONE 29 0.000000

VERT 179
OFFSET -0.835029 -0.285463 58.596062
BONES 7
BONE 4 0.787572
BONE 23 0.000000
BONE 28 0.004210
BONE 27 0.000000
BONE 30 0.094239
BONE 24 0.113980
BONE 29 0.000000

VERT 180
OFFSET -0.864404 -0.340635 58.594776
BONES 6
BONE 4 0.789598
BONE 23 0.000000
BONE 28 0.022143
BONE 27 0.000000
BONE 30 0.115813
BONE 24 0.072446

VERT 181
OFFSET -0.887870 -0.383793 58.599510
BONES 6
BONE 4 0.770901
BONE 23 0.000000
BONE 27 0.000000
BONE 24 0.031068
BONE 30 0.147095
BONE 28 0.050937

VERT 182
OFFSET -0.852165 -0.331614 58.595127
BONES 6
BONE 4 0.752103
BONE 23 0.000000
BONE 27 0.000000
BONE 24 0.001392
BONE 30 0.164387
BONE 28 0.082119

VERT 183
OFFSET -0.815588 -0.282114 58.596901
BONES 7
BONE 4 0.783937
BONE 23 0.000000
BONE 27 0.000001
BONE 24 0.000000
BONE 30 0.109345
BONE 28 0.106717
BONE 29 0.000000

VERT 184
OFFSET -0.791893 -0.212418 58.597527
BONES 7
BONE 4 0.763856
BONE 23 0.000000
BONE 27 0.014872
BONE 24 0.000000
BONE 30 0.088694
BONE 28 0.132579
BONE 29 0.000000

VERT 185
OFFSET -0.760501 -0.115809 58.598015
BONES 7
BONE 4 0.743349
BONE 23 0.000000
BONE 27 0.042440
BONE 24 0.000000
BONE 30 0.073569
BONE 28 0.140642
BONE 29 0.000000

VERT 186
OFFSET -1.040062 1.376185 60.549332
BONES 1
BONE 4 1.000000

VERT 187
OFFSET -1.045436 1.341518 60.552364
BONES 1
BONE 4 1.000000

VERT 188
OFFSET -1.050066 1.403584 60.539852
BONES 1
BONE 4 1.000000

VERT 189
OFFSET -1.076316 1.417153 60.530079
BONES 1
BONE 4 1.000000

VERT 190
OFFSET -3.163291 1.876046 59.635075
BONES 1
BONE 4 1.000000

VERT 191
OFFSET -3.507978 1.929008 60.165531
BONES 1
BONE 4 1.000000

VERT 192
OFFSET -3.203257 2.065460 59.977070
BONES 1
BONE 4 1.000000

VERT 193
OFFSET -2.723610 0.981101 58.483608
BONES 1
BONE 4 1.000000

VERT 194
OFFSET -2.399091 -0.010740 58.037060
BONES 4
BONE 4 0.750000
BONE 3 0.250000
BONE 24 0.000000
BONE 23 0.000000

VERT 195
OFFSET -2.743780 0.590862 58.094997
BONES 2
BONE 4 0.750000
BONE 3 0.250000

VERT 196
OFFSET -3.223571 0.988185 58.182632
BONES 2
BONE 4 0.750000
BONE 3 0.250000

VERT 197
OFFSET -3.238216 1.157536 58.830254
BONES 1
BONE 4 1.000000

VERT 198
OFFSET -2.904920 1.189810 58.745621
BONES 1
BONE 4 1.000000

VERT 199
OFFSET -3.044079 1.458466 59.076206
BONES 1
BONE 4 1.000000

VERT 200
OFFSET -3.206870 1.364428 59.205208
BONES 1
BONE 4 1.000000

VERT 201
OFFSET -3.094463 1.654556 59.307426
BONES 1
BONE 4 1.000000

VERT 202
OFFSET -3.302051 1.558329 59.476925
BONES 1
BONE 4 1.000000

VERT 203
OFFSET -3.392813 1.739205 59.788784
BONES 1
BONE 4 1.000000

VERT 204
OFFSET -4.072908 1.764320 60.303772
BONES 1
BONE 4 1.000000

VERT 205
OFFSET -3.652826 2.163123 60.572544
BONES 1
BONE 4 1.000000

VERT 206
OFFSET -4.270904 2.111821 61.061802
BONES 1
BONE 4 1.000000

VERT 207
OFFSET -3.758265 2.283806 61.050827
BONES 1
BONE 4 1.000000

VERT 208
OFFSET -3.876610 2.408989 61.531780
BONES 1
BONE 4 1.000000

VERT 209
OFFSET -4.567852 2.339922 62.032406
BONES 1
BONE 4 1.000000

VERT 210
OFFSET -3.977551 2.500837 62.070499
BONES 1
BONE 4 1.000000

VERT 211
OFFSET -5.579286 1.623955 61.628384
BONES 1
BONE 4 1.000000

VERT 212
OFFSET -5.213528 1.331071 60.844307
BONES 1
BONE 4 1.000000

VERT 213
OFFSET -5.880562 1.782451 62.539188
BONES 1
BONE 4 1.000000

VERT 214
OFFSET -6.725454 0.702849 62.906673
BONES 1
BONE 4 1.000000

VERT 215
OFFSET -6.502232 0.654266 62.100811
BONES 1
BONE 4 1.000000

VERT 216
OFFSET -6.087276 0.606840 61.332687
BONES 1
BONE 4 1.000000

VERT 217
OFFSET -5.805324 0.419499 60.708569
BONES 1
BONE 4 1.000000

VERT 218
OFFSET -4.824666 1.095860 60.100094
BONES 1
BONE 4 1.000000

VERT 219
OFFSET -4.015232 1.468168 59.788460
BONES 1
BONE 4 1.000000

VERT 220
OFFSET -3.907961 1.204026 59.362770
BONES 1
BONE 4 1.000000

VERT 221
OFFSET -3.762049 1.137646 58.882275
BONES 1
BONE 4 1.000000

VERT 222
OFFSET -3.803457 1.055872 58.264256
BONES 2
BONE 4 0.750000
BONE 3 0.250000

VERT 223
OFFSET -4.479113 0.807018 59.389912
BONES 1
BONE 4 1.000000

VERT 224
OFFSET -4.353885 0.800922 58.940086
BONES 1
BONE 4 1.000000

VERT 225
OFFSET -4.765285 0.435073 59.049740
BONES 1
BONE 4 1.000000

VERT 226
OFFSET -4.371318 0.796853 58.368114
BONES 2
BONE 4 0.750000
BONE 3 0.250000

VERT 227
OFFSET -4.805261 0.441733 58.481228
BONES 3
BONE 4 0.750000
BONE 3 0.250000
BONE 23 0.000000

VERT 228
OFFSET -4.995882 -0.031984 59.137741
BONES 1
BONE 4 1.000000

VERT 229
OFFSET -5.011873 -0.033181 58.551472
BONES 6
BONE 4 0.750000
BONE 3 0.250000
BONE 27 0.000000
BONE 28 0.000000
BONE 24 0.000000
BONE 23 0.000000

VERT 230
OFFSET -4.796504 -0.504575 58.483204
BONES 2
BONE 4 0.750000
BONE 3 0.250000

VERT 231
OFFSET -3.205229 -1.023650 58.186832
BONES 2
BONE 4 0.750000
BONE 3 0.250000

VERT 232
OFFSET -3.740822 -1.179993 58.887112
BONES 1
BONE 4 1.000000

VERT 233
OFFSET -3.783658 -1.101359 58.268753
BONES 2
BONE 4 0.750000
BONE 3 0.250000

VERT 234
OFFSET -4.338967 -0.853815 58.943546
BONES 1
BONE 4 1.000000

VERT 235
OFFSET -4.356218 -0.852415 58.371548
BONES 2
BONE 4 0.750000
BONE 3 0.250000

VERT 236
OFFSET -4.756789 -0.494838 59.051674
BONES 1
BONE 4 1.000000

VERT 237
OFFSET -5.198382 -0.032389 59.730267
BONES 1
BONE 4 1.000000

VERT 238
OFFSET -4.822362 0.490178 59.485935
BONES 1
BONE 4 1.000000

VERT 239
OFFSET -4.888009 0.701074 59.750931
BONES 1
BONE 4 1.000000

VERT 240
OFFSET -5.398964 0.305667 60.092392
BONES 1
BONE 4 1.000000

VERT 241
OFFSET -5.654325 -0.035575 60.240402
BONES 1
BONE 4 1.000000

VERT 242
OFFSET -6.077240 -0.038080 60.810192
BONES 1
BONE 4 1.000000

VERT 243
OFFSET -2.705488 -1.006283 58.487755
BONES 1
BONE 4 1.000000

VERT 244
OFFSET -2.732647 -0.618192 58.097515
BONES 2
BONE 4 0.750000
BONE 3 0.250000

VERT 245
OFFSET -3.216789 -1.190592 58.835148
BONES 1
BONE 4 1.000000

VERT 246
OFFSET -3.885662 -1.247021 59.367882
BONES 1
BONE 4 1.000000

VERT 247
OFFSET -4.463890 -0.860286 59.393398
BONES 1
BONE 4 1.000000

VERT 248
OFFSET -4.812901 -0.549227 59.488102
BONES 1
BONE 4 1.000000

VERT 249
OFFSET -5.392890 -0.372610 60.093803
BONES 1
BONE 4 1.000000

VERT 250
OFFSET -5.797003 -0.491179 60.710468
BONES 1
BONE 4 1.000000

VERT 251
OFFSET -6.259405 -0.039137 61.121483
BONES 1
BONE 4 1.000000

VERT 252
OFFSET -6.506030 -0.040287 61.607754
BONES 1
BONE 4 1.000000

VERT 253
OFFSET -3.988244 -1.511118 59.794678
BONES 1
BONE 4 1.000000

VERT 254
OFFSET -4.804144 -1.152254 60.104786
BONES 1
BONE 4 1.000000

VERT 255
OFFSET -4.874794 -0.760288 59.753983
BONES 1
BONE 4 1.000000

VERT 256
OFFSET -3.181737 -1.395247 59.210964
BONES 1
BONE 4 1.000000

VERT 257
OFFSET -3.273396 -1.589600 59.483494
BONES 1
BONE 4 1.000000

VERT 258
OFFSET -3.360754 -1.770896 59.796112
BONES 1
BONE 4 1.000000

VERT 259
OFFSET -4.040378 -1.806143 60.311230
BONES 1
BONE 4 1.000000

VERT 260
OFFSET -5.188744 -1.391467 60.849991
BONES 1
BONE 4 1.000000

VERT 261
OFFSET -6.075657 -0.681036 61.335373
BONES 1
BONE 4 1.000000

VERT 262
OFFSET -5.548974 -1.687591 61.635300
BONES 1
BONE 4 1.000000

VERT 263
OFFSET -6.489620 -0.732884 62.103706
BONES 1
BONE 4 1.000000

VERT 264
OFFSET -6.711981 -0.781991 62.909771
BONES 1
BONE 4 1.000000

VERT 265
OFFSET -5.847446 -1.847748 62.546768
BONES 1
BONE 4 1.000000

VERT 266
OFFSET -4.231907 -2.153933 61.070705
BONES 1
BONE 4 1.000000

VERT 267
OFFSET -6.785578 -0.041446 62.314426
BONES 1
BONE 4 1.000000

VERT 268
OFFSET -6.966039 -0.041515 63.013969
BONES 1
BONE 4 1.000000

VERT 269
OFFSET -7.014712 -0.040693 63.699696
BONES 1
BONE 4 1.000000

VERT 270
OFFSET -6.755278 -0.804060 63.569550
BONES 1
BONE 4 1.000000

VERT 271
OFFSET -5.894991 -1.925622 63.243134
BONES 1
BONE 4 1.000000

VERT 272
OFFSET -4.524859 -2.383460 62.042271
BONES 1
BONE 4 1.000000

VERT 273
OFFSET -3.832443 -2.442147 61.541901
BONES 1
BONE 4 1.000000

VERT 274
OFFSET -3.716509 -2.316701 61.060432
BONES 1
BONE 4 1.000000

VERT 275
OFFSET -3.613214 -2.196270 60.581646
BONES 1
BONE 4 1.000000

VERT 276
OFFSET -3.472625 -1.961149 60.173660
BONES 1
BONE 4 1.000000

VERT 277
OFFSET -4.601976 -2.589755 62.849651
BONES 1
BONE 4 1.000000

VERT 278
OFFSET -3.165445 -2.092815 59.985748
BONES 1
BONE 4 1.000000

VERT 279
OFFSET -3.128800 -1.904151 59.642967
BONES 1
BONE 4 1.000000

VERT 280
OFFSET -3.738502 2.750035 62.807209
BONES 1
BONE 4 1.000000

VERT 281
OFFSET -4.648889 2.548307 62.838928
BONES 1
BONE 4 1.000000

VERT 282
OFFSET -3.968968 2.777778 64.051620
BONES 1
BONE 4 1.000000

VERT 283
OFFSET -4.643913 2.562064 64.116653
BONES 1
BONE 4 1.000000

VERT 284
OFFSET -5.929630 1.862388 63.235229
BONES 1
BONE 4 1.000000

VERT 285
OFFSET -5.817683 1.919519 64.277740
BONES 1
BONE 4 1.000000

VERT 286
OFFSET -6.769254 0.726896 63.566360
BONES 1
BONE 4 1.000000

VERT 287
OFFSET -6.590704 0.734482 64.470703
BONES 1
BONE 4 1.000000

VERT 288
OFFSET -6.861499 -0.037388 64.549271
BONES 1
BONE 4 1.000000

VERT 289
OFFSET -6.576729 -0.804720 64.473923
BONES 1
BONE 4 1.000000

VERT 290
OFFSET -5.782248 -1.976212 64.285873
BONES 1
BONE 4 1.000000

VERT 291
OFFSET -4.596985 -2.598319 64.127411
BONES 1
BONE 4 1.000000

VERT 292
OFFSET -3.918233 -2.801935 64.063263
BONES 1
BONE 4 1.000000

VERT 293
OFFSET -3.688302 -2.775161 62.818741
BONES 1
BONE 4 1.000000

VERT 294
OFFSET -3.931938 -2.533430 62.081005
BONES 1
BONE 4 1.000000

VERT 295
OFFSET -3.533054 -2.677050 61.938866
BONES 1
BONE 4 1.000000

VERT 296
OFFSET -0.997133 -1.285505 60.567581
BONES 1
BONE 4 1.000000

VERT 297
OFFSET -0.965885 -1.248187 60.564259
BONES 1
BONE 4 1.000000

VERT 298
OFFSET -0.988057 -1.250641 60.572056
BONES 1
BONE 4 1.000000

VERT 299
OFFSET -3.938280 -2.704020 60.353737
BONES 1
BONE 4 1.000000

VERT 300
OFFSET -4.181164 -2.728305 60.212936
BONES 1
BONE 4 1.000000

VERT 301
OFFSET -3.695368 -2.545696 60.000641
BONES 1
BONE 4 1.000000

VERT 302
OFFSET -4.546798 -2.928152 60.600010
BONES 1
BONE 4 1.000000

VERT 303
OFFSET -4.390018 -2.672195 60.350975
BONES 1
BONE 4 1.000000

VERT 304
OFFSET -4.723091 -2.853634 60.710670
BONES 1
BONE 4 1.000000

VERT 305
OFFSET -4.927103 -3.093072 61.047493
BONES 1
BONE 4 1.000000

VERT 306
OFFSET -4.990278 -3.000390 61.128658
BONES 1
BONE 4 1.000000

VERT 307
OFFSET -4.983584 -3.177436 61.367989
BONES 1
BONE 4 1.000000

VERT 308
OFFSET -5.020191 -3.090616 61.458050
BONES 1
BONE 4 1.000000

VERT 309
OFFSET -4.868807 -3.229980 61.662674
BONES 1
BONE 4 1.000000

VERT 310
OFFSET -4.977907 -3.160604 61.745125
BONES 1
BONE 4 1.000000

VERT 311
OFFSET -4.523113 -2.881996 61.989555
BONES 1
BONE 4 1.000000

VERT 312
OFFSET -4.401589 -3.016541 61.947384
BONES 1
BONE 4 1.000000

VERT 313
OFFSET -3.704762 -2.343597 60.101276
BONES 1
BONE 4 1.000000

VERT 314
OFFSET -3.236444 -2.350070 60.341877
BONES 1
BONE 4 1.000000

VERT 315
OFFSET -3.463712 -2.439307 60.477551
BONES 1
BONE 4 1.000000

VERT 316
OFFSET -4.065371 -2.710445 60.720772
BONES 1
BONE 4 1.000000

VERT 317
OFFSET -3.796745 -2.603665 60.716278
BONES 1
BONE 4 1.000000

VERT 318
OFFSET -3.871751 -2.637701 60.956772
BONES 1
BONE 4 1.000000

VERT 319
OFFSET -3.562252 -2.532701 60.922413
BONES 1
BONE 4 1.000000

VERT 320
OFFSET -3.326486 -2.511404 60.859440
BONES 1
BONE 4 1.000000

VERT 321
OFFSET -3.411348 -2.598902 61.306873
BONES 1
BONE 4 1.000000

VERT 322
OFFSET -3.679958 -2.628496 61.319569
BONES 1
BONE 4 1.000000

VERT 323
OFFSET -3.824123 -2.746338 61.753952
BONES 1
BONE 4 1.000000

VERT 324
OFFSET -4.346715 -2.978401 61.795113
BONES 1
BONE 4 1.000000

VERT 325
OFFSET -4.767191 -3.114934 61.574444
BONES 1
BONE 4 1.000000

VERT 326
OFFSET -4.845948 -3.052072 61.326004
BONES 1
BONE 4 1.000000

VERT 327
OFFSET -4.789577 -3.008973 61.053623
BONES 1
BONE 4 1.000000

VERT 328
OFFSET -4.590844 -2.945906 60.756390
BONES 1
BONE 4 1.000000

VERT 329
OFFSET -4.344022 -2.797491 60.887115
BONES 1
BONE 4 1.000000

VERT 330
OFFSET -4.136720 -2.735733 60.940796
BONES 1
BONE 4 1.000000

VERT 331
OFFSET -3.969244 -2.683764 61.251335
BONES 1
BONE 4 1.000000

VERT 332
OFFSET -4.037210 -2.752445 61.505161
BONES 1
BONE 4 1.000000

VERT 333
OFFSET -4.320057 -2.836393 61.480949
BONES 1
BONE 4 1.000000

VERT 334
OFFSET -4.240026 -2.786933 61.205502
BONES 1
BONE 4 1.000000

VERT 335
OFFSET -4.519859 -2.838401 61.139000
BONES 1
BONE 4 1.000000

VERT 336
OFFSET -4.644331 -2.880974 61.388847
BONES 1
BONE 4 1.000000

VERT 337
OFFSET -1.024667 -1.389786 60.545692
BONES 1
BONE 4 1.000000

VERT 338
OFFSET -0.992860 -1.381524 60.539661
BONES 1
BONE 4 1.000000

VERT 339
OFFSET -1.015123 -1.362251 60.555058
BONES 1
BONE 4 1.000000

VERT 340
OFFSET -0.348774 0.639512 64.017914
BONES 1
BONE 4 1.000000

VERT 341
OFFSET -0.273438 0.020971 64.017029
BONES 1
BONE 4 1.000000

VERT 342
OFFSET -0.429745 0.573426 62.796612
BONES 1
BONE 4 1.000000

VERT 343
OFFSET -0.511739 1.077564 62.782341
BONES 1
BONE 4 1.000000

VERT 344
OFFSET -0.472163 1.188885 64.020813
BONES 1
BONE 4 1.000000

VERT 345
OFFSET -1.760168 2.699988 64.042923
BONES 1
BONE 4 1.000000

VERT 346
OFFSET -1.036260 2.005124 64.037415
BONES 1
BONE 4 1.000000

VERT 347
OFFSET -0.936082 1.878645 62.766670
BONES 1
BONE 4 1.000000

VERT 348
