// Export time: Tue Nov 17 10:48:45 2020

// Exported using Blender v2.90.1
// Export filename: 'E:/blackops3/mod_xmodel/iw4/m4a1/ch_head_gk_m4a1_lod2.XMODEL_EXPORT'
// Source filename: 'E:/blackops3/mod_xmodel/iw4/m4a1/m4a1.blend'
MODEL
VERSION 6

NUMBONES 33
BONE 0 -1 "tag_origin"
BONE 1 0 "j_spineupper"
BONE 2 1 "j_spine4"
BONE 3 2 "j_neck"
BONE 4 3 "j_head"
BONE 5 4 "j_brow_le"
BONE 6 4 "j_brow_ri"
BONE 7 4 "j_browouter_le"
BONE 8 4 "j_browouter_ri"
BONE 9 4 "j_cheek_le"
BONE 10 4 "j_cheek_ri"
BONE 11 4 "j_cheeklower_le"
BONE 12 4 "j_cheeklower_ri"
BONE 13 4 "j_eye_lid_bot_le"
BONE 14 4 "j_eye_lid_bot_ri"
BONE 15 4 "j_eye_lid_top_le"
BONE 16 4 "j_eye_lid_top_ri"
BONE 17 4 "j_eyeball_le"
BONE 18 4 "j_eyeball_ri"
BONE 19 4 "j_head_end"
BONE 20 19 "j_helmet"
BONE 21 4 "j_jaw"
BONE 22 21 "j_chin_skinroll"
BONE 23 21 "j_lip_bot_le"
BONE 24 21 "j_lip_bot_ri"
BONE 25 4 "j_levator_le"
BONE 26 4 "j_levator_ri"
BONE 27 4 "j_lip_top_le"
BONE 28 4 "j_lip_top_ri"
BONE 29 4 "j_mouth_le"
BONE 30 4 "j_mouth_ri"
BONE 31 4 "j_nvg"
BONE 32 4 "tag_eye"

BONE 0
OFFSET 0.000000 0.000000 0.000000
SCALE 1.000000 1.000000 1.000000
X 1.000000 0.000000 0.000000
Y 0.000000 1.000000 0.000000
Z 0.000000 0.000000 1.000000

BONE 1
OFFSET -3.168286 -0.000627 46.140034
SCALE 1.000000 1.000000 1.000000
X 0.020441 -0.000062 0.999791
Y 0.999791 0.000062 -0.020442
Z -0.000060 1.000000 0.000063

BONE 2
OFFSET -3.107767 -0.000848 50.041580
SCALE 1.000000 1.000000 1.000000
X 0.047010 -0.000058 0.998894
Y 0.998894 0.000063 -0.047010
Z -0.000060 1.000000 0.000061

BONE 3
OFFSET -3.863354 -0.001244 56.358082
SCALE 1.000000 1.000000 1.000000
X 0.309758 -0.000040 0.950816
Y 0.950816 0.000075 -0.309758
Z -0.000059 1.000000 0.000061

BONE 4
OFFSET -3.148026 -0.001351 58.986137
SCALE 1.000000 1.000000 1.000000
X 0.216360 -0.000040 0.976314
Y 0.976314 0.000072 -0.216360
Z -0.000061 1.000000 0.000055

BONE 5
OFFSET -0.629035 0.516257 61.583179
SCALE 1.000000 1.000000 1.000000
X 0.000648 1.000000 -0.000112
Y -0.998864 0.000643 -0.047656
Z -0.047656 0.000143 0.998864

BONE 6
OFFSET -0.630873 -0.495959 61.547459
SCALE 1.000000 1.000000 1.000000
X 0.000011 1.000000 0.000085
Y 0.998885 -0.000015 0.047208
Z 0.047209 0.000084 -0.998885

BONE 7
OFFSET -1.034867 1.203185 61.455845
SCALE 1.000000 1.000000 1.000000
X 0.000611 0.999995 -0.000125
Y -0.998869 0.000603 -0.047550
Z -0.047550 0.000154 0.998869

BONE 8
OFFSET -1.050319 -1.169166 61.433300
SCALE 1.000000 1.000000 1.000000
X -0.000000 1.000000 0.000077
Y 0.998890 -0.000004 0.047104
Z 0.047104 0.000076 -0.998890

BONE 9
OFFSET -1.322373 1.330075 60.625763
SCALE 1.000000 1.000000 1.000000
X 0.000642 0.999997 -0.000129
Y -0.998869 0.000634 -0.047544
Z -0.047545 0.000159 0.998869

BONE 10
OFFSET -1.336716 -1.279320 60.672112
SCALE 1.000000 1.000000 1.000000
X 0.000017 1.000000 0.000082
Y 0.998890 -0.000021 0.047104
Z 0.047104 0.000082 -0.998890

BONE 11
OFFSET -1.329572 1.194984 59.781521
SCALE 1.000000 1.000000 1.000000
X 0.170214 -0.000001 0.985407
Y 0.985407 -0.000017 -0.170214
Z 0.000017 1.000000 -0.000001

BONE 12
OFFSET -1.297874 -1.195679 59.803009
SCALE 1.000000 1.000000 1.000000
X 0.170211 0.000001 0.985408
Y 0.985408 -0.000034 -0.170211
Z 0.000033 1.000000 -0.000007

BONE 13
OFFSET -1.506516 0.808748 61.017578
SCALE 1.000000 1.000000 1.000000
X -0.065611 0.997117 0.038024
Y -0.996946 -0.063888 -0.044897
Z -0.042338 -0.040855 0.998268

BONE 14
OFFSET -1.506291 -0.774198 61.012856
SCALE 1.000000 1.000000 1.000000
X 0.066573 0.997043 -0.038388
Y 0.996931 -0.064879 0.043799
Z 0.041179 -0.041186 -0.998303

BONE 15
OFFSET -1.506209 0.808029 61.070152
SCALE 1.000000 1.000000 1.000000
X -0.065491 0.997126 0.037996
Y -0.996959 -0.063774 -0.044788
Z -0.042236 -0.040816 0.998273

BONE 16
OFFSET -1.505758 -0.775163 61.060658
SCALE 1.000000 1.000000 1.000000
X 0.066545 0.997045 -0.038381
Y 0.996933 -0.064852 0.043795
Z 0.041177 -0.041177 -0.998303

BONE 17
OFFSET -2.630615 1.128275 60.917355
SCALE 1.000000 1.000000 1.000000
X -0.205927 0.978512 -0.010112
Y -0.977358 -0.206177 -0.047547
Z -0.048608 0.000088 0.998816

BONE 18
OFFSET -2.631334 -1.091464 60.914371
SCALE 1.000000 1.000000 1.000000
X 0.207688 0.978146 0.009805
Y 0.977074 -0.207919 0.045778
Z 0.046816 0.000072 -0.998904

BONE 19
OFFSET -2.996311 -0.001315 63.021610
SCALE 1.000000 1.000000 1.000000
X 0.170213 0.000002 0.985407
Y 0.985407 -0.000000 -0.170213
Z -0.000000 1.000000 -0.000002

BONE 20
OFFSET -3.694102 -0.001313 63.897072
SCALE 1.000000 1.000000 1.000000
X 0.995877 -0.000065 0.090718
Y 0.000075 1.000000 -0.000111
Z -0.090718 0.000117 0.995877

BONE 21
OFFSET -2.890241 0.000000 58.490665
SCALE 1.000000 1.000000 1.000000
X 0.000647 1.000000 -0.000098
Y -0.998864 0.000642 -0.047656
Z -0.047656 0.000128 0.998864

BONE 22
OFFSET -0.760692 -0.001502 57.232368
SCALE 1.000000 1.000000 1.000000
X 0.000646 1.000000 -0.000095
Y -0.998864 0.000642 -0.047656
Z -0.047656 0.000126 0.998864

BONE 23
OFFSET -0.794078 0.159076 58.551395
SCALE 1.000000 1.000000 1.000000
X 0.000644 1.000000 -0.000085
Y -0.998864 0.000640 -0.047659
Z -0.047660 0.000116 0.998864

BONE 24
OFFSET -0.794078 -0.159076 58.551395
SCALE 1.000000 1.000000 1.000000
X 0.000662 1.000000 -0.000407
Y 0.998832 -0.000642 0.048317
Z 0.048316 -0.000439 -0.998832

BONE 25
OFFSET -0.733255 0.399081 60.383965
SCALE 1.000000 1.000000 1.000000
X 0.000647 0.999996 -0.000083
Y -0.998869 0.000641 -0.047542
Z -0.047542 0.000113 0.998869

BONE 26
OFFSET -0.715695 -0.386119 60.387966
SCALE 1.000000 1.000000 1.000000
X 0.000010 1.000000 0.000088
Y 0.998880 -0.000014 0.047326
Z 0.047326 0.000088 -0.998880

BONE 27
OFFSET -0.728684 0.144639 58.658672
SCALE 1.000000 1.000000 1.000000
X 0.000644 0.999997 -0.000083
Y -0.998869 0.000639 -0.047548
Z -0.047548 0.000114 0.998869

BONE 28
OFFSET -0.728686 -0.144639 58.658672
SCALE 1.000000 1.000000 1.000000
X 0.000009 1.000000 0.000115
Y 0.998895 -0.000015 0.046993
Z 0.046993 0.000114 -0.998895

BONE 29
OFFSET -0.895903 0.413530 58.592373
SCALE 1.000000 1.000000 1.000000
X 0.000653 0.999999 -0.000113
Y -0.998869 0.000646 -0.047546
Z -0.047546 0.000144 0.998869

BONE 30
OFFSET -0.895903 -0.413530 58.592369
SCALE 1.000000 1.000000 1.000000
X 0.000000 1.000000 0.000108
Y 0.998895 -0.000005 0.046995
Z 0.046995 0.000108 -0.998895

BONE 31
OFFSET 0.340976 -0.001312 62.413200
SCALE 1.000000 1.000000 1.000000
X 0.985409 0.000003 -0.170203
Y -0.170203 0.000000 -0.985409
Z -0.000003 1.000000 0.000001

BONE 32
OFFSET -1.039596 -0.000976 60.908195
SCALE 1.000000 1.000000 1.000000
X 0.922501 -0.000067 0.385995
Y 0.000074 1.000000 -0.000003
Z -0.385995 0.000032 0.922501


NUMVERTS 919
VERT 0
OFFSET -1.072299 1.456786 60.533642
BONES 1
BONE 4 1.000000

VERT 1
OFFSET -1.081596 1.480746 60.534836
BONES 1
BONE 4 1.000000

VERT 2
OFFSET -1.052796 1.474264 60.517918
BONES 1
BONE 4 1.000000

VERT 3
OFFSET -2.108239 0.525969 58.509186
BONES 3
BONE 4 0.900000
BONE 24 0.050000
BONE 23 0.050000

VERT 4
OFFSET -2.092706 0.525029 58.643448
BONES 3
BONE 4 0.900000
BONE 24 0.050000
BONE 23 0.050000

VERT 5
OFFSET -1.838491 0.573772 58.465626
BONES 3
BONE 23 0.050000
BONE 24 0.050000
BONE 4 0.900000

VERT 6
OFFSET -1.855364 0.572011 58.604942
BONES 3
BONE 23 0.050000
BONE 24 0.050000
BONE 4 0.900000

VERT 7
OFFSET -1.476215 0.548638 58.407135
BONES 3
BONE 23 0.050000
BONE 24 0.050000
BONE 4 0.900000

VERT 8
OFFSET -1.481241 0.553939 58.544487
BONES 3
BONE 23 0.050000
BONE 24 0.050000
BONE 4 0.900000

VERT 9
OFFSET -1.243457 0.380062 58.369759
BONES 3
BONE 23 0.050000
BONE 24 0.050000
BONE 4 0.900000

VERT 10
OFFSET -1.325187 0.452515 58.519459
BONES 3
BONE 23 0.050000
BONE 24 0.050000
BONE 4 0.900000

VERT 11
OFFSET -1.146441 0.251805 58.491013
BONES 3
BONE 23 0.050000
BONE 24 0.050000
BONE 4 0.900000

VERT 12
OFFSET -1.123502 0.167898 58.350983
BONES 3
BONE 23 0.050000
BONE 24 0.050000
BONE 4 0.900000

VERT 13
OFFSET -1.087412 0.041444 58.482136
BONES 3
BONE 23 0.050000
BONE 24 0.050000
BONE 4 0.900000

VERT 14
OFFSET -1.100611 -0.041893 58.348042
BONES 3
BONE 23 0.050000
BONE 24 0.050000
BONE 4 0.900000

VERT 15
OFFSET -1.124728 -0.220900 58.489166
BONES 3
BONE 4 0.900000
BONE 24 0.050000
BONE 23 0.050000

VERT 16
OFFSET -0.962532 0.003484 58.325661
BONES 3
BONE 23 0.050000
BONE 24 0.050000
BONE 4 0.900000

VERT 17
OFFSET -1.028003 0.282068 58.335556
BONES 3
BONE 4 0.900000
BONE 24 0.050000
BONE 23 0.050000

VERT 18
OFFSET -1.390186 0.608805 58.393250
BONES 3
BONE 23 0.050000
BONE 24 0.050000
BONE 4 0.900000

VERT 19
OFFSET -1.570332 0.672832 58.422287
BONES 3
BONE 23 0.050000
BONE 24 0.050000
BONE 4 0.900000

VERT 20
OFFSET -0.992079 0.256133 58.466343
BONES 3
BONE 23 0.050000
BONE 24 0.050000
BONE 4 0.900000

VERT 21
OFFSET -1.434974 0.653270 58.537075
BONES 3
BONE 23 0.050000
BONE 24 0.050000
BONE 4 0.900000

VERT 22
OFFSET -1.891884 0.692752 58.610855
BONES 3
BONE 23 0.050000
BONE 24 0.050000
BONE 4 0.900000

VERT 23
OFFSET -1.941791 0.682767 58.482300
BONES 3
BONE 4 0.900000
BONE 24 0.050000
BONE 23 0.050000

VERT 24
OFFSET -2.150508 0.638891 58.516010
BONES 3
BONE 4 0.900000
BONE 24 0.050000
BONE 23 0.050000

VERT 25
OFFSET -2.134984 0.638955 58.650265
BONES 3
BONE 4 0.900000
BONE 24 0.050000
BONE 23 0.050000

VERT 26
OFFSET -0.955035 -0.061677 58.461201
BONES 3
BONE 23 0.050000
BONE 24 0.050000
BONE 4 0.900000

VERT 27
OFFSET -0.996312 -0.260561 58.468861
BONES 3
BONE 23 0.050000
BONE 24 0.050000
BONE 4 0.900000

VERT 28
OFFSET -1.022944 -0.277397 58.336739
BONES 3
BONE 4 0.900000
BONE 24 0.050000
BONE 23 0.050000

VERT 29
OFFSET -1.423195 -0.654907 58.539833
BONES 3
BONE 4 0.900000
BONE 24 0.050000
BONE 23 0.050000

VERT 30
OFFSET -1.378993 -0.610298 58.395790
BONES 3
BONE 23 0.050000
BONE 24 0.050000
BONE 4 0.900000

VERT 31
OFFSET -1.557866 -0.677385 58.425076
BONES 3
BONE 23 0.050000
BONE 24 0.050000
BONE 4 0.900000

VERT 32
OFFSET -1.878785 -0.702346 58.613716
BONES 3
BONE 23 0.050000
BONE 24 0.050000
BONE 4 0.900000

VERT 33
OFFSET -1.929270 -0.693983 58.485168
BONES 3
BONE 4 0.900000
BONE 24 0.050000
BONE 23 0.050000

VERT 34
OFFSET -1.316720 -0.452182 58.521305
BONES 3
BONE 23 0.050000
BONE 24 0.050000
BONE 4 0.900000

VERT 35
OFFSET -1.470739 -0.556351 58.546734
BONES 3
BONE 23 0.050000
BONE 24 0.050000
BONE 4 0.900000

VERT 36
OFFSET -1.844486 -0.581126 58.607307
BONES 3
BONE 23 0.050000
BONE 24 0.050000
BONE 4 0.900000

VERT 37
OFFSET -2.138761 -0.653625 58.518715
BONES 3
BONE 4 0.900000
BONE 24 0.050000
BONE 23 0.050000

VERT 38
OFFSET -2.123398 -0.652791 58.652969
BONES 3
BONE 4 0.900000
BONE 24 0.050000
BONE 23 0.050000

VERT 39
OFFSET -2.082908 -0.538242 58.645668
BONES 3
BONE 4 0.900000
BONE 24 0.050000
BONE 23 0.050000

VERT 40
OFFSET -2.097665 -0.549957 58.511322
BONES 3
BONE 23 0.050000
BONE 24 0.050000
BONE 4 0.900000

VERT 41
OFFSET -1.609373 -0.578656 58.432720
BONES 3
BONE 23 0.050000
BONE 24 0.050000
BONE 4 0.900000

VERT 42
OFFSET -1.402513 -0.521546 58.399002
BONES 3
BONE 23 0.050000
BONE 24 0.050000
BONE 4 0.900000

VERT 43
OFFSET -1.163291 -0.281288 58.359196
BONES 3
BONE 4 0.900000
BONE 24 0.050000
BONE 23 0.050000

VERT 44
OFFSET -1.341088 2.102810 61.027119
BONES 1
BONE 4 1.000000

VERT 45
OFFSET -1.291944 2.227905 61.083977
BONES 1
BONE 4 1.000000

VERT 46
OFFSET -1.348668 2.102575 60.888760
BONES 1
BONE 4 1.000000

VERT 47
OFFSET -1.344347 2.051227 60.884212
BONES 1
BONE 4 1.000000

VERT 48
OFFSET -1.334821 1.977639 60.786037
BONES 1
BONE 4 1.000000

VERT 49
OFFSET -1.320984 1.924389 60.721607
BONES 1
BONE 4 1.000000

VERT 50
OFFSET -0.863889 0.877399 61.035110
BONES 1
BONE 4 1.000000

VERT 51
OFFSET -0.964037 0.940078 61.072853
BONES 1
BONE 4 1.000000

VERT 52
OFFSET -0.986050 1.036355 61.137802
BONES 1
BONE 4 1.000000

VERT 53
OFFSET -0.953599 0.958956 61.136368
BONES 1
BONE 4 1.000000

VERT 54
OFFSET -1.008427 1.204633 61.199627
BONES 1
BONE 4 1.000000

VERT 55
OFFSET -1.015357 1.476778 61.368408
BONES 1
BONE 4 1.000000

VERT 56
OFFSET -1.062316 1.427054 61.277348
BONES 1
BONE 4 1.000000

VERT 57
OFFSET -1.125867 1.782257 61.344975
BONES 1
BONE 4 1.000000

VERT 58
OFFSET -1.186629 1.722309 61.289532
BONES 1
BONE 4 1.000000

VERT 59
OFFSET -1.203658 2.089994 61.264595
BONES 1
BONE 4 1.000000

VERT 60
OFFSET -1.310565 2.099277 61.102352
BONES 1
BONE 4 1.000000

VERT 61
OFFSET -1.255061 2.315696 61.134792
BONES 1
BONE 4 1.000000

VERT 62
OFFSET -0.952194 0.918752 61.161823
BONES 1
BONE 4 1.000000

VERT 63
OFFSET -0.960637 0.897739 60.930862
BONES 1
BONE 4 1.000000

VERT 64
OFFSET -1.002493 1.083852 61.303616
BONES 1
BONE 4 1.000000

VERT 65
OFFSET -1.033851 1.361880 61.444778
BONES 1
BONE 4 1.000000

VERT 66
OFFSET -1.152183 1.760425 61.465187
BONES 1
BONE 4 1.000000

VERT 67
OFFSET -1.272268 2.061970 61.342110
BONES 1
BONE 4 1.000000

VERT 68
OFFSET -1.336023 2.229024 61.155434
BONES 1
BONE 4 1.000000

VERT 69
OFFSET -1.357701 2.226920 61.082050
BONES 1
BONE 4 1.000000

VERT 70
OFFSET -0.703111 -0.234374 58.650883
BONES 4
BONE 28 0.179097
BONE 30 0.107908
BONE 27 0.020474
BONE 4 0.692522

VERT 71
OFFSET -0.594408 0.007566 58.668362
BONES 5
BONE 30 0.000014
BONE 27 0.084692
BONE 28 0.099808
BONE 29 0.000485
BONE 4 0.815001

VERT 72
OFFSET -0.705128 0.239660 58.647324
BONES 4
BONE 28 0.022306
BONE 29 0.101523
BONE 27 0.133464
BONE 4 0.742707

VERT 73
OFFSET -0.867384 0.367746 58.569393
BONES 5
BONE 4 0.718887
BONE 23 0.085301
BONE 27 0.037819
BONE 29 0.157810
BONE 24 0.000183

VERT 74
OFFSET -0.831326 0.312664 58.595955
BONES 5
BONE 4 0.735386
BONE 27 0.135721
BONE 29 0.128625
BONE 28 0.000232
BONE 23 0.000036

VERT 75
OFFSET -0.881348 0.398268 58.587257
BONES 4
BONE 4 0.712804
BONE 23 0.026603
BONE 27 0.081095
BONE 29 0.179498

VERT 76
OFFSET -0.861276 0.334498 58.593796
BONES 5
BONE 24 0.000095
BONE 23 0.100439
BONE 29 0.144695
BONE 27 0.015735
BONE 4 0.739036

VERT 77
OFFSET -0.809283 0.214728 58.597805
BONES 5
BONE 23 0.156608
BONE 29 0.076039
BONE 24 0.043490
BONE 27 0.000022
BONE 4 0.723842

VERT 78
OFFSET -0.807474 0.216709 58.556244
BONES 5
BONE 4 0.676862
BONE 27 0.000094
BONE 29 0.112580
BONE 24 0.046420
BONE 23 0.164044

VERT 79
OFFSET -0.745807 0.005339 58.581135
BONES 6
BONE 29 0.000507
BONE 23 0.110113
BONE 24 0.117680
BONE 27 0.000000
BONE 30 0.000757
BONE 4 0.770943

VERT 80
OFFSET -0.805452 -0.205280 58.598679
BONES 5
BONE 28 0.000082
BONE 24 0.141143
BONE 30 0.072744
BONE 23 0.026183
BONE 4 0.759848

VERT 81
OFFSET -0.855303 -0.326231 58.595455
BONES 4
BONE 24 0.083741
BONE 30 0.109946
BONE 28 0.017266
BONE 4 0.789047

VERT 82
OFFSET -0.872790 -0.387381 58.586651
BONES 4
BONE 28 0.073555
BONE 30 0.167252
BONE 24 0.029951
BONE 4 0.729242

VERT 83
OFFSET -0.823474 -0.298878 58.600155
BONES 5
BONE 4 0.761599
BONE 24 0.000233
BONE 30 0.126019
BONE 28 0.111500
BONE 27 0.000649

VERT 84
OFFSET -0.720380 0.005369 58.592545
BONES 5
BONE 29 0.005514
BONE 27 0.091470
BONE 28 0.097876
BONE 30 0.000490
BONE 4 0.804649

VERT 85
OFFSET -1.040062 1.376185 60.549332
BONES 1
BONE 4 1.000000

VERT 86
OFFSET -1.045436 1.341518 60.552364
BONES 1
BONE 4 1.000000

VERT 87
OFFSET -1.050066 1.403584 60.539852
BONES 1
BONE 4 1.000000

VERT 88
OFFSET -1.079445 1.428035 60.530624
BONES 1
BONE 4 1.000000

VERT 89
OFFSET -3.507978 1.929008 60.165531
BONES 1
BONE 4 1.000000

VERT 90
OFFSET -3.203257 2.065460 59.977070
BONES 1
BONE 4 1.000000

VERT 91
OFFSET -2.723610 0.981101 58.483608
BONES 1
BONE 4 1.000000

VERT 92
OFFSET -2.399091 -0.010740 58.037060
BONES 4
BONE 4 0.750000
BONE 3 0.250000
BONE 24 0.000000
BONE 23 0.000000

VERT 93
OFFSET -2.743780 0.590862 58.094997
BONES 2
BONE 4 0.750000
BONE 3 0.250000

VERT 94
OFFSET -3.223571 0.988185 58.182632
BONES 2
BONE 4 0.750000
BONE 3 0.250000

VERT 95
OFFSET -3.238216 1.157536 58.830254
BONES 1
BONE 4 1.000000

VERT 96
OFFSET -2.904920 1.189810 58.745621
BONES 1
BONE 4 1.000000

VERT 97
OFFSET -3.206870 1.364428 59.205208
BONES 1
BONE 4 1.000000

VERT 98
OFFSET -3.049691 1.485183 59.099014
BONES 1
BONE 4 1.000000

VERT 99
OFFSET -3.324851 1.617869 59.563526
BONES 1
BONE 4 1.000000

VERT 100
OFFSET -4.040355 1.561961 59.957615
BONES 1
BONE 4 1.000000

VERT 101
OFFSET -4.270904 2.111821 61.061802
BONES 1
BONE 4 1.000000

VERT 102
OFFSET -3.651938 2.159098 60.566616
BONES 1
BONE 4 1.000000

VERT 103
OFFSET -3.876610 2.408989 61.531780
BONES 1
BONE 4 1.000000

VERT 104
OFFSET -4.567852 2.339922 62.032406
BONES 1
BONE 4 1.000000

VERT 105
OFFSET -3.977551 2.500837 62.070499
BONES 1
BONE 4 1.000000

VERT 106
OFFSET -5.579286 1.623955 61.628384
BONES 1
BONE 4 1.000000

VERT 107
OFFSET -4.906987 1.120721 60.221256
BONES 1
BONE 4 1.000000

VERT 108
OFFSET -5.880562 1.782451 62.539188
BONES 1
BONE 4 1.000000

VERT 109
OFFSET -6.725454 0.702849 62.906673
BONES 1
BONE 4 1.000000

VERT 110
OFFSET -6.502232 0.654266 62.100811
BONES 1
BONE 4 1.000000

VERT 111
OFFSET -6.087276 0.606840 61.332687
BONES 1
BONE 4 1.000000

VERT 112
OFFSET -5.805324 0.419499 60.708569
BONES 1
BONE 4 1.000000

VERT 113
OFFSET -3.907961 1.204026 59.362770
BONES 1
BONE 4 1.000000

VERT 114
OFFSET -3.762049 1.137646 58.882275
BONES 1
BONE 4 1.000000

VERT 115
OFFSET -3.803457 1.055872 58.264256
BONES 2
BONE 4 0.750000
BONE 3 0.250000

VERT 116
OFFSET -4.479113 0.807018 59.389912
BONES 1
BONE 4 1.000000

VERT 117
OFFSET -4.353885 0.800922 58.940086
BONES 1
BONE 4 1.000000

VERT 118
OFFSET -4.765285 0.435073 59.049740
BONES 1
BONE 4 1.000000

VERT 119
OFFSET -4.371318 0.796853 58.368114
BONES 2
BONE 4 0.750000
BONE 3 0.250000

VERT 120
OFFSET -4.805261 0.441733 58.481228
BONES 3
BONE 4 0.750000
BONE 3 0.250000
BONE 23 0.000000

VERT 121
OFFSET -4.995882 -0.031984 59.137741
BONES 1
BONE 4 1.000000

VERT 122
OFFSET -5.011873 -0.033181 58.551472
BONES 6
BONE 4 0.750000
BONE 3 0.250000
BONE 27 0.000000
BONE 28 0.000000
BONE 24 0.000000
BONE 23 0.000000

VERT 123
OFFSET -4.796504 -0.504575 58.483204
BONES 2
BONE 4 0.750000
BONE 3 0.250000

VERT 124
OFFSET -3.205229 -1.023650 58.186832
BONES 2
BONE 4 0.750000
BONE 3 0.250000

VERT 125
OFFSET -3.740822 -1.179993 58.887112
BONES 1
BONE 4 1.000000

VERT 126
OFFSET -3.783658 -1.101359 58.268753
BONES 2
BONE 4 0.750000
BONE 3 0.250000

VERT 127
OFFSET -4.338967 -0.853815 58.943546
BONES 1
BONE 4 1.000000

VERT 128
OFFSET -4.356218 -0.852415 58.371548
BONES 2
BONE 4 0.750000
BONE 3 0.250000

VERT 129
OFFSET -4.756789 -0.494838 59.051674
BONES 1
BONE 4 1.000000

VERT 130
OFFSET -5.198382 -0.032389 59.730267
BONES 1
BONE 4 1.000000

VERT 131
OFFSET -4.806327 0.514271 59.474503
BONES 1
BONE 4 1.000000

VERT 132
OFFSET -5.398964 0.305667 60.092392
BONES 1
BONE 4 1.000000

VERT 133
OFFSET -5.654325 -0.035575 60.240402
BONES 1
BONE 4 1.000000

VERT 134
OFFSET -2.705488 -1.006283 58.487755
BONES 1
BONE 4 1.000000

VERT 135
OFFSET -2.732647 -0.618192 58.097515
BONES 2
BONE 4 0.750000
BONE 3 0.250000

VERT 136
OFFSET -3.216789 -1.190592 58.835148
BONES 1
BONE 4 1.000000

VERT 137
OFFSET -3.885662 -1.247021 59.367882
BONES 1
BONE 4 1.000000

VERT 138
OFFSET -4.463890 -0.860286 59.393398
BONES 1
BONE 4 1.000000

VERT 139
OFFSET -5.392890 -0.372610 60.093803
BONES 1
BONE 4 1.000000

VERT 140
OFFSET -5.797003 -0.491179 60.710468
BONES 1
BONE 4 1.000000

VERT 141
OFFSET -6.134198 -0.038455 60.894508
BONES 1
BONE 4 1.000000

VERT 142
OFFSET -6.506030 -0.040287 61.607754
BONES 1
BONE 4 1.000000

VERT 143
OFFSET -4.796251 -0.573364 59.476719
BONES 1
BONE 4 1.000000

VERT 144
OFFSET -3.181737 -1.395247 59.210964
BONES 1
BONE 4 1.000000

VERT 145
OFFSET -3.295121 -1.649348 59.570568
BONES 1
BONE 4 1.000000

VERT 146
OFFSET -4.011735 -1.605087 59.965012
BONES 1
BONE 4 1.000000

VERT 147
OFFSET -4.885570 -1.177703 60.225018
BONES 1
BONE 4 1.000000

VERT 148
OFFSET -6.075657 -0.681036 61.335373
BONES 1
BONE 4 1.000000

VERT 149
OFFSET -5.548974 -1.687591 61.635300
BONES 1
BONE 4 1.000000

VERT 150
OFFSET -6.489620 -0.732884 62.103706
BONES 1
BONE 4 1.000000

VERT 151
OFFSET -6.711981 -0.781991 62.909771
BONES 1
BONE 4 1.000000

VERT 152
OFFSET -5.847446 -1.847748 62.546768
BONES 1
BONE 4 1.000000

VERT 153
OFFSET -4.231907 -2.153933 61.070705
BONES 1
BONE 4 1.000000

VERT 154
OFFSET -6.785578 -0.041446 62.314426
BONES 1
BONE 4 1.000000

VERT 155
OFFSET -6.966039 -0.041515 63.013969
BONES 1
BONE 4 1.000000

VERT 156
OFFSET -7.014712 -0.040693 63.699696
BONES 1
BONE 4 1.000000

VERT 157
OFFSET -6.755278 -0.804060 63.569550
BONES 1
BONE 4 1.000000

VERT 158
OFFSET -5.894991 -1.925622 63.243134
BONES 1
BONE 4 1.000000

VERT 159
OFFSET -4.524859 -2.383460 62.042271
BONES 1
BONE 4 1.000000

VERT 160
OFFSET -3.832443 -2.442147 61.541901
BONES 1
BONE 4 1.000000

VERT 161
OFFSET -3.612456 -2.192103 60.575516
BONES 1
BONE 4 1.000000

VERT 162
OFFSET -3.472625 -1.961149 60.173660
BONES 1
BONE 4 1.000000

VERT 163
OFFSET -4.601976 -2.589755 62.849651
BONES 1
BONE 4 1.000000

VERT 164
OFFSET -3.165445 -2.092815 59.985748
BONES 1
BONE 4 1.000000

VERT 165
OFFSET -3.738502 2.750035 62.807209
BONES 1
BONE 4 1.000000

VERT 166
OFFSET -4.648889 2.548307 62.838928
BONES 1
BONE 4 1.000000

VERT 167
OFFSET -3.968968 2.777778 64.051620
BONES 1
BONE 4 1.000000

VERT 168
OFFSET -4.643913 2.562064 64.116653
BONES 1
BONE 4 1.000000

VERT 169
OFFSET -5.929630 1.862388 63.235229
BONES 1
BONE 4 1.000000

VERT 170
OFFSET -5.817683 1.919519 64.277740
BONES 1
BONE 4 1.000000

VERT 171
OFFSET -6.769254 0.726896 63.566360
BONES 1
BONE 4 1.000000

VERT 172
OFFSET -6.590704 0.734482 64.470703
BONES 1
BONE 4 1.000000

VERT 173
OFFSET -6.861499 -0.037388 64.549271
BONES 1
BONE 4 1.000000

VERT 174
OFFSET -6.576729 -0.804720 64.473923
BONES 1
BONE 4 1.000000

VERT 175
OFFSET -5.782248 -1.976212 64.285873
BONES 1
BONE 4 1.000000

VERT 176
OFFSET -4.596985 -2.598319 64.127411
BONES 1
BONE 4 1.000000

VERT 177
OFFSET -3.918233 -2.801935 64.063263
BONES 1
BONE 4 1.000000

VERT 178
OFFSET -3.688302 -2.775161 62.818741
BONES 1
BONE 4 1.000000

VERT 179
OFFSET -3.931938 -2.533430 62.081005
BONES 1
BONE 4 1.000000

VERT 180
OFFSET -3.533054 -2.677050 61.938866
BONES 1
BONE 4 1.000000

VERT 181
OFFSET -0.997133 -1.285505 60.567581
BONES 1
BONE 4 1.000000

VERT 182
OFFSET -0.965885 -1.248187 60.564259
BONES 1
BONE 4 1.000000

VERT 183
OFFSET -0.988057 -1.250641 60.572056
BONES 1
BONE 4 1.000000

VERT 184
OFFSET -3.938280 -2.704020 60.353737
BONES 1
BONE 4 1.000000

VERT 185
OFFSET -4.181164 -2.728305 60.212936
BONES 1
BONE 4 1.000000

VERT 186
OFFSET -3.695368 -2.545696 60.000641
BONES 1
BONE 4 1.000000

VERT 187
OFFSET -4.546798 -2.928152 60.600010
BONES 1
BONE 4 1.000000

VERT 188
OFFSET -4.390018 -2.672195 60.350975
BONES 1
BONE 4 1.000000

VERT 189
OFFSET -4.723091 -2.853634 60.710670
BONES 1
BONE 4 1.000000

VERT 190
OFFSET -4.927103 -3.093072 61.047493
BONES 1
BONE 4 1.000000

VERT 191
OFFSET -4.990278 -3.000390 61.128658
BONES 1
BONE 4 1.000000

VERT 192
OFFSET -4.983831 -3.166014 61.334267
BONES 1
BONE 4 1.000000

VERT 193
OFFSET -5.020191 -3.090616 61.458050
BONES 1
BONE 4 1.000000

VERT 194
OFFSET -4.865971 -3.229968 61.660572
BONES 1
BONE 4 1.000000

VERT 195
OFFSET -4.977907 -3.160604 61.745125
BONES 1
BONE 4 1.000000

VERT 196
OFFSET -4.523113 -2.881996 61.989555
BONES 1
BONE 4 1.000000

VERT 197
OFFSET -4.401589 -3.016541 61.947384
BONES 1
BONE 4 1.000000

VERT 198
OFFSET -3.704762 -2.343597 60.101276
BONES 1
BONE 4 1.000000

VERT 199
OFFSET -3.236444 -2.350070 60.341877
BONES 1
BONE 4 1.000000

VERT 200
OFFSET -3.463712 -2.439307 60.477551
BONES 1
BONE 4 1.000000

VERT 201
OFFSET -4.149999 -2.738229 60.819828
BONES 1
BONE 4 1.000000

VERT 202
OFFSET -3.794619 -2.604344 60.811359
BONES 1
BONE 4 1.000000

VERT 203
OFFSET -3.287753 -2.514900 60.867973
BONES 1
BONE 4 1.000000

VERT 204
OFFSET -3.411348 -2.598902 61.306873
BONES 1
BONE 4 1.000000

VERT 205
OFFSET -3.651494 -2.588427 61.145203
BONES 1
BONE 4 1.000000

VERT 206
OFFSET -3.824123 -2.746338 61.753952
BONES 1
BONE 4 1.000000

VERT 207
OFFSET -4.346715 -2.978401 61.795113
BONES 1
BONE 4 1.000000

VERT 208
OFFSET -4.777521 -3.005548 60.985199
BONES 1
BONE 4 1.000000

VERT 209
OFFSET -4.271931 -2.810998 61.471455
BONES 1
BONE 4 1.000000

VERT 210
OFFSET -4.436076 -2.820652 60.985756
BONES 1
BONE 4 1.000000

VERT 211
OFFSET -4.644331 -2.880974 61.388847
BONES 1
BONE 4 1.000000

VERT 212
OFFSET -1.024667 -1.389786 60.545692
BONES 1
BONE 4 1.000000

VERT 213
OFFSET -0.992860 -1.381524 60.539661
BONES 1
BONE 4 1.000000

VERT 214
OFFSET -1.015123 -1.362251 60.555058
BONES 1
BONE 4 1.000000

VERT 215
OFFSET -0.275381 0.021109 64.017166
BONES 1
BONE 4 1.000000

VERT 216
OFFSET -0.429745 0.573426 62.796612
BONES 1
BONE 4 1.000000

VERT 217
OFFSET -0.511739 1.077564 62.782341
BONES 1
BONE 4 1.000000

VERT 218
OFFSET -0.433314 1.117039 64.019608
BONES 1
BONE 4 1.000000

VERT 219
OFFSET -1.760168 2.699988 64.042923
BONES 1
BONE 4 1.000000

VERT 220
OFFSET -1.036260 2.005124 64.037415
BONES 1
BONE 4 1.000000

VERT 221
OFFSET -0.936082 1.878645 62.766670
BONES 1
BONE 4 1.000000

VERT 222
OFFSET -0.834852 1.540801 61.872356
BONES 1
BONE 4 1.000000

VERT 223
OFFSET -0.635927 0.964667 61.620430
BONES 1
BONE 4 1.000000

VERT 224
OFFSET -0.496350 0.659408 61.630150
BONES 1
BONE 4 1.000000

VERT 225
OFFSET -0.545307 0.337089 61.129879
BONES 1
BONE 4 1.000000

VERT 226
OFFSET -0.419646 -0.539220 62.798935
BONES 1
BONE 4 1.000000

VERT 227
OFFSET -0.413402 -1.077836 64.024185
BONES 1
BONE 4 1.000000

VERT 228
OFFSET -0.492421 -1.044772 62.786770
BONES 1
BONE 4 1.000000

VERT 229
OFFSET -0.618496 -0.939070 61.624393
BONES 1
BONE 4 1.000000

VERT 230
OFFSET -0.807233 -1.518205 61.879383
BONES 1
BONE 4 1.000000

VERT 231
OFFSET -0.902105 -1.853468 62.774460
BONES 1
BONE 4 1.000000

VERT 232
OFFSET -0.966452 -1.908464 61.920559
BONES 1
BONE 4 1.000000

VERT 233
OFFSET -1.493303 -2.544118 62.774811
BONES 1
BONE 4 1.000000

VERT 234
OFFSET -3.051013 2.858005 62.782581
BONES 1
BONE 4 1.000000

VERT 235
OFFSET -3.112870 2.977408 64.031586
BONES 1
BONE 4 1.000000

VERT 236
OFFSET -2.352766 2.851730 64.033630
BONES 1
BONE 4 1.000000

VERT 237
OFFSET -1.539627 2.558545 62.764160
BONES 1
BONE 4 1.000000

VERT 238
OFFSET -0.682427 0.494143 60.799141
BONES 1
BONE 4 1.000000

VERT 239
OFFSET -0.821440 1.043233 61.333710
BONES 1
BONE 4 1.000000

VERT 240
OFFSET -0.933560 1.445029 61.586285
BONES 1
BONE 4 1.000000

VERT 241
OFFSET -1.001475 1.928802 61.912437
BONES 1
BONE 4 1.000000

VERT 242
OFFSET -1.125116 1.894510 61.577007
BONES 1
BONE 4 1.000000

VERT 243
OFFSET -1.245334 2.236891 61.876125
BONES 1
BONE 4 1.000000

VERT 244
OFFSET -1.257753 2.136322 61.490635
BONES 1
BONE 4 1.000000

VERT 245
OFFSET -1.482632 2.406445 61.597939
BONES 1
BONE 4 1.000000

VERT 246
OFFSET -1.380019 2.293572 61.314175
BONES 1
BONE 4 1.000000

VERT 247
OFFSET -0.699717 0.642704 60.953266
BONES 1
BONE 4 1.000000

VERT 248
OFFSET -0.802548 0.802243 61.049339
BONES 1
BONE 4 1.000000

VERT 249
OFFSET -0.817344 0.790012 60.864639
BONES 1
BONE 4 1.000000

VERT 250
OFFSET -0.896144 0.961447 60.562138
BONES 1
BONE 4 1.000000

VERT 251
OFFSET -0.566526 0.011652 60.735603
BONES 1
BONE 4 1.000000

VERT 252
OFFSET -0.642956 0.344414 60.535091
BONES 1
BONE 4 1.000000

VERT 253
OFFSET -0.736158 0.630877 60.681587
BONES 1
BONE 4 1.000000

VERT 254
OFFSET -0.762390 0.733960 60.455326
BONES 1
BONE 4 1.000000

VERT 255
OFFSET -0.881466 1.058814 60.426598
BONES 1
BONE 4 1.000000

VERT 256
OFFSET -1.014065 1.237349 60.575821
BONES 1
BONE 4 1.000000

VERT 257
OFFSET -0.985441 1.074354 60.663082
BONES 1
BONE 4 1.000000

VERT 258
OFFSET -0.976725 0.996719 60.741508
BONES 1
BONE 4 1.000000

VERT 259
OFFSET -0.809902 0.951445 60.135494
BONES 1
BONE 4 1.000000

VERT 260
OFFSET -0.666296 0.582130 60.284958
BONES 1
BONE 4 1.000000

VERT 261
OFFSET -0.577744 0.575407 59.976852
BONES 1
BONE 4 1.000000

VERT 262
OFFSET -0.361129 0.015734 60.118328
BONES 1
BONE 4 1.000000

VERT 263
OFFSET -1.095855 1.623934 60.132660
BONES 1
BONE 4 1.000000

VERT 264
OFFSET -0.383024 0.184643 59.975784
BONES 1
BONE 4 1.000000

VERT 265
OFFSET -0.244915 0.012886 59.959572
BONES 1
BONE 4 1.000000

VERT 266
OFFSET -1.276010 1.948411 60.063221
BONES 1
BONE 4 1.000000

VERT 267
OFFSET -1.611660 2.262392 60.270294
BONES 1
BONE 4 1.000000

VERT 268
OFFSET -1.102966 1.646974 59.918732
BONES 1
BONE 4 1.000000

VERT 269
OFFSET -1.285464 1.927735 60.317158
BONES 1
BONE 4 1.000000

VERT 270
OFFSET -1.609835 2.159279 59.669498
BONES 1
BONE 4 1.000000

VERT 271
OFFSET -1.111361 1.549606 59.474995
BONES 1
BONE 4 1.000000

VERT 272
OFFSET -0.304924 0.158537 59.787876
BONES 1
BONE 4 1.000000

VERT 273
OFFSET -0.312188 0.196107 59.640186
BONES 1
BONE 4 1.000000

VERT 274
OFFSET -0.435609 0.343986 59.755375
BONES 1
BONE 4 1.000000

VERT 275
OFFSET -0.785436 0.947664 59.901161
BONES 1
BONE 4 1.000000

VERT 276
OFFSET -0.229091 0.110259 59.532894
BONES 1
BONE 4 1.000000

VERT 277
OFFSET -0.435179 0.311265 59.415321
BONES 1
BONE 4 1.000000

VERT 278
OFFSET -0.105646 0.013847 59.805931
BONES 1
BONE 4 1.000000

VERT 279
OFFSET -0.011191 0.014489 59.722813
BONES 1
BONE 4 1.000000

VERT 280
OFFSET -0.228277 0.010170 59.378635
BONES 1
BONE 4 1.000000

VERT 281
OFFSET -0.605648 0.564088 59.362915
BONES 1
BONE 4 1.000000

VERT 282
OFFSET -0.653615 -0.286137 58.823418
BONES 4
BONE 4 0.872431
BONE 30 0.043888
BONE 28 0.077016
BONE 27 0.006665

VERT 283
OFFSET -0.367217 0.013086 59.196480
BONES 1
BONE 4 1.000000

VERT 284
OFFSET -0.411944 0.019863 59.106697
BONES 1
BONE 4 1.000000

VERT 285
OFFSET -0.757587 0.635586 58.990978
BONES 1
BONE 4 1.000000

VERT 286
OFFSET -0.813649 0.887078 59.266903
BONES 1
BONE 4 1.000000

VERT 287
OFFSET -0.835137 -0.467683 58.689297
BONES 3
BONE 30 0.094467
BONE 28 0.087499
BONE 4 0.818035

VERT 288
OFFSET -0.746914 -0.625716 58.994335
BONES 1
BONE 4 1.000000

VERT 289
OFFSET -1.047743 -1.113022 58.818516
BONES 1
BONE 4 1.000000

VERT 290
OFFSET -1.332397 -1.068488 58.352631
BONES 1
BONE 4 1.000000

VERT 291
OFFSET -1.156789 -0.712732 58.255581
BONES 1
BONE 4 1.000000

VERT 292
OFFSET -1.094797 -0.970284 58.602898
BONES 1
BONE 4 1.000000

VERT 293
OFFSET -1.276473 -1.536940 58.883610
BONES 1
BONE 4 1.000000

VERT 294
OFFSET -1.591583 -1.541021 58.616013
BONES 1
BONE 4 1.000000

VERT 295
OFFSET -1.918711 -1.438882 58.425446
BONES 1
BONE 4 1.000000

VERT 296
OFFSET -2.115417 -1.149346 58.293503
BONES 1
BONE 4 1.000000

VERT 297
OFFSET -1.746481 -0.645165 57.913414
BONES 1
BONE 4 1.000000

VERT 298
OFFSET -1.845069 -0.918309 58.078377
BONES 1
BONE 4 1.000000

VERT 299
OFFSET -1.385484 -0.342681 57.762867
BONES 1
BONE 4 1.000000

VERT 300
OFFSET -1.306231 -0.618811 58.011597
BONES 1
BONE 4 1.000000

VERT 301
OFFSET -1.541836 -0.273847 57.706020
BONES 1
BONE 4 1.000000

VERT 302
OFFSET -1.582411 -1.142308 58.275463
BONES 1
BONE 4 1.000000

VERT 303
OFFSET -1.349742 -0.002139 57.590347
BONES 1
BONE 4 1.000000

VERT 304
OFFSET -1.546646 0.266432 57.704826
BONES 1
BONE 4 1.000000

VERT 305
OFFSET -1.758324 0.635160 57.910851
BONES 1
BONE 4 1.000000

VERT 306
OFFSET -1.391948 0.339033 57.761745
BONES 1
BONE 4 1.000000

VERT 307
OFFSET -2.136253 1.134021 58.288734
BONES 1
BONE 4 1.000000

VERT 308
OFFSET -2.225255 1.527642 58.543003
BONES 1
BONE 4 1.000000

VERT 309
OFFSET -2.401266 1.701284 58.724239
BONES 1
BONE 4 1.000000

VERT 310
OFFSET -2.452492 1.933830 59.027714
BONES 1
BONE 4 1.000000

VERT 311
OFFSET -2.034795 2.099617 59.283298
BONES 1
BONE 4 1.000000

VERT 312
OFFSET -2.557120 2.106949 59.390244
BONES 1
BONE 4 1.000000

VERT 313
OFFSET -1.982310 1.796166 58.748032
BONES 1
BONE 4 1.000000

VERT 314
OFFSET -1.944650 1.427187 58.419209
BONES 1
BONE 4 1.000000

VERT 315
OFFSET -1.861799 0.907136 58.074696
BONES 1
BONE 4 1.000000

VERT 316
OFFSET -1.603138 1.136352 58.270538
BONES 1
BONE 4 1.000000

VERT 317
OFFSET -2.726972 1.866578 59.147308
BONES 1
BONE 4 1.000000

VERT 318
OFFSET -3.038695 1.976799 59.600086
BONES 1
BONE 4 1.000000

VERT 319
OFFSET -1.619483 1.535595 58.608879
BONES 1
BONE 4 1.000000

VERT 320
OFFSET -1.590516 1.789637 58.934990
BONES 1
BONE 4 1.000000

VERT 321
OFFSET -1.584148 2.059551 59.410313
BONES 1
BONE 4 1.000000

VERT 322
OFFSET -1.019292 0.001494 58.077469
BONES 1
BONE 4 1.000000

VERT 323
OFFSET -1.219001 -0.289233 57.847893
BONES 1
BONE 4 1.000000

VERT 324
OFFSET -1.231209 -0.000900 57.653656
BONES 1
BONE 4 1.000000

VERT 325
OFFSET -1.224166 0.287184 57.846062
BONES 1
BONE 4 1.000000

VERT 326
OFFSET -1.317721 0.619085 58.010406
BONES 1
BONE 4 1.000000

VERT 327
OFFSET -1.169946 0.713732 58.251598
BONES 1
BONE 4 1.000000

VERT 328
OFFSET -1.351702 1.067575 58.348263
BONES 1
BONE 4 1.000000

VERT 329
OFFSET -0.903300 0.331921 58.428181
BONES 5
BONE 4 0.843801
BONE 23 0.072703
BONE 27 0.000747
BONE 29 0.074893
BONE 24 0.007855

VERT 330
OFFSET -1.304456 1.539320 58.877518
BONES 1
BONE 4 1.000000

VERT 331
OFFSET -1.112625 0.974377 58.598473
BONES 1
BONE 4 1.000000

VERT 332
OFFSET -1.067277 1.119925 58.816105
BONES 1
BONE 4 1.000000

VERT 333
OFFSET -1.091647 1.388729 59.132454
BONES 1
BONE 4 1.000000

VERT 334
OFFSET -2.092044 2.204031 59.625954
BONES 1
BONE 4 1.000000

VERT 335
OFFSET -2.158965 2.316668 60.135479
BONES 1
BONE 4 1.000000

VERT 336
OFFSET -0.821867 0.429710 58.684666
BONES 3
BONE 4 0.824178
BONE 29 0.096164
BONE 27 0.079658

VERT 337
OFFSET -1.293553 1.835375 59.460976
BONES 1
BONE 4 1.000000

VERT 338
OFFSET -0.584934 0.227167 58.910717
BONES 1
BONE 4 1.000000

VERT 339
OFFSET -1.134247 -1.620069 60.569019
BONES 1
BONE 4 1.000000

VERT 340
OFFSET -1.113556 -1.611372 60.547344
BONES 1
BONE 4 1.000000

VERT 341
OFFSET -1.117280 -1.592823 60.554138
BONES 1
BONE 4 1.000000

VERT 342
OFFSET -1.996452 -2.108732 59.291935
BONES 1
BONE 4 1.000000

VERT 343
OFFSET -2.051894 -2.212774 59.635178
BONES 1
BONE 4 1.000000

VERT 344
OFFSET -2.633896 -2.272811 60.067421
BONES 1
BONE 4 1.000000

VERT 345
OFFSET -3.001918 -2.002974 59.607937
BONES 1
BONE 4 1.000000

VERT 346
OFFSET -2.626865 -2.361738 60.261585
BONES 1
BONE 4 1.000000

VERT 347
OFFSET -2.143632 -2.386682 60.482861
BONES 1
BONE 4 1.000000

VERT 348
OFFSET -2.117393 -2.324795 60.145870
BONES 1
BONE 4 1.000000

VERT 349
OFFSET -2.518576 -2.125168 59.399273
BONES 1
BONE 4 1.000000

VERT 350
OFFSET -2.692744 -1.888974 59.155151
BONES 1
BONE 4 1.000000

VERT 351
OFFSET -1.570405 -2.158345 59.675133
BONES 1
BONE 4 1.000000

VERT 352
OFFSET -2.417300 -1.951533 59.035824
BONES 1
BONE 4 1.000000

VERT 353
OFFSET -2.369873 -1.719654 58.731388
BONES 1
BONE 4 1.000000

VERT 354
OFFSET -1.949615 -1.806608 58.755409
BONES 1
BONE 4 1.000000

VERT 355
OFFSET -1.546623 -2.059981 59.418789
BONES 1
BONE 4 1.000000

VERT 356
OFFSET -1.260274 -1.831061 59.470119
BONES 1
BONE 4 1.000000

VERT 357
OFFSET -1.557914 -1.792277 58.942471
BONES 1
BONE 4 1.000000

VERT 358
OFFSET -2.197304 -1.543481 58.549412
BONES 1
BONE 4 1.000000

VERT 359
OFFSET -1.066156 -1.381005 59.137829
BONES 1
BONE 4 1.000000

VERT 360
OFFSET -1.073017 -1.636589 59.926643
BONES 1
BONE 4 1.000000

VERT 361
OFFSET -1.082872 -1.540846 59.481056
BONES 1
BONE 4 1.000000

VERT 362
OFFSET -0.797888 -0.875356 59.272408
BONES 1
BONE 4 1.000000

VERT 363
OFFSET -0.595822 -0.547783 59.364845
BONES 1
BONE 4 1.000000

VERT 364
OFFSET -0.768424 -0.932347 59.903652
BONES 1
BONE 4 1.000000

VERT 365
OFFSET -0.429462 -0.322588 59.756744
BONES 1
BONE 4 1.000000

VERT 366
OFFSET -1.570458 -2.259775 60.279648
BONES 1
BONE 4 1.000000

VERT 367
OFFSET -1.250609 -1.919107 60.325214
BONES 1
BONE 4 1.000000

VERT 368
OFFSET -1.240667 -1.940856 60.072372
BONES 1
BONE 4 1.000000

VERT 369
OFFSET -1.066654 -1.613249 60.139961
BONES 1
BONE 4 1.000000

VERT 370
OFFSET -0.792973 -0.936423 60.138340
BONES 1
BONE 4 1.000000

VERT 371
OFFSET -0.567611 -0.555895 59.979134
BONES 1
BONE 4 1.000000

VERT 372
OFFSET -0.666097 -0.575222 60.311985
BONES 1
BONE 4 1.000000

VERT 373
OFFSET -0.459529 -0.222362 60.107094
BONES 1
BONE 4 1.000000

VERT 374
OFFSET -0.379838 -0.160999 59.976768
BONES 1
BONE 4 1.000000

VERT 375
OFFSET -0.525988 0.011407 60.483849
BONES 1
BONE 4 1.000000

VERT 376
OFFSET -0.636859 -0.323088 60.536655
BONES 1
BONE 4 1.000000

VERT 377
OFFSET -0.547857 0.011946 60.933769
BONES 1
BONE 4 1.000000

VERT 378
OFFSET -0.862848 -1.043676 60.430984
BONES 1
BONE 4 1.000000

VERT 379
OFFSET -1.053626 -1.414880 60.536552
BONES 1
BONE 4 1.000000

VERT 380
OFFSET -0.878813 -0.945008 60.565918
BONES 1
BONE 4 1.000000

VERT 381
OFFSET -0.743484 -0.661369 60.538193
BONES 1
BONE 4 1.000000

VERT 382
OFFSET -0.702645 -0.608560 60.873871
BONES 1
BONE 4 1.000000

VERT 383
OFFSET -0.802879 -0.770619 60.867748
BONES 1
BONE 4 1.000000

VERT 384
OFFSET -0.667224 -0.683653 61.115044
BONES 1
BONE 4 1.000000

VERT 385
OFFSET -0.802846 -1.022624 61.338509
BONES 1
BONE 4 1.000000

VERT 386
OFFSET -0.907336 -1.424760 61.592274
BONES 1
BONE 4 1.000000

VERT 387
OFFSET -0.792472 -0.774595 61.016338
BONES 1
BONE 4 1.000000

VERT 388
OFFSET -0.791204 -0.833795 61.138371
BONES 1
BONE 4 1.000000

VERT 389
OFFSET -1.091379 -1.878945 61.584782
BONES 1
BONE 4 1.000000

VERT 390
OFFSET -1.218890 -2.122113 61.499836
BONES 1
BONE 4 1.000000

VERT 391
OFFSET -1.338307 -2.282408 61.323708
BONES 1
BONE 4 1.000000

VERT 392
OFFSET -1.438876 -2.395941 61.607964
BONES 1
BONE 4 1.000000

VERT 393
OFFSET -1.421083 -2.297268 61.106373
BONES 1
BONE 4 1.000000

VERT 394
OFFSET -1.480856 -2.237964 60.841606
BONES 1
BONE 4 1.000000

VERT 395
OFFSET -1.522814 -2.229565 60.542294
BONES 1
BONE 4 1.000000

VERT 396
OFFSET -1.408565 -2.100614 60.789349
BONES 1
BONE 4 1.000000

VERT 397
OFFSET -1.310282 -2.093059 60.898079
BONES 1
BONE 4 1.000000

VERT 398
OFFSET -1.317344 -2.216419 61.091331
BONES 1
BONE 4 1.000000

VERT 399
OFFSET -1.295416 -2.217574 61.164715
BONES 1
BONE 4 1.000000

VERT 400
OFFSET -1.234818 -2.048753 61.350693
BONES 1
BONE 4 1.000000

VERT 401
OFFSET -1.120334 -1.744652 61.472504
BONES 1
BONE 4 1.000000

VERT 402
OFFSET -1.009444 -1.344332 61.450443
BONES 1
BONE 4 1.000000

VERT 403
OFFSET -1.107389 -1.570699 60.544231
BONES 1
BONE 4 1.000000

VERT 404
OFFSET -1.263744 -1.873220 60.608894
BONES 1
BONE 4 1.000000

VERT 405
OFFSET -1.286106 -1.914618 60.729626
BONES 1
BONE 4 1.000000

VERT 406
OFFSET -1.201949 -1.736340 60.627747
BONES 1
BONE 4 1.000000

VERT 407
OFFSET -1.156337 -1.647327 60.592243
BONES 1
BONE 4 1.000000

VERT 408
OFFSET -1.021092 -1.327731 60.557941
BONES 1
BONE 4 1.000000

VERT 409
OFFSET -0.982996 -1.066443 61.308186
BONES 1
BONE 4 1.000000

VERT 410
OFFSET -0.934870 -0.897797 61.164276
BONES 1
BONE 4 1.000000

VERT 411
OFFSET -0.944473 -0.880876 60.934574
BONES 1
BONE 4 1.000000

VERT 412
OFFSET -0.958821 -0.980966 60.745625
BONES 1
BONE 4 1.000000

VERT 413
OFFSET -0.965943 -1.059005 60.667534
BONES 1
BONE 4 1.000000

VERT 414
OFFSET -0.991825 -1.223021 60.581032
BONES 1
BONE 4 1.000000

VERT 415
OFFSET -1.297679 1.882483 60.600666
BONES 1
BONE 4 1.000000

VERT 416
OFFSET -1.446983 2.108505 60.780766
BONES 1
BONE 4 1.000000

VERT 417
OFFSET -1.521487 2.244384 60.832249
BONES 1
BONE 4 1.000000

VERT 418
OFFSET -1.463149 2.306044 61.096451
BONES 1
BONE 4 1.000000

VERT 419
OFFSET -1.563340 2.233975 60.533504
BONES 1
BONE 4 1.000000

VERT 420
OFFSET -1.233758 1.747263 60.620472
BONES 1
BONE 4 1.000000

VERT 421
OFFSET -1.186423 1.658952 60.585224
BONES 1
BONE 4 1.000000

VERT 422
OFFSET -1.136400 1.583296 60.537678
BONES 1
BONE 4 1.000000

VERT 423
OFFSET -1.634256 2.568476 61.895653
BONES 1
BONE 4 1.000000

VERT 424
OFFSET -1.806909 2.558256 61.545116
BONES 1
BONE 4 1.000000

VERT 425
OFFSET -1.825673 2.400738 60.805534
BONES 1
BONE 4 1.000000

VERT 426
OFFSET -2.342570 2.785133 62.431347
BONES 1
BONE 4 1.000000

VERT 427
OFFSET -2.293165 2.648757 61.532536
BONES 1
BONE 4 1.000000

VERT 428
OFFSET -2.186615 2.379208 60.470802
BONES 1
BONE 4 1.000000

VERT 429
OFFSET -2.675640 2.255288 60.058266
BONES 1
BONE 4 1.000000

VERT 430
OFFSET -2.669710 2.345082 60.251720
BONES 1
BONE 4 1.000000

VERT 431
OFFSET -3.333274 2.489300 60.859299
BONES 1
BONE 4 1.000000

VERT 432
OFFSET -2.969159 2.697207 61.722763
BONES 1
BONE 4 1.000000

VERT 433
OFFSET -3.581398 2.650983 61.927746
BONES 1
BONE 4 1.000000

VERT 434
