// Export time: Sat Nov 14 23:51:36 2020

// Exported using Blender v2.90.1
// Export filename: 'E:/blackops3/mod_xmodel/iw4/type97/ch_body_gk_type97_lod1.XMODEL_EXPORT'
// Source filename: 'E:/blackops3/mod_xmodel/iw4/type97/type97.blend'
MODEL
VERSION 6

NUMBONES 79
BONE 0 -1 "tag_origin"
BONE 1 0 "j_mainroot"
BONE 2 1 "j_hip_le"
BONE 3 2 "j_knee_le"
BONE 4 3 "j_ankle_le"
BONE 5 4 "j_ball_le"
BONE 6 2 "Sk_06_02"
BONE 7 1 "j_hip_ri"
BONE 8 7 "j_knee_ri"
BONE 9 8 "j_ankle_ri"
BONE 10 9 "j_ball_ri"
BONE 11 7 "Sk_02_02"
BONE 12 1 "j_spinelower"
BONE 13 12 "j_spineupper"
BONE 14 13 "j_spine4"
BONE 15 14 "j_clavicle_le"
BONE 16 15 "j_shoulder_le"
BONE 17 16 "j_elbow_le"
BONE 18 17 "j_wrist_le"
BONE 19 18 "j_index_le_1"
BONE 20 19 "j_index_le_2"
BONE 21 20 "j_index_le_3"
BONE 22 18 "j_mid_le_1"
BONE 23 22 "j_mid_le_2"
BONE 24 23 "j_mid_le_3"
BONE 25 18 "j_pinky_le_1"
BONE 26 25 "j_pinky_le_2"
BONE 27 26 "j_pinky_le_3"
BONE 28 18 "j_ring_le_1"
BONE 29 28 "j_ring_le_2"
BONE 30 29 "j_ring_le_3"
BONE 31 18 "j_thumb_le_1"
BONE 32 31 "j_thumb_le_2"
BONE 33 32 "j_thumb_le_3"
BONE 34 18 "j_wrist_le1"
BONE 35 34 "tag_weapon_left"
BONE 36 17 "j_wristtwist_le"
BONE 37 16 "j_shouldertwist_le"
BONE 38 37 "tag_reflector_arm_le"
BONE 39 14 "j_clavicle_ri"
BONE 40 39 "j_shoulder_ri"
BONE 41 40 "j_elbow_ri"
BONE 42 41 "j_wrist_ri"
BONE 43 42 "j_index_ri_1"
BONE 44 43 "j_index_ri_2"
BONE 45 44 "j_index_ri_3"
BONE 46 42 "j_mid_ri_1"
BONE 47 46 "j_mid_ri_2"
BONE 48 47 "j_mid_ri_3"
BONE 49 42 "j_pinky_ri_1"
BONE 50 49 "j_pinky_ri_2"
BONE 51 50 "j_pinky_ri_3"
BONE 52 42 "j_ring_ri_1"
BONE 53 52 "j_ring_ri_2"
BONE 54 53 "j_ring_ri_3"
BONE 55 42 "j_thumb_ri_1"
BONE 56 55 "j_thumb_ri_2"
BONE 57 56 "j_thumb_ri_3"
BONE 58 42 "j_wrist_ri1"
BONE 59 58 "tag_weapon_right"
BONE 60 58 "j_gun"
BONE 61 41 "j_wristtwist_ri"
BONE 62 40 "j_shouldertwist_ri"
BONE 63 62 "tag_reflector_arm_ri"
BONE 64 14 "j_neck"
BONE 65 64 "j_head"
BONE 66 14 "j_shoulderraise_le"
BONE 67 14 "j_shoulderraise_ri"
BONE 68 14 "tag_bipod"
BONE 69 14 "tag_inhand"
BONE 70 14 "tag_shield_back"
BONE 71 14 "tag_stowed_back"
BONE 72 14 "tag_weapon_chest"
BONE 73 13 "Joint0"
BONE 74 73 "Joint1_1"
BONE 75 13 "Acs_J_Top"
BONE 76 12 "Joint2_1"
BONE 77 1 "tag_stowed_hip_rear"
BONE 78 0 "tag_sync"

BONE 0
OFFSET 0.000000 0.000000 0.000000
SCALE 1.000000 1.000000 1.000000
X 1.000000 0.000000 0.000000
Y 0.000000 1.000000 0.000000
Z 0.000000 0.000000 1.000000

BONE 1
OFFSET -2.200000 0.000806 39.436081
SCALE 1.000000 1.000000 1.000000
X -0.024747 -0.000055 0.999694
Y 0.999694 0.000059 0.024747
Z -0.000061 1.000000 0.000054

BONE 2
OFFSET -2.832620 3.165879 37.294041
SCALE 1.000000 1.000000 1.000000
X -0.017194 0.000118 -0.999852
Y 0.999842 -0.004520 -0.017195
Z -0.004521 -0.999990 -0.000041

BONE 3
OFFSET -3.134117 3.167886 19.762243
SCALE 1.000000 1.000000 1.000000
X -0.069212 0.000360 -0.997602
Y 0.997592 -0.004503 -0.069213
Z -0.004517 -0.999990 -0.000047

BONE 4
OFFSET -4.260791 3.173575 3.537255
SCALE 1.000000 1.000000 1.000000
X 0.007779 0.007013 -0.999945
Y 0.999749 -0.021051 0.007629
Z -0.020996 -0.999754 -0.007175

BONE 5
OFFSET 0.142832 3.161971 0.022919
SCALE 1.000000 1.000000 1.000000
X 0.983212 -0.021941 0.181143
Y -0.181256 -0.003258 0.983431
Z -0.020987 -0.999754 -0.007180

BONE 6
OFFSET -3.327061 6.953289 36.775650
SCALE 1.000000 1.000000 1.000000
X 0.000000 1.000000 -0.000000
Y 0.000000 0.000000 1.000000
Z 1.000000 -0.000000 -0.000000

BONE 7
OFFSET -2.832619 -3.164268 37.294037
SCALE 1.000000 1.000000 1.000000
X 0.017128 -0.000429 0.999800
Y -0.999853 -0.000212 0.017131
Z 0.000205 -1.000000 -0.000432

BONE 8
OFFSET -3.134144 -3.156811 19.760416
SCALE 1.000000 1.000000 1.000000
X 0.069184 0.001325 0.997550
Y -0.997604 -0.000231 0.069185
Z 0.000322 -0.999999 0.001307

BONE 9
OFFSET -4.260502 -3.178511 3.533663
SCALE 1.000000 1.000000 1.000000
X -0.007833 0.008337 0.999882
Y -0.999643 -0.025592 -0.007613
Z 0.025527 -0.999638 0.008534

BONE 10
OFFSET 0.142448 -3.151677 0.018681
SCALE 1.000000 1.000000 1.000000
X -0.983118 -0.026639 -0.181011
Y 0.181186 -0.003752 -0.983390
Z 0.025518 -0.999638 0.008515

BONE 11
OFFSET -3.327064 -6.953178 36.775620
SCALE 1.000000 1.000000 1.000000
X -0.000001 1.000000 -0.000000
Y -0.000000 0.000000 0.999947
Z 1.000000 0.000001 -0.000004

BONE 12
OFFSET -2.200000 0.000000 43.785080
SCALE 1.000000 1.000000 1.000000
X -0.029891 -0.000053 0.999553
Y 0.999553 0.000059 0.029891
Z -0.000060 1.000000 0.000051

BONE 13
OFFSET -2.603821 0.000211 47.516136
SCALE 1.000000 1.000000 1.000000
X 0.020423 -0.000062 0.999792
Y 0.999792 0.000062 -0.020423
Z -0.000060 1.000000 0.000063

BONE 14
OFFSET -2.841945 0.000018 50.664841
SCALE 1.000000 1.000000 1.000000
X 0.046989 -0.000057 0.998896
Y 0.998895 0.000063 -0.046989
Z -0.000060 1.000000 0.000060

BONE 15
OFFSET -3.085747 1.397910 53.909008
SCALE 1.000000 1.000000 1.000000
X 0.022172 0.997032 0.072892
Y -0.999644 0.021025 0.016447
Z 0.014866 -0.073149 0.997181

BONE 16
OFFSET -3.105905 4.180152 53.876419
SCALE 1.000000 1.000000 1.000000
X -0.008780 0.999825 -0.011697
Y -0.996262 -0.009759 -0.085827
Z -0.085935 0.010977 0.996218

BONE 17
OFFSET -3.531484 13.815930 53.876564
SCALE 1.000000 1.000000 1.000000
X -0.006561 0.999756 0.017736
Y -0.996353 -0.005035 -0.085175
Z -0.085074 -0.018151 0.996185

BONE 18
OFFSET -3.531501 23.346882 53.876915
SCALE 1.000000 1.000000 1.000000
X -0.105871 0.991280 -0.077527
Y -0.070095 -0.085286 -0.993871
Z -0.991906 -0.099779 0.078509

BONE 19
OFFSET -2.758550 25.648756 53.916710
SCALE 1.000000 1.000000 1.000000
X 0.078130 0.993807 -0.078101
Y -0.214345 -0.059836 -0.974905
Z -0.973628 0.092920 0.208360

BONE 20
OFFSET -2.658684 26.915787 53.816719
SCALE 1.000000 1.000000 1.000000
X 0.078780 0.993872 -0.076599
Y -0.214238 -0.058237 -0.975026
Z -0.973600 0.093234 0.208354

BONE 21
OFFSET -2.591905 27.759275 53.751507
SCALE 1.000000 1.000000 1.000000
X 0.083939 0.994970 -0.053359
Y -0.212287 -0.034538 -0.976577
Z -0.973596 0.093312 0.208337

BONE 22
OFFSET -3.332975 25.751730 54.012455
SCALE 1.000000 1.000000 1.000000
X -0.000588 0.996908 -0.077638
Y -0.051760 -0.077639 -0.995620
Z -0.998659 0.003435 0.051649

BONE 23
OFFSET -3.333557 27.150259 53.903259
SCALE 1.000000 1.000000 1.000000
X -0.000474 0.996780 -0.079272
Y -0.051689 -0.079266 -0.995496
Z -0.998663 0.003628 0.051564

BONE 24
OFFSET -3.334115 28.081274 53.829094
SCALE 1.000000 1.000000 1.000000
X -0.001464 0.995035 -0.098766
Y -0.051592 -0.098784 -0.993755
Z -0.998667 0.003643 0.051484

BONE 25
OFFSET -4.361654 25.267683 53.674347
SCALE 1.000000 1.000000 1.000000
X -0.126233 0.988875 -0.077772
Y -0.033329 -0.082657 -0.996004
Z -0.991441 -0.123129 0.043386

BONE 26
OFFSET -4.508820 26.421961 53.583275
SCALE 1.000000 1.000000 1.000000
X -0.126114 0.988898 -0.077666
Y -0.033264 -0.082538 -0.996016
Z -0.991458 -0.123021 0.043297

BONE 27
OFFSET -4.588988 27.050709 53.533806
SCALE 1.000000 1.000000 1.000000
X -0.126105 0.988803 -0.078881
Y -0.032981 -0.083726 -0.995926
Z -0.991469 -0.122982 0.043163

BONE 28
OFFSET -3.875907 25.562498 53.904362
SCALE 1.000000 1.000000 1.000000
X -0.063396 0.994859 -0.078048
Y 0.009783 -0.077657 -0.996915
Z -0.997941 -0.063963 -0.004813

BONE 29
OFFSET -3.960613 26.894451 53.799503
SCALE 1.000000 1.000000 1.000000
X -0.063259 0.994858 -0.078176
Y 0.009922 -0.077777 -0.996904
Z -0.997948 -0.063838 -0.004955

BONE 30
OFFSET -4.017142 27.782541 53.729645
SCALE 1.000000 1.000000 1.000000
X -0.063059 0.993554 -0.093414
Y 0.010924 -0.092982 -0.995592
Z -0.997950 -0.063801 -0.004995

BONE 31
OFFSET -2.669751 23.440342 53.531952
SCALE 1.000000 1.000000 1.000000
X 0.541155 0.829685 -0.136619
Y -0.832487 0.551530 0.052380
Z 0.118818 0.085462 0.989215

BONE 32
OFFSET -1.934162 24.569050 53.345665
SCALE 1.000000 1.000000 1.000000
X 0.535029 0.834628 -0.130498
Y -0.837759 0.544096 0.045643
Z 0.109108 0.084980 0.990374

BONE 33
OFFSET -1.402241 25.399513 53.215431
SCALE 1.000000 1.000000 1.000000
X 0.615917 0.782893 -0.087371
Y -0.783719 0.620187 0.033209
Z 0.080192 0.048096 0.995599

BONE 34
OFFSET 0.653465 22.038189 52.169052
SCALE 1.000000 1.000000 1.000000
X -0.105866 0.991279 -0.077554
Y -0.070102 -0.085314 -0.993868
Z -0.991906 -0.099771 0.078519

BONE 35
OFFSET 13.988077 15.518092 26.637978
SCALE 1.000000 1.000000 1.000000
X 0.532948 0.846067 0.006589
Y -0.503413 0.310848 0.806192
Z 0.680105 -0.432909 0.591578

BONE 36
OFFSET -3.531415 20.556530 53.876591
SCALE 1.000000 1.000000 1.000000
X -0.006563 0.999755 0.017759
Y -0.996356 -0.005036 -0.085142
Z -0.085041 -0.018174 0.996188

BONE 37
OFFSET -3.109180 4.559983 53.871769
SCALE 1.000000 1.000000 1.000000
X -0.008802 0.999826 -0.011623
Y -0.996260 -0.009775 -0.085847
Z -0.085955 0.010902 0.996217

BONE 38
OFFSET -2.974948 5.231194 55.649330
SCALE 1.000000 1.000000 1.000000
X 0.038565 -0.292916 0.955309
Y -0.939524 -0.336203 -0.065193
Z 0.340304 -0.895005 -0.288250

BONE 39
OFFSET -3.087919 -1.396711 53.909008
SCALE 1.000000 1.000000 1.000000
X -0.019467 0.997198 -0.072228
Y 0.999656 0.018143 -0.018953
Z -0.017589 -0.072572 -0.997208

BONE 40
OFFSET -3.105906 -4.176870 53.876427
SCALE 1.000000 1.000000 1.000000
X 0.007044 0.999895 0.012645
Y 0.996462 -0.008078 0.083660
Z 0.083753 0.012011 -0.996414

BONE 41
OFFSET -3.516522 -13.816092 53.873833
SCALE 1.000000 1.000000 1.000000
X 0.006397 0.999829 -0.017367
Y 0.996552 -0.004937 0.082825
Z 0.082725 -0.017837 -0.996413

BONE 42
OFFSET -3.515817 -23.347868 53.876392
SCALE 1.000000 1.000000 1.000000
X 0.061537 0.988339 0.139280
Y -0.083715 -0.133942 0.987447
Z 0.994588 -0.072424 0.074496

BONE 43
OFFSET -2.742103 -25.648214 53.916676
SCALE 1.000000 1.000000 1.000000
X -0.078725 0.993830 0.078127
Y 0.055022 -0.073919 0.995745
Z 0.995377 0.082688 -0.048864

BONE 44
OFFSET -2.641674 -26.916454 53.816860
SCALE 1.000000 1.000000 1.000000
X -0.078713 0.993753 0.079123
Y 0.055111 -0.074910 0.995666
Z 0.995373 0.082732 -0.048871

BONE 45
OFFSET -2.574746 -27.760475 53.749783
SCALE 1.000000 1.000000 1.000000
X -0.077973 0.992656 0.092496
Y 0.056189 -0.088255 0.994512
Z 0.995371 0.082742 -0.048895

BONE 46
OFFSET -3.316527 -25.751183 54.012409
SCALE 1.000000 1.000000 1.000000
X 0.000673 0.996865 0.079126
Y -0.103148 -0.078635 0.991553
Z 0.994666 -0.008829 0.102771

BONE 47
OFFSET -3.317520 -27.151211 53.901333
SCALE 1.000000 1.000000 1.000000
X 0.000821 0.997006 0.077325
Y -0.103106 -0.076828 0.991699
Z 0.994670 -0.008787 0.102734

BONE 48
OFFSET -3.318226 -28.085941 53.828869
SCALE 1.000000 1.000000 1.000000
X -0.008517 0.985965 0.166734
Y -0.102799 -0.166720 0.980631
Z 0.994666 -0.008788 0.102776

BONE 49
OFFSET -4.345205 -25.267132 53.674267
SCALE 1.000000 1.000000 1.000000
X 0.125673 0.989008 0.077914
Y -0.119213 -0.062913 0.990874
Z 0.984883 -0.133815 0.109996

BONE 50
OFFSET -4.491918 -26.422272 53.583305
SCALE 1.000000 1.000000 1.000000
X 0.125954 0.988967 0.077982
Y -0.118527 -0.063042 0.990948
Z 0.984930 -0.134056 0.109279

BONE 51
OFFSET -4.572118 -27.051317 53.533772
SCALE 1.000000 1.000000 1.000000
X 0.173711 0.979672 0.100334
Y -0.120681 -0.079939 0.989468
Z 0.977374 -0.183990 0.104341

BONE 52
OFFSET -3.859461 -25.561924 53.904419
SCALE 1.000000 1.000000 1.000000
X 0.062761 0.994946 0.078388
Y -0.161372 -0.067393 0.984590
Z 0.984896 -0.074444 0.156326

BONE 53
OFFSET -3.943553 -26.893318 53.799561
SCALE 1.000000 1.000000 1.000000
X 0.062748 0.994971 0.078077
Y -0.161304 -0.067092 0.984622
Z 0.984908 -0.074377 0.156283

BONE 54
OFFSET -3.999342 -27.779724 53.729965
SCALE 1.000000 1.000000 1.000000
X 0.052066 0.988476 0.142146
Y -0.165066 -0.131863 0.977428
Z 0.984907 -0.074354 0.156298

BONE 55
OFFSET -2.638793 -23.441097 53.525082
SCALE 1.000000 1.000000 1.000000
X -0.534314 0.834832 0.132532
Y 0.843728 0.517220 0.143548
Z 0.051290 0.188521 -0.980729

BONE 56
OFFSET -1.917565 -24.568388 53.346001
SCALE 1.000000 1.000000 1.000000
X -0.534380 0.834827 0.132300
Y 0.843677 0.517286 0.143613
Z 0.051455 0.188362 -0.980751

BONE 57
OFFSET -1.387284 -25.396961 53.214703
SCALE 1.000000 1.000000 1.000000
X -0.497854 0.856159 0.138322
Y 0.865732 0.481148 0.137860
Z 0.051477 0.188384 -0.980746

BONE 58
OFFSET -7.874389 -24.838379 54.839886
SCALE 1.000000 1.000000 1.000000
X 0.061544 0.988339 0.139278
Y -0.083705 -0.133940 0.987448
Z 0.994588 -0.072430 0.074486

BONE 59
OFFSET -12.697200 -29.613237 56.968616
SCALE 1.000000 1.000000 1.000000
X 0.550946 -0.833045 0.049939
Y 0.586107 0.343644 -0.733749
Z 0.594084 0.433526 0.677583

BONE 60
OFFSET -12.697199 -29.613232 56.968616
SCALE 1.000000 1.000000 1.000000
X 0.550679 -0.833179 0.050652
Y 0.613787 0.363055 -0.701041
Z 0.565702 0.417138 0.711321

BONE 61
OFFSET -3.516034 -20.557262 53.875675
SCALE 1.000000 1.000000 1.000000
X 0.006373 0.999829 -0.017372
Y 0.996555 -0.004914 0.082790
Z 0.082690 -0.017840 -0.996416

BONE 62
OFFSET -3.108328 -4.518860 53.872108
SCALE 1.000000 1.000000 1.000000
X 0.007046 0.999895 0.012643
Y 0.996460 -0.008080 0.083679
Z 0.083773 0.012009 -0.996413

BONE 63
OFFSET -2.968651 -5.191150 55.649349
SCALE 1.000000 1.000000 1.000000
X -0.043019 0.244431 0.968712
Y 0.925959 -0.354346 0.130531
Z 0.375166 0.902603 -0.211090

BONE 64
OFFSET -2.839037 0.000000 55.295288
SCALE 1.000000 1.000000 1.000000
X 0.309736 -0.000047 0.950823
Y 0.950823 0.000075 -0.309736
Z -0.000057 1.000000 0.000068

BONE 65
OFFSET -2.839035 0.000000 57.772675
SCALE 1.000000 1.000000 1.000000
X 0.216384 -0.000043 0.976308
Y 0.976308 0.000072 -0.216384
Z -0.000061 1.000000 0.000057

BONE 66
OFFSET -2.698611 3.930334 57.599525
SCALE 1.000000 1.000000 1.000000
X -0.019311 -0.997191 -0.072368
Y 0.999660 -0.017987 -0.018904
Z 0.017549 -0.072708 0.997199

BONE 67
OFFSET -2.698134 -3.931063 57.599205
SCALE 1.000000 1.000000 1.000000
X 0.022388 -0.997065 0.071653
Y -0.999638 -0.021257 0.016464
Z -0.014893 -0.071843 -0.997250

BONE 68
OFFSET 16.193460 -27.847927 30.757204
SCALE 1.000000 1.000000 1.000000
X 1.000000 -0.000115 0.000087
Y 0.000115 1.000000 0.000060
Z -0.000087 -0.000060 1.000000

BONE 69
OFFSET 10.616508 -27.848848 38.140606
SCALE 1.000000 1.000000 1.000000
X -0.000158 1.000000 0.000190
Y 0.764294 0.000243 -0.644868
Z -0.644868 0.000044 -0.764294

BONE 70
OFFSET -11.066831 0.781980 51.052769
SCALE 1.000000 1.000000 1.000000
X -0.989754 -0.000183 0.142781
Y 0.000184 -1.000000 0.000000
Z 0.142781 0.000026 0.989754

BONE 71
OFFSET -9.262787 -4.489312 48.978954
SCALE 1.000000 1.000000 1.000000
X -0.007008 0.025919 -0.999640
Y -0.984169 -0.177222 0.002305
Z -0.177101 0.983837 0.026747

BONE 72
OFFSET 10.616504 -27.848848 38.140617
SCALE 1.000000 1.000000 1.000000
X 1.000000 -0.000033 0.000087
Y 0.000033 1.000000 -0.000003
Z -0.000087 0.000003 1.000000

BONE 73
OFFSET -5.331447 -2.728618 53.693333
SCALE 1.000000 1.000000 1.000000
X -0.000000 1.000000 0.000000
Y -0.000000 -0.000000 1.000000
Z 1.000000 0.000000 -0.000000

BONE 74
OFFSET -5.973340 -4.454714 63.039810
SCALE 1.000000 1.000000 1.000000
X -0.000000 1.000000 0.000000
Y -0.000000 -0.000000 1.000000
Z 1.000000 0.000000 -0.000000

BONE 75
OFFSET -3.009531 0.000000 53.953201
SCALE 1.000000 1.000000 1.000000
X -0.000000 1.000000 -0.000000
Y 0.000000 -0.000000 1.000000
Z 1.000000 0.000000 -0.000000

BONE 76
OFFSET -6.141005 -4.671470 57.119629
SCALE 1.000000 1.000000 1.000000
X -0.000000 1.000000 0.000000
Y 0.000000 -0.000000 1.000000
Z 1.000000 0.000000 -0.000000

BONE 77
OFFSET -9.189112 -2.560256 36.124954
SCALE 1.000000 1.000000 1.000000
X -0.188115 0.137941 0.972412
Y 0.149144 -0.974594 0.167103
Z 0.970757 0.176464 0.162763

BONE 78
OFFSET -0.002227 -0.000000 -0.000000
SCALE 1.000000 1.000000 1.000000
X -1.000000 0.000000 0.000000
Y 0.000000 -1.000000 0.000000
Z 0.000000 0.000000 1.000000


NUMVERTS 5292
VERT 0
OFFSET -1.766476 0.034060 55.885990
BONES 1
BONE 13 1.000000

VERT 1
OFFSET -1.755193 0.314208 55.901329
BONES 1
BONE 13 1.000000

VERT 2
OFFSET -1.764828 -0.308168 55.895687
BONES 1
BONE 13 1.000000

VERT 3
OFFSET -1.534655 0.167157 55.539024
BONES 3
BONE 13 1.000000
BONE 61 0.000000
BONE 36 0.000000

VERT 4
OFFSET -1.484842 0.295217 55.415382
BONES 1
BONE 13 1.000000

VERT 5
OFFSET -1.491145 0.011225 55.573067
BONES 1
BONE 13 1.000000

VERT 6
OFFSET -1.479123 -0.300831 55.413918
BONES 1
BONE 13 1.000000

VERT 7
OFFSET -1.254048 -0.008404 54.721981
BONES 1
BONE 13 1.000000

VERT 8
OFFSET -0.587480 -0.687948 54.049747
BONES 1
BONE 13 1.000000

VERT 9
OFFSET -0.785299 0.002718 54.211742
BONES 1
BONE 13 1.000000

VERT 10
OFFSET -0.420599 0.663027 53.873348
BONES 1
BONE 13 1.000000

VERT 11
OFFSET -0.599563 0.661530 54.036011
BONES 1
BONE 13 1.000000

VERT 12
OFFSET -0.135490 0.722671 53.571609
BONES 1
BONE 13 1.000000

VERT 13
OFFSET 0.495332 0.817612 53.114349
BONES 3
BONE 13 1.000000
BONE 61 0.000000
BONE 36 0.000000

VERT 14
OFFSET 0.875689 -0.903677 52.724747
BONES 1
BONE 13 1.000000

VERT 15
OFFSET 1.198751 -0.008593 52.282299
BONES 3
BONE 13 1.000000
BONE 61 0.000000
BONE 36 0.000000

VERT 16
OFFSET 1.287499 -0.938554 52.131771
BONES 1
BONE 13 1.000000

VERT 17
OFFSET 1.854134 0.007487 50.901764
BONES 1
BONE 13 1.000000

VERT 18
OFFSET 1.677602 -1.004295 51.319462
BONES 1
BONE 13 1.000000

VERT 19
OFFSET -1.508292 -0.001214 55.549866
BONES 1
BONE 13 1.000000

VERT 20
OFFSET -1.318114 0.416700 54.849445
BONES 1
BONE 13 1.000000

VERT 21
OFFSET -1.310205 -0.420215 54.832962
BONES 1
BONE 13 1.000000

VERT 22
OFFSET -1.157626 0.474407 54.639149
BONES 1
BONE 13 1.000000

VERT 23
OFFSET -1.158499 -0.473481 54.640156
BONES 1
BONE 13 1.000000

VERT 24
OFFSET -1.025800 -0.002561 54.456234
BONES 1
BONE 13 1.000000

VERT 25
OFFSET -0.184819 -0.816684 53.622520
BONES 1
BONE 13 1.000000

VERT 26
OFFSET -0.166954 -0.820336 53.590343
BONES 1
BONE 13 1.000000

VERT 27
OFFSET 0.662094 0.838537 52.951538
BONES 1
BONE 13 1.000000

VERT 28
OFFSET 0.596702 -0.881294 53.022243
BONES 1
BONE 13 1.000000

VERT 29
OFFSET 1.287213 0.942989 52.110497
BONES 1
BONE 13 1.000000

VERT 30
OFFSET 1.841262 0.006456 50.899132
BONES 1
BONE 13 1.000000

VERT 31
OFFSET 1.657188 1.011526 51.316986
BONES 1
BONE 13 1.000000

VERT 32
OFFSET -1.607734 0.241535 55.659653
BONES 1
BONE 13 1.000000

VERT 33
OFFSET -1.533437 0.180966 55.527248
BONES 1
BONE 13 1.000000

VERT 34
OFFSET -1.718989 0.135833 55.939404
BONES 1
BONE 13 1.000000

VERT 35
OFFSET -1.555199 -0.168347 55.547276
BONES 1
BONE 13 1.000000

VERT 36
OFFSET -1.551234 0.169269 55.549007
BONES 3
BONE 13 1.000000
BONE 61 0.000000
BONE 36 0.000000

VERT 37
OFFSET -1.749904 0.428509 55.893681
BONES 1
BONE 13 1.000000

VERT 38
OFFSET -1.735911 -0.283748 55.928921
BONES 1
BONE 13 1.000000

VERT 39
OFFSET -1.754741 -0.395929 55.887680
BONES 1
BONE 13 1.000000

VERT 40
OFFSET -1.755508 -0.392960 55.886574
BONES 1
BONE 13 1.000000

VERT 41
OFFSET -1.764373 -0.307093 55.894279
BONES 3
BONE 13 1.000000
BONE 61 0.000000
BONE 36 0.000000

VERT 42
OFFSET -1.765828 0.000009 55.884003
BONES 1
BONE 13 1.000000

VERT 43
OFFSET -1.607734 -0.241535 55.659653
BONES 1
BONE 13 1.000000

VERT 44
OFFSET -1.533437 -0.180966 55.527248
BONES 1
BONE 13 1.000000

VERT 45
OFFSET -1.534655 -0.167157 55.539024
BONES 3
BONE 13 1.000000
BONE 61 0.000000
BONE 36 0.000000

VERT 46
OFFSET 0.704219 -6.541849 38.819111
BONES 1
BONE 1 1.000000

VERT 47
OFFSET 0.700200 -6.510718 38.944893
BONES 1
BONE 1 1.000000

VERT 48
OFFSET 0.628170 -6.517222 38.942379
BONES 1
BONE 1 1.000000

VERT 49
OFFSET 0.712331 -6.579169 38.889450
BONES 1
BONE 1 1.000000

VERT 50
OFFSET 0.751099 -6.530514 38.833351
BONES 1
BONE 1 1.000000

VERT 51
OFFSET 0.661159 -6.557480 38.944122
BONES 1
BONE 1 1.000000

VERT 52
OFFSET 0.702388 -6.553434 38.955223
BONES 1
BONE 1 1.000000

VERT 53
OFFSET 0.728477 -6.536802 38.870266
BONES 1
BONE 1 1.000000

VERT 54
OFFSET 0.733474 -6.547316 38.889919
BONES 1
BONE 1 1.000000

VERT 55
OFFSET 0.696709 -6.564712 38.870564
BONES 1
BONE 1 1.000000

VERT 56
OFFSET 0.724871 -6.533606 38.890537
BONES 1
BONE 1 1.000000

VERT 57
OFFSET 0.722974 -6.537883 38.836132
BONES 1
BONE 1 1.000000

VERT 58
OFFSET 0.773472 -6.558707 38.640270
BONES 1
BONE 1 1.000000

VERT 59
OFFSET 0.853856 -6.526153 38.663361
BONES 1
BONE 1 1.000000

VERT 60
OFFSET 0.723694 -6.535095 38.875690
BONES 3
BONE 1 1.000000
BONE 61 0.000000
BONE 36 0.000000

VERT 61
OFFSET 0.696367 -6.547550 38.865135
BONES 3
BONE 1 1.000000
BONE 61 0.000000
BONE 36 0.000000

VERT 62
OFFSET 0.684817 -6.551653 38.876606
BONES 1
BONE 1 1.000000

VERT 63
OFFSET 0.831160 -6.515108 38.693230
BONES 1
BONE 1 1.000000

VERT 64
OFFSET 0.773014 -6.544273 38.634918
BONES 1
BONE 1 1.000000

VERT 65
OFFSET 0.773268 -6.547434 38.688404
BONES 1
BONE 1 1.000000

VERT 66
OFFSET 0.735500 -6.555930 38.838978
BONES 1
BONE 1 1.000000

VERT 67
OFFSET 0.826642 -6.532353 38.692272
BONES 1
BONE 1 1.000000

VERT 68
OFFSET 0.795686 -6.545336 38.655800
BONES 1
BONE 1 1.000000

VERT 69
OFFSET 1.335672 -6.046607 39.208031
BONES 1
BONE 1 1.000000

VERT 70
OFFSET 1.356233 -6.071909 39.234013
BONES 1
BONE 1 1.000000

VERT 71
OFFSET 1.343105 -6.082956 39.230896
BONES 1
BONE 1 1.000000

VERT 72
OFFSET 1.498882 -6.123167 39.067135
BONES 1
BONE 1 1.000000

VERT 73
OFFSET 1.533638 -6.117304 39.044521
BONES 1
BONE 1 1.000000

VERT 74
OFFSET 1.318090 -6.056418 39.209427
BONES 1
BONE 1 1.000000

VERT 75
OFFSET 1.331069 -6.062836 39.200630
BONES 3
BONE 1 1.000000
BONE 61 0.000000
BONE 36 0.000000

VERT 76
OFFSET 1.347905 -6.081210 39.216339
BONES 3
BONE 1 1.000000
BONE 61 0.000000
BONE 36 0.000000

VERT 77
OFFSET 1.476639 -6.081728 38.999809
BONES 1
BONE 1 1.000000

VERT 78
OFFSET 1.459818 -6.078848 39.051151
BONES 1
BONE 1 1.000000

VERT 79
OFFSET 1.361356 -6.077679 39.178528
BONES 1
BONE 1 1.000000

VERT 80
OFFSET 1.480366 -6.067691 39.006069
BONES 1
BONE 1 1.000000

VERT 81
OFFSET 1.378121 -6.063659 39.186852
BONES 1
BONE 1 1.000000

VERT 82
OFFSET 1.490301 -6.086296 39.026047
BONES 1
BONE 1 1.000000

VERT 83
OFFSET 1.501434 -6.105953 39.067593
BONES 1
BONE 1 1.000000

VERT 84
OFFSET -0.773157 -5.908380 40.045422
BONES 1
BONE 1 1.000000

VERT 85
OFFSET -0.804187 -5.935128 40.029079
BONES 1
BONE 1 1.000000

VERT 86
OFFSET -0.798446 -5.929525 40.011723
BONES 1
BONE 1 1.000000

VERT 87
OFFSET -0.766122 -5.919419 40.047539
BONES 1
BONE 1 1.000000

VERT 88
OFFSET -0.773908 -5.954858 40.024578
BONES 1
BONE 1 1.000000

VERT 89
OFFSET -0.689959 -6.131140 40.073261
BONES 1
BONE 1 1.000000

VERT 90
OFFSET -0.655676 -6.053357 40.108044
BONES 1
BONE 1 1.000000

VERT 91
OFFSET -0.660493 -6.117253 40.109158
BONES 1
BONE 1 1.000000

VERT 92
OFFSET -0.759942 -5.915780 40.030167
BONES 1
BONE 1 1.000000

VERT 93
OFFSET -0.738373 -5.946649 40.044430
BONES 1
BONE 1 1.000000

VERT 94
OFFSET -0.633262 -6.078302 40.100559
BONES 1
BONE 1 1.000000

VERT 95
OFFSET -0.666117 -6.057796 40.083595
BONES 1
BONE 1 1.000000

VERT 96
OFFSET -0.767510 -5.956553 40.052193
BONES 1
BONE 1 1.000000

VERT 97
OFFSET -0.658600 -6.090025 40.102112
BONES 1
BONE 1 1.000000

VERT 98
OFFSET -0.700189 -6.095535 40.067295
BONES 1
BONE 1 1.000000

VERT 99
OFFSET -0.715739 -6.103034 40.079548
BONES 1
BONE 1 1.000000

VERT 100
OFFSET -0.604633 -5.812407 40.107811
BONES 1
BONE 1 1.000000

VERT 101
OFFSET -0.589508 -5.807500 40.130688
BONES 1
BONE 1 1.000000

VERT 102
OFFSET -0.618691 -5.837067 40.116657
BONES 1
BONE 1 1.000000

VERT 103
OFFSET -0.611899 -5.832983 40.099491
BONES 1
BONE 1 1.000000

VERT 104
OFFSET -0.537288 -5.971026 40.143883
BONES 1
BONE 1 1.000000

VERT 105
OFFSET -0.583532 -5.817626 40.132301
BONES 1
BONE 1 1.000000

VERT 106
OFFSET -0.585141 -5.854713 40.137592
BONES 1
BONE 1 1.000000

VERT 107
OFFSET -0.472645 -5.951574 40.192261
BONES 1
BONE 1 1.000000

VERT 108
OFFSET -0.449090 -5.991904 40.184734
BONES 1
BONE 1 1.000000

VERT 109
OFFSET -0.478062 -6.015414 40.194519
BONES 1
BONE 1 1.000000

VERT 110
OFFSET -0.556162 -5.845063 40.128963
BONES 1
BONE 1 1.000000

VERT 111
OFFSET -0.483861 -5.956241 40.168148
BONES 1
BONE 1 1.000000

VERT 112
OFFSET -0.526721 -6.019368 40.164131
BONES 1
BONE 1 1.000000

VERT 113
OFFSET -0.525502 -5.991223 40.168182
BONES 1
BONE 1 1.000000

VERT 114
OFFSET -0.476104 -5.988277 40.186989
BONES 1
BONE 1 1.000000

VERT 115
OFFSET -0.716686 -5.683683 40.249565
BONES 1
BONE 1 1.000000

VERT 116
OFFSET -0.200877 -5.336395 40.304684
BONES 1
BONE 1 1.000000

VERT 117
OFFSET -0.068090 -5.469289 40.313148
BONES 1
BONE 1 1.000000

VERT 118
OFFSET -1.045653 -5.801907 39.995598
BONES 1
BONE 1 1.000000

VERT 119
OFFSET -1.203066 -5.883104 39.897369
BONES 1
BONE 1 1.000000

VERT 120
OFFSET -1.113581 -6.034700 39.894073
BONES 1
BONE 1 1.000000

VERT 121
OFFSET -0.586881 -5.572527 40.256954
BONES 1
BONE 1 1.000000

VERT 122
OFFSET -0.360462 -5.579104 40.268070
BONES 1
BONE 1 1.000000

VERT 123
OFFSET -0.831315 -5.798628 40.133732
BONES 1
BONE 1 1.000000

VERT 124
OFFSET -0.301143 -5.014968 39.657440
BONES 3
BONE 1 1.000000
BONE 61 0.000000
BONE 36 0.000000

VERT 125
OFFSET -0.296234 -5.011034 39.659050
BONES 3
BONE 1 1.000000
BONE 61 0.000000
BONE 36 0.000000

VERT 126
OFFSET -0.347651 -4.944165 39.600796
BONES 1
BONE 1 1.000000

VERT 127
OFFSET 0.545634 -5.003690 39.029560
BONES 1
BONE 1 1.000000

VERT 128
OFFSET 0.531437 -5.010088 39.025684
BONES 1
BONE 1 1.000000

VERT 129
OFFSET 1.358227 -4.911124 38.378582
BONES 1
BONE 1 1.000000

VERT 130
OFFSET 1.490329 -4.917109 38.010567
BONES 1
BONE 1 1.000000

VERT 131
OFFSET 0.541987 -4.967949 38.889240
BONES 1
BONE 1 1.000000

VERT 132
OFFSET -0.732722 -5.379299 40.067444
BONES 3
BONE 1 1.000000
BONE 61 0.000000
BONE 36 0.000000

VERT 133
OFFSET -0.600849 -5.327825 40.090080
BONES 1
BONE 1 1.000000

VERT 134
OFFSET -0.791538 -5.248987 40.134438
BONES 1
BONE 1 1.000000

VERT 135
OFFSET -0.719011 -5.089439 40.152847
BONES 1
BONE 1 1.000000

VERT 136
OFFSET -0.888529 -5.047902 40.121136
BONES 1
BONE 1 1.000000

VERT 137
OFFSET -0.892417 -5.045306 40.112762
BONES 1
BONE 1 1.000000

VERT 138
OFFSET -1.039294 -4.694982 40.001984
BONES 1
BONE 1 1.000000

VERT 139
OFFSET -1.037741 -4.696845 39.994850
BONES 1
BONE 1 1.000000

VERT 140
OFFSET -0.898211 -4.653962 40.026340
BONES 1
BONE 1 1.000000

VERT 141
OFFSET -1.081581 -4.453785 39.868526
BONES 1
BONE 1 1.000000

VERT 142
OFFSET -1.072595 -4.474960 39.873096
BONES 1
BONE 1 1.000000

VERT 143
OFFSET -0.933430 -4.401303 39.881203
BONES 1
BONE 1 1.000000

VERT 144
OFFSET -1.023031 -4.353688 39.804871
BONES 3
BONE 1 1.000000
BONE 61 0.000000
BONE 36 0.000000

VERT 145
OFFSET -0.895919 -4.322480 39.753807
BONES 1
BONE 1 1.000000

VERT 146
OFFSET -0.793251 -4.422807 39.841656
BONES 1
BONE 1 1.000000

VERT 147
OFFSET -0.473980 -4.808235 39.710800
BONES 1
BONE 1 1.000000

VERT 148
OFFSET -0.589686 -4.639046 39.625340
BONES 1
BONE 1 1.000000

VERT 149
OFFSET -0.755856 -5.349321 40.086884
BONES 1
BONE 1 1.000000

VERT 150
OFFSET 0.310940 -4.991750 40.112656
BONES 1
BONE 1 1.000000

VERT 151
OFFSET 0.967147 -4.956295 38.762146
BONES 1
BONE 1 1.000000

VERT 152
OFFSET -0.198321 -5.170241 40.189140
BONES 1
BONE 1 1.000000

VERT 153
OFFSET -0.178533 -5.303314 39.759853
BONES 1
BONE 1 1.000000

VERT 154
OFFSET -0.631477 -5.384526 40.060463
BONES 1
BONE 1 1.000000

VERT 155
OFFSET -0.898553 -5.693628 39.459538
BONES 1
BONE 1 1.000000

VERT 156
OFFSET 0.932743 -5.431507 37.248013
BONES 1
BONE 1 1.000000

VERT 157
OFFSET 1.280833 -4.923388 38.376930
BONES 1
BONE 1 1.000000

VERT 158
OFFSET 0.388289 -5.642593 37.235737
BONES 1
BONE 1 1.000000

VERT 159
OFFSET 1.620456 -5.017507 37.650711
BONES 1
BONE 1 1.000000

VERT 160
OFFSET 1.208315 -4.935438 38.702801
BONES 1
BONE 1 1.000000

VERT 161
OFFSET 0.970575 -4.999423 39.032379
BONES 1
BONE 1 1.000000

VERT 162
OFFSET 1.348559 -5.352402 37.322754
BONES 1
BONE 1 1.000000

VERT 163
OFFSET 1.715960 -5.102079 37.585037
BONES 1
BONE 1 1.000000

VERT 164
OFFSET 1.706828 -5.026158 37.779724
BONES 1
BONE 1 1.000000

VERT 165
OFFSET 0.848185 -5.621294 37.124168
BONES 1
BONE 1 1.000000

VERT 166
OFFSET 0.367882 -5.884378 36.913464
BONES 1
BONE 1 1.000000

VERT 167
OFFSET -0.239550 -6.023736 36.880932
BONES 1
BONE 1 1.000000

VERT 168
OFFSET -0.127867 -6.101292 36.817837
BONES 1
BONE 1 1.000000

VERT 169
OFFSET -0.323689 -6.124711 36.936382
BONES 1
BONE 1 1.000000

VERT 170
OFFSET -0.709930 -6.004789 37.547600
BONES 1
BONE 1 1.000000

VERT 171
OFFSET 0.256852 -5.456637 38.006458
BONES 1
BONE 1 1.000000

VERT 172
OFFSET -0.861058 -5.944625 38.014332
BONES 1
BONE 1 1.000000

VERT 173
OFFSET -1.518604 -5.924132 39.540661
BONES 1
BONE 1 1.000000

VERT 174
OFFSET -0.981020 -6.054979 38.220558
BONES 1
BONE 1 1.000000

VERT 175
OFFSET -1.337479 -5.785803 39.696880
BONES 1
BONE 1 1.000000

VERT 176
OFFSET -1.514419 -6.031916 39.326092
BONES 1
BONE 1 1.000000

VERT 177
OFFSET -0.884980 -6.070886 37.827065
BONES 1
BONE 1 1.000000

VERT 178
OFFSET -1.300328 -5.805494 39.845013
BONES 1
BONE 1 1.000000

VERT 179
OFFSET -0.451622 -5.344805 40.228008
BONES 1
BONE 1 1.000000

VERT 180
OFFSET 1.709163 -5.937597 37.967098
BONES 1
BONE 1 1.000000

VERT 181
OFFSET 1.802852 -6.121348 38.037907
BONES 1
BONE 1 1.000000

VERT 182
OFFSET 1.761015 -6.120090 38.411716
BONES 1
BONE 1 1.000000

VERT 183
OFFSET 1.844779 -6.016636 38.279770
BONES 1
BONE 1 1.000000

VERT 184
OFFSET 1.747318 -5.873578 38.202423
BONES 1
BONE 1 1.000000

VERT 185
OFFSET 1.346325 -6.057349 39.264381
BONES 1
BONE 1 1.000000

VERT 186
OFFSET 1.035261 -6.215919 39.871979
BONES 1
BONE 1 1.000000

VERT 187
OFFSET 0.345130 -6.877257 37.871670
BONES 1
BONE 1 1.000000

VERT 188
OFFSET -0.297117 -6.940888 39.306271
BONES 1
BONE 1 1.000000

VERT 189
OFFSET 0.703605 -6.315701 39.989944
BONES 1
BONE 1 1.000000

VERT 190
OFFSET -0.194180 -6.799152 39.625847
BONES 1
BONE 1 1.000000

VERT 191
OFFSET 0.327357 -6.847591 37.666759
BONES 1
BONE 1 1.000000

VERT 192
OFFSET 0.252264 -6.684230 37.584705
BONES 1
BONE 1 1.000000

VERT 193
OFFSET 0.585125 -6.789353 37.548916
BONES 1
BONE 1 1.000000

VERT 194
OFFSET 0.435701 -6.622741 37.465546
BONES 1
BONE 1 1.000000

VERT 195
OFFSET 0.820423 -6.415977 37.550896
BONES 1
BONE 1 1.000000

VERT 196
OFFSET 1.030192 -5.838136 39.793789
BONES 1
BONE 1 1.000000

VERT 197
OFFSET 1.858647 -5.624578 38.157040
BONES 1
BONE 1 1.000000

VERT 198
OFFSET 0.694861 -5.894398 40.217659
BONES 1
BONE 1 1.000000

VERT 199
OFFSET 0.662145 -5.713233 40.298069
BONES 1
BONE 1 1.000000

VERT 200
OFFSET 0.520019 -6.021676 40.239643
BONES 1
BONE 1 1.000000

VERT 201
OFFSET -0.640334 -6.709770 39.624023
BONES 1
BONE 1 1.000000

VERT 202
OFFSET -0.489664 -6.502153 39.930058
BONES 1
BONE 1 1.000000

VERT 203
OFFSET -0.700242 -6.641829 38.877884
BONES 1
BONE 1 1.000000

VERT 204
OFFSET -0.628076 -6.736477 39.105553
BONES 1
BONE 1 1.000000

VERT 205
OFFSET 0.272780 -6.695704 37.337551
BONES 1
BONE 1 1.000000

VERT 206
OFFSET 0.952195 -5.958651 39.850201
BONES 1
BONE 1 1.000000

VERT 207
OFFSET 0.984568 -6.123043 39.963352
BONES 1
BONE 1 1.000000

VERT 208
OFFSET 0.771899 -6.017915 40.015923
BONES 1
BONE 1 1.000000

VERT 209
OFFSET 0.670804 -6.251333 40.053822
BONES 1
BONE 1 1.000000

VERT 210
OFFSET 0.548751 -6.119642 40.045399
BONES 1
BONE 1 1.000000

VERT 211
OFFSET -0.429094 -6.646364 39.623032
BONES 1
BONE 1 1.000000

VERT 212
OFFSET -0.315773 -6.787420 39.635563
BONES 1
BONE 1 1.000000

VERT 213
OFFSET -0.532866 -6.728449 39.470516
BONES 1
BONE 1 1.000000

VERT 214
OFFSET -0.523105 -6.764235 39.235100
BONES 1
BONE 1 1.000000

VERT 215
OFFSET -0.436528 -6.888317 39.400997
BONES 1
BONE 1 1.000000

VERT 216
OFFSET -0.187918 -6.872252 38.741543
BONES 1
BONE 1 1.000000

VERT 217
OFFSET 1.983749 -5.643851 37.871376
BONES 1
BONE 1 1.000000

VERT 218
OFFSET 1.936455 -5.318522 37.672283
BONES 1
BONE 1 1.000000

VERT 219
OFFSET 1.959589 -5.723313 37.725250
BONES 1
BONE 1 1.000000

VERT 220
OFFSET 1.509777 -5.621195 37.338024
BONES 1
BONE 1 1.000000

VERT 221
OFFSET 1.328985 -5.360023 37.330151
BONES 3
BONE 1 1.000000
BONE 61 0.000000
BONE 36 0.000000

VERT 222
OFFSET 1.587585 -5.909841 37.446720
BONES 1
BONE 1 1.000000

VERT 223
OFFSET 0.574971 -6.125634 36.950905
BONES 3
BONE 1 1.000000
BONE 61 0.000000
BONE 36 0.000000

VERT 224
OFFSET 1.756342 -5.234091 38.211681
BONES 1
BONE 1 1.000000

VERT 225
OFFSET 0.763986 -6.415286 37.144787
BONES 1
BONE 1 1.000000

VERT 226
OFFSET 0.356850 -6.591515 37.057766
BONES 1
BONE 1 1.000000

VERT 227
OFFSET 0.181842 -6.620188 37.121422
BONES 1
BONE 1 1.000000

VERT 228
OFFSET 0.561046 -6.635270 37.298050
BONES 1
BONE 1 1.000000

VERT 229
OFFSET 1.621466 -6.035324 37.546894
BONES 1
BONE 1 1.000000

VERT 230
OFFSET 1.821849 -5.946826 37.843685
BONES 1
BONE 1 1.000000

VERT 231
OFFSET 0.474221 -5.794510 40.353794
BONES 1
BONE 1 1.000000

VERT 232
OFFSET -0.042357 -6.058281 40.246483
BONES 1
BONE 1 1.000000

VERT 233
OFFSET 1.088721 -5.669766 39.627094
BONES 1
BONE 1 1.000000

VERT 234
OFFSET 1.210966 -5.291986 39.077499
BONES 1
BONE 1 1.000000

VERT 235
OFFSET 1.364609 -5.659162 39.078865
BONES 1
BONE 1 1.000000

VERT 236
OFFSET -0.370580 -5.742145 40.233421
BONES 1
BONE 1 1.000000

VERT 237
OFFSET 0.253697 -5.434212 40.375671
BONES 1
BONE 1 1.000000

VERT 238
OFFSET -0.002354 -5.119998 40.302387
BONES 1
BONE 1 1.000000

VERT 239
OFFSET 0.615460 -5.324641 40.161457
BONES 1
BONE 1 1.000000

VERT 240
OFFSET 1.859913 -5.495039 38.280174
BONES 1
BONE 1 1.000000

VERT 241
OFFSET 1.413411 -5.543338 39.023182
BONES 1
BONE 1 1.000000

VERT 242
OFFSET 1.434619 -5.231421 38.827415
BONES 1
BONE 1 1.000000

VERT 243
OFFSET 1.400443 -5.645888 39.020679
BONES 1
BONE 1 1.000000

VERT 244
OFFSET -0.780286 -5.966513 40.046692
BONES 1
BONE 1 1.000000

VERT 245
OFFSET -1.240096 -6.243937 39.751682
BONES 1
BONE 1 1.000000

VERT 246
OFFSET -1.287665 -6.354457 39.372448
BONES 1
BONE 1 1.000000

VERT 247
OFFSET -0.766832 -6.361066 38.255341
BONES 1
BONE 1 1.000000

VERT 248
OFFSET 1.908192 -5.809367 38.014313
BONES 1
BONE 1 1.000000

VERT 249
OFFSET -1.098261 -5.446876 39.325802
BONES 3
BONE 1 1.000000
BONE 61 0.000000
BONE 36 0.000000

VERT 250
OFFSET -1.104174 -5.448805 39.322910
BONES 3
BONE 1 1.000000
BONE 61 0.000000
BONE 36 0.000000

VERT 251
OFFSET -0.836609 -5.715716 38.314167
BONES 1
BONE 1 1.000000

VERT 252
OFFSET -0.889138 -5.781270 38.432602
BONES 1
BONE 1 1.000000

VERT 253
OFFSET -0.877371 -5.773673 38.439556
BONES 1
BONE 1 1.000000

VERT 254
OFFSET -0.739599 -6.048499 37.506100
BONES 1
BONE 1 1.000000

VERT 255
OFFSET -0.532510 -6.011359 37.171795
BONES 1
BONE 1 1.000000

VERT 256
OFFSET -0.871128 -5.526609 39.982239
BONES 1
BONE 1 1.000000

VERT 257
OFFSET -0.898668 -5.480547 40.007290
BONES 1
BONE 1 1.000000

VERT 258
OFFSET -1.017339 -5.514397 39.924862
BONES 1
BONE 1 1.000000

VERT 259
OFFSET -1.063959 -5.395122 40.021664
BONES 1
BONE 1 1.000000

VERT 260
OFFSET -1.249005 -5.375288 39.932564
BONES 1
BONE 1 1.000000

VERT 261
OFFSET -1.235924 -5.236022 39.976616
BONES 1
BONE 1 1.000000

VERT 262
OFFSET -1.232510 -5.229507 39.971279
BONES 1
BONE 1 1.000000

VERT 263
OFFSET -1.484353 -4.935678 39.816738
BONES 1
BONE 1 1.000000

VERT 264
OFFSET -1.568756 -5.016746 39.747238
BONES 1
BONE 1 1.000000

VERT 265
OFFSET -1.477620 -4.936043 39.812092
BONES 1
BONE 1 1.000000

VERT 266
OFFSET -1.677665 -4.715589 39.582767
BONES 1
BONE 1 1.000000

VERT 267
OFFSET -1.722158 -4.830746 39.552746
BONES 1
BONE 1 1.000000

VERT 268
OFFSET -1.708713 -4.913407 39.464005
BONES 1
BONE 1 1.000000

VERT 269
OFFSET -1.730113 -4.773892 39.408306
BONES 1
BONE 1 1.000000

VERT 270
OFFSET -1.394656 -5.076905 39.289856
BONES 1
BONE 1 1.000000

VERT 271
OFFSET -1.307813 -5.254549 39.366581
BONES 1
BONE 1 1.000000

VERT 272
OFFSET -1.124723 -5.365120 39.277401
BONES 1
BONE 1 1.000000

VERT 273
OFFSET -1.617228 -4.769788 39.646378
BONES 1
BONE 1 1.000000

VERT 274
OFFSET -0.006161 -6.375491 36.860954
BONES 1
BONE 1 1.000000

VERT 275
OFFSET 0.365778 -5.881923 36.929413
BONES 3
BONE 1 1.000000
BONE 61 0.000000
BONE 36 0.000000

VERT 276
OFFSET -0.908277 -6.543540 39.778500
BONES 1
BONE 1 1.000000

VERT 277
OFFSET -0.551536 -6.339649 40.017868
BONES 1
BONE 1 1.000000

VERT 278
OFFSET -0.993129 -6.608875 39.612568
BONES 1
BONE 1 1.000000

VERT 279
OFFSET -0.175958 -6.604076 37.391701
BONES 1
BONE 1 1.000000

VERT 280
OFFSET -0.526187 -6.585638 38.218670
BONES 1
BONE 1 1.000000

VERT 281
OFFSET -0.412731 -6.629035 38.267082
BONES 1
BONE 1 1.000000

VERT 282
OFFSET 0.011690 -6.626030 37.384678
BONES 1
BONE 1 1.000000

VERT 283
OFFSET -0.714609 -6.395322 37.933914
BONES 1
BONE 1 1.000000

VERT 284
OFFSET -0.423008 -6.412818 37.351936
BONES 1
BONE 1 1.000000

VERT 285
OFFSET -0.428222 -6.631516 38.332809
BONES 1
BONE 1 1.000000

VERT 286
OFFSET -1.206874 -5.269930 39.270191
BONES 1
BONE 1 1.000000

VERT 287
OFFSET -1.151317 -5.404866 39.337620
BONES 1
BONE 1 1.000000

VERT 288
OFFSET -1.273067 -5.203188 39.273731
BONES 1
BONE 1 1.000000

VERT 289
OFFSET -1.206254 -5.337655 39.348225
BONES 1
BONE 1 1.000000

VERT 290
OFFSET -0.344836 -4.968417 39.674709
BONES 1
BONE 1 1.000000

VERT 291
OFFSET -0.483059 -4.772265 39.603184
BONES 1
BONE 1 1.000000

VERT 292
OFFSET -0.416853 -4.841895 39.600189
BONES 1
BONE 1 1.000000

VERT 293
OFFSET -0.401067 -4.896450 39.683357
BONES 1
BONE 1 1.000000

VERT 294
OFFSET 0.453441 -0.287623 45.382160
BONES 2
BONE 1 0.043965
BONE 12 0.956035

VERT 295
OFFSET 1.081784 0.397007 47.443913
BONES 3
BONE 13 0.039769
BONE 1 0.000169
BONE 12 0.960062

VERT 296
OFFSET 1.125310 -0.488880 47.529770
BONES 2
BONE 12 0.951524
BONE 13 0.048476

VERT 297
OFFSET 1.078150 -1.394877 47.454365
BONES 2
BONE 13 0.146879
BONE 12 0.853121

VERT 298
OFFSET 0.501702 -2.125497 46.613003
BONES 3
BONE 1 0.004679
BONE 12 0.944880
BONE 13 0.050441

VERT 299
OFFSET 1.396861 -0.762818 47.905090
BONES 2
BONE 13 0.266525
BONE 12 0.733475

VERT 300
OFFSET 1.602959 -1.574756 48.485142
BONES 2
BONE 13 0.728865
BONE 12 0.271135

VERT 301
OFFSET 1.372797 -0.225198 48.014072
BONES 2
BONE 12 0.859097
BONE 13 0.140903

VERT 302
OFFSET 1.482516 -0.421591 48.667908
BONES 2
BONE 12 0.617933
BONE 13 0.382067

VERT 303
OFFSET 1.527266 -0.001634 49.737778
BONES 2
BONE 13 0.626889
BONE 12 0.373111

VERT 304
OFFSET 1.627845 -0.369834 50.062046
BONES 2
BONE 12 0.144991
BONE 13 0.855009

VERT 305
OFFSET 1.123225 -0.305982 51.208061
BONES 1
BONE 13 1.000000

VERT 306
OFFSET 1.577166 -0.389264 49.409641
BONES 2
BONE 12 0.378099
BONE 13 0.621901

VERT 307
OFFSET 1.161938 0.005412 50.844151
BONES 2
BONE 12 0.019744
BONE 13 0.980256

VERT 308
OFFSET 0.762920 0.005831 51.480438
BONES 1
BONE 13 1.000000

VERT 309
OFFSET 1.375324 -0.543899 51.288906
BONES 1
BONE 13 1.000000

VERT 310
OFFSET 0.172001 -0.452313 52.398022
BONES 1
BONE 13 1.000000

VERT 311
OFFSET -0.426107 -0.005122 52.987186
BONES 1
BONE 13 1.000000

VERT 312
OFFSET 1.217566 -0.981032 51.818352
BONES 1
BONE 13 1.000000

VERT 313
OFFSET -0.204296 -0.733683 52.931152
BONES 1
BONE 13 1.000000

VERT 314
OFFSET -0.688304 -0.959589 53.503235
BONES 2
BONE 13 0.989434
BONE 39 0.010566

VERT 315
OFFSET -1.120888 -0.284663 54.013260
BONES 3
BONE 39 0.005751
BONE 64 0.000082
BONE 13 0.994167

VERT 316
OFFSET -1.740405 0.308951 55.111259
BONES 4
BONE 13 0.843211
BONE 65 0.006776
BONE 64 0.143525
BONE 15 0.006487

VERT 317
OFFSET -1.832631 -0.782456 55.282520
BONES 4
BONE 65 0.036962
BONE 64 0.148011
BONE 13 0.765514
BONE 39 0.049512

VERT 318
OFFSET -0.157683 -1.733027 53.137733
BONES 2
BONE 39 0.003684
BONE 13 0.996316

VERT 319
OFFSET -1.398528 -2.339307 54.267609
BONES 3
BONE 39 0.280054
BONE 13 0.719907
BONE 64 0.000039

VERT 320
OFFSET -0.884760 -2.442471 53.694630
BONES 2
BONE 13 0.879702
BONE 39 0.120298

VERT 321
OFFSET -2.071627 -1.259308 55.574776
BONES 4
BONE 65 0.059428
BONE 39 0.145151
BONE 64 0.211229
BONE 13 0.584191

VERT 322
OFFSET -1.790854 -2.791900 54.483860
BONES 3
BONE 13 0.446301
BONE 40 0.065613
BONE 39 0.488086

VERT 323
OFFSET -2.324537 -2.252884 55.200016
BONES 5
BONE 65 0.001006
BONE 40 0.001167
BONE 39 0.399189
BONE 13 0.540962
BONE 64 0.057676

VERT 324
OFFSET -2.250659 -2.576374 55.047329
BONES 4
BONE 13 0.416498
BONE 39 0.522804
BONE 64 0.020366
BONE 40 0.040331

VERT 325
OFFSET -1.045228 -3.375005 53.344063
BONES 2
BONE 39 0.203151
BONE 13 0.796849

VERT 326
