// Export time: Wed Nov 11 20:30:33 2020

// Exported using Blender v2.90.1
// Export filename: 'E:/blackops3/mod_xmodel/iw4/type97/ch_body_gk_type97_lod2.XMODEL_EXPORT'
// Source filename: 'E:/blackops3/mod_xmodel/iw4/type97/type97.blend'
MODEL
VERSION 6

NUMBONES 79
BONE 0 -1 "tag_origin"
BONE 1 0 "j_mainroot"
BONE 2 1 "j_hip_le"
BONE 3 2 "j_knee_le"
BONE 4 3 "j_ankle_le"
BONE 5 4 "j_ball_le"
BONE 6 2 "Sk_06_02"
BONE 7 1 "j_hip_ri"
BONE 8 7 "j_knee_ri"
BONE 9 8 "j_ankle_ri"
BONE 10 9 "j_ball_ri"
BONE 11 7 "Sk_02_02"
BONE 12 1 "j_spinelower"
BONE 13 12 "j_spineupper"
BONE 14 13 "j_spine4"
BONE 15 14 "j_clavicle_le"
BONE 16 15 "j_shoulder_le"
BONE 17 16 "j_elbow_le"
BONE 18 17 "j_wrist_le"
BONE 19 18 "j_index_le_1"
BONE 20 19 "j_index_le_2"
BONE 21 20 "j_index_le_3"
BONE 22 18 "j_mid_le_1"
BONE 23 22 "j_mid_le_2"
BONE 24 23 "j_mid_le_3"
BONE 25 18 "j_pinky_le_1"
BONE 26 25 "j_pinky_le_2"
BONE 27 26 "j_pinky_le_3"
BONE 28 18 "j_ring_le_1"
BONE 29 28 "j_ring_le_2"
BONE 30 29 "j_ring_le_3"
BONE 31 18 "j_thumb_le_1"
BONE 32 31 "j_thumb_le_2"
BONE 33 32 "j_thumb_le_3"
BONE 34 18 "j_wrist_le1"
BONE 35 34 "tag_weapon_left"
BONE 36 17 "j_wristtwist_le"
BONE 37 16 "j_shouldertwist_le"
BONE 38 37 "tag_reflector_arm_le"
BONE 39 14 "j_clavicle_ri"
BONE 40 39 "j_shoulder_ri"
BONE 41 40 "j_elbow_ri"
BONE 42 41 "j_wrist_ri"
BONE 43 42 "j_index_ri_1"
BONE 44 43 "j_index_ri_2"
BONE 45 44 "j_index_ri_3"
BONE 46 42 "j_mid_ri_1"
BONE 47 46 "j_mid_ri_2"
BONE 48 47 "j_mid_ri_3"
BONE 49 42 "j_pinky_ri_1"
BONE 50 49 "j_pinky_ri_2"
BONE 51 50 "j_pinky_ri_3"
BONE 52 42 "j_ring_ri_1"
BONE 53 52 "j_ring_ri_2"
BONE 54 53 "j_ring_ri_3"
BONE 55 42 "j_thumb_ri_1"
BONE 56 55 "j_thumb_ri_2"
BONE 57 56 "j_thumb_ri_3"
BONE 58 42 "j_wrist_ri1"
BONE 59 58 "tag_weapon_right"
BONE 60 58 "j_gun"
BONE 61 41 "j_wristtwist_ri"
BONE 62 40 "j_shouldertwist_ri"
BONE 63 62 "tag_reflector_arm_ri"
BONE 64 14 "j_neck"
BONE 65 64 "j_head"
BONE 66 14 "j_shoulderraise_le"
BONE 67 14 "j_shoulderraise_ri"
BONE 68 14 "tag_bipod"
BONE 69 14 "tag_inhand"
BONE 70 14 "tag_shield_back"
BONE 71 14 "tag_stowed_back"
BONE 72 14 "tag_weapon_chest"
BONE 73 13 "Joint0"
BONE 74 73 "Joint1_1"
BONE 75 13 "Acs_J_Top"
BONE 76 12 "Joint2_1"
BONE 77 1 "tag_stowed_hip_rear"
BONE 78 0 "tag_sync"

BONE 0
OFFSET 0.000000 0.000000 0.000000
SCALE 1.000000 1.000000 1.000000
X 1.000000 0.000000 0.000000
Y 0.000000 1.000000 0.000000
Z 0.000000 0.000000 1.000000

BONE 1
OFFSET -2.200000 0.000806 39.436081
SCALE 1.000000 1.000000 1.000000
X -0.024747 -0.000055 0.999694
Y 0.999694 0.000059 0.024747
Z -0.000061 1.000000 0.000054

BONE 2
OFFSET -2.832620 3.165879 37.294041
SCALE 1.000000 1.000000 1.000000
X -0.017194 0.000118 -0.999852
Y 0.999842 -0.004520 -0.017195
Z -0.004521 -0.999990 -0.000041

BONE 3
OFFSET -3.134117 3.167886 19.762243
SCALE 1.000000 1.000000 1.000000
X -0.069212 0.000360 -0.997602
Y 0.997592 -0.004503 -0.069213
Z -0.004517 -0.999990 -0.000047

BONE 4
OFFSET -4.260791 3.173575 3.537255
SCALE 1.000000 1.000000 1.000000
X 0.007779 0.007013 -0.999945
Y 0.999749 -0.021051 0.007629
Z -0.020996 -0.999754 -0.007175

BONE 5
OFFSET 0.142832 3.161971 0.022919
SCALE 1.000000 1.000000 1.000000
X 0.983212 -0.021941 0.181143
Y -0.181256 -0.003258 0.983431
Z -0.020987 -0.999754 -0.007180

BONE 6
OFFSET -3.327061 6.953289 36.775650
SCALE 1.000000 1.000000 1.000000
X 0.000000 1.000000 -0.000000
Y 0.000000 0.000000 1.000000
Z 1.000000 -0.000000 -0.000000

BONE 7
OFFSET -2.832619 -3.164268 37.294037
SCALE 1.000000 1.000000 1.000000
X 0.017128 -0.000429 0.999800
Y -0.999853 -0.000212 0.017131
Z 0.000205 -1.000000 -0.000432

BONE 8
OFFSET -3.134144 -3.156811 19.760416
SCALE 1.000000 1.000000 1.000000
X 0.069184 0.001325 0.997550
Y -0.997604 -0.000231 0.069185
Z 0.000322 -0.999999 0.001307

BONE 9
OFFSET -4.260502 -3.178511 3.533663
SCALE 1.000000 1.000000 1.000000
X -0.007833 0.008337 0.999882
Y -0.999643 -0.025592 -0.007613
Z 0.025527 -0.999638 0.008534

BONE 10
OFFSET 0.142448 -3.151677 0.018681
SCALE 1.000000 1.000000 1.000000
X -0.983118 -0.026639 -0.181011
Y 0.181186 -0.003752 -0.983390
Z 0.025518 -0.999638 0.008515

BONE 11
OFFSET -3.327064 -6.953178 36.775620
SCALE 1.000000 1.000000 1.000000
X -0.000001 1.000000 -0.000000
Y -0.000000 0.000000 0.999947
Z 1.000000 0.000001 -0.000004

BONE 12
OFFSET -2.200000 0.000000 43.785080
SCALE 1.000000 1.000000 1.000000
X -0.029891 -0.000053 0.999553
Y 0.999553 0.000059 0.029891
Z -0.000060 1.000000 0.000051

BONE 13
OFFSET -2.603821 0.000211 47.516136
SCALE 1.000000 1.000000 1.000000
X 0.020423 -0.000062 0.999792
Y 0.999792 0.000062 -0.020423
Z -0.000060 1.000000 0.000063

BONE 14
OFFSET -2.841945 0.000018 50.664841
SCALE 1.000000 1.000000 1.000000
X 0.046989 -0.000057 0.998896
Y 0.998895 0.000063 -0.046989
Z -0.000060 1.000000 0.000060

BONE 15
OFFSET -3.085747 1.397910 53.909008
SCALE 1.000000 1.000000 1.000000
X 0.022172 0.997032 0.072892
Y -0.999644 0.021025 0.016447
Z 0.014866 -0.073149 0.997181

BONE 16
OFFSET -3.105905 4.180152 53.876419
SCALE 1.000000 1.000000 1.000000
X -0.008780 0.999825 -0.011697
Y -0.996262 -0.009759 -0.085827
Z -0.085935 0.010977 0.996218

BONE 17
OFFSET -3.531484 13.815930 53.876564
SCALE 1.000000 1.000000 1.000000
X -0.006561 0.999756 0.017736
Y -0.996353 -0.005035 -0.085175
Z -0.085074 -0.018151 0.996185

BONE 18
OFFSET -3.531501 23.346882 53.876915
SCALE 1.000000 1.000000 1.000000
X -0.105871 0.991280 -0.077527
Y -0.070095 -0.085286 -0.993871
Z -0.991906 -0.099779 0.078509

BONE 19
OFFSET -2.758550 25.648756 53.916710
SCALE 1.000000 1.000000 1.000000
X 0.078130 0.993807 -0.078101
Y -0.214345 -0.059836 -0.974905
Z -0.973628 0.092920 0.208360

BONE 20
OFFSET -2.658684 26.915787 53.816719
SCALE 1.000000 1.000000 1.000000
X 0.078780 0.993872 -0.076599
Y -0.214238 -0.058237 -0.975026
Z -0.973600 0.093234 0.208354

BONE 21
OFFSET -2.591905 27.759275 53.751507
SCALE 1.000000 1.000000 1.000000
X 0.083939 0.994970 -0.053359
Y -0.212287 -0.034538 -0.976577
Z -0.973596 0.093312 0.208337

BONE 22
OFFSET -3.332975 25.751730 54.012455
SCALE 1.000000 1.000000 1.000000
X -0.000588 0.996908 -0.077638
Y -0.051760 -0.077639 -0.995620
Z -0.998659 0.003435 0.051649

BONE 23
OFFSET -3.333557 27.150259 53.903259
SCALE 1.000000 1.000000 1.000000
X -0.000474 0.996780 -0.079272
Y -0.051689 -0.079266 -0.995496
Z -0.998663 0.003628 0.051564

BONE 24
OFFSET -3.334115 28.081274 53.829094
SCALE 1.000000 1.000000 1.000000
X -0.001464 0.995035 -0.098766
Y -0.051592 -0.098784 -0.993755
Z -0.998667 0.003643 0.051484

BONE 25
OFFSET -4.361654 25.267683 53.674347
SCALE 1.000000 1.000000 1.000000
X -0.126233 0.988875 -0.077772
Y -0.033329 -0.082657 -0.996004
Z -0.991441 -0.123129 0.043386

BONE 26
OFFSET -4.508820 26.421961 53.583275
SCALE 1.000000 1.000000 1.000000
X -0.126114 0.988898 -0.077666
Y -0.033264 -0.082538 -0.996016
Z -0.991458 -0.123021 0.043297

BONE 27
OFFSET -4.588988 27.050709 53.533806
SCALE 1.000000 1.000000 1.000000
X -0.126105 0.988803 -0.078881
Y -0.032981 -0.083726 -0.995926
Z -0.991469 -0.122982 0.043163

BONE 28
OFFSET -3.875907 25.562498 53.904362
SCALE 1.000000 1.000000 1.000000
X -0.063396 0.994859 -0.078048
Y 0.009783 -0.077657 -0.996915
Z -0.997941 -0.063963 -0.004813

BONE 29
OFFSET -3.960613 26.894451 53.799503
SCALE 1.000000 1.000000 1.000000
X -0.063259 0.994858 -0.078176
Y 0.009922 -0.077777 -0.996904
Z -0.997948 -0.063838 -0.004955

BONE 30
OFFSET -4.017142 27.782541 53.729645
SCALE 1.000000 1.000000 1.000000
X -0.063059 0.993554 -0.093414
Y 0.010924 -0.092982 -0.995592
Z -0.997950 -0.063801 -0.004995

BONE 31
OFFSET -2.669751 23.440342 53.531952
SCALE 1.000000 1.000000 1.000000
X 0.541155 0.829685 -0.136619
Y -0.832487 0.551530 0.052380
Z 0.118818 0.085462 0.989215

BONE 32
OFFSET -1.934162 24.569050 53.345665
SCALE 1.000000 1.000000 1.000000
X 0.535029 0.834628 -0.130498
Y -0.837759 0.544096 0.045643
Z 0.109108 0.084980 0.990374

BONE 33
OFFSET -1.402241 25.399513 53.215431
SCALE 1.000000 1.000000 1.000000
X 0.615917 0.782893 -0.087371
Y -0.783719 0.620187 0.033209
Z 0.080192 0.048096 0.995599

BONE 34
OFFSET 0.653465 22.038189 52.169052
SCALE 1.000000 1.000000 1.000000
X -0.105866 0.991279 -0.077554
Y -0.070102 -0.085314 -0.993868
Z -0.991906 -0.099771 0.078519

BONE 35
OFFSET 13.988077 15.518092 26.637978
SCALE 1.000000 1.000000 1.000000
X 0.532948 0.846067 0.006589
Y -0.503413 0.310848 0.806192
Z 0.680105 -0.432909 0.591578

BONE 36
OFFSET -3.531415 20.556530 53.876591
SCALE 1.000000 1.000000 1.000000
X -0.006563 0.999755 0.017759
Y -0.996356 -0.005036 -0.085142
Z -0.085041 -0.018174 0.996188

BONE 37
OFFSET -3.109180 4.559983 53.871769
SCALE 1.000000 1.000000 1.000000
X -0.008802 0.999826 -0.011623
Y -0.996260 -0.009775 -0.085847
Z -0.085955 0.010902 0.996217

BONE 38
OFFSET -2.974948 5.231194 55.649330
SCALE 1.000000 1.000000 1.000000
X 0.038565 -0.292916 0.955309
Y -0.939524 -0.336203 -0.065193
Z 0.340304 -0.895005 -0.288250

BONE 39
OFFSET -3.087919 -1.396711 53.909008
SCALE 1.000000 1.000000 1.000000
X -0.019467 0.997198 -0.072228
Y 0.999656 0.018143 -0.018953
Z -0.017589 -0.072572 -0.997208

BONE 40
OFFSET -3.105906 -4.176870 53.876427
SCALE 1.000000 1.000000 1.000000
X 0.007044 0.999895 0.012645
Y 0.996462 -0.008078 0.083660
Z 0.083753 0.012011 -0.996414

BONE 41
OFFSET -3.516522 -13.816092 53.873833
SCALE 1.000000 1.000000 1.000000
X 0.006397 0.999829 -0.017367
Y 0.996552 -0.004937 0.082825
Z 0.082725 -0.017837 -0.996413

BONE 42
OFFSET -3.515817 -23.347868 53.876392
SCALE 1.000000 1.000000 1.000000
X 0.061537 0.988339 0.139280
Y -0.083715 -0.133942 0.987447
Z 0.994588 -0.072424 0.074496

BONE 43
OFFSET -2.742103 -25.648214 53.916676
SCALE 1.000000 1.000000 1.000000
X -0.078725 0.993830 0.078127
Y 0.055022 -0.073919 0.995745
Z 0.995377 0.082688 -0.048864

BONE 44
OFFSET -2.641674 -26.916454 53.816860
SCALE 1.000000 1.000000 1.000000
X -0.078713 0.993753 0.079123
Y 0.055111 -0.074910 0.995666
Z 0.995373 0.082732 -0.048871

BONE 45
OFFSET -2.574746 -27.760475 53.749783
SCALE 1.000000 1.000000 1.000000
X -0.077973 0.992656 0.092496
Y 0.056189 -0.088255 0.994512
Z 0.995371 0.082742 -0.048895

BONE 46
OFFSET -3.316527 -25.751183 54.012409
SCALE 1.000000 1.000000 1.000000
X 0.000673 0.996865 0.079126
Y -0.103148 -0.078635 0.991553
Z 0.994666 -0.008829 0.102771

BONE 47
OFFSET -3.317520 -27.151211 53.901333
SCALE 1.000000 1.000000 1.000000
X 0.000821 0.997006 0.077325
Y -0.103106 -0.076828 0.991699
Z 0.994670 -0.008787 0.102734

BONE 48
OFFSET -3.318226 -28.085941 53.828869
SCALE 1.000000 1.000000 1.000000
X -0.008517 0.985965 0.166734
Y -0.102799 -0.166720 0.980631
Z 0.994666 -0.008788 0.102776

BONE 49
OFFSET -4.345205 -25.267132 53.674267
SCALE 1.000000 1.000000 1.000000
X 0.125673 0.989008 0.077914
Y -0.119213 -0.062913 0.990874
Z 0.984883 -0.133815 0.109996

BONE 50
OFFSET -4.491918 -26.422272 53.583305
SCALE 1.000000 1.000000 1.000000
X 0.125954 0.988967 0.077982
Y -0.118527 -0.063042 0.990948
Z 0.984930 -0.134056 0.109279

BONE 51
OFFSET -4.572118 -27.051317 53.533772
SCALE 1.000000 1.000000 1.000000
X 0.173711 0.979672 0.100334
Y -0.120681 -0.079939 0.989468
Z 0.977374 -0.183990 0.104341

BONE 52
OFFSET -3.859461 -25.561924 53.904419
SCALE 1.000000 1.000000 1.000000
X 0.062761 0.994946 0.078388
Y -0.161372 -0.067393 0.984590
Z 0.984896 -0.074444 0.156326

BONE 53
OFFSET -3.943553 -26.893318 53.799561
SCALE 1.000000 1.000000 1.000000
X 0.062748 0.994971 0.078077
Y -0.161304 -0.067092 0.984622
Z 0.984908 -0.074377 0.156283

BONE 54
OFFSET -3.999342 -27.779724 53.729965
SCALE 1.000000 1.000000 1.000000
X 0.052066 0.988476 0.142146
Y -0.165066 -0.131863 0.977428
Z 0.984907 -0.074354 0.156298

BONE 55
OFFSET -2.638793 -23.441097 53.525082
SCALE 1.000000 1.000000 1.000000
X -0.534314 0.834832 0.132532
Y 0.843728 0.517220 0.143548
Z 0.051290 0.188521 -0.980729

BONE 56
OFFSET -1.917565 -24.568388 53.346001
SCALE 1.000000 1.000000 1.000000
X -0.534380 0.834827 0.132300
Y 0.843677 0.517286 0.143613
Z 0.051455 0.188362 -0.980751

BONE 57
OFFSET -1.387284 -25.396961 53.214703
SCALE 1.000000 1.000000 1.000000
X -0.497854 0.856159 0.138322
Y 0.865732 0.481148 0.137860
Z 0.051477 0.188384 -0.980746

BONE 58
OFFSET -7.874389 -24.838379 54.839886
SCALE 1.000000 1.000000 1.000000
X 0.061544 0.988339 0.139278
Y -0.083705 -0.133940 0.987448
Z 0.994588 -0.072430 0.074486

BONE 59
OFFSET -12.697200 -29.613237 56.968616
SCALE 1.000000 1.000000 1.000000
X 0.550946 -0.833045 0.049939
Y 0.586107 0.343644 -0.733749
Z 0.594084 0.433526 0.677583

BONE 60
OFFSET -12.697199 -29.613232 56.968616
SCALE 1.000000 1.000000 1.000000
X 0.550679 -0.833179 0.050652
Y 0.613787 0.363055 -0.701041
Z 0.565702 0.417138 0.711321

BONE 61
OFFSET -3.516034 -20.557262 53.875675
SCALE 1.000000 1.000000 1.000000
X 0.006373 0.999829 -0.017372
Y 0.996555 -0.004914 0.082790
Z 0.082690 -0.017840 -0.996416

BONE 62
OFFSET -3.108328 -4.518860 53.872108
SCALE 1.000000 1.000000 1.000000
X 0.007046 0.999895 0.012643
Y 0.996460 -0.008080 0.083679
Z 0.083773 0.012009 -0.996413

BONE 63
OFFSET -2.968651 -5.191150 55.649349
SCALE 1.000000 1.000000 1.000000
X -0.043019 0.244431 0.968712
Y 0.925959 -0.354346 0.130531
Z 0.375166 0.902603 -0.211090

BONE 64
OFFSET -2.839037 0.000000 55.295288
SCALE 1.000000 1.000000 1.000000
X 0.309736 -0.000047 0.950823
Y 0.950823 0.000075 -0.309736
Z -0.000057 1.000000 0.000068

BONE 65
OFFSET -2.839035 0.000000 57.772675
SCALE 1.000000 1.000000 1.000000
X 0.216384 -0.000043 0.976308
Y 0.976308 0.000072 -0.216384
Z -0.000061 1.000000 0.000057

BONE 66
OFFSET -2.698611 3.930334 57.599525
SCALE 1.000000 1.000000 1.000000
X -0.019311 -0.997191 -0.072368
Y 0.999660 -0.017987 -0.018904
Z 0.017549 -0.072708 0.997199

BONE 67
OFFSET -2.698134 -3.931063 57.599205
SCALE 1.000000 1.000000 1.000000
X 0.022388 -0.997065 0.071653
Y -0.999638 -0.021257 0.016464
Z -0.014893 -0.071843 -0.997250

BONE 68
OFFSET 16.193460 -27.847927 30.757204
SCALE 1.000000 1.000000 1.000000
X 1.000000 -0.000115 0.000087
Y 0.000115 1.000000 0.000060
Z -0.000087 -0.000060 1.000000

BONE 69
OFFSET 10.616508 -27.848848 38.140606
SCALE 1.000000 1.000000 1.000000
X -0.000158 1.000000 0.000190
Y 0.764294 0.000243 -0.644868
Z -0.644868 0.000044 -0.764294

BONE 70
OFFSET -11.066831 0.781980 51.052769
SCALE 1.000000 1.000000 1.000000
X -0.989754 -0.000183 0.142781
Y 0.000184 -1.000000 0.000000
Z 0.142781 0.000026 0.989754

BONE 71
OFFSET -9.262787 -4.489312 48.978954
SCALE 1.000000 1.000000 1.000000
X -0.007008 0.025919 -0.999640
Y -0.984169 -0.177222 0.002305
Z -0.177101 0.983837 0.026747

BONE 72
OFFSET 10.616504 -27.848848 38.140617
SCALE 1.000000 1.000000 1.000000
X 1.000000 -0.000033 0.000087
Y 0.000033 1.000000 -0.000003
Z -0.000087 0.000003 1.000000

BONE 73
OFFSET -5.331447 -2.728618 53.693333
SCALE 1.000000 1.000000 1.000000
X -0.000000 1.000000 0.000000
Y -0.000000 -0.000000 1.000000
Z 1.000000 0.000000 -0.000000

BONE 74
OFFSET -5.973340 -4.454714 63.039810
SCALE 1.000000 1.000000 1.000000
X -0.000000 1.000000 0.000000
Y -0.000000 -0.000000 1.000000
Z 1.000000 0.000000 -0.000000

BONE 75
OFFSET -3.009531 0.000000 53.953201
SCALE 1.000000 1.000000 1.000000
X -0.000000 1.000000 -0.000000
Y 0.000000 -0.000000 1.000000
Z 1.000000 0.000000 -0.000000

BONE 76
OFFSET -6.141005 -4.671470 57.119629
SCALE 1.000000 1.000000 1.000000
X -0.000000 1.000000 0.000000
Y 0.000000 -0.000000 1.000000
Z 1.000000 0.000000 -0.000000

BONE 77
OFFSET -9.189112 -2.560256 36.124954
SCALE 1.000000 1.000000 1.000000
X -0.188115 0.137941 0.972412
Y 0.149144 -0.974594 0.167103
Z 0.970757 0.176464 0.162763

BONE 78
OFFSET -0.002227 -0.000000 -0.000000
SCALE 1.000000 1.000000 1.000000
X -1.000000 0.000000 0.000000
Y 0.000000 -1.000000 0.000000
Z 0.000000 0.000000 1.000000


NUMVERTS 1850
VERT 0
OFFSET -1.720186 0.237370 55.909840
BONES 1
BONE 13 1.000000

VERT 1
OFFSET -1.756670 -0.393015 55.898952
BONES 1
BONE 13 1.000000

VERT 2
OFFSET -1.518640 0.166892 55.549095
BONES 1
BONE 13 1.000000

VERT 3
OFFSET -1.312265 -0.450373 54.805031
BONES 1
BONE 13 1.000000

VERT 4
OFFSET -1.247597 -0.000724 54.717384
BONES 1
BONE 13 1.000000

VERT 5
OFFSET -0.318160 -0.793969 53.764282
BONES 1
BONE 13 1.000000

VERT 6
OFFSET -0.127056 0.715232 53.580048
BONES 1
BONE 13 1.000000

VERT 7
OFFSET 0.875689 -0.903677 52.724747
BONES 1
BONE 13 1.000000

VERT 8
OFFSET 1.198751 -0.008593 52.282299
BONES 3
BONE 13 1.000000
BONE 61 0.000000
BONE 36 0.000000

VERT 9
OFFSET 1.287499 -0.938554 52.131771
BONES 1
BONE 13 1.000000

VERT 10
OFFSET 1.847747 0.006935 50.900333
BONES 1
BONE 13 1.000000

VERT 11
OFFSET 1.677602 -1.004295 51.319462
BONES 1
BONE 13 1.000000

VERT 12
OFFSET -1.524490 0.178532 55.552032
BONES 1
BONE 13 1.000000

VERT 13
OFFSET -1.254333 0.466613 54.716423
BONES 1
BONE 13 1.000000

VERT 14
OFFSET -0.166954 -0.820336 53.590343
BONES 1
BONE 13 1.000000

VERT 15
OFFSET 0.662094 0.838537 52.951538
BONES 1
BONE 13 1.000000

VERT 16
OFFSET 0.596702 -0.881294 53.022243
BONES 1
BONE 13 1.000000

VERT 17
OFFSET 1.677321 1.019901 51.399769
BONES 1
BONE 13 1.000000

VERT 18
OFFSET -1.755214 0.390198 55.900497
BONES 1
BONE 13 1.000000

VERT 19
OFFSET -1.533437 0.180966 55.527248
BONES 1
BONE 13 1.000000

VERT 20
OFFSET -1.555199 -0.168347 55.547276
BONES 1
BONE 13 1.000000

VERT 21
OFFSET -1.755504 -0.394041 55.889416
BONES 1
BONE 13 1.000000

VERT 22
OFFSET -1.764373 -0.307093 55.894279
BONES 3
BONE 13 1.000000
BONE 61 0.000000
BONE 36 0.000000

VERT 23
OFFSET -1.765828 0.000009 55.884003
BONES 1
BONE 13 1.000000

VERT 24
OFFSET -1.533437 -0.180966 55.527248
BONES 1
BONE 13 1.000000

VERT 25
OFFSET -1.534655 -0.167157 55.539024
BONES 3
BONE 13 1.000000
BONE 61 0.000000
BONE 36 0.000000

VERT 26
OFFSET 0.672424 -6.536497 38.869404
BONES 1
BONE 1 1.000000

VERT 27
OFFSET 0.700200 -6.510718 38.944893
BONES 1
BONE 1 1.000000

VERT 28
OFFSET 0.712331 -6.579169 38.889450
BONES 1
BONE 1 1.000000

VERT 29
OFFSET 0.751099 -6.530514 38.833351
BONES 1
BONE 1 1.000000

VERT 30
OFFSET 0.661159 -6.557480 38.944122
BONES 1
BONE 1 1.000000

VERT 31
OFFSET 0.702388 -6.553434 38.955223
BONES 1
BONE 1 1.000000

VERT 32
OFFSET 0.728477 -6.536802 38.870266
BONES 1
BONE 1 1.000000

VERT 33
OFFSET 0.733474 -6.547316 38.889919
BONES 1
BONE 1 1.000000

VERT 34
OFFSET 0.696709 -6.564712 38.870564
BONES 1
BONE 1 1.000000

VERT 35
OFFSET 0.724871 -6.533606 38.890537
BONES 1
BONE 1 1.000000

VERT 36
OFFSET 0.722974 -6.537883 38.836132
BONES 1
BONE 1 1.000000

VERT 37
OFFSET 0.773472 -6.558707 38.640270
BONES 1
BONE 1 1.000000

VERT 38
OFFSET 0.853856 -6.526153 38.663361
BONES 1
BONE 1 1.000000

VERT 39
OFFSET 0.723694 -6.535095 38.875690
BONES 3
BONE 1 1.000000
BONE 61 0.000000
BONE 36 0.000000

VERT 40
OFFSET 0.696367 -6.547550 38.865135
BONES 3
BONE 1 1.000000
BONE 61 0.000000
BONE 36 0.000000

VERT 41
OFFSET 0.684817 -6.551653 38.876606
BONES 1
BONE 1 1.000000

VERT 42
OFFSET 0.831160 -6.515108 38.693230
BONES 1
BONE 1 1.000000

VERT 43
OFFSET 0.773014 -6.544273 38.634918
BONES 1
BONE 1 1.000000

VERT 44
OFFSET 0.773268 -6.547434 38.688404
BONES 1
BONE 1 1.000000

VERT 45
OFFSET 0.735500 -6.555930 38.838978
BONES 1
BONE 1 1.000000

VERT 46
OFFSET 0.826642 -6.532353 38.692272
BONES 1
BONE 1 1.000000

VERT 47
OFFSET 0.795686 -6.545336 38.655800
BONES 1
BONE 1 1.000000

VERT 48
OFFSET 1.335672 -6.046607 39.208031
BONES 1
BONE 1 1.000000

VERT 49
OFFSET 1.356233 -6.071909 39.234013
BONES 1
BONE 1 1.000000

VERT 50
OFFSET 1.343105 -6.082956 39.230896
BONES 1
BONE 1 1.000000

VERT 51
OFFSET 1.498882 -6.123167 39.067135
BONES 1
BONE 1 1.000000

VERT 52
OFFSET 1.533638 -6.117304 39.044521
BONES 1
BONE 1 1.000000

VERT 53
OFFSET 1.318090 -6.056418 39.209427
BONES 1
BONE 1 1.000000

VERT 54
OFFSET 1.331069 -6.062836 39.200630
BONES 3
BONE 1 1.000000
BONE 61 0.000000
BONE 36 0.000000

VERT 55
OFFSET 1.347905 -6.081210 39.216339
BONES 3
BONE 1 1.000000
BONE 61 0.000000
BONE 36 0.000000

VERT 56
OFFSET 1.476639 -6.081728 38.999809
BONES 1
BONE 1 1.000000

VERT 57
OFFSET 1.459818 -6.078848 39.051151
BONES 1
BONE 1 1.000000

VERT 58
OFFSET 1.361356 -6.077679 39.178528
BONES 1
BONE 1 1.000000

VERT 59
OFFSET 1.480366 -6.067691 39.006069
BONES 1
BONE 1 1.000000

VERT 60
OFFSET 1.378121 -6.063659 39.186852
BONES 1
BONE 1 1.000000

VERT 61
OFFSET 1.490301 -6.086296 39.026047
BONES 1
BONE 1 1.000000

VERT 62
OFFSET 1.501434 -6.105953 39.067593
BONES 1
BONE 1 1.000000

VERT 63
OFFSET -0.773157 -5.908380 40.045422
BONES 1
BONE 1 1.000000

VERT 64
OFFSET -0.804187 -5.935128 40.029079
BONES 1
BONE 1 1.000000

VERT 65
OFFSET -0.798446 -5.929525 40.011723
BONES 1
BONE 1 1.000000

VERT 66
OFFSET -0.766122 -5.919419 40.047539
BONES 1
BONE 1 1.000000

VERT 67
OFFSET -0.773908 -5.954858 40.024578
BONES 1
BONE 1 1.000000

VERT 68
OFFSET -0.689959 -6.131140 40.073261
BONES 1
BONE 1 1.000000

VERT 69
OFFSET -0.655676 -6.053357 40.108044
BONES 1
BONE 1 1.000000

VERT 70
OFFSET -0.660493 -6.117253 40.109158
BONES 1
BONE 1 1.000000

VERT 71
OFFSET -0.759942 -5.915780 40.030167
BONES 1
BONE 1 1.000000

VERT 72
OFFSET -0.738373 -5.946649 40.044430
BONES 1
BONE 1 1.000000

VERT 73
OFFSET -0.633262 -6.078302 40.100559
BONES 1
BONE 1 1.000000

VERT 74
OFFSET -0.666117 -6.057796 40.083595
BONES 1
BONE 1 1.000000

VERT 75
OFFSET -0.746764 -6.038867 40.065319
BONES 1
BONE 1 1.000000

VERT 76
OFFSET -0.658600 -6.090025 40.102112
BONES 1
BONE 1 1.000000

VERT 77
OFFSET -0.700189 -6.095535 40.067295
BONES 1
BONE 1 1.000000

VERT 78
OFFSET -0.604633 -5.812407 40.107811
BONES 1
BONE 1 1.000000

VERT 79
OFFSET -0.566133 -5.829457 40.127201
BONES 1
BONE 1 1.000000

VERT 80
OFFSET -0.618691 -5.837067 40.116657
BONES 1
BONE 1 1.000000

VERT 81
OFFSET -0.611899 -5.832983 40.099491
BONES 1
BONE 1 1.000000

VERT 82
OFFSET -0.537288 -5.971026 40.143883
BONES 1
BONE 1 1.000000

VERT 83
OFFSET -0.498070 -5.921404 40.180679
BONES 1
BONE 1 1.000000

VERT 84
OFFSET -0.585141 -5.854713 40.137592
BONES 1
BONE 1 1.000000

VERT 85
OFFSET -0.449090 -5.991904 40.184734
BONES 1
BONE 1 1.000000

VERT 86
OFFSET -0.478062 -6.015414 40.194519
BONES 1
BONE 1 1.000000

VERT 87
OFFSET -0.483861 -5.956241 40.168148
BONES 1
BONE 1 1.000000

VERT 88
OFFSET -0.526721 -6.019368 40.164131
BONES 1
BONE 1 1.000000

VERT 89
OFFSET -0.525502 -5.991223 40.168182
BONES 1
BONE 1 1.000000

VERT 90
OFFSET -0.476104 -5.988277 40.186989
BONES 1
BONE 1 1.000000

VERT 91
OFFSET -0.733196 -5.657372 40.226803
BONES 1
BONE 1 1.000000

VERT 92
OFFSET -0.127442 -5.431184 40.312725
BONES 1
BONE 1 1.000000

VERT 93
OFFSET -1.124450 -6.001628 39.910252
BONES 1
BONE 1 1.000000

VERT 94
OFFSET -0.301143 -5.014968 39.657440
BONES 3
BONE 1 1.000000
BONE 61 0.000000
BONE 36 0.000000

VERT 95
OFFSET -0.357360 -4.939810 39.662479
BONES 1
BONE 1 1.000000

VERT 96
OFFSET -0.347651 -4.944165 39.600796
BONES 1
BONE 1 1.000000

VERT 97
OFFSET 0.545634 -5.003690 39.029560
BONES 1
BONE 1 1.000000

VERT 98
OFFSET 0.531437 -5.010088 39.025684
BONES 1
BONE 1 1.000000

VERT 99
OFFSET 0.541987 -4.967949 38.889240
BONES 1
BONE 1 1.000000

VERT 100
OFFSET -0.751500 -5.344756 40.100719
BONES 1
BONE 1 1.000000

VERT 101
OFFSET -0.888529 -5.047902 40.121136
BONES 1
BONE 1 1.000000

VERT 102
OFFSET -0.892417 -5.045306 40.112762
BONES 1
BONE 1 1.000000

VERT 103
OFFSET -1.039294 -4.694982 40.001984
BONES 1
BONE 1 1.000000

VERT 104
OFFSET -1.037741 -4.696845 39.994850
BONES 1
BONE 1 1.000000

VERT 105
OFFSET -0.964032 -4.419557 39.909027
BONES 1
BONE 1 1.000000

VERT 106
OFFSET -1.077534 -4.394181 39.836300
BONES 1
BONE 1 1.000000

VERT 107
OFFSET -0.972981 -4.296219 39.773029
BONES 1
BONE 1 1.000000

VERT 108
OFFSET -0.793251 -4.422807 39.841656
BONES 1
BONE 1 1.000000

VERT 109
OFFSET -0.589686 -4.639046 39.625340
BONES 1
BONE 1 1.000000

VERT 110
OFFSET 0.168220 -5.006719 40.261028
BONES 1
BONE 1 1.000000

VERT 111
OFFSET 1.248783 -4.923167 38.381817
BONES 1
BONE 1 1.000000

VERT 112
OFFSET -0.595020 -5.363567 40.138451
BONES 1
BONE 1 1.000000

VERT 113
OFFSET -0.710478 -5.420731 40.090576
BONES 1
BONE 1 1.000000

VERT 114
OFFSET -1.563331 -5.956396 39.506199
BONES 1
BONE 1 1.000000

VERT 115
OFFSET 1.773505 -5.049178 37.579601
BONES 1
BONE 1 1.000000

VERT 116
OFFSET -0.494226 -5.987038 37.197403
BONES 1
BONE 1 1.000000

VERT 117
OFFSET 1.348559 -5.352402 37.322754
BONES 1
BONE 1 1.000000

VERT 118
OFFSET 0.848185 -5.621294 37.124168
BONES 1
BONE 1 1.000000

VERT 119
OFFSET 0.367882 -5.884378 36.913464
BONES 1
BONE 1 1.000000

VERT 120
OFFSET -0.995962 -6.064738 38.185913
BONES 1
BONE 1 1.000000

VERT 121
OFFSET 1.890361 -6.090629 38.126114
BONES 1
BONE 1 1.000000

VERT 122
OFFSET 0.912389 -6.161490 40.080112
BONES 1
BONE 1 1.000000

VERT 123
OFFSET 0.467819 -6.861246 37.556492
BONES 1
BONE 1 1.000000

VERT 124
OFFSET 0.369162 -6.663688 37.414215
BONES 1
BONE 1 1.000000

VERT 125
OFFSET 0.794732 -5.994582 40.106834
BONES 1
BONE 1 1.000000

VERT 126
OFFSET -0.604451 -6.761467 39.465603
BONES 1
BONE 1 1.000000

VERT 127
OFFSET -0.449739 -6.907935 39.513763
BONES 1
BONE 1 1.000000

VERT 128
OFFSET 1.164466 -6.128913 37.208450
BONES 1
BONE 1 1.000000

VERT 129
OFFSET 1.328985 -5.360023 37.330151
BONES 3
BONE 1 1.000000
BONE 61 0.000000
BONE 36 0.000000

VERT 130
OFFSET 0.299324 -6.687144 37.175747
BONES 1
BONE 1 1.000000

VERT 131
OFFSET 1.910105 -5.891435 37.932388
BONES 1
BONE 1 1.000000

VERT 132
OFFSET 0.533248 -5.763309 40.396969
BONES 1
BONE 1 1.000000

VERT 133
OFFSET 1.399853 -5.634643 39.051517
BONES 1
BONE 1 1.000000

VERT 134
OFFSET 1.119430 -5.131902 39.075909
BONES 1
BONE 1 1.000000

VERT 135
OFFSET -0.558262 -5.835678 40.174816
BONES 1
BONE 1 1.000000

VERT 136
OFFSET 0.450506 -5.353744 40.370674
BONES 1
BONE 1 1.000000

VERT 137
OFFSET 1.863377 -5.463914 38.225208
BONES 1
BONE 1 1.000000

VERT 138
OFFSET 1.389308 -4.924553 38.484951
BONES 1
BONE 1 1.000000

VERT 139
OFFSET -1.351503 -6.331430 39.616344
BONES 1
BONE 1 1.000000

VERT 140
OFFSET -0.584542 -6.540819 38.248775
BONES 1
BONE 1 1.000000

VERT 141
OFFSET -1.098261 -5.446876 39.325802
BONES 3
BONE 1 1.000000
BONE 61 0.000000
BONE 36 0.000000

VERT 142
OFFSET -1.169890 -5.374700 39.326859
BONES 1
BONE 1 1.000000

VERT 143
OFFSET -0.836609 -5.715716 38.314167
BONES 1
BONE 1 1.000000

VERT 144
OFFSET -0.889138 -5.781270 38.432602
BONES 1
BONE 1 1.000000

VERT 145
OFFSET -0.877371 -5.773673 38.439556
BONES 1
BONE 1 1.000000

VERT 146
OFFSET -0.241207 -6.149878 36.830540
BONES 1
BONE 1 1.000000

VERT 147
OFFSET -0.935595 -5.546275 40.023468
BONES 1
BONE 1 1.000000

VERT 148
OFFSET -0.898668 -5.480547 40.007290
BONES 1
BONE 1 1.000000

VERT 149
OFFSET -1.149720 -5.444724 39.944008
BONES 1
BONE 1 1.000000

VERT 150
OFFSET -1.235924 -5.236022 39.976616
BONES 1
BONE 1 1.000000

VERT 151
OFFSET -1.232510 -5.229507 39.971279
BONES 1
BONE 1 1.000000

VERT 152
OFFSET -1.484353 -4.935678 39.816738
BONES 1
BONE 1 1.000000

VERT 153
OFFSET -1.715593 -4.829165 39.595253
BONES 1
BONE 1 1.000000

VERT 154
OFFSET -1.477620 -4.936043 39.812092
BONES 1
BONE 1 1.000000

VERT 155
OFFSET -1.753238 -4.800594 39.496384
BONES 1
BONE 1 1.000000

VERT 156
OFFSET -1.752598 -4.741133 39.375378
BONES 1
BONE 1 1.000000

VERT 157
OFFSET -1.124723 -5.365120 39.277401
BONES 1
BONE 1 1.000000

VERT 158
OFFSET 0.365778 -5.881923 36.929413
BONES 3
BONE 1 1.000000
BONE 61 0.000000
BONE 36 0.000000

VERT 159
OFFSET -0.964774 -6.657568 39.703716
BONES 1
BONE 1 1.000000

VERT 160
OFFSET -0.682920 -6.149191 37.417973
BONES 1
BONE 1 1.000000

VERT 161
OFFSET -1.151317 -5.404866 39.337620
BONES 1
BONE 1 1.000000

VERT 162
OFFSET -1.248201 -5.222192 39.271217
BONES 1
BONE 1 1.000000

VERT 163
OFFSET -1.206254 -5.337655 39.348225
BONES 1
BONE 1 1.000000

VERT 164
OFFSET -0.361658 -4.949231 39.679794
BONES 1
BONE 1 1.000000

VERT 165
OFFSET -0.483059 -4.772265 39.603184
BONES 1
BONE 1 1.000000

VERT 166
OFFSET -0.416853 -4.841895 39.600189
BONES 1
BONE 1 1.000000

VERT 167
OFFSET 0.480258 0.112494 45.379631
BONES 2
BONE 12 0.959342
BONE 1 0.040658

VERT 168
OFFSET 1.114263 -1.777144 47.508633
BONES 2
BONE 12 0.637138
BONE 13 0.362862

VERT 169
OFFSET 1.336495 0.223928 47.888165
BONES 2
BONE 13 0.205923
BONE 12 0.794077

VERT 170
OFFSET 1.566697 -0.228096 49.634716
BONES 2
BONE 13 0.653994
BONE 12 0.346006

VERT 171
OFFSET 1.434000 -0.391321 50.950882
BONES 1
BONE 13 1.000000

VERT 172
OFFSET -0.502676 -0.390077 53.073555
BONES 3
BONE 13 0.998599
BONE 39 0.001381
BONE 64 0.000020

VERT 173
OFFSET -0.532561 -1.566782 53.407219
BONES 2
BONE 39 0.006577
BONE 13 0.993423

VERT 174
OFFSET -1.725891 0.309417 55.129723
BONES 4
BONE 13 0.842597
BONE 65 0.007154
BONE 64 0.143729
BONE 15 0.006521

VERT 175
OFFSET -1.249115 -2.449099 54.033981
BONES 3
BONE 64 0.000025
BONE 13 0.778734
BONE 39 0.221241

VERT 176
OFFSET -2.142347 -2.586395 54.943253
BONES 5
BONE 65 0.000027
BONE 13 0.425777
BONE 40 0.044254
BONE 39 0.512579
BONE 64 0.017363

VERT 177
OFFSET 0.565859 -3.879225 51.753304
BONES 1
BONE 13 1.000000

VERT 178
OFFSET -0.478701 -4.410192 51.131123
BONES 2
BONE 12 0.000498
BONE 13 0.999502

VERT 179
OFFSET -0.491555 -3.796985 51.641090
BONES 2
BONE 39 0.000748
BONE 13 0.999252

VERT 180
OFFSET 0.635943 -4.273460 50.005646
BONES 2
BONE 13 0.987120
BONE 12 0.012880

VERT 181
OFFSET -1.896079 -4.056301 49.950340
BONES 2
BONE 12 0.298317
BONE 13 0.701683

VERT 182
OFFSET 1.805170 -3.462576 50.536186
BONES 1
BONE 13 1.000000

VERT 183
OFFSET 1.997665 -2.321793 51.084518
BONES 1
BONE 13 1.000000

VERT 184
OFFSET 1.550587 -1.398975 51.755917
BONES 1
BONE 13 1.000000

VERT 185
OFFSET 2.004813 -2.345627 49.520027
BONES 2
BONE 13 0.983287
BONE 12 0.016713

VERT 186
OFFSET 1.273190 -2.709308 52.049240
BONES 1
BONE 13 1.000000

VERT 187
OFFSET 0.779399 -2.595817 47.458530
BONES 2
BONE 12 0.754156
BONE 13 0.245844

VERT 188
OFFSET 1.384990 -3.490752 49.156330
BONES 2
BONE 13 0.989793
BONE 12 0.010207

VERT 189
OFFSET -0.821197 -4.166863 49.480507
BONES 2
BONE 12 0.286052
BONE 13 0.713948

VERT 190
OFFSET 2.032644 -1.415042 50.142788
BONES 2
BONE 12 0.029328
BONE 13 0.970672

VERT 191
OFFSET 1.593832 0.033139 49.944893
BONES 2
BONE 12 0.315488
BONE 13 0.684512

VERT 192
OFFSET 1.542864 0.130905 49.673416
BONES 2
BONE 13 0.620451
BONE 12 0.379549

VERT 193
OFFSET 1.568721 -0.040497 49.568714
BONES 2
BONE 13 0.580004
BONE 12 0.419996

VERT 194
OFFSET 1.548220 -0.123822 49.849228
BONES 2
BONE 12 0.335012
BONE 13 0.664988

VERT 195
OFFSET -0.008006 0.055785 52.552822
BONES 1
BONE 13 1.000000

VERT 196
OFFSET 0.047868 -0.157681 52.459492
BONES 1
BONE 13 1.000000

VERT 197
OFFSET 0.240893 -0.057603 52.301865
BONES 1
BONE 13 1.000000

VERT 198
OFFSET 0.147930 0.150244 52.335419
BONES 1
BONE 13 1.000000

VERT 199
OFFSET -1.208500 0.076391 54.215794
BONES 1
BONE 13 1.000000

VERT 200
OFFSET -1.132041 0.189265 54.045578
BONES 3
BONE 13 1.000000
BONE 36 0.000000
BONE 61 0.000000

VERT 201
OFFSET -1.091196 -0.182603 53.989109
BONES 1
BONE 13 1.000000

VERT 202
OFFSET -1.021108 0.075305 53.911732
BONES 1
BONE 13 1.000000

VERT 203
OFFSET -1.199887 -0.133958 54.163639
BONES 3
BONE 13 1.000000
BONE 36 0.000000
BONE 61 0.000000

VERT 204
OFFSET -2.152681 1.097317 56.563332
BONES 4
BONE 13 0.181149
BONE 15 0.005032
BONE 64 0.543998
BONE 65 0.269821

VERT 205
OFFSET -3.627765 1.378054 57.172672
BONES 4
BONE 65 0.350158
BONE 15 0.012235
BONE 64 0.565104
BONE 13 0.072504

VERT 206
OFFSET -4.373648 0.844379 57.277699
BONES 5
BONE 39 0.000138
BONE 13 0.061836
BONE 15 0.003725
BONE 64 0.593374
BONE 65 0.340927

VERT 207
OFFSET -4.429782 -0.766101 57.275707
BONES 4
BONE 65 0.341218
BONE 64 0.592832
BONE 39 0.003743
BONE 13 0.062207

VERT 208
OFFSET -3.627544 -1.378039 57.172688
BONES 4
BONE 65 0.350184
BONE 64 0.565100
BONE 39 0.012224
BONE 13 0.072491

VERT 209
OFFSET -2.909837 -1.550317 56.198246
BONES 4
BONE 65 0.160759
BONE 64 0.392078
BONE 39 0.124894
BONE 13 0.322269

VERT 210
OFFSET -2.157968 -1.098468 56.569866
BONES 4
BONE 13 0.179207
BONE 39 0.005014
BONE 64 0.544215
BONE 65 0.271563

VERT 211
OFFSET -4.194508 1.330321 56.370220
BONES 4
BONE 13 0.301686
BONE 64 0.433746
BONE 15 0.125821
BONE 65 0.138747

VERT 212
OFFSET -2.909661 1.552829 56.198307
BONES 4
BONE 13 0.322012
BONE 64 0.392289
BONE 15 0.124745
BONE 65 0.160954

VERT 213
OFFSET -2.093033 1.127449 55.742599
BONES 4
BONE 13 0.461809
BONE 64 0.325754
BONE 15 0.092308
BONE 65 0.120129

VERT 214
OFFSET -1.757502 0.086277 56.092381
BONES 5
BONE 64 0.493558
BONE 13 0.435596
BONE 15 0.005674
BONE 65 0.064391
BONE 39 0.000782

VERT 215
OFFSET -1.923863 -0.255103 55.099369
BONES 3
BONE 64 0.143311
BONE 65 0.024755
BONE 13 0.831933

VERT 216
OFFSET -1.804321 1.750504 55.321835
BONES 4
BONE 64 0.064274
BONE 13 0.728944
BONE 15 0.203243
BONE 65 0.003539

VERT 217
OFFSET -2.263495 1.129809 56.661098
BONES 4
BONE 13 0.175513
BONE 15 0.010735
BONE 64 0.531682
BONE 65 0.282069

VERT 218
OFFSET -3.960072 1.299351 57.321922
BONES 4
BONE 65 0.344142
BONE 64 0.578110
BONE 15 0.009100
BONE 13 0.068648

VERT 219
OFFSET -3.958792 1.824184 56.178989
BONES 4
BONE 65 0.070240
BONE 15 0.196662
BONE 64 0.351140
BONE 13 0.381958

VERT 220
OFFSET -4.497156 0.272702 57.319748
BONES 5
BONE 39 0.000800
BONE 65 0.340911
BONE 64 0.593384
BONE 15 0.001011
BONE 13 0.063895

VERT 221
OFFSET -4.753392 0.385275 56.128399
BONES 5
BONE 39 0.000560
BONE 65 0.063391
BONE 15 0.019129
BONE 64 0.501987
BONE 13 0.414932

VERT 222
OFFSET -1.142560 0.874707 54.378372
BONES 4
BONE 65 0.000262
BONE 15 0.024952
BONE 13 0.972538
BONE 64 0.002249

VERT 223
OFFSET -4.337827 0.114564 55.316875
BONES 5
BONE 65 0.011175
BONE 39 0.001787
BONE 64 0.285810
BONE 13 0.686003
BONE 15 0.015225

VERT 224
OFFSET -3.959986 1.210806 55.354393
BONES 4
BONE 13 0.493973
BONE 64 0.293997
BONE 15 0.172289
BONE 65 0.039742

VERT 225
OFFSET -2.869475 1.424972 55.209244
BONES 4
BONE 65 0.038299
BONE 64 0.234702
BONE 15 0.178952
BONE 13 0.548047

VERT 226
OFFSET -1.826957 -0.176433 54.522610
BONES 3
BONE 13 0.967214
BONE 64 0.030752
BONE 15 0.002034

VERT 227
OFFSET -4.195027 -1.327778 56.370163
BONES 4
BONE 13 0.301868
BONE 64 0.433603
BONE 39 0.125904
BONE 65 0.138625

VERT 228
OFFSET -1.995378 -1.074589 55.584103
BONES 4
BONE 13 0.583557
BONE 64 0.248504
BONE 39 0.084270
BONE 65 0.083669

VERT 229
OFFSET -1.767038 -0.039729 55.985260
BONES 5
BONE 15 0.002330
BONE 13 0.489607
BONE 64 0.454110
BONE 39 0.004277
BONE 65 0.049676

VERT 230
OFFSET -2.167621 -1.052677 56.672073
BONES 4
BONE 65 0.271469
BONE 39 0.004576
BONE 64 0.543038
BONE 13 0.180917

VERT 231
OFFSET -1.802821 -1.744353 55.319954
BONES 4
BONE 64 0.063999
BONE 13 0.729737
BONE 39 0.202745
BONE 65 0.003519

VERT 232
OFFSET -4.216160 -1.771812 56.210751
BONES 4
BONE 39 0.174378
BONE 65 0.070569
BONE 13 0.382666
BONE 64 0.372388

VERT 233
OFFSET -4.342504 -0.911727 57.310089
BONES 4
BONE 13 0.063776
BONE 39 0.004578
BONE 64 0.592987
BONE 65 0.338659

VERT 234
OFFSET -4.187976 -0.984606 55.327473
BONES 4
BONE 13 0.575518
BONE 64 0.266612
BONE 39 0.136319
BONE 65 0.021552

VERT 235
OFFSET -3.667483 -1.369722 57.211308
BONES 4
BONE 65 0.344626
BONE 39 0.014965
BONE 64 0.562620
BONE 13 0.077789

VERT 236
OFFSET -2.591722 -1.305815 55.097279
BONES 4
BONE 13 0.691663
BONE 64 0.134688
BONE 39 0.162431
BONE 65 0.011218

VERT 237
OFFSET -3.501783 -1.278434 55.348179
BONES 4
BONE 64 0.312658
BONE 13 0.428057
BONE 65 0.057715
BONE 39 0.201570

VERT 238
OFFSET -1.766341 0.151920 54.475452
BONES 4
BONE 65 0.000489
BONE 39 0.000838
BONE 13 0.967508
BONE 64 0.031165

VERT 239
OFFSET -1.142665 -0.874198 54.378448
BONES 4
BONE 65 0.000262
BONE 39 0.024951
BONE 13 0.972522
BONE 64 0.002265

VERT 240
OFFSET 1.651035 -2.526225 38.106724
BONES 2
BONE 12 0.000471
BONE 1 0.999529

VERT 241
OFFSET 0.346113 -1.035087 43.874451
BONES 2
BONE 1 0.228772
BONE 12 0.771228

VERT 242
OFFSET -0.291591 -2.584384 44.170883
BONES 2
BONE 1 0.278331
BONE 12 0.721669

VERT 243
OFFSET 0.316611 -1.770347 45.815922
BONES 3
BONE 13 0.017360
BONE 1 0.029041
BONE 12 0.953599

VERT 244
OFFSET -1.227422 -3.500844 44.867043
BONES 3
BONE 13 0.000127
BONE 1 0.240136
BONE 12 0.759737

VERT 245
OFFSET -1.184453 -3.600796 46.826687
BONES 3
BONE 12 0.938451
BONE 13 0.052990
BONE 1 0.008559

VERT 246
OFFSET -1.679412 -4.708091 42.961708
BONES 2
BONE 1 0.744516
BONE 12 0.255484

VERT 247
OFFSET -1.820372 -6.177715 40.241043
BONES 2
BONE 12 0.000868
BONE 1 0.999132

VERT 248
OFFSET -0.395444 -4.603503 41.561111
BONES 2
BONE 1 0.875610
BONE 12 0.124390

VERT 249
OFFSET -0.139375 -5.656633 38.911358
BONES 2
BONE 12 0.001350
BONE 1 0.998650

VERT 250
OFFSET -1.773008 0.201939 55.480434
BONES 4
BONE 64 0.227097
BONE 13 0.730863
BONE 15 0.007584
BONE 65 0.034456

VERT 251
OFFSET -1.592968 -0.002712 55.285709
BONES 5
BONE 39 0.001916
BONE 64 0.160841
BONE 13 0.810767
BONE 15 0.004810
BONE 65 0.021666

VERT 252
OFFSET -1.673897 -0.038813 55.645275
BONES 5
BONE 39 0.001295
BONE 64 0.222087
BONE 13 0.735590
BONE 15 0.006658
BONE 65 0.034371

VERT 253
OFFSET -1.725057 -0.196807 55.453220
BONES 6
BONE 65 0.033866
BONE 39 0.007233
BONE 13 0.734191
BONE 64 0.224709
BONE 36 0.000000
BONE 61 0.000000

VERT 254
OFFSET 1.314052 2.865096 39.100151
BONES 2
BONE 12 0.004229
BONE 1 0.995771

VERT 255
OFFSET -0.169102 2.835433 43.200928
BONES 2
BONE 12 0.509510
BONE 1 0.490490

VERT 256
OFFSET -0.088383 5.579419 38.804329
BONES 1
BONE 1 1.000000

VERT 257
OFFSET -0.791509 4.776271 41.881336
BONES 2
BONE 12 0.151457
BONE 1 0.848543

VERT 258
OFFSET -1.956584 6.199400 40.295303
BONES 3
BONE 2 0.003315
BONE 1 0.995589
BONE 12 0.001096

VERT 259
OFFSET -1.906966 4.290273 43.379684
BONES 2
BONE 12 0.357190
BONE 1 0.642810

VERT 260
OFFSET -2.793709 5.015799 42.810535
BONES 3
BONE 1 0.853209
BONE 12 0.145630
BONE 2 0.001161

VERT 261
OFFSET -4.427588 3.792848 43.509079
BONES 2
BONE 12 0.358486
BONE 1 0.641514

VERT 262
OFFSET -4.520333 6.221022 40.255241
BONES 1
BONE 1 1.000000

VERT 263
OFFSET -6.967064 5.099795 41.089790
BONES 2
BONE 1 0.975048
BONE 12 0.024952

VERT 264
OFFSET -7.652673 3.460989 41.503693
BONES 2
BONE 12 0.056703
BONE 1 0.943297

VERT 265
OFFSET -9.234994 4.280138 37.966949
BONES 1
BONE 1 1.000000

VERT 266
OFFSET -8.840093 1.495450 40.385483
BONES 2
BONE 12 0.007831
BONE 1 0.992169

VERT 267
OFFSET -7.943225 0.030991 41.638672
BONES 2
BONE 12 0.054071
BONE 1 0.945929

VERT 268
OFFSET -7.691028 -3.827769 41.361740
BONES 2
BONE 12 0.051300
BONE 1 0.948700

VERT 269
OFFSET -5.247802 -2.891775 43.652626
BONES 2
BONE 1 0.620570
BONE 12 0.379430

VERT 270
OFFSET -5.816179 1.573857 43.530907
BONES 2
BONE 1 0.592766
BONE 12 0.407234

VERT 271
OFFSET -5.018631 1.148014 45.347198
BONES 3
BONE 13 0.002288
BONE 1 0.172395
BONE 12 0.825317

VERT 272
OFFSET -4.689109 2.053778 46.006763
BONES 4
BONE 15 0.000635
BONE 1 0.089859
BONE 12 0.895711
BONE 13 0.013795

VERT 273
OFFSET -3.992223 2.909139 45.549313
BONES 3
BONE 1 0.192091
BONE 12 0.794345
BONE 13 0.013564

VERT 274
OFFSET -2.846988 3.721619 45.009075
BONES 3
BONE 13 0.000002
BONE 1 0.281952
BONE 12 0.718046

VERT 275
OFFSET -2.652145 3.708814 47.249142
BONES 3
BONE 13 0.053370
BONE 1 0.002494
BONE 12 0.944136

VERT 276
OFFSET -5.552619 0.731968 50.706459
BONES 5
BONE 15 0.018035
BONE 1 0.000031
BONE 12 0.469032
BONE 13 0.512720
BONE 16 0.000182

VERT 277
OFFSET -3.991022 3.795255 49.845795
BONES 3
BONE 12 0.474427
BONE 15 0.059939
BONE 13 0.465633

VERT 278
OFFSET -5.131606 2.921642 51.228439
BONES 5
BONE 1 0.000001
BONE 15 0.153906
BONE 16 0.019929
BONE 13 0.538990
BONE 12 0.287175

VERT 279
OFFSET -5.263771 -2.761732 51.521843
BONES 5
BONE 1 0.000001
BONE 13 0.538442
BONE 12 0.288731
BONE 39 0.153039
BONE 40 0.019787

VERT 280
OFFSET -5.330838 2.214858 53.244102
BONES 4
BONE 12 0.061878
BONE 13 0.577148
BONE 15 0.323368
BONE 16 0.037607

VERT 281
OFFSET -5.325307 -2.106245 53.585037
BONES 5
BONE 40 0.041109
BONE 64 0.000055
BONE 13 0.557937
BONE 12 0.040122
BONE 39 0.360777

VERT 282
OFFSET -5.031933 1.916066 54.861286
BONES 6
BONE 65 0.000298
BONE 64 0.066942
BONE 12 0.002475
BONE 13 0.511157
BONE 15 0.391573
BONE 16 0.027555

VERT 283
OFFSET -4.734712 -0.000342 56.080948
BONES 6
BONE 65 0.076105
BONE 15 0.017643
BONE 13 0.492440
BONE 12 0.000297
BONE 64 0.396137
