// Export time: Wed Nov 11 22:47:02 2020

// Exported using Blender v2.90.1
// Export filename: 'E:/blackops3/mod_xmodel/iw4/type97/ch_head_gk_type97_lod2.XMODEL_EXPORT'
// Source filename: 'E:/blackops3/mod_xmodel/iw4/type97/type97.blend'
MODEL
VERSION 6

NUMBONES 54
BONE 0 -1 "tag_origin"
BONE 1 0 "j_spineupper"
BONE 2 1 "j_neck"
BONE 3 2 "j_head"
BONE 4 3 "j_brow_le"
BONE 5 3 "j_brow_ri"
BONE 6 3 "j_browouter_le"
BONE 7 3 "j_browouter_ri"
BONE 8 3 "j_cheek_le"
BONE 9 3 "j_cheek_ri"
BONE 10 3 "j_cheeklower_le"
BONE 11 3 "j_cheeklower_ri"
BONE 12 3 "j_eye_lid_bot_le"
BONE 13 3 "j_eye_lid_bot_ri"
BONE 14 3 "j_eye_lid_top_le"
BONE 15 3 "j_eye_lid_top_ri"
BONE 16 3 "j_eyeball_le"
BONE 17 3 "j_eyeball_ri"
BONE 18 3 "j_head_end"
BONE 19 18 "j_helmet"
BONE 20 3 "j_jaw"
BONE 21 20 "j_chin_skinroll"
BONE 22 20 "j_lip_bot_le"
BONE 23 20 "j_lip_bot_ri"
BONE 24 3 "j_levator_le"
BONE 25 3 "j_levator_ri"
BONE 26 3 "j_lip_top_le"
BONE 27 3 "j_lip_top_ri"
BONE 28 3 "j_mouth_le"
BONE 29 3 "j_mouth_ri"
BONE 30 3 "j_nvg"
BONE 31 3 "tag_eye"
BONE 32 3 "MouthCavity"
BONE 33 3 "MouthMove"
BONE 34 3 "Eye_Rz_L"
BONE 35 34 "CheekUp2_L"
BONE 36 34 "Eye01_S_L"
BONE 37 34 "Eye02_S_L"
BONE 38 34 "Eye03_S_L"
BONE 39 34 "Eye04_S_L"
BONE 40 34 "Eye05_S_L"
BONE 41 34 "Eye06_S_L"
BONE 42 34 "Eye07_S_L"
BONE 43 34 "Eye08_S_L"
BONE 44 3 "Eye_Rz_R"
BONE 45 44 "CheekUp2_R"
BONE 46 44 "Eye01_S_R"
BONE 47 44 "Eye02_S_R"
BONE 48 44 "Eye03_S_R"
BONE 49 44 "Eye04_S_R"
BONE 50 44 "Eye05_S_R"
BONE 51 44 "Eye06_S_R"
BONE 52 44 "Eye07_S_R"
BONE 53 44 "Eye08_S_R"

BONE 0
OFFSET 0.000000 0.000000 0.000000
SCALE 1.000000 1.000000 1.000000
X 1.000000 0.000000 0.000000
Y 0.000000 1.000000 0.000000
Z 0.000000 0.000000 1.000000

BONE 1
OFFSET -2.603821 0.000211 47.516136
SCALE 1.000000 1.000000 1.000000
X 0.020423 -0.000061 0.999791
Y 0.999791 0.000062 -0.020422
Z -0.000060 1.000000 0.000063

BONE 2
OFFSET -2.839037 0.000000 55.295288
SCALE 1.000000 1.000000 1.000000
X 0.309734 -0.000046 0.950823
Y 0.950823 0.000075 -0.309734
Z -0.000057 1.000000 0.000067

BONE 3
OFFSET -2.839035 0.000000 57.772675
SCALE 1.000000 1.000000 1.000000
X 0.216384 -0.000042 0.976308
Y 0.976308 0.000072 -0.216384
Z -0.000061 1.000000 0.000056

BONE 4
OFFSET 0.978270 1.501421 61.459911
SCALE 1.000000 1.000000 1.000000
X 0.000654 0.999998 -0.000130
Y -0.998861 0.000646 -0.047700
Z -0.047699 0.000161 0.998862

BONE 5
OFFSET 0.988579 -1.525597 61.467438
SCALE 1.000000 1.000000 1.000000
X 0.000017 1.000000 0.000126
Y 0.998890 -0.000023 0.047105
Z 0.047105 0.000125 -0.998890

BONE 6
OFFSET 0.619968 2.436624 61.741161
SCALE 1.000000 1.000000 1.000000
X 0.000642 1.000000 -0.000122
Y -0.998865 0.000636 -0.047618
Z -0.047618 0.000152 0.998866

BONE 7
OFFSET 0.649958 -2.409431 61.732132
SCALE 1.000000 1.000000 1.000000
X 0.000037 1.000000 0.000111
Y 0.998893 -0.000042 0.047029
Z 0.047029 0.000109 -0.998893

BONE 8
OFFSET -0.445077 1.745888 59.922695
SCALE 1.000000 1.000000 1.000000
X 0.000656 0.999999 -0.000126
Y -0.998869 0.000649 -0.047533
Z -0.047532 0.000157 0.998870

BONE 9
OFFSET -0.463887 -1.675786 59.983479
SCALE 1.000000 1.000000 1.000000
X 0.000021 1.000000 0.000104
Y 0.998882 -0.000026 0.047281
Z 0.047281 0.000103 -0.998882

BONE 10
OFFSET -0.454517 1.568742 58.815655
SCALE 1.000000 1.000000 1.000000
X 0.170188 0.000001 0.985412
Y 0.985412 0.000006 -0.170188
Z -0.000006 1.000000 0.000000

BONE 11
OFFSET -0.412955 -1.566108 58.843826
SCALE 1.000000 1.000000 1.000000
X 0.170427 0.000001 0.985370
Y 0.985370 0.000009 -0.170427
Z -0.000009 1.000000 0.000001

BONE 12
OFFSET -0.686541 1.062275 60.436497
SCALE 1.000000 1.000000 1.000000
X -0.065612 0.997121 0.038034
Y -0.996945 -0.063886 -0.044926
Z -0.042367 -0.040865 0.998266

BONE 13
OFFSET -0.686245 -1.013425 60.430286
SCALE 1.000000 1.000000 1.000000
X 0.066594 0.997042 -0.038367
Y 0.996925 -0.064897 0.043919
Z 0.041299 -0.041174 -0.998298

BONE 14
OFFSET -0.686141 1.061333 60.505432
SCALE 1.000000 1.000000 1.000000
X -0.065486 0.997130 0.037984
Y -0.996961 -0.063770 -0.044756
Z -0.042205 -0.040799 0.998276

BONE 15
OFFSET -0.685551 -1.014691 60.492981
SCALE 1.000000 1.000000 1.000000
X 0.066548 0.997046 -0.038354
Y 0.996942 -0.064864 0.043578
Z 0.040961 -0.041137 -0.998313

BONE 16
OFFSET -2.198011 0.991069 60.322014
SCALE 1.000000 1.000000 1.000000
X -0.205905 0.978522 -0.010089
Y -0.977366 -0.206151 -0.047529
Z -0.048590 0.000077 0.998820

BONE 17
OFFSET -2.198008 -0.989916 60.322014
SCALE 1.000000 1.000000 1.000000
X 0.207731 0.978137 0.009811
Y 0.977074 -0.207962 0.045598
Z 0.046641 0.000114 -0.998912

BONE 18
OFFSET -2.640095 0.000048 63.064350
SCALE 1.000000 1.000000 1.000000
X 0.170190 0.000009 0.985411
Y 0.985411 -0.000000 -0.170190
Z -0.000001 1.000000 -0.000009

BONE 19
OFFSET -3.555101 0.000051 64.212341
SCALE 1.000000 1.000000 1.000000
X 0.995875 -0.000052 0.090733
Y 0.000067 1.000000 -0.000168
Z -0.090733 0.000173 0.995875

BONE 20
OFFSET -2.375276 0.000490 58.101242
SCALE 1.000000 1.000000 1.000000
X 0.000648 1.000000 -0.000098
Y -0.998853 0.000643 -0.047868
Z -0.047867 0.000129 0.998854

BONE 21
OFFSET 0.417183 -0.001481 56.451256
SCALE 1.000000 1.000000 1.000000
X 0.000647 1.000000 -0.000102
Y -0.998865 0.000642 -0.047616
Z -0.047615 0.000132 0.998866

BONE 22
OFFSET 0.335472 0.288762 58.068745
SCALE 1.000000 1.000000 1.000000
X 0.000648 1.000000 -0.000085
Y -0.998865 0.000644 -0.047615
Z -0.047615 0.000116 0.998866

BONE 23
OFFSET 0.335470 -0.287610 58.068745
SCALE 1.000000 1.000000 1.000000
X 0.000751 1.000000 -0.000033
Y 0.998870 -0.000128 0.047530
Z 0.046586 -0.000068 -0.998914

BONE 24
OFFSET 0.327430 0.525083 59.605629
SCALE 1.000000 1.000000 1.000000
X 0.000648 0.999999 -0.000076
Y -0.998865 0.000644 -0.047619
Z -0.047619 0.000106 0.998866

BONE 25
OFFSET 0.350458 -0.504542 59.610886
SCALE 1.000000 1.000000 1.000000
X 0.000017 1.000000 0.000107
Y 0.998885 -0.000022 0.047198
Z 0.047197 0.000106 -0.998886

BONE 26
OFFSET 0.398790 0.288762 58.277599
SCALE 1.000000 1.000000 1.000000
X 0.000648 1.000000 -0.000090
Y -0.998858 0.000644 -0.047782
Z -0.047781 0.000120 0.998858

BONE 27
OFFSET 0.398790 -0.287610 58.277599
SCALE 1.000000 1.000000 1.000000
X 0.000009 1.000000 0.000126
Y 0.998894 -0.000015 0.047027
Z 0.047026 0.000126 -0.998894

BONE 28
OFFSET 0.276309 0.584232 58.207775
SCALE 1.000000 1.000000 1.000000
X 0.000648 1.000000 -0.000118
Y -0.998857 0.000642 -0.047785
Z -0.047785 0.000149 0.998858

BONE 29
OFFSET 0.276310 -0.583079 58.207767
SCALE 1.000000 1.000000 1.000000
X 0.000008 1.000000 0.000128
Y 0.998886 -0.000014 0.047192
Z 0.047192 0.000127 -0.998886

BONE 30
OFFSET 1.736059 0.000051 62.266544
SCALE 1.000000 1.000000 1.000000
X 0.985410 0.000004 -0.170195
Y -0.170195 0.000000 -0.985410
Z -0.000003 1.000000 0.000001

BONE 31
OFFSET -0.074277 0.000493 60.293056
SCALE 1.000000 1.000000 1.000000
X 0.922506 -0.000095 0.385982
Y 0.000104 1.000000 -0.000002
Z -0.385982 0.000042 0.922506

BONE 32
OFFSET -0.563657 0.000001 58.201775
SCALE 1.000000 1.000000 1.000000
X 0.000000 1.000000 0.000000
Y 0.000000 0.000000 1.000000
Z 1.000000 -0.000000 0.000000

BONE 33
OFFSET 0.414701 0.000001 58.201775
SCALE 1.000000 1.000000 1.000000
X -0.000000 1.000000 -0.000000
Y 0.000000 0.000000 1.000000
Z 1.000000 0.000000 0.000000

BONE 34
OFFSET -0.666052 1.494444 60.564659
SCALE 1.000000 1.000000 1.000000
X -0.000000 1.000000 -0.000000
Y -0.000000 -0.000000 1.000000
Z 1.000000 0.000000 0.000000

BONE 35
OFFSET -1.336698 1.578791 59.471542
SCALE 1.000000 1.000000 1.000000
X -0.000000 1.000000 -0.000000
Y -0.000000 0.000000 1.000000
Z 1.000000 0.000000 0.000000

BONE 36
OFFSET 0.123963 0.906476 60.366302
SCALE 1.000000 1.000000 1.000000
X -0.000000 1.000000 -0.000000
Y -0.000000 -0.000000 1.000000
Z 1.000000 0.000000 0.000000

BONE 37
OFFSET 0.133535 1.072447 60.618637
SCALE 1.000000 1.000000 1.000000
X -0.000000 1.000000 -0.000000
Y -0.000000 -0.000000 1.000000
Z 1.000000 0.000000 0.000000

BONE 38
OFFSET 0.112736 1.604475 60.908482
SCALE 1.000000 1.000000 1.000000
X -0.000000 1.000000 -0.000000
Y -0.000000 0.000000 1.000000
Z 1.000000 0.000000 0.000000

BONE 39
OFFSET 0.014492 2.025679 61.050663
SCALE 1.000000 1.000000 1.000000
X -0.000000 1.000000 -0.000000
Y -0.000000 -0.000000 1.000000
Z 1.000000 0.000000 0.000000

BONE 40
OFFSET -0.227923 2.324638 60.688286
SCALE 1.000000 1.000000 1.000000
X -0.000000 1.000000 -0.000000
Y -0.000000 -0.000000 1.000000
Z 1.000000 0.000000 0.000000

BONE 41
OFFSET -0.313194 2.137208 60.150604
SCALE 1.000000 1.000000 1.000000
X -0.000000 1.000000 -0.000000
Y -0.000000 -0.000000 1.000000
Z 1.000000 0.000000 0.000000

BONE 42
OFFSET -0.079678 1.529614 60.059029
SCALE 1.000000 1.000000 1.000000
X -0.000000 1.000000 -0.000000
Y -0.000000 0.000000 1.000000
Z 1.000000 0.000000 0.000000

BONE 43
OFFSET 0.114563 0.948166 60.194836
SCALE 1.000000 1.000000 1.000000
X -0.000000 1.000000 -0.000000
Y -0.000000 -0.000000 1.000000
Z 1.000000 0.000000 0.000000

BONE 44
OFFSET -0.666051 -1.494017 60.564728
SCALE 1.000000 1.000000 1.000000
X -0.000000 1.000000 -0.000000
Y -0.000000 -0.000000 1.000000
Z 1.000000 0.000000 0.000000

BONE 45
OFFSET -1.336697 -1.578364 59.471603
SCALE 1.000000 1.000000 1.000000
X -0.000000 1.000000 -0.000000
Y -0.000000 0.000000 1.000000
Z 1.000000 0.000000 0.000000

BONE 46
OFFSET 0.122103 -0.905769 60.365139
SCALE 1.000000 1.000000 1.000000
X -0.000000 1.000000 -0.000000
Y -0.000000 -0.000000 1.000000
Z 1.000000 0.000000 0.000000

BONE 47
OFFSET 0.133507 -1.071177 60.618858
SCALE 1.000000 1.000000 1.000000
X -0.000000 1.000000 -0.000000
Y -0.000000 -0.000000 1.000000
Z 1.000000 0.000000 0.000000

BONE 48
OFFSET 0.120842 -1.557892 60.897964
SCALE 1.000000 1.000000 1.000000
X -0.000000 1.000000 -0.000000
Y -0.000000 0.000000 1.000000
Z 1.000000 0.000000 0.000000

BONE 49
OFFSET 0.015727 -2.025996 61.050705
SCALE 1.000000 1.000000 1.000000
X -0.000000 1.000000 -0.000000
Y -0.000000 -0.000000 1.000000
Z 1.000000 0.000000 0.000000

BONE 50
OFFSET -0.227921 -2.325597 60.688633
SCALE 1.000000 1.000000 1.000000
X -0.000000 1.000000 -0.000000
Y -0.000000 -0.000000 1.000000
Z 1.000000 0.000000 0.000000

BONE 51
OFFSET -0.312541 -2.135939 60.151108
SCALE 1.000000 1.000000 1.000000
X -0.000000 1.000000 -0.000000
Y -0.000000 -0.000000 1.000000
Z 1.000000 0.000000 0.000000

BONE 52
OFFSET -0.080501 -1.528342 60.059265
SCALE 1.000000 1.000000 1.000000
X -0.000000 1.000000 -0.000000
Y -0.000000 0.000000 1.000000
Z 1.000000 0.000000 0.000000

BONE 53
OFFSET 0.115236 -0.947094 60.201180
SCALE 1.000000 1.000000 1.000000
X -0.000000 1.000000 -0.000000
Y -0.000000 -0.000000 1.000000
Z 1.000000 0.000000 0.000000


NUMVERTS 2029
VERT 0
OFFSET -2.807863 3.372914 60.569328
BONES 1
BONE 3 1.000000

VERT 1
OFFSET -2.838470 3.214551 60.645355
BONES 1
BONE 3 1.000000

VERT 2
OFFSET -3.030823 3.176780 60.526463
BONES 1
BONE 3 1.000000

VERT 3
OFFSET -3.204633 3.111775 60.357178
BONES 1
BONE 3 1.000000

VERT 4
OFFSET -3.136537 3.303999 60.112984
BONES 1
BONE 3 1.000000

VERT 5
OFFSET -3.088771 3.548404 59.968884
BONES 1
BONE 3 1.000000

VERT 6
OFFSET -2.662375 3.393254 60.602753
BONES 1
BONE 3 1.000000

VERT 7
OFFSET -2.541552 3.160464 60.686436
BONES 1
BONE 3 1.000000

VERT 8
OFFSET -2.745963 3.535498 60.568619
BONES 1
BONE 3 1.000000

VERT 9
OFFSET -2.889221 3.577541 60.438957
BONES 1
BONE 3 1.000000

VERT 10
OFFSET -2.871917 3.849014 60.578144
BONES 1
BONE 3 1.000000

VERT 11
OFFSET -2.501431 3.531049 60.723652
BONES 1
BONE 3 1.000000

VERT 12
OFFSET -2.291622 3.268142 60.665386
BONES 1
BONE 3 1.000000

VERT 13
OFFSET -2.673670 3.750052 60.691128
BONES 1
BONE 3 1.000000

VERT 14
OFFSET -2.468002 3.731236 60.704918
BONES 1
BONE 3 1.000000

VERT 15
OFFSET -2.358217 3.587927 60.686729
BONES 1
BONE 3 1.000000

VERT 16
OFFSET -2.192314 3.256826 60.588020
BONES 1
BONE 3 1.000000

VERT 17
OFFSET -2.015697 3.044320 60.426067
BONES 2
BONE 3 0.986112
BONE 35 0.013888

VERT 18
OFFSET -2.117201 3.097751 60.400536
BONES 1
BONE 3 1.000000

VERT 19
OFFSET -2.257903 3.484869 60.557835
BONES 1
BONE 3 1.000000

VERT 20
OFFSET -2.271379 3.268324 60.317566
BONES 1
BONE 3 1.000000

VERT 21
OFFSET -2.246157 3.108209 60.071140
BONES 1
BONE 3 1.000000

VERT 22
OFFSET -2.305459 3.449765 60.432972
BONES 1
BONE 3 1.000000

VERT 23
OFFSET -2.370721 3.452370 60.445221
BONES 1
BONE 3 1.000000

VERT 24
OFFSET -2.338304 3.245767 60.235416
BONES 1
BONE 3 1.000000

VERT 25
OFFSET -2.391581 3.056743 60.035027
BONES 1
BONE 3 1.000000

VERT 26
OFFSET -2.589899 3.198626 60.149937
BONES 1
BONE 3 1.000000

VERT 27
OFFSET -2.554901 3.305955 60.134392
BONES 1
BONE 3 1.000000

VERT 28
OFFSET -2.445034 3.105152 59.888680
BONES 1
BONE 3 1.000000

VERT 29
OFFSET -2.505892 2.983403 59.913788
BONES 1
BONE 3 1.000000

VERT 30
OFFSET -2.369076 2.934803 59.769718
BONES 2
BONE 35 0.014016
BONE 3 0.985984

VERT 31
OFFSET -2.486079 2.935609 59.661804
BONES 1
BONE 3 1.000000

VERT 32
OFFSET -2.386838 2.811036 59.568821
BONES 1
BONE 3 1.000000

VERT 33
OFFSET -2.382700 2.735138 59.362877
BONES 1
BONE 3 1.000000

VERT 34
OFFSET -2.548577 2.930290 59.240124
BONES 1
BONE 3 1.000000

VERT 35
OFFSET -2.709994 3.052208 59.688267
BONES 1
BONE 3 1.000000

VERT 36
OFFSET -2.707558 3.072923 59.895596
BONES 1
BONE 3 1.000000

VERT 37
OFFSET -2.697070 3.070834 59.396305
BONES 1
BONE 3 1.000000

VERT 38
OFFSET -2.727428 3.145214 59.580582
BONES 1
BONE 3 1.000000

VERT 39
OFFSET -2.433129 2.671183 59.145950
BONES 1
BONE 3 1.000000

VERT 40
OFFSET -2.595753 2.921960 59.146900
BONES 1
BONE 3 1.000000

VERT 41
OFFSET -2.637663 2.870429 59.081776
BONES 1
BONE 3 1.000000

VERT 42
OFFSET -2.584752 2.684149 59.071705
BONES 1
BONE 3 1.000000

VERT 43
OFFSET -2.722388 2.832278 59.123402
BONES 1
BONE 3 1.000000

VERT 44
OFFSET -2.634647 2.454036 59.099327
BONES 1
BONE 3 1.000000

VERT 45
OFFSET -2.780330 3.107472 59.176193
BONES 1
BONE 3 1.000000

VERT 46
OFFSET -2.789685 2.371092 59.177570
BONES 1
BONE 3 1.000000

VERT 47
OFFSET -2.849978 3.025210 59.204941
BONES 1
BONE 3 1.000000

VERT 48
OFFSET -2.902880 2.789702 59.270588
BONES 1
BONE 3 1.000000

VERT 49
OFFSET -3.007542 3.286519 59.381889
BONES 1
BONE 3 1.000000

VERT 50
OFFSET -3.045722 3.147182 59.518097
BONES 1
BONE 3 1.000000

VERT 51
OFFSET -2.950386 3.386750 59.356621
BONES 1
BONE 3 1.000000

VERT 52
OFFSET -3.009360 3.608463 59.585045
BONES 1
BONE 3 1.000000

VERT 53
OFFSET -3.127349 3.561242 59.612328
BONES 1
BONE 3 1.000000

VERT 54
OFFSET -2.863961 3.321681 59.447124
BONES 1
BONE 3 1.000000

VERT 55
OFFSET -2.991971 3.566359 59.673141
BONES 1
BONE 3 1.000000

VERT 56
OFFSET -2.836347 3.470000 59.637547
BONES 1
BONE 3 1.000000

VERT 57
OFFSET -2.749808 3.262573 59.484966
BONES 1
BONE 3 1.000000

VERT 58
OFFSET -2.774754 3.412549 59.651386
BONES 1
BONE 3 1.000000

VERT 59
OFFSET -2.784847 3.335201 59.772259
BONES 1
BONE 3 1.000000

VERT 60
OFFSET -2.765598 3.518230 59.929478
BONES 1
BONE 3 1.000000

VERT 61
OFFSET -2.745250 3.400389 59.971226
BONES 1
BONE 3 1.000000

VERT 62
OFFSET -2.829483 3.585163 59.895195
BONES 1
BONE 3 1.000000

VERT 63
OFFSET -2.630798 3.153007 60.057777
BONES 1
BONE 3 1.000000

VERT 64
OFFSET -2.642649 3.334957 60.060825
BONES 1
BONE 3 1.000000

VERT 65
OFFSET -2.618722 3.572830 60.134724
BONES 1
BONE 3 1.000000

VERT 66
OFFSET -2.529590 3.441676 60.170197
BONES 1
BONE 3 1.000000

VERT 67
OFFSET -2.700176 3.648196 60.121922
BONES 1
BONE 3 1.000000

VERT 68
OFFSET -2.604195 3.611183 60.240501
BONES 1
BONE 3 1.000000

VERT 69
OFFSET -2.765015 3.690191 60.222134
BONES 1
BONE 3 1.000000

VERT 70
OFFSET -2.822030 3.743943 60.241066
BONES 1
BONE 3 1.000000

VERT 71
OFFSET -2.867683 3.769904 60.336044
BONES 1
BONE 3 1.000000

VERT 72
OFFSET -2.965193 3.767390 60.158226
BONES 1
BONE 3 1.000000

VERT 73
OFFSET -3.006084 3.762254 60.010567
BONES 1
BONE 3 1.000000

VERT 74
OFFSET -2.961193 3.816952 60.175419
BONES 1
BONE 3 1.000000

VERT 75
OFFSET -3.007195 3.755536 59.880936
BONES 1
BONE 3 1.000000

VERT 76
OFFSET -2.967838 3.698440 59.929127
BONES 1
BONE 3 1.000000

VERT 77
OFFSET -2.999274 3.820163 59.907734
BONES 1
BONE 3 1.000000

VERT 78
OFFSET -3.080922 3.631106 59.588230
BONES 1
BONE 3 1.000000

VERT 79
OFFSET -2.913766 3.866256 60.160221
BONES 1
BONE 3 1.000000

VERT 80
OFFSET -2.917675 3.950000 60.227402
BONES 1
BONE 3 1.000000

VERT 81
OFFSET -3.081656 3.855666 59.927185
BONES 1
BONE 3 1.000000

VERT 82
OFFSET -3.139748 3.768421 59.962742
BONES 1
BONE 3 1.000000

VERT 83
OFFSET -2.986305 3.973577 60.270302
BONES 1
BONE 3 1.000000

VERT 84
OFFSET -3.067047 3.857559 60.345913
BONES 1
BONE 3 1.000000

VERT 85
OFFSET -3.015531 3.589683 60.218033
BONES 1
BONE 3 1.000000

VERT 86
OFFSET -2.782281 3.873078 60.343906
BONES 1
BONE 3 1.000000

VERT 87
OFFSET -3.113999 3.373763 59.733997
BONES 1
BONE 3 1.000000

VERT 88
OFFSET -3.140939 3.123972 59.779903
BONES 1
BONE 3 1.000000

VERT 89
OFFSET -2.852465 3.964105 60.480553
BONES 1
BONE 3 1.000000

VERT 90
OFFSET -2.665462 3.880693 60.644676
BONES 1
BONE 3 1.000000

VERT 91
OFFSET -2.724391 3.923040 60.485428
BONES 1
BONE 3 1.000000

VERT 92
OFFSET -2.661988 3.848228 60.465195
BONES 1
BONE 3 1.000000

VERT 93
OFFSET -2.744701 3.760746 60.481945
BONES 1
BONE 3 1.000000

VERT 94
OFFSET -2.890535 3.821600 60.342281
BONES 1
BONE 3 1.000000

VERT 95
OFFSET -2.625209 3.729738 60.537888
BONES 1
BONE 3 1.000000

VERT 96
OFFSET -2.658457 3.693186 60.457588
BONES 1
BONE 3 1.000000

VERT 97
OFFSET -2.550116 3.605340 60.454575
BONES 1
BONE 3 1.000000

VERT 98
OFFSET -2.532730 3.637415 60.569160
BONES 1
BONE 3 1.000000

VERT 99
OFFSET -2.505690 3.752965 60.568718
BONES 1
BONE 3 1.000000

VERT 100
OFFSET -2.407588 3.638806 60.544643
BONES 1
BONE 3 1.000000

VERT 101
OFFSET -2.412831 3.724783 60.654667
BONES 1
BONE 3 1.000000

VERT 102
OFFSET -2.572718 3.842512 60.622459
BONES 1
BONE 3 1.000000

VERT 103
OFFSET -2.504634 3.491143 60.224819
BONES 1
BONE 3 1.000000

VERT 104
OFFSET -0.229362 0.159138 57.612152
BONES 2
BONE 3 0.200000
BONE 32 0.800000

VERT 105
OFFSET 0.297880 0.256694 58.175926
BONES 5
BONE 23 0.005559
BONE 22 0.230733
BONE 33 0.660679
BONE 32 0.025085
BONE 28 0.077944

VERT 106
OFFSET -0.221664 0.394794 57.735371
BONES 2
BONE 32 0.800000
BONE 3 0.200000

VERT 107
OFFSET -0.548696 0.132534 57.488598
BONES 2
BONE 32 0.900000
BONE 3 0.100000

VERT 108
OFFSET -0.530048 0.459506 57.632423
BONES 2
BONE 32 0.900000
BONE 3 0.100000

VERT 109
OFFSET -0.508621 0.640051 57.804684
BONES 2
BONE 32 0.900000
BONE 3 0.100000

VERT 110
OFFSET -0.202438 0.574701 57.861462
BONES 2
BONE 32 0.800000
BONE 3 0.200000

VERT 111
OFFSET -0.060943 0.737420 58.166180
BONES 2
BONE 32 1.000000
BONE 3 0.000000

VERT 112
OFFSET -0.376323 0.782058 58.208408
BONES 2
BONE 32 1.000000
BONE 3 0.000000

VERT 113
OFFSET 0.003033 0.721308 58.318092
BONES 2
BONE 32 1.000000
BONE 3 0.000000

VERT 114
OFFSET -0.663337 0.746673 58.143681
BONES 2
BONE 32 1.000000
BONE 3 0.000000

VERT 115
OFFSET -0.466903 0.628334 58.520023
BONES 2
BONE 32 1.000000
BONE 3 0.000000

VERT 116
OFFSET -0.777575 0.568339 58.395763
BONES 2
BONE 32 1.000000
BONE 3 0.000000

VERT 117
OFFSET -0.469190 0.490430 58.735245
BONES 2
BONE 32 1.000000
BONE 3 0.000000

VERT 118
OFFSET -0.058178 0.477598 58.692497
BONES 2
BONE 32 1.000000
BONE 3 0.000000

VERT 119
OFFSET -0.157363 0.648863 58.555622
BONES 2
BONE 32 1.000000
BONE 3 0.000000

VERT 120
OFFSET 0.163787 0.586022 58.596588
BONES 1
BONE 32 1.000000

VERT 121
OFFSET 0.030281 0.310417 58.833202
BONES 2
BONE 32 1.000000
BONE 3 0.000000

VERT 122
OFFSET -0.476572 0.306554 58.858257
BONES 2
BONE 32 1.000000
BONE 3 0.000000

VERT 123
OFFSET -0.957024 0.465996 58.354603
BONES 2
BONE 32 1.000000
BONE 3 0.000000

VERT 124
OFFSET -1.017725 0.306286 58.347836
BONES 1
BONE 32 1.000000

VERT 125
OFFSET -0.482665 0.083362 58.905437
BONES 1
BONE 32 1.000000

VERT 126
OFFSET 0.275508 0.410089 58.704834
BONES 2
BONE 32 1.000000
BONE 3 0.000000

VERT 127
OFFSET 0.374050 0.148849 58.728870
BONES 1
BONE 32 1.000000

VERT 128
OFFSET 0.065674 0.155098 58.882317
BONES 2
BONE 32 1.000000
BONE 3 0.000000

VERT 129
OFFSET -1.159749 0.323014 57.830757
BONES 1
BONE 32 1.000000

VERT 130
OFFSET -0.912327 0.200037 57.542789
BONES 2
BONE 3 0.145000
BONE 32 0.855000

VERT 131
OFFSET -0.925818 0.000000 57.520313
BONES 2
BONE 32 0.855000
BONE 3 0.145000

VERT 132
OFFSET -1.116195 0.513676 57.878498
BONES 2
BONE 32 1.000000
BONE 3 0.000000

VERT 133
OFFSET -0.881231 0.511561 57.678665
BONES 2
BONE 32 0.855000
BONE 3 0.145000

VERT 134
OFFSET -0.834716 0.669018 57.857311
BONES 2
BONE 32 0.855000
BONE 3 0.145000

VERT 135
OFFSET -0.996414 0.666301 57.993237
BONES 2
BONE 32 1.000000
BONE 3 0.000000

VERT 136
OFFSET -0.549191 0.000000 57.464237
BONES 2
BONE 32 0.900000
BONE 3 0.100000

VERT 137
OFFSET -0.230547 0.000001 57.586330
BONES 2
BONE 32 0.800000
BONE 3 0.200000

VERT 138
OFFSET -0.548696 -0.132533 57.488598
BONES 2
BONE 32 0.900000
BONE 3 0.100000

VERT 139
OFFSET -0.229362 -0.159137 57.612152
BONES 2
BONE 3 0.200000
BONE 32 0.800000

VERT 140
OFFSET -0.912328 -0.200034 57.542789
BONES 2
BONE 3 0.145000
BONE 32 0.855000

VERT 141
OFFSET -0.530048 -0.459505 57.632423
BONES 2
BONE 32 0.900000
BONE 3 0.100000

VERT 142
OFFSET -0.221664 -0.394793 57.735371
BONES 2
BONE 32 0.800000
BONE 3 0.200000

VERT 143
OFFSET -0.508621 -0.640050 57.804684
BONES 2
BONE 32 0.900000
BONE 3 0.100000

VERT 144
OFFSET -0.202438 -0.574700 57.861462
BONES 2
BONE 32 0.800000
BONE 3 0.200000

VERT 145
OFFSET -0.060943 -0.737419 58.166180
BONES 2
BONE 32 1.000000
BONE 3 0.000000

VERT 146
OFFSET 0.003033 -0.721306 58.318092
BONES 2
BONE 32 1.000000
BONE 3 0.000000

VERT 147
OFFSET -0.376323 -0.782057 58.208408
BONES 2
BONE 32 1.000000
BONE 3 0.000000

VERT 148
OFFSET -0.157363 -0.648861 58.555622
BONES 2
BONE 32 1.000000
BONE 3 0.000000

VERT 149
OFFSET -0.466903 -0.628333 58.520023
BONES 2
BONE 32 1.000000
BONE 3 0.000000

VERT 150
OFFSET -0.058178 -0.477597 58.692497
BONES 2
BONE 32 1.000000
BONE 3 0.000000

VERT 151
OFFSET -0.469189 -0.490429 58.735245
BONES 2
BONE 32 1.000000
BONE 3 0.000000

VERT 152
OFFSET -0.777574 -0.568338 58.395763
BONES 2
BONE 32 1.000000
BONE 3 0.000000

VERT 153
OFFSET -0.663337 -0.746672 58.143681
BONES 2
BONE 32 1.000000
BONE 3 0.000000

VERT 154
OFFSET 0.163788 -0.586020 58.596588
BONES 1
BONE 32 1.000000

VERT 155
OFFSET 0.030281 -0.310416 58.833202
BONES 2
BONE 32 1.000000
BONE 3 0.000000

VERT 156
OFFSET -0.480263 -0.268053 58.872780
BONES 1
BONE 32 1.000000

VERT 157
OFFSET -0.957024 -0.465995 58.354603
BONES 2
BONE 32 1.000000
BONE 3 0.000000

VERT 158
OFFSET -1.015831 -0.320749 58.357380
BONES 2
BONE 32 1.000000
BONE 3 0.000000

VERT 159
OFFSET -1.008306 -0.093493 58.350967
BONES 1
BONE 32 1.000000

VERT 160
OFFSET 0.287023 -0.390593 58.704487
BONES 1
BONE 32 1.000000

VERT 161
OFFSET -1.168861 -0.128753 57.813641
BONES 1
BONE 32 1.000000

VERT 162
OFFSET 0.394532 -0.058124 58.729893
BONES 1
BONE 32 1.000000

VERT 163
OFFSET 0.074874 -0.069429 58.899017
BONES 1
BONE 32 1.000000

VERT 164
OFFSET -1.135491 -0.478713 57.861046
BONES 1
BONE 32 1.000000

VERT 165
OFFSET -0.881231 -0.511560 57.678665
BONES 2
BONE 32 0.855000
BONE 3 0.145000

VERT 166
OFFSET -0.834716 -0.669017 57.857311
BONES 2
BONE 32 0.855000
BONE 3 0.145000

VERT 167
OFFSET -0.996414 -0.666300 57.993237
BONES 2
BONE 32 1.000000
BONE 3 0.000000

VERT 168
OFFSET -2.223638 1.066354 57.673237
BONES 1
BONE 3 1.000000

VERT 169
OFFSET -2.538449 1.279585 57.928059
BONES 1
BONE 3 1.000000

VERT 170
OFFSET -2.235068 1.154297 57.797562
BONES 1
BONE 3 1.000000

VERT 171
OFFSET -2.421355 1.400701 58.082478
BONES 1
BONE 3 1.000000

VERT 172
OFFSET -2.455965 1.536194 58.229378
BONES 1
BONE 3 1.000000

VERT 173
OFFSET -2.737953 1.398111 58.122818
BONES 1
BONE 3 1.000000

VERT 174
OFFSET -2.642384 1.717103 58.507748
BONES 1
BONE 3 1.000000

VERT 175
OFFSET -2.785019 1.608374 58.452496
BONES 1
BONE 3 1.000000

VERT 176
OFFSET -2.923110 1.508696 58.380733
BONES 1
BONE 3 1.000000

VERT 177
OFFSET -2.939356 1.384028 58.100559
BONES 1
BONE 3 1.000000

VERT 178
OFFSET -3.066056 1.509160 58.552906
BONES 1
BONE 3 1.000000

VERT 179
OFFSET -2.828740 1.981908 58.997822
BONES 1
BONE 3 1.000000

VERT 180
OFFSET -2.689094 1.928405 58.789757
BONES 1
BONE 3 1.000000

VERT 181
OFFSET -2.631761 2.225831 59.053066
BONES 1
BONE 3 1.000000

VERT 182
OFFSET -2.434907 1.885186 58.516670
BONES 1
BONE 3 1.000000

VERT 183
OFFSET -2.229184 1.749800 58.270439
BONES 1
BONE 3 1.000000

VERT 184
OFFSET -2.364735 2.184099 58.788521
BONES 1
BONE 3 1.000000

VERT 185
OFFSET -2.500320 2.354233 59.075954
BONES 1
BONE 3 1.000000

VERT 186
OFFSET -2.925588 2.114334 59.189056
BONES 1
BONE 3 1.000000

VERT 187
OFFSET -2.345821 2.392550 59.056767
BONES 2
BONE 3 0.984642
BONE 35 0.015358

VERT 188
OFFSET -2.041278 2.086879 58.510231
BONES 1
BONE 3 1.000000

VERT 189
OFFSET -1.634788 2.157864 58.440792
BONES 2
BONE 3 0.961279
BONE 35 0.038721

VERT 190
OFFSET -1.769958 2.005228 58.311165
BONES 1
BONE 3 1.000000

VERT 191
OFFSET -1.449605 1.800977 58.025227
BONES 1
BONE 3 1.000000

VERT 192
OFFSET -1.898267 1.634031 58.040089
BONES 1
BONE 3 1.000000

VERT 193
OFFSET -1.866455 1.214385 57.773071
BONES 1
BONE 3 1.000000

VERT 194
OFFSET -1.258030 1.563802 57.787128
BONES 1
BONE 3 1.000000

VERT 195
OFFSET -1.202680 1.967374 58.143269
BONES 2
BONE 35 0.014211
BONE 3 0.985789

VERT 196
OFFSET -1.203131 1.198834 57.556686
BONES 1
BONE 3 1.000000

VERT 197
OFFSET -1.001802 1.456182 57.693851
BONES 1
BONE 3 1.000000

VERT 198
OFFSET -1.970229 1.078266 57.725666
BONES 1
BONE 3 1.000000

VERT 199
OFFSET -1.524413 0.823055 57.480099
BONES 1
BONE 3 1.000000

VERT 200
OFFSET -1.804034 0.791149 57.477028
BONES 1
BONE 3 1.000000

VERT 201
OFFSET -1.552982 0.487756 57.315639
BONES 1
BONE 3 1.000000

VERT 202
OFFSET -0.721833 1.463025 57.733143
BONES 1
BONE 3 1.000000

VERT 203
OFFSET -0.947557 1.858463 58.032730
BONES 2
BONE 35 0.016746
BONE 3 0.983254

VERT 204
OFFSET -0.522917 1.651768 57.963108
BONES 3
BONE 33 0.008246
BONE 35 0.010691
BONE 3 0.981063

VERT 205
OFFSET -0.326841 1.320922 57.795094
BONES 2
BONE 33 0.048620
BONE 3 0.951380

VERT 206
OFFSET -0.623420 1.097797 57.489594
BONES 1
BONE 3 1.000000

VERT 207
OFFSET -0.359791 0.790841 57.395348
BONES 1
BONE 3 1.000000

VERT 208
OFFSET -0.698407 0.832405 57.326000
BONES 1
BONE 3 1.000000

VERT 209
OFFSET -0.929336 1.004364 57.425781
BONES 1
BONE 3 1.000000

VERT 210
OFFSET -0.394775 0.672780 57.281517
BONES 1
BONE 3 1.000000

VERT 211
OFFSET -0.490358 0.579199 57.193111
BONES 1
BONE 3 1.000000

VERT 212
OFFSET -0.703566 0.479074 57.133869
BONES 1
BONE 3 1.000000

VERT 213
OFFSET -0.209916 0.851218 57.552162
BONES 2
BONE 33 0.092561
BONE 3 0.907439

VERT 214
OFFSET -0.254816 0.327620 57.136318
BONES 2
BONE 3 0.999994
BONE 33 0.000006

VERT 215
OFFSET -0.431402 0.335273 57.059914
BONES 1
BONE 3 1.000000

VERT 216
OFFSET -0.217818 0.144018 57.090366
BONES 1
BONE 3 1.000000

VERT 217
OFFSET -0.094135 0.167120 57.234035
BONES 3
BONE 28 0.000439
BONE 3 0.919738
BONE 33 0.079824

VERT 218
OFFSET -0.115142 0.425597 57.325325
BONES 3
BONE 33 0.128937
BONE 3 0.869500
BONE 28 0.001563

VERT 219
OFFSET -0.019500 -0.009275 57.392628
BONES 2
BONE 33 0.157794
BONE 3 0.842206

VERT 220
OFFSET -0.152997 0.037897 57.166042
BONES 2
BONE 33 0.001144
BONE 3 0.998856

VERT 221
OFFSET -0.230263 -0.046977 57.058334
BONES 1
BONE 3 1.000000

VERT 222
OFFSET -0.338995 0.046849 56.975998
BONES 1
BONE 3 1.000000

VERT 223
OFFSET -0.470032 0.124617 56.961086
BONES 1
BONE 3 1.000000

VERT 224
OFFSET -0.595379 0.143582 56.983250
BONES 1
BONE 3 1.000000

VERT 225
OFFSET -0.425115 -0.026695 56.938137
BONES 1
BONE 3 1.000000

VERT 226
OFFSET -0.581846 0.000001 56.942596
BONES 1
BONE 3 1.000000

VERT 227
OFFSET -0.914807 -0.001190 57.054836
BONES 1
BONE 3 1.000000

VERT 228
OFFSET -1.225536 -0.011297 57.178001
BONES 1
BONE 3 1.000000

VERT 229
OFFSET -1.031249 0.542013 57.220566
BONES 1
BONE 3 1.000000

VERT 230
OFFSET -1.187520 0.836898 57.390114
BONES 1
BONE 3 1.000000

VERT 231
OFFSET -1.327003 0.499111 57.280945
BONES 1
BONE 3 1.000000

VERT 232
OFFSET -1.291530 0.161730 57.186604
BONES 1
BONE 3 1.000000

VERT 233
OFFSET -1.471561 0.157365 57.208172
BONES 1
BONE 3 1.000000

VERT 234
OFFSET -0.964483 0.232830 57.104240
BONES 1
BONE 3 1.000000

VERT 235
OFFSET -1.633237 0.399899 57.268719
BONES 1
BONE 3 1.000000

VERT 236
OFFSET -1.758776 0.665462 57.396843
BONES 1
BONE 3 1.000000

VERT 237
OFFSET -1.682497 0.215794 57.188843
BONES 1
BONE 3 1.000000

VERT 238
OFFSET -1.918298 0.743130 57.382782
BONES 1
BONE 3 1.000000

VERT 239
OFFSET -2.080134 0.943332 57.565899
BONES 1
BONE 3 1.000000

VERT 240
OFFSET -2.197250 1.329690 57.977940
BONES 1
BONE 3 1.000000

VERT 241
OFFSET -2.068525 0.729014 57.109905
BONES 1
BONE 3 1.000000

VERT 242
OFFSET -2.407860 1.076428 57.306236
BONES 1
BONE 3 1.000000

VERT 243
OFFSET -2.299305 1.060106 57.464581
BONES 1
BONE 3 1.000000

VERT 244
OFFSET -1.803251 0.549264 57.235634
BONES 1
BONE 3 1.000000

VERT 245
OFFSET -1.883611 0.431239 57.000732
BONES 1
BONE 3 1.000000

VERT 246
OFFSET -2.544509 1.192986 57.529804
BONES 1
BONE 3 1.000000

VERT 247
OFFSET -2.752586 1.298870 57.812096
BONES 1
BONE 3 1.000000

VERT 248
OFFSET -2.811326 1.263377 57.538162
BONES 1
BONE 3 1.000000

VERT 249
OFFSET -2.807420 1.269698 57.659451
BONES 1
BONE 3 1.000000

VERT 250
OFFSET -3.138280 1.355603 58.167553
BONES 1
BONE 3 1.000000

VERT 251
OFFSET -3.138660 1.264404 57.809990
BONES 1
BONE 3 1.000000

VERT 252
OFFSET -3.125899 1.272888 57.696037
BONES 1
BONE 3 1.000000

VERT 253
OFFSET -3.423329 1.194586 57.855469
BONES 1
BONE 3 1.000000

VERT 254
OFFSET -3.523093 1.273212 58.720428
BONES 1
BONE 3 1.000000

VERT 255
OFFSET -3.382330 1.197994 57.957748
BONES 1
BONE 3 1.000000

VERT 256
OFFSET -3.606295 1.134751 58.444626
BONES 1
BONE 3 1.000000

VERT 257
OFFSET -3.966278 0.816606 58.456570
BONES 1
BONE 3 1.000000

VERT 258
OFFSET -4.007845 0.957485 58.950890
BONES 1
BONE 3 1.000000

VERT 259
OFFSET -3.702526 1.291819 59.019253
BONES 1
BONE 3 1.000000

VERT 260
OFFSET -3.957346 1.314828 59.285648
BONES 1
BONE 3 1.000000

VERT 261
OFFSET -3.558692 1.533317 59.186386
BONES 1
BONE 3 1.000000

VERT 262
OFFSET -3.942408 1.467821 59.488770
BONES 1
BONE 3 1.000000

VERT 263
OFFSET -3.239887 1.490054 58.805340
BONES 1
BONE 3 1.000000

VERT 264
OFFSET -3.173106 1.881266 59.221088
BONES 1
BONE 3 1.000000

VERT 265
OFFSET -3.656106 1.960921 59.716869
BONES 1
BONE 3 1.000000

VERT 266
OFFSET -3.374512 2.547683 59.856449
BONES 1
BONE 3 1.000000

VERT 267
OFFSET -4.164602 2.043480 60.306751
BONES 1
BONE 3 1.000000

VERT 268
OFFSET -4.315043 1.669843 60.084938
BONES 1
BONE 3 1.000000

VERT 269
OFFSET -4.502375 1.314643 59.872730
BONES 1
BONE 3 1.000000

VERT 270
OFFSET -3.108606 2.251515 59.432224
BONES 1
BONE 3 1.000000

VERT 271
OFFSET -3.118350 2.638838 59.520569
BONES 1
BONE 3 1.000000

VERT 272
OFFSET -3.254963 2.836360 59.814270
BONES 1
BONE 3 1.000000

VERT 273
OFFSET -3.419483 2.773095 60.210236
BONES 1
BONE 3 1.000000

VERT 274
OFFSET -4.069067 2.468238 60.672405
BONES 1
BONE 3 1.000000

VERT 275
OFFSET -3.380853 2.923587 60.478058
BONES 1
BONE 3 1.000000

VERT 276
OFFSET -4.033335 2.817230 61.242828
BONES 1
BONE 3 1.000000

VERT 277
OFFSET -3.254496 3.003427 60.114067
BONES 1
BONE 3 1.000000

VERT 278
OFFSET -3.199536 3.049562 60.729858
BONES 1
BONE 3 1.000000

VERT 279
OFFSET -3.956278 3.074376 61.744171
BONES 1
BONE 3 1.000000

VERT 280
OFFSET -2.886551 3.129435 60.920486
BONES 1
BONE 3 1.000000

VERT 281
OFFSET -2.404266 3.220631 61.284729
BONES 1
BONE 3 1.000000

VERT 282
OFFSET -3.713713 3.242265 62.298073
BONES 1
BONE 3 1.000000

VERT 283
OFFSET -2.473427 3.150782 60.937763
BONES 1
BONE 3 1.000000

VERT 284
OFFSET -2.317863 3.282870 61.768917
BONES 1
BONE 3 1.000000

VERT 285
OFFSET -1.953591 3.129074 60.777992
BONES 2
BONE 34 0.002669
BONE 3 0.997331

VERT 286
OFFSET -2.143254 3.124303 60.572571
BONES 1
BONE 3 1.000000

VERT 287
OFFSET -1.808111 2.949564 60.259422
BONES 3
BONE 3 0.925646
BONE 34 0.008353
BONE 35 0.066001

VERT 288
OFFSET -2.086202 2.976105 60.092827
BONES 2
BONE 35 0.014960
BONE 3 0.985040

VERT 289
OFFSET -1.564798 3.104244 60.714603
BONES 3
BONE 3 0.965038
BONE 34 0.020790
BONE 35 0.014172

VERT 290
OFFSET -1.446199 2.985386 60.454105
BONES 3
BONE 34 0.044453
BONE 35 0.084019
BONE 3 0.871527

VERT 291
OFFSET -1.407803 2.795316 60.050571
BONES 3
BONE 3 0.694973
BONE 34 0.143044
BONE 35 0.161983

VERT 292
OFFSET -1.029183 2.764089 60.168850
BONES 3
BONE 35 0.181337
BONE 34 0.275539
BONE 3 0.543124

VERT 293
OFFSET -1.099464 3.034616 60.651608
BONES 3
BONE 35 0.053209
BONE 34 0.045671
BONE 3 0.901119

VERT 294
OFFSET -0.804364 2.809649 60.415287
BONES 4
BONE 34 0.289060
BONE 3 0.559322
BONE 40 0.019126
BONE 35 0.132492

VERT 295
OFFSET -0.999077 2.612362 59.757511
BONES 3
BONE 35 0.255288
BONE 34 0.316699
BONE 3 0.428013

VERT 296
OFFSET -1.376792 2.670711 59.707939
BONES 3
BONE 35 0.216769
BONE 34 0.125114
BONE 3 0.658117

VERT 297
OFFSET -0.677328 2.540885 59.910847
BONES 3
BONE 3 0.206458
BONE 35 0.259276
BONE 34 0.534266

VERT 298
OFFSET -0.553981 2.349767 59.140041
BONES 3
BONE 35 0.239141
BONE 3 0.506780
BONE 34 0.254079

VERT 299
OFFSET -0.422331 2.312401 59.277985
BONES 4
BONE 41 0.000797
BONE 34 0.389728
BONE 3 0.384074
BONE 35 0.225401

VERT 300
OFFSET -0.289802 2.214792 59.302799
BONES 4
BONE 35 0.194922
BONE 34 0.469890
BONE 41 0.014847
BONE 3 0.320342

VERT 301
OFFSET -0.651935 2.580689 60.078625
BONES 5
BONE 40 0.002702
BONE 35 0.212491
BONE 34 0.566948
BONE 41 0.047656
BONE 3 0.170204

VERT 302
OFFSET -0.251552 2.177973 59.529831
BONES 5
BONE 42 0.000112
BONE 3 0.161334
BONE 34 0.601481
BONE 41 0.066351
BONE 35 0.170722

VERT 303
OFFSET -0.486117 2.431267 59.927162
BONES 4
BONE 35 0.217292
BONE 34 0.592954
BONE 3 0.041968
BONE 41 0.147786

VERT 304
OFFSET -0.382006 2.348818 59.936337
BONES 4
BONE 40 0.020841
BONE 41 0.259154
BONE 34 0.567212
BONE 35 0.152793

VERT 305
OFFSET -0.273904 2.162712 60.039291
BONES 5
BONE 40 0.006018
BONE 41 0.412165
BONE 34 0.543793
BONE 42 0.035516
BONE 35 0.002508

VERT 306
OFFSET -0.086503 1.811163 59.612583
BONES 5
BONE 3 0.045639
BONE 41 0.052334
BONE 34 0.677156
BONE 35 0.058169
BONE 42 0.166701

VERT 307
OFFSET -0.780176 2.390576 59.045494
BONES 3
BONE 34 0.120140
BONE 3 0.625869
BONE 35 0.253991

VERT 308
OFFSET -0.669527 2.294891 58.831562
BONES 3
BONE 3 0.723342
BONE 35 0.191764
BONE 34 0.084893

VERT 309
OFFSET -0.445868 2.165694 58.731720
BONES 3
BONE 3 0.762596
BONE 35 0.148623
BONE 34 0.088780

VERT 310
OFFSET -1.381060 2.530348 59.249001
BONES 3
BONE 34 0.017528
BONE 35 0.226167
BONE 3 0.756306

VERT 311
OFFSET -0.237575 2.047869 58.782841
BONES 3
BONE 34 0.165100
BONE 3 0.705268
BONE 35 0.129632

VERT 312
OFFSET -0.376524 1.988981 58.482185
BONES 3
BONE 3 0.874736
BONE 35 0.093109
BONE 34 0.032154

VERT 313
OFFSET -0.070656 1.655989 58.360645
BONES 4
BONE 33 0.085032
BONE 3 0.913437
BONE 35 0.000786
BONE 34 0.000745

VERT 314
OFFSET -1.746390 2.673756 59.595116
BONES 3
BONE 3 0.811111
BONE 34 0.017901
BONE 35 0.170988

VERT 315
OFFSET -0.246801 1.636173 58.133953
BONES 3
BONE 35 0.000602
BONE 3 0.947134
BONE 33 0.052264

VERT 316
OFFSET -0.117616 1.930902 58.828735
BONES 3
BONE 3 0.650745
BONE 34 0.230118
BONE 35 0.119138

VERT 317
OFFSET 0.028935 1.624676 58.528378
BONES 4
BONE 33 0.084417
BONE 3 0.818824
BONE 35 0.019933
BONE 34 0.076826

VERT 318
OFFSET -0.814218 2.160199 58.474545
BONES 3
BONE 34 0.002577
BONE 35 0.114551
BONE 3 0.882872

VERT 319
OFFSET -0.658961 1.939638 58.216530
BONES 2
BONE 3 0.947427
BONE 35 0.052573

VERT 320
OFFSET 0.109004 1.360074 58.362247
BONES 2
BONE 3 0.795973
BONE 33 0.204027

VERT 321
OFFSET -0.042581 1.358896 58.117218
BONES 2
BONE 33 0.141654
BONE 3 0.858346

VERT 322
OFFSET 0.079429 1.588139 58.669788
BONES 4
BONE 34 0.188524
BONE 3 0.738989
BONE 35 0.021120
BONE 33 0.051367

VERT 323
OFFSET 0.233981 1.088982 58.361454
BONES 3
BONE 34 0.011854
BONE 3 0.697046
BONE 33 0.291101

VERT 324
OFFSET -1.226900 2.360519 58.776131
BONES 2
BONE 3 0.846233
BONE 35 0.153767

VERT 325
OFFSET -1.355653 2.245002 58.548626
BONES 2
BONE 3 0.907338
BONE 35 0.092662

VERT 326
OFFSET 0.283729 1.183803 58.622410
BONES 3
BONE 34 0.136221
BONE 3 0.713433
BONE 33 0.150346

VERT 327
OFFSET 0.106813 1.553386 59.035431
BONES 5
BONE 42 0.002480
BONE 34 0.559319
BONE 3 0.411648
BONE 33 0.000962
BONE 35 0.025590

VERT 328
OFFSET 0.194152 1.348210 58.927464
BONES 3
BONE 34 0.487301
BONE 33 0.003288
BONE 3 0.509411

VERT 329
OFFSET 0.296707 1.179816 58.863029
BONES 3
BONE 3 0.601268
BONE 33 0.020971
BONE 34 0.377761

VERT 330
OFFSET -0.032810 1.841184 58.948540
BONES 3
BONE 34 0.360614
BONE 3 0.542416
BONE 35 0.096970

VERT 331
OFFSET -0.048358 1.842223 59.263206
BONES 4
BONE 3 0.289888
BONE 34 0.586011
BONE 42 0.008609
BONE 35 0.115492

VERT 332
OFFSET 0.153001 1.320464 59.200104
BONES 3
BONE 34 0.719639
BONE 42 0.005975
BONE 3 0.274386

VERT 333
OFFSET 0.355015 0.988024 59.143318
BONES 3
BONE 43 0.002312
BONE 34 0.497738
BONE 3 0.499950

VERT 334
OFFSET 0.063259 1.460987 59.404285
BONES 4
BONE 43 0.022366
BONE 34 0.754206
BONE 42 0.088456
BONE 3 0.134973

VERT 335
OFFSET 0.016629 1.510023 59.626633
BONES 4
BONE 42 0.243388
BONE 34 0.675460
BONE 43 0.064742
BONE 3 0.016411

VERT 336
OFFSET -0.140779 1.770640 59.872902
BONES 4
BONE 42 0.324740
BONE 34 0.580596
BONE 43 0.002638
BONE 41 0.092027

VERT 337
OFFSET -0.095320 1.602777 59.833229
BONES 4
BONE 43 0.009936
BONE 41 0.002287
BONE 34 0.652613
BONE 42 0.335164

VERT 338
OFFSET -0.227133 1.813564 59.835899
BONES 4
BONE 41 0.073177
BONE 3 0.000000
BONE 34 0.706699
BONE 42 0.220123

VERT 339
OFFSET -0.024379 1.347560 59.844742
BONES 4
BONE 42 0.297135
BONE 34 0.594260
BONE 36 0.002220
BONE 43 0.106385

VERT 340
OFFSET -0.173637 1.608346 59.792969
BONES 4
BONE 42 0.247856
BONE 34 0.737614
BONE 41 0.005951
BONE 43 0.008579

VERT 341
OFFSET 0.088736 1.192765 59.569504
BONES 4
BONE 43 0.142434
BONE 34 0.661236
BONE 3 0.057489
BONE 42 0.138841

VERT 342
OFFSET 0.242201 0.911533 59.467735
BONES 4
BONE 42 0.028644
BONE 3 0.221846
BONE 43 0.120604
BONE 34 0.628905

VERT 343
OFFSET 0.512782 0.756238 59.140945
BONES 3
BONE 34 0.369947
BONE 43 0.002196
BONE 3 0.627856

VERT 344
OFFSET 0.531600 0.806745 58.844196
BONES 3
BONE 3 0.651915
BONE 33 0.127598
BONE 34 0.220487

VERT 345
OFFSET 0.721554 0.573453 59.032318
BONES 3
BONE 34 0.186270
BONE 33 0.016035
BONE 3 0.797695

VERT 346
OFFSET 0.732187 0.589223 58.879826
BONES 3
BONE 33 0.180212
BONE 34 0.079863
BONE 3 0.739925

VERT 347
OFFSET 0.890234 0.317164 59.002514
BONES 3
BONE 3 0.876457
BONE 34 0.018250
BONE 33 0.105294

VERT 348
OFFSET 0.882509 0.234077 58.898792
BONES 3
BONE 28 0.001393
BONE 3 0.758877
BONE 33 0.239731

VERT 349
OFFSET 1.083771 0.000001 58.994442
BONES 2
BONE 33 0.043523
BONE 3 0.956477

VERT 350
OFFSET 0.852041 0.353642 59.100143
BONES 2
BONE 34 0.097547
BONE 3 0.902453

VERT 351
OFFSET 1.047648 0.129256 59.230354
BONES 1
BONE 3 1.000000

VERT 352
OFFSET 0.646230 0.384524 59.377499
BONES 2
BONE 3 0.781061
BONE 34 0.218939

VERT 353
OFFSET 0.386195 0.662449 59.432163
BONES 3
BONE 3 0.483060
BONE 34 0.470728
BONE 43 0.046212

VERT 354
OFFSET 0.911049 0.184514 59.352554
BONES 1
BONE 3 1.000000

VERT 355
OFFSET 0.698685 0.256840 59.459755
BONES 2
BONE 34 0.157537
BONE 3 0.842463

VERT 356
OFFSET 0.285481 0.698038 59.605694
BONES 3
BONE 34 0.537679
BONE 3 0.334872
BONE 43 0.127449

VERT 357
OFFSET 0.198099 0.594416 59.894054
BONES 4
BONE 43 0.159969
BONE 3 0.200148
BONE 34 0.604743
BONE 36 0.035140

VERT 358
OFFSET 0.511826 0.354117 59.731201
BONES 2
BONE 34 0.289722
BONE 3 0.710278

VERT 359
OFFSET 0.137995 0.789758 59.775883
BONES 4
BONE 3 0.103159
BONE 42 0.023478
BONE 34 0.621756
BONE 43 0.251607

VERT 360
OFFSET 0.088861 0.918592 59.672070
BONES 4
BONE 42 0.087397
BONE 3 0.000000
BONE 34 0.691146
BONE 43 0.221457

VERT 361
OFFSET 0.076751 1.091236 59.660812
BONES 4
BONE 42 0.165652
BONE 3 0.000000
BONE 34 0.625762
BONE 43 0.208586

VERT 362
OFFSET 0.032673 1.036663 59.931366
BONES 4
