// Export time: Wed Nov 11 22:46:49 2020

// Exported using Blender v2.90.1
// Export filename: 'E:/blackops3/mod_xmodel/iw4/type97/ch_head_gk_type97_lod1.XMODEL_EXPORT'
// Source filename: 'E:/blackops3/mod_xmodel/iw4/type97/type97.blend'
MODEL
VERSION 6

NUMBONES 54
BONE 0 -1 "tag_origin"
BONE 1 0 "j_spineupper"
BONE 2 1 "j_neck"
BONE 3 2 "j_head"
BONE 4 3 "j_brow_le"
BONE 5 3 "j_brow_ri"
BONE 6 3 "j_browouter_le"
BONE 7 3 "j_browouter_ri"
BONE 8 3 "j_cheek_le"
BONE 9 3 "j_cheek_ri"
BONE 10 3 "j_cheeklower_le"
BONE 11 3 "j_cheeklower_ri"
BONE 12 3 "j_eye_lid_bot_le"
BONE 13 3 "j_eye_lid_bot_ri"
BONE 14 3 "j_eye_lid_top_le"
BONE 15 3 "j_eye_lid_top_ri"
BONE 16 3 "j_eyeball_le"
BONE 17 3 "j_eyeball_ri"
BONE 18 3 "j_head_end"
BONE 19 18 "j_helmet"
BONE 20 3 "j_jaw"
BONE 21 20 "j_chin_skinroll"
BONE 22 20 "j_lip_bot_le"
BONE 23 20 "j_lip_bot_ri"
BONE 24 3 "j_levator_le"
BONE 25 3 "j_levator_ri"
BONE 26 3 "j_lip_top_le"
BONE 27 3 "j_lip_top_ri"
BONE 28 3 "j_mouth_le"
BONE 29 3 "j_mouth_ri"
BONE 30 3 "j_nvg"
BONE 31 3 "tag_eye"
BONE 32 3 "MouthCavity"
BONE 33 3 "MouthMove"
BONE 34 3 "Eye_Rz_L"
BONE 35 34 "CheekUp2_L"
BONE 36 34 "Eye01_S_L"
BONE 37 34 "Eye02_S_L"
BONE 38 34 "Eye03_S_L"
BONE 39 34 "Eye04_S_L"
BONE 40 34 "Eye05_S_L"
BONE 41 34 "Eye06_S_L"
BONE 42 34 "Eye07_S_L"
BONE 43 34 "Eye08_S_L"
BONE 44 3 "Eye_Rz_R"
BONE 45 44 "CheekUp2_R"
BONE 46 44 "Eye01_S_R"
BONE 47 44 "Eye02_S_R"
BONE 48 44 "Eye03_S_R"
BONE 49 44 "Eye04_S_R"
BONE 50 44 "Eye05_S_R"
BONE 51 44 "Eye06_S_R"
BONE 52 44 "Eye07_S_R"
BONE 53 44 "Eye08_S_R"

BONE 0
OFFSET 0.000000 0.000000 0.000000
SCALE 1.000000 1.000000 1.000000
X 1.000000 0.000000 0.000000
Y 0.000000 1.000000 0.000000
Z 0.000000 0.000000 1.000000

BONE 1
OFFSET -2.603821 0.000211 47.516136
SCALE 1.000000 1.000000 1.000000
X 0.020423 -0.000061 0.999791
Y 0.999791 0.000062 -0.020422
Z -0.000060 1.000000 0.000063

BONE 2
OFFSET -2.839037 0.000000 55.295288
SCALE 1.000000 1.000000 1.000000
X 0.309734 -0.000046 0.950823
Y 0.950823 0.000075 -0.309734
Z -0.000057 1.000000 0.000067

BONE 3
OFFSET -2.839035 0.000000 57.772675
SCALE 1.000000 1.000000 1.000000
X 0.216384 -0.000042 0.976308
Y 0.976308 0.000072 -0.216384
Z -0.000061 1.000000 0.000056

BONE 4
OFFSET 0.978270 1.501421 61.459911
SCALE 1.000000 1.000000 1.000000
X 0.000654 0.999998 -0.000130
Y -0.998861 0.000646 -0.047700
Z -0.047699 0.000161 0.998862

BONE 5
OFFSET 0.988579 -1.525597 61.467438
SCALE 1.000000 1.000000 1.000000
X 0.000017 1.000000 0.000126
Y 0.998890 -0.000023 0.047105
Z 0.047105 0.000125 -0.998890

BONE 6
OFFSET 0.619968 2.436624 61.741161
SCALE 1.000000 1.000000 1.000000
X 0.000642 1.000000 -0.000122
Y -0.998865 0.000636 -0.047618
Z -0.047618 0.000152 0.998866

BONE 7
OFFSET 0.649958 -2.409431 61.732132
SCALE 1.000000 1.000000 1.000000
X 0.000037 1.000000 0.000111
Y 0.998893 -0.000042 0.047029
Z 0.047029 0.000109 -0.998893

BONE 8
OFFSET -0.445077 1.745888 59.922695
SCALE 1.000000 1.000000 1.000000
X 0.000656 0.999999 -0.000126
Y -0.998869 0.000649 -0.047533
Z -0.047532 0.000157 0.998870

BONE 9
OFFSET -0.463887 -1.675786 59.983479
SCALE 1.000000 1.000000 1.000000
X 0.000021 1.000000 0.000104
Y 0.998882 -0.000026 0.047281
Z 0.047281 0.000103 -0.998882

BONE 10
OFFSET -0.454517 1.568742 58.815655
SCALE 1.000000 1.000000 1.000000
X 0.170188 0.000001 0.985412
Y 0.985412 0.000006 -0.170188
Z -0.000006 1.000000 0.000000

BONE 11
OFFSET -0.412955 -1.566108 58.843826
SCALE 1.000000 1.000000 1.000000
X 0.170427 0.000001 0.985370
Y 0.985370 0.000009 -0.170427
Z -0.000009 1.000000 0.000001

BONE 12
OFFSET -0.686541 1.062275 60.436497
SCALE 1.000000 1.000000 1.000000
X -0.065612 0.997121 0.038034
Y -0.996945 -0.063886 -0.044926
Z -0.042367 -0.040865 0.998266

BONE 13
OFFSET -0.686245 -1.013425 60.430286
SCALE 1.000000 1.000000 1.000000
X 0.066594 0.997042 -0.038367
Y 0.996925 -0.064897 0.043919
Z 0.041299 -0.041174 -0.998298

BONE 14
OFFSET -0.686141 1.061333 60.505432
SCALE 1.000000 1.000000 1.000000
X -0.065486 0.997130 0.037984
Y -0.996961 -0.063770 -0.044756
Z -0.042205 -0.040799 0.998276

BONE 15
OFFSET -0.685551 -1.014691 60.492981
SCALE 1.000000 1.000000 1.000000
X 0.066548 0.997046 -0.038354
Y 0.996942 -0.064864 0.043578
Z 0.040961 -0.041137 -0.998313

BONE 16
OFFSET -2.198011 0.991069 60.322014
SCALE 1.000000 1.000000 1.000000
X -0.205905 0.978522 -0.010089
Y -0.977366 -0.206151 -0.047529
Z -0.048590 0.000077 0.998820

BONE 17
OFFSET -2.198008 -0.989916 60.322014
SCALE 1.000000 1.000000 1.000000
X 0.207731 0.978137 0.009811
Y 0.977074 -0.207962 0.045598
Z 0.046641 0.000114 -0.998912

BONE 18
OFFSET -2.640095 0.000048 63.064350
SCALE 1.000000 1.000000 1.000000
X 0.170190 0.000009 0.985411
Y 0.985411 -0.000000 -0.170190
Z -0.000001 1.000000 -0.000009

BONE 19
OFFSET -3.555101 0.000051 64.212341
SCALE 1.000000 1.000000 1.000000
X 0.995875 -0.000052 0.090733
Y 0.000067 1.000000 -0.000168
Z -0.090733 0.000173 0.995875

BONE 20
OFFSET -2.375276 0.000490 58.101242
SCALE 1.000000 1.000000 1.000000
X 0.000648 1.000000 -0.000098
Y -0.998853 0.000643 -0.047868
Z -0.047867 0.000129 0.998854

BONE 21
OFFSET 0.417183 -0.001481 56.451256
SCALE 1.000000 1.000000 1.000000
X 0.000647 1.000000 -0.000102
Y -0.998865 0.000642 -0.047616
Z -0.047615 0.000132 0.998866

BONE 22
OFFSET 0.335472 0.288762 58.068745
SCALE 1.000000 1.000000 1.000000
X 0.000648 1.000000 -0.000085
Y -0.998865 0.000644 -0.047615
Z -0.047615 0.000116 0.998866

BONE 23
OFFSET 0.335470 -0.287610 58.068745
SCALE 1.000000 1.000000 1.000000
X 0.000751 1.000000 -0.000033
Y 0.998870 -0.000128 0.047530
Z 0.046586 -0.000068 -0.998914

BONE 24
OFFSET 0.327430 0.525083 59.605629
SCALE 1.000000 1.000000 1.000000
X 0.000648 0.999999 -0.000076
Y -0.998865 0.000644 -0.047619
Z -0.047619 0.000106 0.998866

BONE 25
OFFSET 0.350458 -0.504542 59.610886
SCALE 1.000000 1.000000 1.000000
X 0.000017 1.000000 0.000107
Y 0.998885 -0.000022 0.047198
Z 0.047197 0.000106 -0.998886

BONE 26
OFFSET 0.398790 0.288762 58.277599
SCALE 1.000000 1.000000 1.000000
X 0.000648 1.000000 -0.000090
Y -0.998858 0.000644 -0.047782
Z -0.047781 0.000120 0.998858

BONE 27
OFFSET 0.398790 -0.287610 58.277599
SCALE 1.000000 1.000000 1.000000
X 0.000009 1.000000 0.000126
Y 0.998894 -0.000015 0.047027
Z 0.047026 0.000126 -0.998894

BONE 28
OFFSET 0.276309 0.584232 58.207775
SCALE 1.000000 1.000000 1.000000
X 0.000648 1.000000 -0.000118
Y -0.998857 0.000642 -0.047785
Z -0.047785 0.000149 0.998858

BONE 29
OFFSET 0.276310 -0.583079 58.207767
SCALE 1.000000 1.000000 1.000000
X 0.000008 1.000000 0.000128
Y 0.998886 -0.000014 0.047192
Z 0.047192 0.000127 -0.998886

BONE 30
OFFSET 1.736059 0.000051 62.266544
SCALE 1.000000 1.000000 1.000000
X 0.985410 0.000004 -0.170195
Y -0.170195 0.000000 -0.985410
Z -0.000003 1.000000 0.000001

BONE 31
OFFSET -0.074277 0.000493 60.293056
SCALE 1.000000 1.000000 1.000000
X 0.922506 -0.000095 0.385982
Y 0.000104 1.000000 -0.000002
Z -0.385982 0.000042 0.922506

BONE 32
OFFSET -0.563657 0.000001 58.201775
SCALE 1.000000 1.000000 1.000000
X 0.000000 1.000000 0.000000
Y 0.000000 0.000000 1.000000
Z 1.000000 -0.000000 0.000000

BONE 33
OFFSET 0.414701 0.000001 58.201775
SCALE 1.000000 1.000000 1.000000
X -0.000000 1.000000 -0.000000
Y 0.000000 0.000000 1.000000
Z 1.000000 0.000000 0.000000

BONE 34
OFFSET -0.666052 1.494444 60.564659
SCALE 1.000000 1.000000 1.000000
X -0.000000 1.000000 -0.000000
Y -0.000000 -0.000000 1.000000
Z 1.000000 0.000000 0.000000

BONE 35
OFFSET -1.336698 1.578791 59.471542
SCALE 1.000000 1.000000 1.000000
X -0.000000 1.000000 -0.000000
Y -0.000000 0.000000 1.000000
Z 1.000000 0.000000 0.000000

BONE 36
OFFSET 0.123963 0.906476 60.366302
SCALE 1.000000 1.000000 1.000000
X -0.000000 1.000000 -0.000000
Y -0.000000 -0.000000 1.000000
Z 1.000000 0.000000 0.000000

BONE 37
OFFSET 0.133535 1.072447 60.618637
SCALE 1.000000 1.000000 1.000000
X -0.000000 1.000000 -0.000000
Y -0.000000 -0.000000 1.000000
Z 1.000000 0.000000 0.000000

BONE 38
OFFSET 0.112736 1.604475 60.908482
SCALE 1.000000 1.000000 1.000000
X -0.000000 1.000000 -0.000000
Y -0.000000 0.000000 1.000000
Z 1.000000 0.000000 0.000000

BONE 39
OFFSET 0.014492 2.025679 61.050663
SCALE 1.000000 1.000000 1.000000
X -0.000000 1.000000 -0.000000
Y -0.000000 -0.000000 1.000000
Z 1.000000 0.000000 0.000000

BONE 40
OFFSET -0.227923 2.324638 60.688286
SCALE 1.000000 1.000000 1.000000
X -0.000000 1.000000 -0.000000
Y -0.000000 -0.000000 1.000000
Z 1.000000 0.000000 0.000000

BONE 41
OFFSET -0.313194 2.137208 60.150604
SCALE 1.000000 1.000000 1.000000
X -0.000000 1.000000 -0.000000
Y -0.000000 -0.000000 1.000000
Z 1.000000 0.000000 0.000000

BONE 42
OFFSET -0.079678 1.529614 60.059029
SCALE 1.000000 1.000000 1.000000
X -0.000000 1.000000 -0.000000
Y -0.000000 0.000000 1.000000
Z 1.000000 0.000000 0.000000

BONE 43
OFFSET 0.114563 0.948166 60.194836
SCALE 1.000000 1.000000 1.000000
X -0.000000 1.000000 -0.000000
Y -0.000000 -0.000000 1.000000
Z 1.000000 0.000000 0.000000

BONE 44
OFFSET -0.666051 -1.494017 60.564728
SCALE 1.000000 1.000000 1.000000
X -0.000000 1.000000 -0.000000
Y -0.000000 -0.000000 1.000000
Z 1.000000 0.000000 0.000000

BONE 45
OFFSET -1.336697 -1.578364 59.471603
SCALE 1.000000 1.000000 1.000000
X -0.000000 1.000000 -0.000000
Y -0.000000 0.000000 1.000000
Z 1.000000 0.000000 0.000000

BONE 46
OFFSET 0.122103 -0.905769 60.365139
SCALE 1.000000 1.000000 1.000000
X -0.000000 1.000000 -0.000000
Y -0.000000 -0.000000 1.000000
Z 1.000000 0.000000 0.000000

BONE 47
OFFSET 0.133507 -1.071177 60.618858
SCALE 1.000000 1.000000 1.000000
X -0.000000 1.000000 -0.000000
Y -0.000000 -0.000000 1.000000
Z 1.000000 0.000000 0.000000

BONE 48
OFFSET 0.120842 -1.557892 60.897964
SCALE 1.000000 1.000000 1.000000
X -0.000000 1.000000 -0.000000
Y -0.000000 0.000000 1.000000
Z 1.000000 0.000000 0.000000

BONE 49
OFFSET 0.015727 -2.025996 61.050705
SCALE 1.000000 1.000000 1.000000
X -0.000000 1.000000 -0.000000
Y -0.000000 -0.000000 1.000000
Z 1.000000 0.000000 0.000000

BONE 50
OFFSET -0.227921 -2.325597 60.688633
SCALE 1.000000 1.000000 1.000000
X -0.000000 1.000000 -0.000000
Y -0.000000 -0.000000 1.000000
Z 1.000000 0.000000 0.000000

BONE 51
OFFSET -0.312541 -2.135939 60.151108
SCALE 1.000000 1.000000 1.000000
X -0.000000 1.000000 -0.000000
Y -0.000000 -0.000000 1.000000
Z 1.000000 0.000000 0.000000

BONE 52
OFFSET -0.080501 -1.528342 60.059265
SCALE 1.000000 1.000000 1.000000
X -0.000000 1.000000 -0.000000
Y -0.000000 0.000000 1.000000
Z 1.000000 0.000000 0.000000

BONE 53
OFFSET 0.115236 -0.947094 60.201180
SCALE 1.000000 1.000000 1.000000
X -0.000000 1.000000 -0.000000
Y -0.000000 -0.000000 1.000000
Z 1.000000 0.000000 0.000000


NUMVERTS 4672
VERT 0
OFFSET -2.882661 3.373021 60.520866
BONES 1
BONE 3 1.000000

VERT 1
OFFSET -2.797398 3.372924 60.573368
BONES 1
BONE 3 1.000000

VERT 2
OFFSET -2.838470 3.214551 60.645355
BONES 1
BONE 3 1.000000

VERT 3
OFFSET -3.023485 3.176343 60.537216
BONES 1
BONE 3 1.000000

VERT 4
OFFSET -2.961370 3.392139 60.463810
BONES 1
BONE 3 1.000000

VERT 5
OFFSET -3.040477 3.373200 60.369308
BONES 1
BONE 3 1.000000

VERT 6
OFFSET -3.198039 3.113875 60.363831
BONES 1
BONE 3 1.000000

VERT 7
OFFSET -3.109349 3.380285 60.271145
BONES 1
BONE 3 1.000000

VERT 8
OFFSET -3.128889 3.316900 60.150616
BONES 1
BONE 3 1.000000

VERT 9
OFFSET -3.137938 3.283113 60.029350
BONES 1
BONE 3 1.000000

VERT 10
OFFSET -3.091721 3.535938 59.964577
BONES 1
BONE 3 1.000000

VERT 11
OFFSET -2.640533 3.328360 60.624828
BONES 1
BONE 3 1.000000

VERT 12
OFFSET -2.684355 3.169398 60.673252
BONES 1
BONE 3 1.000000

VERT 13
OFFSET -2.745963 3.535498 60.568619
BONES 1
BONE 3 1.000000

VERT 14
OFFSET -2.821313 3.556385 60.499161
BONES 1
BONE 3 1.000000

VERT 15
OFFSET -2.811249 3.822295 60.622131
BONES 1
BONE 3 1.000000

VERT 16
OFFSET -2.494528 3.400238 60.722755
BONES 1
BONE 3 1.000000

VERT 17
OFFSET -2.373060 3.305280 60.693760
BONES 1
BONE 3 1.000000

VERT 18
OFFSET -2.599721 3.456704 60.645638
BONES 1
BONE 3 1.000000

VERT 19
OFFSET -2.673670 3.750052 60.691128
BONES 1
BONE 3 1.000000

VERT 20
OFFSET -2.527798 3.621904 60.720028
BONES 1
BONE 3 1.000000

VERT 21
OFFSET -2.468002 3.731236 60.704918
BONES 1
BONE 3 1.000000

VERT 22
OFFSET -2.385392 3.637640 60.688732
BONES 1
BONE 3 1.000000

VERT 23
OFFSET -2.317419 3.493434 60.675224
BONES 1
BONE 3 1.000000

VERT 24
OFFSET -2.318551 3.583345 60.606430
BONES 1
BONE 3 1.000000

VERT 25
OFFSET -2.244768 3.222195 60.638493
BONES 1
BONE 3 1.000000

VERT 26
OFFSET -2.238079 3.365209 60.621502
BONES 1
BONE 3 1.000000

VERT 27
OFFSET -2.168555 3.219850 60.554371
BONES 1
BONE 3 1.000000

VERT 28
OFFSET -2.015697 3.044320 60.426067
BONES 2
BONE 3 0.986112
BONE 35 0.013888

VERT 29
OFFSET -2.117201 3.097751 60.400536
BONES 1
BONE 3 1.000000

VERT 30
OFFSET -2.200344 3.339666 60.504555
BONES 1
BONE 3 1.000000

VERT 31
OFFSET -2.265385 3.265334 60.317463
BONES 1
BONE 3 1.000000

VERT 32
OFFSET -2.255988 3.170800 60.159321
BONES 1
BONE 3 1.000000

VERT 33
OFFSET -2.305459 3.449765 60.432972
BONES 1
BONE 3 1.000000

VERT 34
OFFSET -2.364011 3.421841 60.395779
BONES 1
BONE 3 1.000000

VERT 35
OFFSET -2.341483 3.245603 60.235039
BONES 1
BONE 3 1.000000

VERT 36
OFFSET -2.333830 3.316644 60.287823
BONES 1
BONE 3 1.000000

VERT 37
OFFSET -2.337616 3.175659 60.133862
BONES 1
BONE 3 1.000000

VERT 38
OFFSET -2.282607 3.099548 60.041203
BONES 1
BONE 3 1.000000

VERT 39
OFFSET -2.377215 3.077490 60.023132
BONES 1
BONE 3 1.000000

VERT 40
OFFSET -2.368210 3.140840 60.125137
BONES 1
BONE 3 1.000000

VERT 41
OFFSET -2.397425 3.037290 60.028538
BONES 1
BONE 3 1.000000

VERT 42
OFFSET -2.589361 3.197127 60.150375
BONES 1
BONE 3 1.000000

VERT 43
OFFSET -2.465752 3.226059 60.192001
BONES 1
BONE 3 1.000000

VERT 44
OFFSET -2.555137 3.304165 60.134514
BONES 1
BONE 3 1.000000

VERT 45
OFFSET -2.445034 3.105152 59.888680
BONES 1
BONE 3 1.000000

VERT 46
OFFSET -2.486694 3.040521 59.907784
BONES 1
BONE 3 1.000000

VERT 47
OFFSET -2.494524 2.971706 59.910309
BONES 1
BONE 3 1.000000

VERT 48
OFFSET -2.319696 3.007618 59.888077
BONES 1
BONE 3 1.000000

VERT 49
OFFSET -2.471341 2.997273 59.754120
BONES 1
BONE 3 1.000000

VERT 50
OFFSET -2.358239 2.897064 59.738533
BONES 2
BONE 3 0.981717
BONE 35 0.018283

VERT 51
OFFSET -2.487376 2.928871 59.642578
BONES 1
BONE 3 1.000000

VERT 52
OFFSET -2.386838 2.811036 59.568821
BONES 1
BONE 3 1.000000

VERT 53
OFFSET -2.382700 2.735138 59.362877
BONES 1
BONE 3 1.000000

VERT 54
OFFSET -2.526860 2.927013 59.383327
BONES 1
BONE 3 1.000000

VERT 55
OFFSET -2.490033 2.961680 59.756397
BONES 1
BONE 3 1.000000

VERT 56
OFFSET -2.709994 3.052208 59.688267
BONES 1
BONE 3 1.000000

VERT 57
OFFSET -2.708873 3.061638 59.787033
BONES 1
BONE 3 1.000000

VERT 58
OFFSET -2.697070 3.070834 59.396305
BONES 1
BONE 3 1.000000

VERT 59
OFFSET -2.720580 3.137758 59.575447
BONES 1
BONE 3 1.000000

VERT 60
OFFSET -2.542377 2.928532 59.243111
BONES 1
BONE 3 1.000000

VERT 61
OFFSET -2.411318 2.648062 59.177994
BONES 1
BONE 3 1.000000

VERT 62
OFFSET -2.595753 2.921960 59.146900
BONES 1
BONE 3 1.000000

VERT 63
OFFSET -2.499784 2.756470 59.117847
BONES 1
BONE 3 1.000000

VERT 64
OFFSET -2.588139 2.831827 59.088104
BONES 1
BONE 3 1.000000

VERT 65
OFFSET -2.587452 2.720991 59.072670
BONES 1
BONE 3 1.000000

VERT 66
OFFSET -2.664029 2.902361 59.092720
BONES 1
BONE 3 1.000000

VERT 67
OFFSET -2.721229 2.862314 59.115868
BONES 1
BONE 3 1.000000

VERT 68
OFFSET -2.603637 2.631571 59.081787
BONES 1
BONE 3 1.000000

VERT 69
OFFSET -2.758936 2.727427 59.157894
BONES 1
BONE 3 1.000000

VERT 70
OFFSET -2.634647 2.454036 59.099327
BONES 1
BONE 3 1.000000

VERT 71
OFFSET -2.784525 3.109492 59.176060
BONES 1
BONE 3 1.000000

VERT 72
OFFSET -2.733979 3.092376 59.274834
BONES 1
BONE 3 1.000000

VERT 73
OFFSET -2.789685 2.371092 59.177570
BONES 1
BONE 3 1.000000

VERT 74
OFFSET -2.849978 3.025210 59.204941
BONES 1
BONE 3 1.000000

VERT 75
OFFSET -2.906680 2.885775 59.269531
BONES 1
BONE 3 1.000000

VERT 76
OFFSET -3.007542 3.286519 59.381889
BONES 1
BONE 3 1.000000

VERT 77
OFFSET -3.022441 3.052874 59.460678
BONES 1
BONE 3 1.000000

VERT 78
OFFSET -3.070635 3.214780 59.601994
BONES 1
BONE 3 1.000000

VERT 79
OFFSET -2.959969 3.393527 59.363857
BONES 1
BONE 3 1.000000

VERT 80
OFFSET -2.930315 3.389055 59.406036
BONES 1
BONE 3 1.000000

VERT 81
OFFSET -2.992190 3.552517 59.532913
BONES 1
BONE 3 1.000000

VERT 82
OFFSET -3.093633 3.476122 59.530396
BONES 1
BONE 3 1.000000

VERT 83
OFFSET -2.863961 3.321681 59.447124
BONES 1
BONE 3 1.000000

VERT 84
OFFSET -2.940198 3.459389 59.564457
BONES 1
BONE 3 1.000000

VERT 85
OFFSET -2.893323 3.442664 59.568150
BONES 1
BONE 3 1.000000

VERT 86
OFFSET -2.749808 3.262573 59.484966
BONES 1
BONE 3 1.000000

VERT 87
OFFSET -2.762918 3.368323 59.600857
BONES 1
BONE 3 1.000000

VERT 88
OFFSET -2.752714 3.236480 59.673851
BONES 1
BONE 3 1.000000

VERT 89
OFFSET -2.995174 3.571357 59.681782
BONES 1
BONE 3 1.000000

VERT 90
OFFSET -2.909864 3.539012 59.689175
BONES 1
BONE 3 1.000000

VERT 91
OFFSET -2.846447 3.425939 59.571838
BONES 1
BONE 3 1.000000

VERT 92
OFFSET -2.779838 3.448403 59.716743
BONES 1
BONE 3 1.000000

VERT 93
OFFSET -2.784847 3.335201 59.772259
BONES 1
BONE 3 1.000000

VERT 94
OFFSET -2.771227 3.511551 59.908268
BONES 1
BONE 3 1.000000

VERT 95
OFFSET -2.745250 3.400389 59.971226
BONES 1
BONE 3 1.000000

VERT 96
OFFSET -2.710581 3.506916 59.988415
BONES 1
BONE 3 1.000000

VERT 97
OFFSET -2.821179 3.567396 59.881439
BONES 1
BONE 3 1.000000

VERT 98
OFFSET -2.779950 3.583087 59.955631
BONES 1
BONE 3 1.000000

VERT 99
OFFSET -2.859214 3.634216 59.939827
BONES 1
BONE 3 1.000000

VERT 100
OFFSET -2.874331 3.604911 59.865768
BONES 1
BONE 3 1.000000

VERT 101
OFFSET -2.826072 3.496450 59.696564
BONES 1
BONE 3 1.000000

VERT 102
OFFSET -2.707753 3.071069 59.885799
BONES 1
BONE 3 1.000000

VERT 103
OFFSET -2.672235 3.108886 59.965172
BONES 1
BONE 3 1.000000

VERT 104
OFFSET -2.630798 3.153007 60.057777
BONES 1
BONE 3 1.000000

VERT 105
OFFSET -2.688216 3.371522 60.020210
BONES 1
BONE 3 1.000000

VERT 106
OFFSET -2.653089 3.491745 60.046562
BONES 1
BONE 3 1.000000

VERT 107
OFFSET -2.717369 3.583925 60.030216
BONES 1
BONE 3 1.000000

VERT 108
OFFSET -2.591894 3.469360 60.108376
BONES 1
BONE 3 1.000000

VERT 109
OFFSET -2.654880 3.572495 60.092751
BONES 1
BONE 3 1.000000

VERT 110
OFFSET -2.731759 3.645835 60.081524
BONES 1
BONE 3 1.000000

VERT 111
OFFSET -2.621677 3.337844 60.077358
BONES 1
BONE 3 1.000000

VERT 112
OFFSET -2.531516 3.441465 60.170197
BONES 1
BONE 3 1.000000

VERT 113
OFFSET -2.588882 3.551151 60.157616
BONES 1
BONE 3 1.000000

VERT 114
OFFSET -2.672195 3.636441 60.147606
BONES 1
BONE 3 1.000000

VERT 115
OFFSET -2.760951 3.674665 60.129646
BONES 1
BONE 3 1.000000

VERT 116
OFFSET -2.832497 3.675921 60.047932
BONES 1
BONE 3 1.000000

VERT 117
OFFSET -2.608634 3.613971 60.220665
BONES 1
BONE 3 1.000000

VERT 118
OFFSET -2.707213 3.665080 60.203369
BONES 1
BONE 3 1.000000

VERT 119
OFFSET -2.791701 3.693007 60.177765
BONES 1
BONE 3 1.000000

VERT 120
OFFSET -2.747350 3.686252 60.252567
BONES 1
BONE 3 1.000000

VERT 121
OFFSET -2.864101 3.702087 60.082039
BONES 1
BONE 3 1.000000

VERT 122
OFFSET -2.926456 3.700666 59.984684
BONES 1
BONE 3 1.000000

VERT 123
OFFSET -2.825635 3.744537 60.234718
BONES 1
BONE 3 1.000000

VERT 124
OFFSET -2.778733 3.734254 60.316406
BONES 1
BONE 3 1.000000

VERT 125
OFFSET -2.880594 3.770545 60.313656
BONES 1
BONE 3 1.000000

VERT 126
OFFSET -2.965193 3.767390 60.158226
BONES 1
BONE 3 1.000000

VERT 127
OFFSET -3.004206 3.758270 60.022514
BONES 1
BONE 3 1.000000

VERT 128
OFFSET -2.994058 3.784977 60.013329
BONES 1
BONE 3 1.000000

VERT 129
OFFSET -2.961193 3.816952 60.175419
BONES 1
BONE 3 1.000000

VERT 130
OFFSET -2.972467 3.802246 59.995373
BONES 1
BONE 3 1.000000

VERT 131
OFFSET -3.010638 3.740147 59.861282
BONES 1
BONE 3 1.000000

VERT 132
OFFSET -2.976811 3.667426 59.854954
BONES 1
BONE 3 1.000000

VERT 133
OFFSET -2.891019 3.671962 59.967464
BONES 1
BONE 3 1.000000

VERT 134
OFFSET -3.003157 3.787212 59.853142
BONES 1
BONE 3 1.000000

VERT 135
OFFSET -3.010823 3.663634 59.659798
BONES 1
BONE 3 1.000000

VERT 136
OFFSET -2.928193 3.635337 59.859291
BONES 1
BONE 3 1.000000

VERT 137
OFFSET -3.095578 3.676190 59.662678
BONES 1
BONE 3 1.000000

VERT 138
OFFSET -2.802967 3.648294 60.012012
BONES 1
BONE 3 1.000000

VERT 139
OFFSET -2.913766 3.866256 60.160221
BONES 1
BONE 3 1.000000

VERT 140
OFFSET -2.988202 3.857283 59.981567
BONES 1
BONE 3 1.000000

VERT 141
OFFSET -2.942410 3.933933 60.165718
BONES 1
BONE 3 1.000000

VERT 142
OFFSET -3.067765 3.884711 59.995483
BONES 1
BONE 3 1.000000

VERT 143
OFFSET -3.087261 3.824650 59.873760
BONES 1
BONE 3 1.000000

VERT 144
OFFSET -3.140949 3.743273 59.912117
BONES 1
BONE 3 1.000000

VERT 145
OFFSET -3.125201 3.798344 60.065655
BONES 1
BONE 3 1.000000

VERT 146
OFFSET -3.009035 3.957342 60.201698
BONES 1
BONE 3 1.000000

VERT 147
OFFSET -3.090412 3.848859 60.269131
BONES 1
BONE 3 1.000000

VERT 148
OFFSET -3.020242 3.588589 60.199333
BONES 1
BONE 3 1.000000

VERT 149
OFFSET -2.966098 3.573153 60.309467
BONES 1
BONE 3 1.000000

VERT 150
OFFSET -2.950185 3.976195 60.328438
BONES 1
BONE 3 1.000000

VERT 151
OFFSET -2.870458 3.949287 60.295704
BONES 1
BONE 3 1.000000

VERT 152
OFFSET -2.831647 3.873896 60.283234
BONES 1
BONE 3 1.000000

VERT 153
OFFSET -3.057732 3.565666 60.075218
BONES 1
BONE 3 1.000000

VERT 154
OFFSET -3.135101 3.611707 59.678894
BONES 1
BONE 3 1.000000

VERT 155
OFFSET -3.113999 3.373763 59.733997
BONES 1
BONE 3 1.000000

VERT 156
OFFSET -3.047264 3.568310 59.513271
BONES 1
BONE 3 1.000000

VERT 157
OFFSET -3.140939 3.123972 59.779903
BONES 1
BONE 3 1.000000

VERT 158
OFFSET -3.118576 2.998616 59.607414
BONES 1
BONE 3 1.000000

VERT 159
OFFSET -2.896395 3.577368 60.429966
BONES 1
BONE 3 1.000000

VERT 160
OFFSET -3.044506 3.857423 60.385849
BONES 1
BONE 3 1.000000

VERT 161
OFFSET -2.926365 3.855296 60.522522
BONES 1
BONE 3 1.000000

VERT 162
OFFSET -2.852465 3.964105 60.480553
BONES 1
BONE 3 1.000000

VERT 163
OFFSET -2.727087 3.910723 60.601807
BONES 1
BONE 3 1.000000

VERT 164
OFFSET -2.777838 3.938020 60.426838
BONES 1
BONE 3 1.000000

VERT 165
OFFSET -2.754306 3.868420 60.373497
BONES 1
BONE 3 1.000000

VERT 166
OFFSET -2.661988 3.848228 60.465195
BONES 1
BONE 3 1.000000

VERT 167
OFFSET -2.681004 3.905213 60.530651
BONES 1
BONE 3 1.000000

VERT 168
OFFSET -2.723666 3.780284 60.487419
BONES 1
BONE 3 1.000000

VERT 169
OFFSET -2.825250 3.807759 60.406826
BONES 1
BONE 3 1.000000

VERT 170
OFFSET -2.625209 3.729738 60.537888
BONES 1
BONE 3 1.000000

VERT 171
OFFSET -2.747965 3.749532 60.471161
BONES 1
BONE 3 1.000000

VERT 172
OFFSET -2.829623 3.762513 60.383945
BONES 1
BONE 3 1.000000

VERT 173
OFFSET -2.715779 3.712548 60.405193
BONES 1
BONE 3 1.000000

VERT 174
OFFSET -2.635323 3.688497 60.479431
BONES 1
BONE 3 1.000000

VERT 175
OFFSET -2.622618 3.640489 60.405403
BONES 1
BONE 3 1.000000

VERT 176
OFFSET -2.540145 3.599943 60.464100
BONES 1
BONE 3 1.000000

VERT 177
OFFSET -2.578656 3.605883 60.346840
BONES 1
BONE 3 1.000000

VERT 178
OFFSET -2.643698 3.639889 60.283813
BONES 1
BONE 3 1.000000

VERT 179
OFFSET -2.544249 3.564367 60.283958
BONES 1
BONE 3 1.000000

VERT 180
OFFSET -2.504762 3.558246 60.411392
BONES 1
BONE 3 1.000000

VERT 181
OFFSET -2.482803 3.584948 60.538544
BONES 1
BONE 3 1.000000

VERT 182
OFFSET -2.541052 3.631180 60.538433
BONES 1
BONE 3 1.000000

VERT 183
OFFSET -2.541441 3.644568 60.570290
BONES 1
BONE 3 1.000000

VERT 184
OFFSET -2.478028 3.726595 60.571556
BONES 1
BONE 3 1.000000

VERT 185
OFFSET -2.428414 3.663901 60.556358
BONES 1
BONE 3 1.000000

VERT 186
OFFSET -2.393166 3.613180 60.528419
BONES 1
BONE 3 1.000000

VERT 187
OFFSET -2.410808 3.491210 60.481880
BONES 1
BONE 3 1.000000

VERT 188
OFFSET -2.358837 3.556265 60.500484
BONES 1
BONE 3 1.000000

VERT 189
OFFSET -2.263916 3.494778 60.558159
BONES 1
BONE 3 1.000000

VERT 190
OFFSET -2.370342 3.672527 60.636570
BONES 1
BONE 3 1.000000

VERT 191
OFFSET -2.445613 3.751246 60.660400
BONES 1
BONE 3 1.000000

VERT 192
OFFSET -2.572718 3.842512 60.622459
BONES 1
BONE 3 1.000000

VERT 193
OFFSET -2.567014 3.799077 60.536037
BONES 1
BONE 3 1.000000

VERT 194
OFFSET -2.602490 3.831944 60.677357
BONES 1
BONE 3 1.000000

VERT 195
OFFSET -2.455713 3.498451 60.336277
BONES 1
BONE 3 1.000000

VERT 196
OFFSET -2.429714 3.426790 60.253281
BONES 1
BONE 3 1.000000

VERT 197
OFFSET -2.528486 3.509709 60.219944
BONES 1
BONE 3 1.000000

VERT 198
OFFSET -2.432768 3.382301 60.228405
BONES 1
BONE 3 1.000000

VERT 199
OFFSET -2.436830 3.348228 60.201916
BONES 1
BONE 3 1.000000

VERT 200
OFFSET -2.448640 3.279578 60.184071
BONES 1
BONE 3 1.000000

VERT 201
OFFSET -2.688528 3.670848 60.339645
BONES 1
BONE 3 1.000000

VERT 202
OFFSET -2.910299 3.821823 60.317116
BONES 1
BONE 3 1.000000

VERT 203
OFFSET -2.498286 2.536322 59.091511
BONES 1
BONE 3 1.000000

VERT 204
OFFSET -2.499954 2.364551 59.077164
BONES 1
BONE 3 1.000000

VERT 205
OFFSET -2.429796 2.439230 59.165939
BONES 1
BONE 3 1.000000

VERT 206
OFFSET -2.546803 2.504796 59.074413
BONES 1
BONE 3 1.000000

VERT 207
OFFSET -0.230330 0.110992 57.599098
BONES 2
BONE 32 0.800000
BONE 3 0.200000

VERT 208
OFFSET -0.228235 0.221983 57.638134
BONES 2
BONE 32 0.800000
BONE 3 0.200000

VERT 209
OFFSET 0.309663 0.197046 58.178806
BONES 6
BONE 28 0.044598
BONE 32 0.015730
BONE 33 0.690756
BONE 22 0.233974
BONE 23 0.014942
BONE 29 0.000000

VERT 210
OFFSET -0.221664 0.394794 57.735371
BONES 2
BONE 32 0.800000
BONE 3 0.200000

VERT 211
OFFSET -0.542797 0.268168 57.546097
BONES 2
BONE 32 0.900000
BONE 3 0.100000

VERT 212
OFFSET -0.547489 0.134084 57.487999
BONES 2
BONE 32 0.900000
BONE 3 0.100000

VERT 213
OFFSET -0.530048 0.459506 57.632423
BONES 2
BONE 32 0.900000
BONE 3 0.100000

VERT 214
OFFSET -0.508621 0.640051 57.804684
BONES 2
BONE 32 0.900000
BONE 3 0.100000

VERT 215
OFFSET -0.202438 0.574701 57.861462
BONES 2
BONE 32 0.800000
BONE 3 0.200000

VERT 216
OFFSET 0.295427 0.285827 58.178299
BONES 6
BONE 28 0.093627
BONE 32 0.029385
BONE 33 0.647900
BONE 22 0.228988
BONE 23 0.000101
BONE 29 0.000000

VERT 217
OFFSET -0.060943 0.737420 58.166180
BONES 2
BONE 32 1.000000
BONE 3 0.000000

VERT 218
OFFSET 0.245932 0.502052 58.184692
BONES 6
BONE 32 0.123190
BONE 28 0.198100
BONE 33 0.572275
BONE 22 0.106436
BONE 29 0.000000
BONE 26 0.000000

VERT 219
OFFSET 0.261713 0.441969 58.182274
BONES 6
BONE 32 0.079551
BONE 28 0.168650
BONE 33 0.558165
BONE 22 0.193634
BONE 29 0.000000
BONE 26 0.000000

VERT 220
OFFSET -0.376323 0.782058 58.208408
BONES 2
BONE 32 1.000000
BONE 3 0.000000

VERT 221
OFFSET 0.003033 0.721308 58.318092
BONES 2
BONE 32 1.000000
BONE 3 0.000000

VERT 222
OFFSET 0.218435 0.570328 58.241238
BONES 7
BONE 32 0.198183
BONE 3 0.000000
BONE 33 0.554410
BONE 28 0.232010
BONE 26 0.015396
BONE 22 0.000000
BONE 29 0.000000

VERT 223
OFFSET -0.663337 0.746673 58.143681
BONES 2
BONE 32 1.000000
BONE 3 0.000000

VERT 224
OFFSET -0.466903 0.628334 58.520023
BONES 2
BONE 32 1.000000
BONE 3 0.000000

VERT 225
OFFSET -0.777575 0.568339 58.395763
BONES 2
BONE 32 1.000000
BONE 3 0.000000

VERT 226
OFFSET -0.469190 0.490430 58.735245
BONES 2
BONE 32 1.000000
BONE 3 0.000000

VERT 227
OFFSET -0.058178 0.477598 58.692497
BONES 2
BONE 32 1.000000
BONE 3 0.000000

VERT 228
OFFSET -0.157363 0.648863 58.555622
BONES 2
BONE 32 1.000000
BONE 3 0.000000

VERT 229
OFFSET 0.123114 0.618413 58.567207
BONES 2
BONE 32 1.000000
BONE 3 0.000000

VERT 230
OFFSET 0.175922 0.560507 58.615036
BONES 2
BONE 32 1.000000
BONE 3 0.000000

VERT 231
OFFSET 0.030281 0.310417 58.833202
BONES 2
BONE 32 1.000000
BONE 3 0.000000

VERT 232
OFFSET -0.476572 0.306554 58.858257
BONES 2
BONE 32 1.000000
BONE 3 0.000000

VERT 233
OFFSET -0.957024 0.465996 58.354603
BONES 2
BONE 32 1.000000
BONE 3 0.000000

VERT 234
OFFSET -1.015831 0.320750 58.357380
BONES 2
BONE 32 1.000000
BONE 3 0.000000

VERT 235
OFFSET -1.011128 0.160375 58.352406
BONES 2
BONE 32 1.000000
BONE 3 0.000000

VERT 236
OFFSET -0.480980 0.149329 58.893536
BONES 2
BONE 32 1.000000
BONE 3 0.000000

VERT 237
OFFSET 0.275508 0.410089 58.704834
BONES 2
BONE 32 1.000000
BONE 3 0.000000

VERT 238
OFFSET 0.278109 0.420030 58.235149
BONES 6
BONE 32 0.058244
BONE 28 0.171925
BONE 33 0.611149
BONE 26 0.158682
BONE 29 0.000000
BONE 22 0.000000

VERT 239
OFFSET 0.345310 0.225806 58.722427
BONES 2
BONE 32 1.000000
BONE 3 0.000000

VERT 240
OFFSET 0.334192 0.200014 58.224106
BONES 7
BONE 32 0.011574
BONE 28 0.047600
BONE 33 0.724164
BONE 26 0.197226
BONE 27 0.019436
BONE 29 0.000000
BONE 23 0.000000

VERT 241
OFFSET 0.384116 0.112904 58.726486
BONES 2
BONE 32 1.000000
BONE 3 0.000000

VERT 242
OFFSET 0.065674 0.155098 58.882317
BONES 2
BONE 32 1.000000
BONE 3 0.000000

VERT 243
OFFSET -1.164793 0.180526 57.818150
BONES 2
BONE 32 1.000000
BONE 3 0.000000

VERT 244
OFFSET -1.006426 0.000000 58.347450
BONES 2
BONE 32 1.000000
BONE 3 0.000000

VERT 245
OFFSET -1.170021 0.000000 57.816128
BONES 2
BONE 32 1.000000
BONE 3 0.000000

VERT 246
OFFSET 0.342882 0.100007 58.216892
BONES 5
BONE 28 0.022158
BONE 33 0.723297
BONE 26 0.146407
BONE 27 0.108138
BONE 29 0.000000

VERT 247
OFFSET 0.395200 0.000001 58.730549
BONES 2
BONE 32 1.000000
BONE 3 0.000000

VERT 248
OFFSET 0.076281 0.000001 58.898296
BONES 2
BONE 32 1.000000
BONE 3 0.000000

VERT 249
OFFSET -0.918287 0.156645 57.531467
BONES 2
BONE 32 0.855000
BONE 3 0.145000

VERT 250
OFFSET -0.925818 0.000000 57.520313
BONES 2
BONE 32 0.855000
BONE 3 0.145000

VERT 251
OFFSET -0.906979 0.313290 57.589439
BONES 2
BONE 32 0.855000
BONE 3 0.145000

VERT 252
OFFSET -1.155794 0.361051 57.832565
BONES 2
BONE 32 1.000000
BONE 3 0.000000

VERT 253
OFFSET -1.116195 0.513676 57.878498
BONES 2
BONE 32 1.000000
BONE 3 0.000000

VERT 254
OFFSET -0.881231 0.511561 57.678665
BONES 2
BONE 32 0.855000
BONE 3 0.145000

VERT 255
OFFSET -0.834716 0.669018 57.857311
BONES 2
BONE 32 0.855000
BONE 3 0.145000

VERT 256
OFFSET -0.996414 0.666301 57.993237
BONES 2
BONE 32 1.000000
BONE 3 0.000000

VERT 257
OFFSET -0.549191 0.000000 57.464237
BONES 2
BONE 32 0.900000
BONE 3 0.100000

VERT 258
OFFSET -0.230547 0.000001 57.586330
BONES 2
BONE 32 0.800000
BONE 3 0.200000

VERT 259
OFFSET -0.547489 -0.134083 57.487999
BONES 2
BONE 32 0.900000
BONE 3 0.100000

VERT 260
OFFSET -0.230330 -0.110990 57.599098
BONES 2
BONE 32 0.800000
BONE 3 0.200000

VERT 261
OFFSET -0.542797 -0.268167 57.546097
BONES 2
BONE 32 0.900000
BONE 3 0.100000

VERT 262
OFFSET -0.228235 -0.221982 57.638134
BONES 2
BONE 32 0.800000
BONE 3 0.200000

VERT 263
OFFSET 0.309663 -0.197045 58.178806
BONES 6
BONE 29 0.044540
BONE 32 0.015766
BONE 33 0.692339
BONE 23 0.229787
BONE 22 0.017569
BONE 28 0.000000

VERT 264
OFFSET -0.918287 -0.156644 57.531467
BONES 2
BONE 32 0.855000
BONE 3 0.145000

VERT 265
OFFSET -0.906979 -0.313289 57.589439
BONES 2
BONE 32 0.855000
BONE 3 0.145000

VERT 266
OFFSET -0.530048 -0.459505 57.632423
BONES 2
BONE 32 0.900000
BONE 3 0.100000

VERT 267
OFFSET -0.221664 -0.394793 57.735371
BONES 2
BONE 32 0.800000
BONE 3 0.200000

VERT 268
OFFSET -0.508621 -0.640050 57.804684
BONES 2
BONE 32 0.900000
BONE 3 0.100000

VERT 269
OFFSET -0.202438 -0.574700 57.861462
BONES 2
BONE 32 0.800000
BONE 3 0.200000

VERT 270
OFFSET -0.060943 -0.737419 58.166180
BONES 2
BONE 32 1.000000
BONE 3 0.000000

VERT 271
OFFSET 0.216077 -0.578994 58.220177
BONES 7
BONE 32 0.208797
BONE 3 0.000000
BONE 33 0.552345
BONE 29 0.234833
BONE 27 0.000037
BONE 23 0.003989
BONE 28 0.000000

VERT 272
OFFSET 0.003033 -0.721306 58.318092
BONES 2
BONE 32 1.000000
BONE 3 0.000000

VERT 273
OFFSET -0.376323 -0.782057 58.208408
BONES 2
BONE 32 1.000000
BONE 3 0.000000

VERT 274
OFFSET -0.157363 -0.648861 58.555622
BONES 2
BONE 32 1.000000
BONE 3 0.000000

VERT 275
OFFSET -0.466903 -0.628333 58.520023
BONES 2
BONE 32 1.000000
BONE 3 0.000000

VERT 276
OFFSET -0.058178 -0.477597 58.692497
BONES 2
BONE 32 1.000000
BONE 3 0.000000

VERT 277
OFFSET -0.469189 -0.490429 58.735245
BONES 2
BONE 32 1.000000
BONE 3 0.000000

VERT 278
OFFSET -0.777574 -0.568338 58.395763
BONES 2
BONE 32 1.000000
BONE 3 0.000000

VERT 279
OFFSET -0.663337 -0.746672 58.143681
BONES 2
BONE 32 1.000000
BONE 3 0.000000

VERT 280
OFFSET 0.123114 -0.618412 58.567207
BONES 2
BONE 32 1.000000
BONE 3 0.000000

VERT 281
OFFSET 0.175922 -0.560506 58.615036
BONES 2
BONE 32 1.000000
BONE 3 0.000000

VERT 282
OFFSET 0.030281 -0.310416 58.833202
BONES 2
BONE 32 1.000000
BONE 3 0.000000

VERT 283
OFFSET -0.476572 -0.306553 58.858257
BONES 2
BONE 32 1.000000
BONE 3 0.000000

VERT 284
OFFSET -0.957024 -0.465995 58.354603
BONES 2
BONE 32 1.000000
BONE 3 0.000000

VERT 285
OFFSET -1.015831 -0.320749 58.357380
BONES 2
BONE 32 1.000000
BONE 3 0.000000

VERT 286
OFFSET -1.011128 -0.160374 58.352406
BONES 2
BONE 32 1.000000
BONE 3 0.000000

VERT 287
OFFSET -0.480980 -0.149328 58.893536
BONES 2
BONE 32 1.000000
BONE 3 0.000000

VERT 288
OFFSET 0.275508 -0.410087 58.704834
BONES 2
BONE 32 1.000000
BONE 3 0.000000

VERT 289
OFFSET 0.278109 -0.420029 58.235153
BONES 7
BONE 32 0.057538
BONE 29 0.170012
BONE 33 0.603738
BONE 27 0.168712
BONE 23 0.000000
BONE 28 0.000000
BONE 26 0.000000

VERT 290
OFFSET 0.345310 -0.225805 58.722427
BONES 2
BONE 32 1.000000
BONE 3 0.000000

VERT 291
OFFSET 0.293783 -0.362920 58.230419
BONES 7
BONE 32 0.019989
BONE 29 0.153397
BONE 33 0.613327
BONE 27 0.213286
BONE 28 0.000000
BONE 23 0.000000
BONE 26 0.000000

VERT 292
OFFSET -1.164793 -0.180525 57.818150
BONES 2
BONE 32 1.000000
BONE 3 0.000000

VERT 293
OFFSET 0.384116 -0.112902 58.726486
BONES 2
BONE 32 1.000000
BONE 3 0.000000

VERT 294
OFFSET 0.065674 -0.155097 58.882317
BONES 2
BONE 32 1.000000
BONE 3 0.000000

VERT 295
OFFSET -1.155794 -0.361050 57.832565
BONES 2
BONE 32 1.000000
BONE 3 0.000000

VERT 296
OFFSET -0.881231 -0.511560 57.678665
BONES 2
BONE 32 0.855000
BONE 3 0.145000

VERT 297
OFFSET -1.116195 -0.513675 57.878498
BONES 2
BONE 32 1.000000
BONE 3 0.000000

VERT 298
OFFSET -0.834716 -0.669017 57.857311
BONES 2
BONE 32 0.855000
BONE 3 0.145000

VERT 299
OFFSET -0.996414 -0.666300 57.993237
BONES 2
BONE 32 1.000000
BONE 3 0.000000

VERT 300
OFFSET -0.490890 0.000000 58.905823
BONES 2
BONE 32 1.000000
BONE 3 0.000000

VERT 301
OFFSET -2.238066 1.041968 57.567539
BONES 1
BONE 3 1.000000

VERT 302
OFFSET -2.229353 1.086030 57.702549
BONES 1
BONE 3 1.000000

VERT 303
OFFSET -2.414004 1.182876 57.784935
BONES 1
BONE 3 1.000000

VERT 304
OFFSET -2.376970 1.238515 57.899250
BONES 1
BONE 3 1.000000

VERT 305
OFFSET -2.185485 1.157688 57.801937
BONES 1
BONE 3 1.000000

VERT 306
OFFSET -2.311072 1.326957 57.995701
BONES 1
BONE 3 1.000000

VERT 307
OFFSET -2.566617 1.315705 57.986927
BONES 1
BONE 3 1.000000

VERT 308
OFFSET -2.485622 1.395788 58.083534
BONES 1
BONE 3 1.000000

VERT 309
OFFSET -2.395149 1.497832 58.172226
BONES 1
BONE 3 1.000000

VERT 310
OFFSET -2.543668 1.564727 58.294685
BONES 1
BONE 3 1.000000

VERT 311
OFFSET -2.662262 1.462164 58.197388
BONES 1
BONE 3 1.000000

VERT 312
OFFSET -2.756135 1.388591 58.094036
BONES 1
BONE 3 1.000000

VERT 313
OFFSET -2.598816 1.272457 57.849762
BONES 1
BONE 3 1.000000

VERT 314
OFFSET -2.423059 1.698601 58.349709
BONES 1
BONE 3 1.000000

VERT 315
OFFSET -2.583427 1.722659 58.473904
BONES 1
BONE 3 1.000000

VERT 316
OFFSET -2.701736 1.604267 58.403572
BONES 1
BONE 3 1.000000

VERT 317
OFFSET -2.832608 1.496971 58.317413
BONES 1
BONE 3 1.000000

VERT 318
OFFSET -2.906651 1.419841 58.183643
BONES 1
BONE 3 1.000000

VERT 319
OFFSET -2.972944 1.496596 58.400761
BONES 1
BONE 3 1.000000

VERT 320
OFFSET -2.857973 1.609290 58.507641
BONES 1
BONE 3 1.000000

VERT 321
OFFSET -3.020725 1.587107 58.633461
BONES 1
BONE 3 1.000000

VERT 322
OFFSET -2.863670 1.801126 58.777714
BONES 1
BONE 3 1.000000

VERT 323
OFFSET -2.730504 1.740906 58.604595
BONES 1
BONE 3 1.000000

VERT 324
OFFSET -2.702725 1.933020 58.809875
BONES 1
BONE 3 1.000000

VERT 325
OFFSET -2.817789 1.991512 59.001736
BONES 1
BONE 3 1.000000

VERT 326
OFFSET -2.669257 2.105273 58.957127
BONES 1
BONE 3 1.000000

VERT 327
OFFSET -2.554567 2.080847 58.834698
BONES 1
BONE 3 1.000000

VERT 328
OFFSET -2.578687 1.907337 58.660374
BONES 1
BONE 3 1.000000

VERT 329
OFFSET -2.434907 1.885186 58.516670
BONES 1
BONE 3 1.000000

VERT 330
OFFSET -2.263562 1.858074 58.386936
BONES 1
BONE 3 1.000000

VERT 331
OFFSET -2.428926 2.056620 58.696041
BONES 1
BONE 3 1.000000

VERT 332
OFFSET -2.630829 2.223070 59.052299
BONES 1
BONE 3 1.000000

VERT 333
OFFSET -2.547798 2.225859 58.978100
BONES 1
BONE 3 1.000000

VERT 334
OFFSET -2.925588 2.114334 59.189056
BONES 1
BONE 3 1.000000

VERT 335
OFFSET -2.430414 2.208148 58.867184
BONES 1
BONE 3 1.000000

VERT 336
OFFSET -2.441852 2.338324 59.035698
BONES 1
BONE 3 1.000000

VERT 337
OFFSET -2.338724 2.414828 59.098946
BONES 2
BONE 3 0.990008
BONE 35 0.009992

VERT 338
OFFSET -2.305251 2.311812 58.920155
BONES 1
BONE 3 1.000000

VERT 339
OFFSET -2.284194 2.183594 58.742237
BONES 1
BONE 3 1.000000

VERT 340
OFFSET -2.272283 2.029967 58.570591
BONES 1
BONE 3 1.000000

VERT 341
OFFSET -2.085304 1.994754 58.434410
BONES 1
BONE 3 1.000000

VERT 342
OFFSET -2.062827 1.816556 58.258106
BONES 1
BONE 3 1.000000

VERT 343
OFFSET -2.144171 2.283959 58.810650
BONES 1
BONE 3 1.000000

VERT 344
OFFSET -2.189428 2.391426 59.000504
BONES 2
BONE 3 0.971221
BONE 35 0.028779

VERT 345
OFFSET -2.111049 2.150376 58.618427
BONES 1
BONE 3 1.000000

VERT 346
OFFSET -1.925193 2.108727 58.490486
BONES 1
BONE 3 1.000000

VERT 347
OFFSET -1.965334 2.240124 58.675411
BONES 2
BONE 3 0.979139
BONE 35 0.020861

VERT 348
OFFSET -1.787071 2.194684 58.544899
BONES 2
BONE 3 0.959695
BONE 35 0.040305

VERT 349
OFFSET -1.730597 2.053405 58.351368
BONES 1
BONE 3 1.000000

VERT 350
OFFSET -1.891711 1.944564 58.300564
BONES 1
BONE 3 1.000000

VERT 351
OFFSET -1.585483 2.139138 58.414005
BONES 2
BONE 35 0.040073
BONE 3 0.959927

VERT 352
OFFSET -1.515891 1.981339 58.224632
BONES 1
BONE 3 1.000000

VERT 353
OFFSET -1.678955 1.876844 58.166348
BONES 1
BONE 3 1.000000

VERT 354
OFFSET -1.449605 1.800977 58.025227
BONES 1
BONE 3 1.000000

VERT 355
OFFSET -1.843524 1.755964 58.118782
BONES 1
BONE 3 1.000000

VERT 356
OFFSET -1.615841 1.684613 57.985744
BONES 1
BONE 3 1.000000

VERT 357
OFFSET -1.785145 1.554897 57.946648
BONES 1
BONE 3 1.000000

VERT 358
OFFSET -2.012971 1.616703 58.075378
BONES 1
BONE 3 1.000000

VERT 359
OFFSET -1.951249 1.403852 57.923531
BONES 1
BONE 3 1.000000

VERT 360
OFFSET -1.729405 1.343949 57.794437
BONES 1
BONE 3 1.000000

VERT 361
OFFSET -1.890648 1.194679 57.773457
BONES 1
BONE 3 1.000000

VERT 362
OFFSET -1.393621 1.605085 57.855606
BONES 1
BONE 3 1.000000

VERT 363
OFFSET -1.564123 1.482271 57.826675
BONES 1
BONE 3 1.000000

VERT 364
OFFSET -1.224550 1.705889 57.901218
BONES 1
BONE 3 1.000000

VERT 365
OFFSET -1.285305 1.900896 58.087132
BONES 1
BONE 3 1.000000

VERT 366
OFFSET -1.181953 1.507005 57.739559
BONES 1
BONE 3 1.000000

VERT 367
OFFSET -1.355195 1.399125 57.713699
BONES 1
BONE 3 1.000000

VERT 368
OFFSET -1.149356 1.301736 57.608910
BONES 1
BONE 3 1.000000

VERT 369
OFFSET -1.005386 1.593570 57.803474
BONES 1
BONE 3 1.000000

VERT 370
OFFSET -0.975728 1.389215 57.649456
BONES 1
BONE 3 1.000000

VERT 371
OFFSET -1.511602 1.279712 57.690853
BONES 1
BONE 3 1.000000

VERT 372
OFFSET -1.675655 1.139437 57.679459
BONES 1
BONE 3 1.000000

VERT 373
OFFSET -1.839787 0.989534 57.650055
BONES 1
BONE 3 1.000000

VERT 374
OFFSET -1.618781 0.930849 57.562675
BONES 1
BONE 3 1.000000

VERT 375
OFFSET -1.703915 0.799734 57.477753
BONES 1
BONE 3 1.000000

VERT 376
OFFSET -1.310741 1.199944 57.588745
BONES 1
BONE 3 1.000000

VERT 377
OFFSET -1.465243 1.074363 57.585167
BONES 1
BONE 3 1.000000

VERT 378
OFFSET -1.275243 0.998240 57.494488
BONES 1
BONE 3 1.000000

VERT 379
OFFSET -1.427938 0.870027 57.478382
BONES 1
BONE 3 1.000000

VERT 380
OFFSET -1.540587 0.727679 57.431393
BONES 1
BONE 3 1.000000

VERT 381
OFFSET -1.612997 0.570999 57.356064
BONES 1
BONE 3 1.000000

VERT 382
OFFSET -1.365694 0.674914 57.370159
BONES 1
BONE 3 1.000000

VERT 383
