// Export time: Fri Nov 13 10:44:46 2020

// Exported using Blender v2.90.1
// Export filename: 'E:/blackops3/mod_xmodel/iw4/type97/ch_head_gk_type97_lod3.XMODEL_EXPORT'
// Source filename: 'E:/blackops3/mod_xmodel/iw4/type97/type97.blend'
MODEL
VERSION 6

NUMBONES 54
BONE 0 -1 "tag_origin"
BONE 1 0 "j_spineupper"
BONE 2 1 "j_neck"
BONE 3 2 "j_head"
BONE 4 3 "j_brow_le"
BONE 5 3 "j_brow_ri"
BONE 6 3 "j_browouter_le"
BONE 7 3 "j_browouter_ri"
BONE 8 3 "j_cheek_le"
BONE 9 3 "j_cheek_ri"
BONE 10 3 "j_cheeklower_le"
BONE 11 3 "j_cheeklower_ri"
BONE 12 3 "j_eye_lid_bot_le"
BONE 13 3 "j_eye_lid_bot_ri"
BONE 14 3 "j_eye_lid_top_le"
BONE 15 3 "j_eye_lid_top_ri"
BONE 16 3 "j_eyeball_le"
BONE 17 3 "j_eyeball_ri"
BONE 18 3 "j_head_end"
BONE 19 18 "j_helmet"
BONE 20 3 "j_jaw"
BONE 21 20 "j_chin_skinroll"
BONE 22 20 "j_lip_bot_le"
BONE 23 20 "j_lip_bot_ri"
BONE 24 3 "j_levator_le"
BONE 25 3 "j_levator_ri"
BONE 26 3 "j_lip_top_le"
BONE 27 3 "j_lip_top_ri"
BONE 28 3 "j_mouth_le"
BONE 29 3 "j_mouth_ri"
BONE 30 3 "j_nvg"
BONE 31 3 "tag_eye"
BONE 32 3 "MouthCavity"
BONE 33 3 "MouthMove"
BONE 34 3 "Eye_Rz_L"
BONE 35 34 "CheekUp2_L"
BONE 36 34 "Eye01_S_L"
BONE 37 34 "Eye02_S_L"
BONE 38 34 "Eye03_S_L"
BONE 39 34 "Eye04_S_L"
BONE 40 34 "Eye05_S_L"
BONE 41 34 "Eye06_S_L"
BONE 42 34 "Eye07_S_L"
BONE 43 34 "Eye08_S_L"
BONE 44 3 "Eye_Rz_R"
BONE 45 44 "CheekUp2_R"
BONE 46 44 "Eye01_S_R"
BONE 47 44 "Eye02_S_R"
BONE 48 44 "Eye03_S_R"
BONE 49 44 "Eye04_S_R"
BONE 50 44 "Eye05_S_R"
BONE 51 44 "Eye06_S_R"
BONE 52 44 "Eye07_S_R"
BONE 53 44 "Eye08_S_R"

BONE 0
OFFSET 0.000000 0.000000 0.000000
SCALE 1.000000 1.000000 1.000000
X 1.000000 0.000000 0.000000
Y 0.000000 1.000000 0.000000
Z 0.000000 0.000000 1.000000

BONE 1
OFFSET -2.603821 0.000211 47.516136
SCALE 1.000000 1.000000 1.000000
X 0.020423 -0.000061 0.999791
Y 0.999791 0.000062 -0.020422
Z -0.000060 1.000000 0.000063

BONE 2
OFFSET -2.839037 0.000000 55.295288
SCALE 1.000000 1.000000 1.000000
X 0.309734 -0.000046 0.950823
Y 0.950823 0.000075 -0.309734
Z -0.000057 1.000000 0.000067

BONE 3
OFFSET -2.839035 0.000000 57.772675
SCALE 1.000000 1.000000 1.000000
X 0.216384 -0.000042 0.976308
Y 0.976308 0.000072 -0.216384
Z -0.000061 1.000000 0.000056

BONE 4
OFFSET 0.978270 1.501421 61.459911
SCALE 1.000000 1.000000 1.000000
X 0.000654 0.999998 -0.000130
Y -0.998861 0.000646 -0.047700
Z -0.047699 0.000161 0.998862

BONE 5
OFFSET 0.988579 -1.525597 61.467438
SCALE 1.000000 1.000000 1.000000
X 0.000017 1.000000 0.000126
Y 0.998890 -0.000023 0.047105
Z 0.047105 0.000125 -0.998890

BONE 6
OFFSET 0.619968 2.436624 61.741161
SCALE 1.000000 1.000000 1.000000
X 0.000642 1.000000 -0.000122
Y -0.998865 0.000636 -0.047618
Z -0.047618 0.000152 0.998866

BONE 7
OFFSET 0.649958 -2.409431 61.732132
SCALE 1.000000 1.000000 1.000000
X 0.000037 1.000000 0.000111
Y 0.998893 -0.000042 0.047029
Z 0.047029 0.000109 -0.998893

BONE 8
OFFSET -0.445077 1.745888 59.922695
SCALE 1.000000 1.000000 1.000000
X 0.000656 0.999999 -0.000126
Y -0.998869 0.000649 -0.047533
Z -0.047532 0.000157 0.998870

BONE 9
OFFSET -0.463887 -1.675786 59.983479
SCALE 1.000000 1.000000 1.000000
X 0.000021 1.000000 0.000104
Y 0.998882 -0.000026 0.047281
Z 0.047281 0.000103 -0.998882

BONE 10
OFFSET -0.454517 1.568742 58.815655
SCALE 1.000000 1.000000 1.000000
X 0.170188 0.000001 0.985412
Y 0.985412 0.000006 -0.170188
Z -0.000006 1.000000 0.000000

BONE 11
OFFSET -0.412955 -1.566108 58.843826
SCALE 1.000000 1.000000 1.000000
X 0.170427 0.000001 0.985370
Y 0.985370 0.000009 -0.170427
Z -0.000009 1.000000 0.000001

BONE 12
OFFSET -0.686541 1.062275 60.436497
SCALE 1.000000 1.000000 1.000000
X -0.065612 0.997121 0.038034
Y -0.996945 -0.063886 -0.044926
Z -0.042367 -0.040865 0.998266

BONE 13
OFFSET -0.686245 -1.013425 60.430286
SCALE 1.000000 1.000000 1.000000
X 0.066594 0.997042 -0.038367
Y 0.996925 -0.064897 0.043919
Z 0.041299 -0.041174 -0.998298

BONE 14
OFFSET -0.686141 1.061333 60.505432
SCALE 1.000000 1.000000 1.000000
X -0.065486 0.997130 0.037984
Y -0.996961 -0.063770 -0.044756
Z -0.042205 -0.040799 0.998276

BONE 15
OFFSET -0.685551 -1.014691 60.492981
SCALE 1.000000 1.000000 1.000000
X 0.066548 0.997046 -0.038354
Y 0.996942 -0.064864 0.043578
Z 0.040961 -0.041137 -0.998313

BONE 16
OFFSET -2.198011 0.991069 60.322014
SCALE 1.000000 1.000000 1.000000
X -0.205905 0.978522 -0.010089
Y -0.977366 -0.206151 -0.047529
Z -0.048590 0.000077 0.998820

BONE 17
OFFSET -2.198008 -0.989916 60.322014
SCALE 1.000000 1.000000 1.000000
X 0.207731 0.978137 0.009811
Y 0.977074 -0.207962 0.045598
Z 0.046641 0.000114 -0.998912

BONE 18
OFFSET -2.640095 0.000048 63.064350
SCALE 1.000000 1.000000 1.000000
X 0.170190 0.000009 0.985411
Y 0.985411 -0.000000 -0.170190
Z -0.000001 1.000000 -0.000009

BONE 19
OFFSET -3.555101 0.000051 64.212341
SCALE 1.000000 1.000000 1.000000
X 0.995875 -0.000052 0.090733
Y 0.000067 1.000000 -0.000168
Z -0.090733 0.000173 0.995875

BONE 20
OFFSET -2.375276 0.000490 58.101242
SCALE 1.000000 1.000000 1.000000
X 0.000648 1.000000 -0.000098
Y -0.998853 0.000643 -0.047868
Z -0.047867 0.000129 0.998854

BONE 21
OFFSET 0.417183 -0.001481 56.451256
SCALE 1.000000 1.000000 1.000000
X 0.000647 1.000000 -0.000102
Y -0.998865 0.000642 -0.047616
Z -0.047615 0.000132 0.998866

BONE 22
OFFSET 0.335472 0.288762 58.068745
SCALE 1.000000 1.000000 1.000000
X 0.000648 1.000000 -0.000085
Y -0.998865 0.000644 -0.047615
Z -0.047615 0.000116 0.998866

BONE 23
OFFSET 0.335470 -0.287610 58.068745
SCALE 1.000000 1.000000 1.000000
X 0.000751 1.000000 -0.000033
Y 0.998870 -0.000128 0.047530
Z 0.046586 -0.000068 -0.998914

BONE 24
OFFSET 0.327430 0.525083 59.605629
SCALE 1.000000 1.000000 1.000000
X 0.000648 0.999999 -0.000076
Y -0.998865 0.000644 -0.047619
Z -0.047619 0.000106 0.998866

BONE 25
OFFSET 0.350458 -0.504542 59.610886
SCALE 1.000000 1.000000 1.000000
X 0.000017 1.000000 0.000107
Y 0.998885 -0.000022 0.047198
Z 0.047197 0.000106 -0.998886

BONE 26
OFFSET 0.398790 0.288762 58.277599
SCALE 1.000000 1.000000 1.000000
X 0.000648 1.000000 -0.000090
Y -0.998858 0.000644 -0.047782
Z -0.047781 0.000120 0.998858

BONE 27
OFFSET 0.398790 -0.287610 58.277599
SCALE 1.000000 1.000000 1.000000
X 0.000009 1.000000 0.000126
Y 0.998894 -0.000015 0.047027
Z 0.047026 0.000126 -0.998894

BONE 28
OFFSET 0.276309 0.584232 58.207775
SCALE 1.000000 1.000000 1.000000
X 0.000648 1.000000 -0.000118
Y -0.998857 0.000642 -0.047785
Z -0.047785 0.000149 0.998858

BONE 29
OFFSET 0.276310 -0.583079 58.207767
SCALE 1.000000 1.000000 1.000000
X 0.000008 1.000000 0.000128
Y 0.998886 -0.000014 0.047192
Z 0.047192 0.000127 -0.998886

BONE 30
OFFSET 1.736059 0.000051 62.266544
SCALE 1.000000 1.000000 1.000000
X 0.985410 0.000004 -0.170195
Y -0.170195 0.000000 -0.985410
Z -0.000003 1.000000 0.000001

BONE 31
OFFSET -0.074277 0.000493 60.293056
SCALE 1.000000 1.000000 1.000000
X 0.922506 -0.000095 0.385982
Y 0.000104 1.000000 -0.000002
Z -0.385982 0.000042 0.922506

BONE 32
OFFSET -0.563657 0.000001 58.201775
SCALE 1.000000 1.000000 1.000000
X 0.000000 1.000000 0.000000
Y 0.000000 0.000000 1.000000
Z 1.000000 -0.000000 0.000000

BONE 33
OFFSET 0.414701 0.000001 58.201775
SCALE 1.000000 1.000000 1.000000
X -0.000000 1.000000 -0.000000
Y 0.000000 0.000000 1.000000
Z 1.000000 0.000000 0.000000

BONE 34
OFFSET -0.666052 1.494444 60.564659
SCALE 1.000000 1.000000 1.000000
X -0.000000 1.000000 -0.000000
Y -0.000000 -0.000000 1.000000
Z 1.000000 0.000000 0.000000

BONE 35
OFFSET -1.336698 1.578791 59.471542
SCALE 1.000000 1.000000 1.000000
X -0.000000 1.000000 -0.000000
Y -0.000000 0.000000 1.000000
Z 1.000000 0.000000 0.000000

BONE 36
OFFSET 0.123963 0.906476 60.366302
SCALE 1.000000 1.000000 1.000000
X -0.000000 1.000000 -0.000000
Y -0.000000 -0.000000 1.000000
Z 1.000000 0.000000 0.000000

BONE 37
OFFSET 0.133535 1.072447 60.618637
SCALE 1.000000 1.000000 1.000000
X -0.000000 1.000000 -0.000000
Y -0.000000 -0.000000 1.000000
Z 1.000000 0.000000 0.000000

BONE 38
OFFSET 0.112736 1.604475 60.908482
SCALE 1.000000 1.000000 1.000000
X -0.000000 1.000000 -0.000000
Y -0.000000 0.000000 1.000000
Z 1.000000 0.000000 0.000000

BONE 39
OFFSET 0.014492 2.025679 61.050663
SCALE 1.000000 1.000000 1.000000
X -0.000000 1.000000 -0.000000
Y -0.000000 -0.000000 1.000000
Z 1.000000 0.000000 0.000000

BONE 40
OFFSET -0.227923 2.324638 60.688286
SCALE 1.000000 1.000000 1.000000
X -0.000000 1.000000 -0.000000
Y -0.000000 -0.000000 1.000000
Z 1.000000 0.000000 0.000000

BONE 41
OFFSET -0.313194 2.137208 60.150604
SCALE 1.000000 1.000000 1.000000
X -0.000000 1.000000 -0.000000
Y -0.000000 -0.000000 1.000000
Z 1.000000 0.000000 0.000000

BONE 42
OFFSET -0.079678 1.529614 60.059029
SCALE 1.000000 1.000000 1.000000
X -0.000000 1.000000 -0.000000
Y -0.000000 0.000000 1.000000
Z 1.000000 0.000000 0.000000

BONE 43
OFFSET 0.114563 0.948166 60.194836
SCALE 1.000000 1.000000 1.000000
X -0.000000 1.000000 -0.000000
Y -0.000000 -0.000000 1.000000
Z 1.000000 0.000000 0.000000

BONE 44
OFFSET -0.666051 -1.494017 60.564728
SCALE 1.000000 1.000000 1.000000
X -0.000000 1.000000 -0.000000
Y -0.000000 -0.000000 1.000000
Z 1.000000 0.000000 0.000000

BONE 45
OFFSET -1.336697 -1.578364 59.471603
SCALE 1.000000 1.000000 1.000000
X -0.000000 1.000000 -0.000000
Y -0.000000 0.000000 1.000000
Z 1.000000 0.000000 0.000000

BONE 46
OFFSET 0.122103 -0.905769 60.365139
SCALE 1.000000 1.000000 1.000000
X -0.000000 1.000000 -0.000000
Y -0.000000 -0.000000 1.000000
Z 1.000000 0.000000 0.000000

BONE 47
OFFSET 0.133507 -1.071177 60.618858
SCALE 1.000000 1.000000 1.000000
X -0.000000 1.000000 -0.000000
Y -0.000000 -0.000000 1.000000
Z 1.000000 0.000000 0.000000

BONE 48
OFFSET 0.120842 -1.557892 60.897964
SCALE 1.000000 1.000000 1.000000
X -0.000000 1.000000 -0.000000
Y -0.000000 0.000000 1.000000
Z 1.000000 0.000000 0.000000

BONE 49
OFFSET 0.015727 -2.025996 61.050705
SCALE 1.000000 1.000000 1.000000
X -0.000000 1.000000 -0.000000
Y -0.000000 -0.000000 1.000000
Z 1.000000 0.000000 0.000000

BONE 50
OFFSET -0.227921 -2.325597 60.688633
SCALE 1.000000 1.000000 1.000000
X -0.000000 1.000000 -0.000000
Y -0.000000 -0.000000 1.000000
Z 1.000000 0.000000 0.000000

BONE 51
OFFSET -0.312541 -2.135939 60.151108
SCALE 1.000000 1.000000 1.000000
X -0.000000 1.000000 -0.000000
Y -0.000000 -0.000000 1.000000
Z 1.000000 0.000000 0.000000

BONE 52
OFFSET -0.080501 -1.528342 60.059265
SCALE 1.000000 1.000000 1.000000
X -0.000000 1.000000 -0.000000
Y -0.000000 0.000000 1.000000
Z 1.000000 0.000000 0.000000

BONE 53
OFFSET 0.115236 -0.947094 60.201180
SCALE 1.000000 1.000000 1.000000
X -0.000000 1.000000 -0.000000
Y -0.000000 -0.000000 1.000000
Z 1.000000 0.000000 0.000000


NUMVERTS 586
VERT 0
OFFSET -3.187161 3.154585 60.363274
BONES 1
BONE 3 1.000000

VERT 1
OFFSET -2.790400 3.533298 60.535957
BONES 1
BONE 3 1.000000

VERT 2
OFFSET -2.480860 3.162088 60.708691
BONES 1
BONE 3 1.000000

VERT 3
OFFSET -2.805757 3.834937 60.637932
BONES 1
BONE 3 1.000000

VERT 4
OFFSET -2.487876 3.806833 60.699078
BONES 1
BONE 3 1.000000

VERT 5
OFFSET -2.384986 3.685388 60.595032
BONES 1
BONE 3 1.000000

VERT 6
OFFSET -2.288946 3.309806 60.324169
BONES 1
BONE 3 1.000000

VERT 7
OFFSET -2.230062 3.055213 60.028572
BONES 2
BONE 35 0.006488
BONE 3 0.993512

VERT 8
OFFSET -2.451084 3.019785 59.977684
BONES 1
BONE 3 1.000000

VERT 9
OFFSET -2.572258 3.200767 60.140575
BONES 1
BONE 3 1.000000

VERT 10
OFFSET -2.477348 2.938636 59.677021
BONES 2
BONE 35 0.000109
BONE 3 0.999891

VERT 11
OFFSET -2.473847 2.811857 59.154922
BONES 1
BONE 3 1.000000

VERT 12
OFFSET -2.709205 3.097470 59.528244
BONES 1
BONE 3 1.000000

VERT 13
OFFSET -2.707256 2.987974 59.093849
BONES 1
BONE 3 1.000000

VERT 14
OFFSET -2.560101 2.304048 59.046730
BONES 1
BONE 3 1.000000

VERT 15
OFFSET -3.124133 3.672446 59.615719
BONES 1
BONE 3 1.000000

VERT 16
OFFSET -3.094761 3.190652 59.632664
BONES 1
BONE 3 1.000000

VERT 17
OFFSET -2.825478 3.580555 59.849586
BONES 1
BONE 3 1.000000

VERT 18
OFFSET -2.735426 3.084361 59.863335
BONES 1
BONE 3 1.000000

VERT 19
OFFSET -2.656765 3.624289 60.134193
BONES 1
BONE 3 1.000000

VERT 20
OFFSET -2.961524 3.813889 60.219711
BONES 1
BONE 3 1.000000

VERT 21
OFFSET -3.048561 3.644333 59.624863
BONES 1
BONE 3 1.000000

VERT 22
OFFSET -2.843334 3.914857 60.292522
BONES 1
BONE 3 1.000000

VERT 23
OFFSET -3.071718 3.943223 60.283054
BONES 1
BONE 3 1.000000

VERT 24
OFFSET -3.051100 3.590234 60.142841
BONES 1
BONE 3 1.000000

VERT 25
OFFSET -2.596722 3.684714 60.571682
BONES 1
BONE 3 1.000000

VERT 26
OFFSET -0.379892 0.000001 57.473675
BONES 2
BONE 3 0.151523
BONE 32 0.848477

VERT 27
OFFSET -0.370915 0.566585 57.735641
BONES 2
BONE 32 0.855850
BONE 3 0.144150

VERT 28
OFFSET -0.133510 0.799389 58.286777
BONES 1
BONE 32 1.000000

VERT 29
OFFSET -0.350324 0.645750 58.544533
BONES 1
BONE 32 1.000000

VERT 30
OFFSET -0.999009 0.450210 58.352253
BONES 1
BONE 32 1.000000

VERT 31
OFFSET -0.482553 0.335959 58.870872
BONES 1
BONE 32 1.000000

VERT 32
OFFSET 0.236433 0.457985 58.728180
BONES 1
BONE 32 1.000000

VERT 33
OFFSET 0.401232 0.041904 58.737495
BONES 1
BONE 32 1.000000

VERT 34
OFFSET -1.099173 0.610430 57.878860
BONES 2
BONE 3 0.018539
BONE 32 0.981461

VERT 35
OFFSET -0.904355 0.000000 57.482048
BONES 2
BONE 32 0.855000
BONE 3 0.145000

VERT 36
OFFSET -0.370914 -0.566583 57.735641
BONES 2
BONE 32 0.855850
BONE 3 0.144150

VERT 37
OFFSET -0.150009 -0.799251 58.332226
BONES 1
BONE 32 1.000000

VERT 38
OFFSET 0.059167 -0.245051 58.881725
BONES 1
BONE 32 1.000000

VERT 39
OFFSET -0.482593 -0.368225 58.848297
BONES 1
BONE 32 1.000000

VERT 40
OFFSET -0.999841 -0.444947 58.354740
BONES 1
BONE 32 1.000000

VERT 41
OFFSET 0.234421 -0.504217 58.673267
BONES 1
BONE 32 1.000000

VERT 42
OFFSET -1.160942 -0.416067 57.836361
BONES 1
BONE 32 1.000000

VERT 43
OFFSET -0.989950 -0.670835 57.886433
BONES 2
BONE 32 0.947726
BONE 3 0.052274

VERT 44
OFFSET -2.216900 1.156530 57.830185
BONES 1
BONE 3 1.000000

VERT 45
OFFSET -2.500925 1.551032 58.231327
BONES 1
BONE 3 1.000000

VERT 46
OFFSET -2.781498 1.368912 58.034813
BONES 1
BONE 3 1.000000

VERT 47
OFFSET -3.009461 1.476999 58.397850
BONES 1
BONE 3 1.000000

VERT 48
OFFSET -2.801390 2.055463 59.044205
BONES 1
BONE 3 1.000000

VERT 49
OFFSET -1.738058 2.116618 58.410217
BONES 2
BONE 35 0.021018
BONE 3 0.978982

VERT 50
OFFSET -1.005481 1.440748 57.646698
BONES 1
BONE 3 1.000000

VERT 51
OFFSET -0.855767 1.908404 58.069386
BONES 4
BONE 33 0.001769
BONE 34 0.000203
BONE 3 0.969656
BONE 35 0.028372

VERT 52
OFFSET -0.216421 1.018077 57.641163
BONES 3
BONE 28 0.010410
BONE 33 0.121130
BONE 3 0.868460

VERT 53
OFFSET -0.430314 0.523112 57.159824
BONES 1
BONE 3 1.000000

VERT 54
OFFSET -0.895633 0.659449 57.237823
BONES 1
BONE 3 1.000000

VERT 55
OFFSET -0.137137 0.234790 57.175026
BONES 3
BONE 3 0.943108
BONE 33 0.056412
BONE 28 0.000481

VERT 56
OFFSET 0.257917 -0.002524 57.884529
BONES 6
BONE 28 0.005263
BONE 33 0.608864
BONE 3 0.225562
BONE 23 0.084906
BONE 22 0.070453
BONE 29 0.004953

VERT 57
OFFSET -0.311731 -0.015161 56.971142
BONES 1
BONE 3 1.000000

VERT 58
OFFSET -0.490825 0.002341 56.918041
BONES 1
BONE 3 1.000000

VERT 59
OFFSET -1.408606 0.327509 57.228470
BONES 1
BONE 3 1.000000

VERT 60
OFFSET -1.736452 0.542770 57.284393
BONES 1
BONE 3 1.000000

VERT 61
OFFSET -2.275136 0.990948 57.232094
BONES 1
BONE 3 1.000000

VERT 62
OFFSET -2.922961 1.278231 57.595249
BONES 1
BONE 3 1.000000

VERT 63
OFFSET -3.575266 1.088754 57.927910
BONES 1
BONE 3 1.000000

VERT 64
OFFSET -3.718927 1.165166 58.877544
BONES 1
BONE 3 1.000000

VERT 65
OFFSET -4.105925 0.508650 58.116833
BONES 1
BONE 3 1.000000

VERT 66
OFFSET -4.442442 0.969574 59.372498
BONES 1
BONE 3 1.000000

VERT 67
OFFSET -4.171874 2.044932 60.298470
BONES 1
BONE 3 1.000000

VERT 68
OFFSET -3.415874 2.730906 60.034103
BONES 1
BONE 3 1.000000

VERT 69
OFFSET -4.476484 1.355323 59.885853
BONES 1
BONE 3 1.000000

VERT 70
OFFSET -4.069067 2.468238 60.672405
BONES 1
BONE 3 1.000000

VERT 71
OFFSET -3.952448 3.055995 61.747349
BONES 1
BONE 3 1.000000

VERT 72
OFFSET -2.885300 3.160544 60.641972
BONES 1
BONE 3 1.000000

VERT 73
OFFSET -2.053663 3.243086 61.327541
BONES 2
BONE 34 0.000723
BONE 3 0.999277

VERT 74
OFFSET -3.713713 3.242265 62.298073
BONES 1
BONE 3 1.000000

VERT 75
OFFSET -2.104178 3.105717 60.552746
BONES 3
BONE 35 0.005447
BONE 3 0.993753
BONE 34 0.000800

VERT 76
OFFSET -0.966849 3.168020 61.019081
BONES 3
BONE 34 0.024916
BONE 35 0.009264
BONE 3 0.965820

VERT 77
OFFSET -1.691886 2.846649 60.053288
BONES 3
BONE 35 0.132708
BONE 34 0.060457
BONE 3 0.806835

VERT 78
OFFSET -0.787098 2.617262 60.008247
BONES 5
BONE 41 0.014784
BONE 35 0.220211
BONE 34 0.478992
BONE 3 0.283424
BONE 40 0.002590

VERT 79
OFFSET -0.402117 2.200067 58.788013
BONES 4
BONE 35 0.154701
BONE 3 0.675219
BONE 34 0.169935
BONE 41 0.000145

VERT 80
OFFSET -0.431979 2.426678 60.076897
BONES 6
BONE 40 0.055501
BONE 35 0.144500
BONE 34 0.582957
BONE 41 0.171951
BONE 3 0.045088
BONE 42 0.000002

VERT 81
OFFSET -0.946564 2.318657 58.693283
BONES 3
BONE 35 0.160475
BONE 3 0.804096
BONE 34 0.035429

VERT 82
OFFSET 0.002597 1.655076 58.411911
BONES 4
BONE 34 0.078924
BONE 35 0.020195
BONE 3 0.822891
BONE 33 0.077990

VERT 83
OFFSET 0.102976 1.376929 59.377934
BONES 6
BONE 41 0.004425
BONE 35 0.004919
BONE 43 0.081779
BONE 3 0.110131
BONE 42 0.114113
BONE 34 0.684634

VERT 84
OFFSET -0.084261 1.598440 59.819366
BONES 5
BONE 36 0.000619
BONE 41 0.027586
BONE 43 0.034862
BONE 34 0.624627
BONE 42 0.312306

VERT 85
OFFSET 0.319649 1.139663 58.721786
BONES 5
BONE 35 0.001568
BONE 42 0.000126
BONE 3 0.591336
BONE 33 0.058919
BONE 34 0.348051

VERT 86
OFFSET 0.882790 0.357095 58.987736
BONES 6
BONE 28 0.000955
BONE 27 0.000465
BONE 26 0.001138
BONE 3 0.808277
BONE 33 0.132063
BONE 34 0.057101

VERT 87
OFFSET 1.193605 0.000021 59.211494
BONES 2
BONE 3 0.995129
BONE 33 0.004871

VERT 88
OFFSET 0.465285 0.682113 59.282700
BONES 4
BONE 43 0.012498
BONE 42 0.001510
BONE 3 0.606412
BONE 34 0.379579

VERT 89
OFFSET 0.113297 0.883553 59.674889
BONES 4
BONE 34 0.662677
BONE 3 0.048017
BONE 43 0.219922
BONE 42 0.069384

VERT 90
OFFSET 0.269918 0.521633 59.913021
BONES 4
BONE 36 0.028157
BONE 34 0.548080
BONE 3 0.312354
BONE 43 0.111408

VERT 91
OFFSET 0.035090 1.043725 59.916012
BONES 4
BONE 42 0.148944
BONE 36 0.017499
BONE 34 0.569740
BONE 43 0.263817

VERT 92
OFFSET -0.280858 1.649673 59.754066
BONES 4
BONE 42 0.188779
BONE 34 0.762253
BONE 43 0.018217
BONE 41 0.030752

VERT 93
OFFSET -0.144106 0.857372 59.931648
BONES 6
BONE 37 0.014937
BONE 38 0.000094
BONE 36 0.167136
BONE 42 0.043530
BONE 34 0.696781
BONE 43 0.077521

VERT 94
OFFSET -0.498737 1.539194 60.293831
BONES 4
BONE 37 0.023574
BONE 3 0.000000
BONE 34 0.941005
BONE 38 0.035421

VERT 95
OFFSET 0.098765 0.862344 60.578384
BONES 4
BONE 37 0.196360
BONE 34 0.616485
BONE 36 0.177988
BONE 38 0.009167

VERT 96
OFFSET 0.217519 0.916392 60.530972
BONES 5
BONE 37 0.330219
BONE 38 0.026931
BONE 34 0.460100
BONE 36 0.182414
BONE 43 0.000336

VERT 97
OFFSET 0.145125 1.505204 60.786987
BONES 4
BONE 39 0.037300
BONE 37 0.055499
BONE 34 0.681440
BONE 38 0.225762

VERT 98
OFFSET -0.176215 2.143724 60.760967
BONES 5
BONE 40 0.039153
BONE 38 0.111167
BONE 34 0.694616
BONE 37 0.001173
BONE 39 0.153890

VERT 99
OFFSET -0.075424 2.178127 60.707554
BONES 5
BONE 40 0.095136
BONE 38 0.098482
BONE 34 0.599358
BONE 39 0.207013
BONE 37 0.000011

VERT 100
OFFSET 0.829446 1.866022 62.345219
BONES 2
BONE 34 0.130749
BONE 3 0.869251

VERT 101
OFFSET 0.504334 1.257157 61.143242
BONES 7
BONE 36 0.000815
BONE 3 0.229882
BONE 38 0.037444
BONE 34 0.641255
BONE 37 0.074257
BONE 39 0.016109
BONE 40 0.000237

VERT 102
OFFSET 1.137774 0.377428 62.183811
BONES 3
BONE 44 0.000997
BONE 3 0.974874
BONE 34 0.024128

VERT 103
OFFSET 0.650204 0.009345 60.482258
BONES 3
BONE 44 0.021829
BONE 34 0.034348
BONE 3 0.943823

VERT 104
OFFSET 0.904651 -0.124385 61.118656
BONES 4
BONE 47 0.003172
BONE 3 0.870453
BONE 34 0.029680
BONE 44 0.096695

VERT 105
OFFSET 0.738147 0.315220 60.835239
BONES 4
BONE 37 0.024610
BONE 36 0.010026
BONE 3 0.631409
BONE 34 0.333955

VERT 106
OFFSET 1.164297 0.159114 63.353218
BONES 2
BONE 3 0.995260
BONE 44 0.004740

VERT 107
OFFSET 0.538836 0.231748 60.193031
BONES 2
BONE 34 0.250360
BONE 3 0.749640

VERT 108
OFFSET 0.838074 -0.028326 59.529163
BONES 3
BONE 34 0.003766
BONE 3 0.986075
BONE 44 0.010158

VERT 109
OFFSET 0.022392 0.841051 60.101021
BONES 6
BONE 42 0.002417
BONE 43 0.221368
BONE 36 0.218556
BONE 3 0.009560
BONE 34 0.543569
BONE 37 0.004531

VERT 110
OFFSET -2.324971 2.570820 59.336590
BONES 2
BONE 3 0.977976
BONE 35 0.022024

VERT 111
OFFSET -4.588881 0.080625 58.949059
BONES 1
BONE 3 1.000000

VERT 112
OFFSET -4.993383 0.582038 59.688137
BONES 1
BONE 3 1.000000

VERT 113
OFFSET -5.124305 -0.000000 59.531937
BONES 1
BONE 3 1.000000

VERT 114
OFFSET 0.292239 0.531966 58.205540
BONES 8
BONE 29 0.000080
BONE 23 0.001810
BONE 22 0.040880
BONE 26 0.011979
BONE 33 0.666155
BONE 28 0.217313
BONE 32 0.060993
BONE 3 0.000789

VERT 115
OFFSET 0.328192 0.588360 58.176495
BONES 6
BONE 26 0.001222
BONE 22 0.042061
BONE 33 0.662699
BONE 28 0.211585
BONE 3 0.080471
BONE 32 0.001962

VERT 116
OFFSET 0.328025 -0.587449 58.174984
BONES 6
BONE 27 0.002761
BONE 23 0.041343
BONE 33 0.664913
BONE 3 0.081409
BONE 29 0.207644
BONE 32 0.001931

VERT 117
OFFSET 0.466215 -0.004897 58.177338
BONES 7
BONE 28 0.018198
BONE 26 0.159904
BONE 27 0.135093
BONE 33 0.663355
BONE 3 0.010106
BONE 29 0.013002
BONE 32 0.000343

VERT 118
OFFSET 0.374743 0.000003 58.212856
BONES 6
BONE 28 0.027366
BONE 32 0.009865
BONE 29 0.025515
BONE 33 0.693423
BONE 27 0.131797
BONE 26 0.112034

VERT 119
OFFSET 0.632566 0.016324 58.356342
BONES 6
BONE 29 0.008024
BONE 28 0.010656
BONE 27 0.125490
BONE 26 0.134500
BONE 33 0.632404
BONE 3 0.088927

VERT 120
OFFSET -0.514187 3.148042 61.337704
BONES 4
BONE 40 0.004269
BONE 35 0.009736
BONE 3 0.870970
BONE 34 0.115025

VERT 121
OFFSET -1.330520 3.283494 62.141048
BONES 1
BONE 3 1.000000

VERT 122
OFFSET -0.324946 3.016855 62.716042
BONES 1
BONE 3 1.000000

VERT 123
OFFSET 0.104890 2.877825 61.914070
BONES 4
BONE 39 0.000271
BONE 3 0.832537
BONE 34 0.158955
BONE 40 0.008237

VERT 124
OFFSET -0.095325 2.572308 61.041767
BONES 6
BONE 40 0.133645
BONE 39 0.097957
BONE 34 0.595144
BONE 3 0.169508
BONE 41 0.000567
BONE 38 0.003179

VERT 125
OFFSET 0.474316 2.484751 62.830135
BONES 1
BONE 3 1.000000

VERT 126
OFFSET 0.862422 1.845423 62.798210
BONES 1
BONE 3 1.000000

VERT 127
OFFSET 0.753274 1.603109 63.669079
BONES 1
BONE 3 1.000000

VERT 128
OFFSET 0.752298 -0.276236 64.472939
BONES 1
BONE 3 1.000000

VERT 129
OFFSET 0.188216 0.320101 65.302002
BONES 1
BONE 3 1.000000

VERT 130
OFFSET 1.126842 -0.844047 62.558094
BONES 2
BONE 3 0.973141
BONE 44 0.026859

VERT 131
OFFSET 0.599665 -0.279883 60.562077
BONES 4
BONE 46 0.003144
BONE 47 0.004503
BONE 44 0.267016
BONE 3 0.725337

VERT 132
OFFSET 0.543320 -1.025361 61.047871
BONES 6
BONE 46 0.001199
BONE 49 0.000046
BONE 44 0.592633
BONE 47 0.101077
BONE 3 0.275674
BONE 48 0.029371

VERT 133
OFFSET 0.528188 -0.237565 60.014496
BONES 3
BONE 46 0.003847
BONE 44 0.295751
BONE 3 0.700401

VERT 134
OFFSET 0.075240 -0.703196 60.036850
BONES 5
BONE 47 0.010094
BONE 46 0.094543
BONE 44 0.628470
BONE 53 0.092332
BONE 3 0.174561

VERT 135
OFFSET 0.113886 -0.883730 59.676769
BONES 4
BONE 44 0.662546
BONE 53 0.219877
BONE 3 0.048263
BONE 52 0.069314

VERT 136
OFFSET 0.416170 -0.826540 59.207706
BONES 4
BONE 44 0.455325
BONE 53 0.017842
BONE 3 0.524672
BONE 52 0.002161

VERT 137
OFFSET 0.882778 -0.357147 58.987740
BONES 6
BONE 29 0.000813
BONE 26 0.000380
BONE 27 0.001169
BONE 33 0.132213
BONE 3 0.808307
BONE 44 0.057118

VERT 138
OFFSET 0.319694 -1.139601 58.722038
BONES 5
BONE 52 0.000125
BONE 45 0.001562
BONE 3 0.591370
BONE 33 0.058933
BONE 44 0.348009

VERT 139
OFFSET 0.472319 -0.599318 58.344265
BONES 6
BONE 29 0.122156
BONE 27 0.080092
BONE 26 0.000549
BONE 33 0.514538
BONE 44 0.000496
BONE 3 0.282169

VERT 140
OFFSET 0.002552 -1.654831 58.411976
BONES 4
BONE 44 0.078949
BONE 45 0.020204
BONE 3 0.822863
BONE 33 0.077984

VERT 141
OFFSET -0.402205 -2.200119 58.788303
BONES 4
BONE 51 0.000145
BONE 3 0.675126
BONE 44 0.170001
BONE 45 0.154728

VERT 142
OFFSET -0.855741 -1.908160 58.069435
BONES 4
BONE 44 0.000203
BONE 3 0.969656
BONE 45 0.028372
BONE 33 0.001770

VERT 143
OFFSET -0.946597 -2.318340 58.692993
BONES 3
BONE 44 0.035430
BONE 45 0.160446
BONE 3 0.804124

VERT 144
OFFSET -0.787001 -2.617910 60.008732
BONES 5
BONE 45 0.220159
BONE 3 0.283507
BONE 44 0.478942
BONE 50 0.002603
BONE 51 0.014789

VERT 145
OFFSET -0.431933 -2.427515 60.077034
BONES 6
BONE 50 0.055530
BONE 45 0.144467
BONE 44 0.582921
BONE 51 0.172047
BONE 3 0.045033
BONE 52 0.000002

VERT 146
OFFSET -1.690606 -2.846403 60.052967
BONES 3
BONE 45 0.132965
BONE 3 0.806128
BONE 44 0.060906

VERT 147
OFFSET -0.295956 -2.210963 60.068226
BONES 6
BONE 3 0.000049
BONE 50 0.038258
BONE 51 0.395715
BONE 44 0.532697
BONE 52 0.029931
BONE 45 0.003349

VERT 148
OFFSET -0.966786 -3.168026 61.019005
BONES 3
BONE 44 0.024922
BONE 45 0.009268
BONE 3 0.965811

VERT 149
OFFSET -3.012360 -3.132813 60.849655
BONES 1
BONE 3 1.000000

VERT 150
OFFSET -2.053845 -3.243094 61.327633
BONES 2
BONE 44 0.000722
BONE 3 0.999277

VERT 151
OFFSET -3.952448 -3.055994 61.747349
BONES 1
BONE 3 1.000000

VERT 152
OFFSET -3.713712 -3.242265 62.298073
BONES 1
BONE 3 1.000000

VERT 153
OFFSET -3.187018 -3.155058 60.363617
BONES 1
BONE 3 1.000000

VERT 154
OFFSET -3.439161 -2.761013 60.125076
BONES 1
BONE 3 1.000000

VERT 155
OFFSET -4.069066 -2.468239 60.672405
BONES 1
BONE 3 1.000000

VERT 156
OFFSET -2.833765 -2.037969 59.062263
BONES 1
BONE 3 1.000000

VERT 157
OFFSET -2.504989 -2.346640 59.067940
BONES 1
BONE 3 1.000000

VERT 158
OFFSET -2.500905 -1.551050 58.231361
BONES 1
BONE 3 1.000000

VERT 159
OFFSET -2.314400 -2.583271 59.362885
BONES 2
BONE 3 0.975970
BONE 45 0.024030

VERT 160
OFFSET -2.229625 -3.053711 60.028736
BONES 2
BONE 45 0.006510
BONE 3 0.993490

VERT 161
OFFSET -0.711146 -1.210735 57.535000
BONES 1
BONE 3 1.000000

VERT 162
OFFSET -0.216420 -1.017874 57.641159
BONES 3
BONE 29 0.010424
BONE 33 0.121121
BONE 3 0.868455

VERT 163
OFFSET -0.372656 -0.439476 57.127171
BONES 2
BONE 33 0.000003
BONE 3 0.999997

VERT 164
OFFSET -0.895628 -0.659454 57.237823
BONES 1
BONE 3 1.000000

VERT 165
OFFSET -0.114014 -0.257780 57.216999
BONES 3
BONE 33 0.083171
BONE 29 0.000650
BONE 3 0.916178

VERT 166
OFFSET -1.673070 -0.571522 57.362686
BONES 1
BONE 3 1.000000

VERT 167
OFFSET -1.601967 -0.110166 57.233406
BONES 1
BONE 3 1.000000

VERT 168
OFFSET -2.216893 -1.156525 57.830181
BONES 1
BONE 3 1.000000

VERT 169
OFFSET -1.737879 -2.131599 58.426567
BONES 2
BONE 45 0.024010
BONE 3 0.975990

VERT 170
OFFSET -1.213323 -1.454494 57.691605
BONES 1
BONE 3 1.000000

VERT 171
OFFSET -2.967736 -1.469897 58.332912
BONES 1
BONE 3 1.000000

VERT 172
OFFSET -3.718927 -1.165166 58.877544
BONES 1
BONE 3 1.000000

VERT 173
OFFSET -4.171873 -2.044932 60.298470
BONES 1
BONE 3 1.000000

VERT 174
OFFSET -4.476484 -1.355323 59.885853
BONES 1
BONE 3 1.000000

VERT 175
OFFSET -2.922960 -1.278231 57.595249
BONES 1
BONE 3 1.000000

VERT 176
OFFSET -3.961472 -0.688676 58.071922
BONES 1
BONE 3 1.000000

VERT 177
OFFSET -3.575265 -1.088755 57.927910
BONES 1
BONE 3 1.000000

VERT 178
OFFSET -2.497822 -1.135412 57.357452
BONES 1
BONE 3 1.000000

VERT 179
OFFSET -1.887308 -0.484595 57.002281
BONES 1
BONE 3 1.000000

VERT 180
OFFSET -1.736313 0.087284 56.918171
BONES 1
BONE 3 1.000000

VERT 181
OFFSET 0.469023 0.604125 58.342144
BONES 6
BONE 27 0.000024
BONE 34 0.000544
BONE 33 0.508016
BONE 28 0.121120
BONE 3 0.293556
BONE 26 0.076740

VERT 182
OFFSET -0.462602 2.221057 60.035114
BONES 5
BONE 38 0.001956
BONE 42 0.009975
BONE 40 0.024882
BONE 34 0.720004
BONE 41 0.243183

VERT 183
OFFSET -0.295891 2.210168 60.068344
BONES 6
BONE 3 0.000049
BONE 35 0.003340
BONE 41 0.395724
BONE 40 0.038269
BONE 34 0.532712
BONE 42 0.029907

VERT 184
OFFSET -0.288772 2.381636 60.529282
BONES 5
BONE 40 0.171853
BONE 39 0.105027
BONE 34 0.621842
BONE 41 0.097292
BONE 38 0.003987

VERT 185
OFFSET -3.320918 3.329070 62.844681
BONES 1
BONE 3 1.000000

VERT 186
OFFSET -2.527265 3.329869 63.527699
BONES 1
BONE 3 1.000000

VERT 187
OFFSET -1.397747 2.896210 64.407196
BONES 1
BONE 3 1.000000

VERT 188
OFFSET -0.473600 2.212318 65.003700
BONES 1
BONE 3 1.000000

VERT 189
OFFSET -0.172078 1.763439 65.195183
BONES 1
BONE 3 1.000000

VERT 190
OFFSET 0.672580 1.034789 64.370796
BONES 1
BONE 3 1.000000

VERT 191
OFFSET 0.477105 0.006883 58.123516
BONES 6
BONE 23 0.151358
BONE 22 0.137213
BONE 33 0.663102
BONE 28 0.010828
BONE 3 0.022645
BONE 29 0.014855

VERT 192
OFFSET 0.283569 -0.538581 58.210281
BONES 8
BONE 26 0.000000
BONE 27 0.010361
BONE 3 0.000755
BONE 32 0.058695
BONE 23 0.043496
BONE 33 0.671379
BONE 29 0.214898
BONE 22 0.000416

VERT 193
OFFSET -2.753650 -3.406799 60.566177
BONES 1
BONE 3 1.000000

VERT 194
OFFSET -3.048169 -3.593069 60.142845
BONES 1
BONE 3 1.000000

VERT 195
OFFSET -3.120497 -3.676431 59.615620
BONES 1
BONE 3 1.000000

VERT 196
OFFSET -3.097407 -3.134516 59.635101
BONES 1
BONE 3 1.000000

VERT 197
OFFSET -3.045077 -3.647889 59.624866
BONES 1
BONE 3 1.000000

VERT 198
OFFSET -2.675952 -2.951427 59.085701
BONES 1
BONE 3 1.000000

VERT 199
OFFSET -2.474996 -2.811143 59.156384
BONES 1
BONE 3 1.000000

VERT 200
OFFSET -2.709946 -3.098688 59.528255
BONES 1
BONE 3 1.000000

VERT 201
OFFSET -2.479280 -2.938273 59.676781
BONES 2
BONE 3 0.999895
BONE 45 0.000105

VERT 202
OFFSET -2.452533 -3.019190 59.977558
BONES 1
BONE 3 1.000000

VERT 203
OFFSET -2.287875 -3.308145 60.324120
BONES 1
BONE 3 1.000000

VERT 204
OFFSET -2.572208 -3.201023 60.140575
BONES 1
BONE 3 1.000000

VERT 205
OFFSET -2.104504 -3.105556 60.552887
BONES 3
BONE 3 0.993803
BONE 45 0.005405
BONE 44 0.000792

VERT 206
OFFSET -2.592940 -3.685129 60.571674
BONES 1
BONE 3 1.000000

VERT 207
OFFSET -2.736265 -3.085761 59.863342
BONES 1
BONE 3 1.000000

VERT 208
OFFSET -2.822505 -3.582569 59.849579
BONES 1
BONE 3 1.000000

VERT 209
OFFSET -2.956753 -3.816838 60.219685
BONES 1
BONE 3 1.000000

VERT 210
OFFSET -2.653457 -3.625139 60.134216
BONES 1
BONE 3 1.000000

VERT 211
OFFSET -2.837795 -3.916998 60.292515
BONES 1
BONE 3 1.000000

VERT 212
OFFSET -2.381948 -3.684989 60.595192
BONES 1
BONE 3 1.000000

VERT 213
OFFSET -2.483242 -3.806544 60.699043
BONES 1
BONE 3 1.000000

VERT 214
OFFSET -3.065994 -3.946955 60.282990
BONES 1
BONE 3 1.000000

VERT 215
OFFSET -2.800908 -3.836698 60.637936
BONES 1
BONE 3 1.000000

VERT 216
OFFSET -2.480974 -3.162007 60.708679
BONES 1
BONE 3 1.000000

VERT 217
OFFSET -2.868922 -2.479790 59.210579
BONES 1
BONE 3 1.000000

VERT 218
OFFSET -4.225047 -0.221544 58.147121
BONES 1
BONE 3 1.000000

VERT 219
OFFSET -4.287388 -0.849292 59.075169
BONES 1
BONE 3 1.000000

VERT 220
OFFSET -4.993384 -0.582035 59.688133
BONES 1
BONE 3 1.000000

VERT 221
OFFSET -0.514088 -3.148069 61.337639
BONES 4
BONE 50 0.004265
BONE 45 0.009740
BONE 3 0.870977
BONE 44 0.115018

VERT 222
OFFSET -1.330528 -3.283494 62.141090
BONES 1
BONE 3 1.000000

VERT 223
OFFSET -0.325047 -3.016845 62.716217
BONES 1
BONE 3 1.000000

VERT 224
OFFSET 0.104934 -2.877870 61.914120
BONES 4
BONE 49 0.000271
BONE 3 0.832572
BONE 44 0.158919
BONE 50 0.008238

VERT 225
OFFSET 0.474295 -2.484740 62.830204
BONES 1
BONE 3 1.000000

VERT 226
OFFSET 0.132847 -2.422531 61.297005
BONES 4
BONE 48 0.000457
BONE 3 0.354802
BONE 44 0.626957
BONE 49 0.017784

VERT 227
OFFSET 0.829451 -1.866074 62.345203
BONES 2
BONE 44 0.130764
BONE 3 0.869236

VERT 228
OFFSET 0.862422 -1.845423 62.798210
BONES 1
BONE 3 1.000000

VERT 229
OFFSET 0.762515 -1.390136 63.929916
BONES 1
BONE 3 1.000000

VERT 230
OFFSET -0.075468 -2.178916 60.707542
BONES 5
BONE 47 0.000012
BONE 50 0.095252
BONE 48 0.098401
BONE 44 0.599246
BONE 49 0.207091

VERT 231
OFFSET -0.157233 -2.597956 60.974209
BONES 7
BONE 51 0.000721
BONE 50 0.169052
BONE 49 0.125504
BONE 44 0.592990
BONE 3 0.099586
BONE 48 0.011941
BONE 47 0.000206

VERT 232
OFFSET 0.217457 -0.917216 60.530926
BONES 5
BONE 53 0.000336
BONE 47 0.330176
BONE 44 0.460120
BONE 48 0.026926
BONE 46 0.182441

VERT 233
OFFSET 0.145117 -1.505975 60.787125
BONES 4
BONE 47 0.055492
BONE 49 0.037260
BONE 44 0.681454
BONE 48 0.225793

VERT 234
OFFSET -0.498743 -1.539980 60.293995
BONES 4
BONE 47 0.023574
BONE 3 0.000000
BONE 44 0.941005
BONE 48 0.035421

VERT 235
OFFSET -0.176312 -2.144650 60.760925
BONES 5
BONE 50 0.039211
BONE 48 0.111088
BONE 44 0.694636
BONE 47 0.001175
BONE 49 0.153890

VERT 236
OFFSET -0.288835 -2.382451 60.529259
BONES 5
BONE 51 0.097307
BONE 49 0.105015
BONE 44 0.621842
BONE 48 0.003983
BONE 50 0.171852

VERT 237
OFFSET -0.462650 -2.221894 60.035152
BONES 5
BONE 52 0.009932
BONE 50 0.024885
BONE 48 0.001956
BONE 44 0.720017
BONE 51 0.243209

VERT 238
OFFSET -0.280932 -1.650723 59.754169
BONES 4
BONE 51 0.030760
BONE 44 0.762275
BONE 52 0.188787
BONE 53 0.018178

VERT 239
OFFSET -0.084441 -1.599761 59.819439
BONES 5
BONE 51 0.027418
BONE 52 0.312398
BONE 44 0.625003
BONE 53 0.034571
BONE 46 0.000610

VERT 240
OFFSET -0.143911 -0.858060 59.932453
BONES 6
BONE 47 0.014974
BONE 48 0.000094
BONE 46 0.167195
BONE 52 0.043546
BONE 44 0.696695
BONE 53 0.077496

VERT 241
OFFSET 0.036206 -0.870599 60.010883
BONES 5
BONE 47 0.002760
BONE 53 0.240078
BONE 44 0.543698
BONE 52 0.033830
BONE 46 0.179634

VERT 242
OFFSET 0.098722 -0.863156 60.578426
BONES 4
BONE 47 0.196359
BONE 44 0.616488
BONE 46 0.177989
BONE 48 0.009164

VERT 243
OFFSET 0.102623 -1.377797 59.379639
BONES 6
BONE 51 0.004516
BONE 45 0.005022
BONE 53 0.081933
BONE 44 0.684261
BONE 52 0.114728
BONE 3 0.109541

VERT 244
OFFSET 0.142068 -0.646872 65.295326
BONES 1
BONE 3 1.000000

VERT 245
OFFSET -0.133751 -1.708332 65.215721
BONES 1
BONE 3 1.000000

VERT 246
OFFSET -0.473595 -2.212314 65.003708
BONES 1
BONE 3 1.000000

VERT 247
OFFSET -1.397763 -2.896223 64.407181
BONES 1
BONE 3 1.000000

VERT 248
OFFSET -2.527263 -3.329869 63.527699
BONES 1
BONE 3 1.000000

VERT 249
OFFSET -3.320917 -3.329070 62.844681
BONES 1
BONE 3 1.000000

VERT 250
OFFSET 1.090081 1.183908 61.849781
BONES 3
BONE 4 0.229868
BONE 6 0.020132
BONE 3 0.750000

VERT 251
OFFSET 0.787475 1.787879 61.246372
BONES 3
BONE 3 0.750000
BONE 6 0.082963
BONE 4 0.167037

VERT 252
OFFSET 1.035724 0.722867 61.238293
BONES 3
BONE 3 0.750000
BONE 6 0.006934
BONE 4 0.243066

VERT 253
OFFSET 0.850880 2.084377 61.919403
BONES 3
BONE 3 0.750000
BONE 6 0.166497
BONE 4 0.083503

VERT 254
OFFSET 0.370475 2.734602 61.502239
BONES 3
BONE 3 0.750000
BONE 4 0.017959
BONE 6 0.232041

VERT 255
OFFSET 0.533103 2.615943 62.060886
BONES 3
BONE 6 0.229087
BONE 4 0.020913
BONE 3 0.750000

VERT 256
OFFSET 0.284145 2.936622 62.091667
BONES 3
BONE 3 0.750000
BONE 4 0.009830
BONE 6 0.240170

VERT 257
OFFSET -0.040660 3.297737 61.731709
BONES 3
BONE 3 0.750000
BONE 4 0.014298
BONE 6 0.235702

VERT 258
OFFSET 0.070536 3.131848 61.516113
BONES 3
BONE 3 0.750000
BONE 4 0.011880
BONE 6 0.238120

VERT 259
OFFSET -0.027553 3.261532 61.618656
BONES 3
BONE 6 0.235941
BONE 4 0.014059
BONE 3 0.750000

VERT 260
OFFSET 0.936197 1.781898 61.879917
BONES 3
BONE 6 0.096362
BONE 4 0.153638
BONE 3 0.750000

VERT 261
OFFSET 1.124061 0.908603 61.780338
BONES 3
BONE 3 0.750000
BONE 6 0.007639
BONE 4 0.242361

VERT 262
OFFSET 0.937107 0.994493 61.099918
BONES 3
BONE 4 0.241998
BONE 6 0.008002
BONE 3 0.750000

VERT 263
OFFSET 0.980740 0.831780 61.127861
BONES 3
BONE 4 0.243703
BONE 6 0.006297
BONE 3 0.750000

VERT 264
OFFSET 1.113498 0.738743 61.587513
BONES 3
BONE 3 0.750000
BONE 6 0.007012
BONE 4 0.242988

VERT 265
OFFSET 0.122364 3.106844 62.035175
BONES 3
BONE 6 0.238962
BONE 4 0.011038
BONE 3 0.750000

VERT 266
OFFSET -0.026625 3.255402 61.853420
BONES 3
BONE 6 0.236278
BONE 4 0.013722
BONE 3 0.750000

VERT 267
OFFSET 1.090420 -1.182969 61.854359
BONES 3
BONE 7 0.020128
BONE 5 0.229872
BONE 3 0.750000

VERT 268
OFFSET 0.787706 -1.787583 61.252392
BONES 3
BONE 3 0.750000
BONE 5 0.166634
BONE 7 0.083366

VERT 269
OFFSET 1.036010 -0.722151 61.242611
BONES 3
BONE 3 0.750000
BONE 5 0.243066
BONE 7 0.006934

VERT 270
OFFSET 0.853748 -2.073616 61.925503
BONES 3
BONE 3 0.750000
BONE 5 0.083877
BONE 7 0.166123

VERT 271
OFFSET 0.464512 -2.549001 61.459839
BONES 3
BONE 5 0.031939
BONE 7 0.218061
BONE 3 0.750000

VERT 272
OFFSET 0.321388 -2.807738 61.517567
BONES 3
BONE 3 0.750000
BONE 7 0.237932
BONE 5 0.012068

VERT 273
OFFSET 0.534592 -2.612393 62.070164
BONES 3
BONE 5 0.020960
BONE 7 0.229040
BONE 3 0.750000

VERT 274
OFFSET 0.285385 -2.933474 62.101234
BONES 3
BONE 3 0.750000
BONE 7 0.240170
BONE 5 0.009831

VERT 275
OFFSET -0.039504 -3.294704 61.741169
BONES 3
BONE 3 0.750000
BONE 7 0.235702
BONE 5 0.014298

VERT 276
OFFSET 0.071658 -3.128867 61.525650
BONES 3
BONE 3 0.750000
BONE 7 0.238119
BONE 5 0.011881

VERT 277
OFFSET -0.026391 -3.258501 61.628124
BONES 4
BONE 5 0.014059
BONE 6 0.000000
BONE 7 0.235941
BONE 3 0.750000

VERT 278
OFFSET 0.937165 -1.779172 61.886044
BONES 3
BONE 5 0.153822
BONE 7 0.096178
BONE 3 0.750000

VERT 279
OFFSET 1.124332 -0.907771 61.784588
BONES 3
BONE 3 0.750000
BONE 5 0.242363
BONE 7 0.007637

VERT 280
OFFSET 0.937299 -0.994125 61.104214
BONES 3
BONE 7 0.008020
BONE 5 0.241980
BONE 3 0.750000

VERT 281
OFFSET 0.981012 -0.831069 61.132164
BONES 4
BONE 7 0.006297
BONE 6 0.000000
BONE 5 0.243703
BONE 3 0.750000

VERT 282
OFFSET 1.113777 -0.738023 61.591827
BONES 3
BONE 3 0.750000
BONE 5 0.242988
BONE 7 0.007012

VERT 283
OFFSET 0.123544 -3.103776 62.044708
BONES 3
BONE 5 0.011038
BONE 7 0.238962
BONE 3 0.750000

VERT 284
OFFSET -0.025462 -3.252367 61.862885
BONES 4
BONE 5 0.013722
BONE 6 0.000000
BONE 7 0.236278
BONE 3 0.750000

VERT 285
OFFSET 0.608263 0.378748 59.450214
BONES 2
BONE 34 0.242607
BONE 3 0.757393

VERT 286
OFFSET 0.837218 -0.003145 59.529804
BONES 2
BONE 3 0.996334
BONE 44 0.003666

VERT 287
OFFSET 1.173744 0.000023 59.248241
BONES 1
BONE 3 1.000000

VERT 288
OFFSET 0.605992 -0.377640 59.450996
BONES 2
BONE 3 0.756021
BONE 44 0.243979

VERT 289
OFFSET 0.493436 -0.332571 59.789814
BONES 2
BONE 44 0.297832
BONE 3 0.702169

VERT 290
OFFSET 0.497586 0.335024 59.793957
BONES 2
BONE 34 0.297969
BONE 3 0.702031

VERT 291
OFFSET 0.664678 0.002295 60.379322
BONES 3
BONE 44 0.034535
BONE 3 0.947946
BONE 34 0.017519

VERT 292
OFFSET 0.720857 0.324797 60.879364
BONES 2
BONE 34 0.225669
BONE 3 0.774331

VERT 293
OFFSET 0.726800 -0.326344 60.886871
BONES 2
BONE 44 0.223136
BONE 3 0.776865

VERT 294
OFFSET 0.787286 0.118844 60.893112
BONES 3
BONE 44 0.016355
BONE 34 0.085865
BONE 3 0.897780

VERT 295
OFFSET 0.864776 -0.351496 59.069168
BONES 3
BONE 3 0.888258
BONE 33 0.032259
BONE 44 0.079483

VERT 296
OFFSET 0.864792 0.351454 59.069199
BONES 3
BONE 3 0.888278
BONE 33 0.032216
BONE 34 0.079506

VERT 297
OFFSET 0.712112 0.337765 58.713417
BONES 3
BONE 28 0.026078
BONE 3 0.491582
BONE 33 0.482340

VERT 298
OFFSET 0.897498 0.000001 58.695919
BONES 2
BONE 3 0.634794
BONE 33 0.365206

VERT 299
OFFSET 0.712125 -0.337763 58.713409
BONES 3
BONE 29 0.024495
BONE 3 0.492366
BONE 33 0.483139

VERT 300
OFFSET 0.293791 0.175930 58.189960
BONES 3
BONE 33 0.600000
BONE 26 0.200000
BONE 27 0.200000

VERT 301
OFFSET 0.266089 0.406902 58.441963
BONES 3
BONE 33 0.600000
BONE 26 0.200000
BONE 27 0.200000

VERT 302
OFFSET 0.037193 0.462262 58.250427
BONES 3
BONE 33 0.600000
BONE 26 0.200000
BONE 27 0.200000

VERT 303
OFFSET 0.248680 0.308930 58.436047
BONES 3
BONE 27 0.200000
BONE 26 0.200000
BONE 33 0.600000

VERT 304
OFFSET -0.274068 0.487796 58.319809
BONES 3
BONE 27 0.200000
BONE 26 0.200000
BONE 33 0.600000

VERT 305
OFFSET -0.261675 0.495589 58.563568
BONES 3
BONE 33 0.600000
BONE 26 0.200000
BONE 27 0.200000

VERT 306
OFFSET 0.275892 -0.201308 58.190556
BONES 3
BONE 27 0.200000
BONE 26 0.200000
BONE 33 0.600000

VERT 307
OFFSET 0.398552 -0.194353 58.408535
BONES 3
BONE 33 0.600000
BONE 26 0.200000
BONE 27 0.200000

VERT 308
OFFSET 0.187433 -0.350317 58.450840
BONES 3
BONE 27 0.200000
BONE 26 0.200000
BONE 33 0.600000

VERT 309
