// Export time: Sat Nov 14 23:50:09 2020

// Exported using Blender v2.90.1
// Export filename: 'E:/blackops3/mod_xmodel/iw4/ro635/ch_body_gk_ro635_lod1.XMODEL_EXPORT'
// Source filename: 'E:/blackops3/mod_xmodel/iw4/ro635/ro635.blend'
MODEL
VERSION 6

NUMBONES 75
BONE 0 -1 "tag_origin"
BONE 1 0 "j_mainroot"
BONE 2 1 "j_hip_le"
BONE 3 2 "j_knee_le"
BONE 4 3 "j_ankle_le"
BONE 5 4 "j_ball_le"
BONE 6 2 "Sk_06_01"
BONE 7 1 "j_hip_ri"
BONE 8 7 "j_knee_ri"
BONE 9 8 "j_ankle_ri"
BONE 10 9 "j_ball_ri"
BONE 11 7 "Sk_02_01"
BONE 12 1 "j_spinelower"
BONE 13 12 "j_spineupper"
BONE 14 13 "j_spine4"
BONE 15 14 "j_clavicle_le"
BONE 16 15 "j_shoulder_le"
BONE 17 16 "j_elbow_le"
BONE 18 17 "j_wrist_le"
BONE 19 18 "j_index_le_1"
BONE 20 19 "j_index_le_2"
BONE 21 20 "j_index_le_3"
BONE 22 18 "j_mid_le_1"
BONE 23 22 "j_mid_le_2"
BONE 24 23 "j_mid_le_3"
BONE 25 18 "j_pinky_le_1"
BONE 26 25 "j_pinky_le_2"
BONE 27 26 "j_pinky_le_3"
BONE 28 18 "j_ring_le_1"
BONE 29 28 "j_ring_le_2"
BONE 30 29 "j_ring_le_3"
BONE 31 18 "j_thumb_le_1"
BONE 32 31 "j_thumb_le_2"
BONE 33 32 "j_thumb_le_3"
BONE 34 18 "j_wrist_le1"
BONE 35 34 "tag_weapon_left"
BONE 36 17 "j_wristtwist_le"
BONE 37 16 "j_shouldertwist_le"
BONE 38 37 "tag_reflector_arm_le"
BONE 39 14 "j_clavicle_ri"
BONE 40 39 "j_shoulder_ri"
BONE 41 40 "j_elbow_ri"
BONE 42 41 "j_wrist_ri"
BONE 43 42 "j_index_ri_1"
BONE 44 43 "j_index_ri_2"
BONE 45 44 "j_index_ri_3"
BONE 46 42 "j_mid_ri_1"
BONE 47 46 "j_mid_ri_2"
BONE 48 47 "j_mid_ri_3"
BONE 49 42 "j_pinky_ri_1"
BONE 50 49 "j_pinky_ri_2"
BONE 51 50 "j_pinky_ri_3"
BONE 52 42 "j_ring_ri_1"
BONE 53 52 "j_ring_ri_2"
BONE 54 53 "j_ring_ri_3"
BONE 55 42 "j_thumb_ri_1"
BONE 56 55 "j_thumb_ri_2"
BONE 57 56 "j_thumb_ri_3"
BONE 58 42 "j_wrist_ri1"
BONE 59 58 "j_gun"
BONE 60 58 "tag_weapon_right"
BONE 61 41 "j_wristtwist_ri"
BONE 62 40 "j_shouldertwist_ri"
BONE 63 62 "tag_reflector_arm_ri"
BONE 64 14 "j_neck"
BONE 65 64 "j_head"
BONE 66 14 "j_shoulderraise_le"
BONE 67 14 "j_shoulderraise_ri"
BONE 68 14 "tag_bipod"
BONE 69 14 "tag_inhand"
BONE 70 14 "tag_shield_back"
BONE 71 14 "tag_stowed_back"
BONE 72 14 "tag_weapon_chest"
BONE 73 1 "tag_stowed_hip_rear"
BONE 74 0 "tag_sync"

BONE 0
OFFSET 0.000000 0.000000 0.000000
SCALE 1.000000 1.000000 1.000000
X 1.000000 0.000000 0.000000
Y 0.000000 1.000000 0.000000
Z 0.000000 0.000000 1.000000

BONE 1
OFFSET -3.418017 -0.000170 39.120125
SCALE 1.000000 1.000000 1.000000
X -0.024721 -0.000056 0.999694
Y 0.999694 0.000059 0.024721
Z -0.000060 1.000000 0.000054

BONE 2
OFFSET -2.688262 3.364160 36.970943
SCALE 1.000000 1.000000 1.000000
X -0.017164 0.000119 -0.999853
Y 0.999843 -0.004520 -0.017165
Z -0.004521 -0.999990 -0.000041

BONE 3
OFFSET -2.984316 3.366131 19.739489
SCALE 1.000000 1.000000 1.000000
X -0.069206 0.000349 -0.997602
Y 0.997593 -0.004502 -0.069207
Z -0.004515 -0.999990 -0.000037

BONE 4
OFFSET -4.085882 3.371694 3.872427
SCALE 1.000000 1.000000 1.000000
X 0.007829 0.007015 -0.999945
Y 0.999749 -0.021052 0.007679
Z -0.020997 -0.999754 -0.007178

BONE 5
OFFSET 0.220644 3.360347 0.435698
SCALE 1.000000 1.000000 1.000000
X 0.983210 -0.021946 0.181154
Y -0.181268 -0.003262 0.983428
Z -0.020992 -0.999754 -0.007185

BONE 6
OFFSET -4.049731 7.102154 36.173466
SCALE 1.000000 1.000000 1.000000
X 0.000001 1.000000 0.000000
Y 0.000000 -0.000000 1.000000
Z 1.000000 -0.000001 -0.000000

BONE 7
OFFSET -2.688262 -3.362448 36.970947
SCALE 1.000000 1.000000 1.000000
X 0.017139 -0.009154 0.999918
Y -0.999853 -0.000173 0.017132
Z 0.000016 -0.999958 -0.009155

BONE 8
OFFSET -2.984364 -3.204704 19.738426
SCALE 1.000000 1.000000 1.000000
X 0.069145 0.010064 0.997663
Y -0.997606 -0.000647 0.069155
Z 0.001342 -0.999949 0.009998

BONE 9
OFFSET -4.085433 -3.364902 3.870446
SCALE 1.000000 1.000000 1.000000
X -0.007795 0.017008 0.999932
Y -0.999617 -0.026679 -0.007349
Z 0.026550 -0.999499 0.017213

BONE 10
OFFSET 0.220445 -3.364130 0.432999
SCALE 1.000000 1.000000 1.000000
X -0.983086 -0.029217 -0.180826
Y 0.181211 -0.012114 -0.983473
Z 0.026541 -0.999500 0.017207

BONE 11
OFFSET -4.049017 -7.100642 36.173019
SCALE 1.000000 1.000000 1.000000
X -0.000001 1.000000 -0.000002
Y -0.000000 0.000000 1.000000
Z 1.000000 0.000001 0.000008

BONE 12
OFFSET -2.060000 0.000000 43.483532
SCALE 1.000000 1.000000 1.000000
X -0.029904 -0.000055 0.999553
Y 0.999553 0.000059 0.029904
Z -0.000060 1.000000 0.000054

BONE 13
OFFSET -2.462061 0.000210 47.198326
SCALE 1.000000 1.000000 1.000000
X 0.020429 -0.000062 0.999791
Y 0.999791 0.000062 -0.020429
Z -0.000060 1.000000 0.000064

BONE 14
OFFSET -2.699147 0.000018 50.333317
SCALE 1.000000 1.000000 1.000000
X 0.046994 -0.000057 0.998895
Y 0.998895 0.000063 -0.046994
Z -0.000060 1.000000 0.000060

BONE 15
OFFSET -2.959666 0.591909 53.505367
SCALE 1.000000 1.000000 1.000000
X 0.022168 0.997071 0.072284
Y -0.999643 0.021027 0.016487
Z 0.014920 -0.072535 0.997223

BONE 16
OFFSET -2.959667 4.151362 53.505379
SCALE 1.000000 1.000000 1.000000
X -0.008399 0.999818 -0.012098
Y -0.996261 -0.009416 -0.085881
Z -0.085988 0.011416 0.996207

BONE 17
OFFSET -3.379162 13.721075 53.507442
SCALE 1.000000 1.000000 1.000000
X -0.007356 0.999743 0.017854
Y -0.996337 -0.005815 -0.085317
Z -0.085201 -0.018330 0.996169

BONE 18
OFFSET -3.386478 22.428499 53.513432
SCALE 1.000000 1.000000 1.000000
X -0.101953 0.992072 -0.072407
Y -0.070415 -0.079883 -0.994295
Z -0.992294 -0.096263 0.077998

BONE 19
OFFSET -2.614676 24.532011 53.545391
SCALE 1.000000 1.000000 1.000000
X 0.089223 0.992558 -0.081924
Y -0.215117 -0.061187 -0.974650
Z -0.972504 0.104596 0.208077

BONE 20
OFFSET -2.510997 25.685913 53.449841
SCALE 1.000000 1.000000 1.000000
X 0.089596 0.992653 -0.080350
Y -0.215001 -0.059576 -0.974775
Z -0.972495 0.104622 0.208103

BONE 21
OFFSET -2.441308 26.458483 53.387112
SCALE 1.000000 1.000000 1.000000
X 0.094771 0.993783 -0.057102
Y -0.212796 -0.035893 -0.976416
Z -0.972490 0.104699 0.208091

BONE 22
OFFSET -3.185144 24.626095 53.640472
SCALE 1.000000 1.000000 1.000000
X 0.004894 0.996443 -0.083178
Y -0.052026 -0.082894 -0.995181
Z -0.998634 0.009200 0.051440

BONE 23
OFFSET -3.178865 25.903135 53.533604
SCALE 1.000000 1.000000 1.000000
X 0.004812 0.996256 -0.085390
Y -0.051968 -0.085108 -0.994997
Z -0.998637 0.009228 0.051368

BONE 24
OFFSET -3.174864 26.753834 53.460556
SCALE 1.000000 1.000000 1.000000
X 0.003815 0.994396 -0.104885
Y -0.051977 -0.104627 -0.993135
Z -0.998641 0.009243 0.051291

BONE 25
OFFSET -4.206738 24.183825 53.304699
SCALE 1.000000 1.000000 1.000000
X -0.129718 0.987966 -0.083303
Y -0.032023 -0.088225 -0.995568
Z -0.991034 -0.126467 0.043074

BONE 26
OFFSET -4.344580 25.233624 53.215935
SCALE 1.000000 1.000000 1.000000
X -0.129585 0.987914 -0.084130
Y -0.031826 -0.089027 -0.995503
Z -0.991057 -0.126317 0.042970

BONE 27
OFFSET -4.420448 25.811213 53.166668
SCALE 1.000000 1.000000 1.000000
X -0.129574 0.987811 -0.085340
Y -0.031544 -0.090209 -0.995405
Z -0.991068 -0.126279 0.042840

BONE 28
OFFSET -3.724336 24.453190 53.533123
SCALE 1.000000 1.000000 1.000000
X -0.064662 0.994332 -0.083456
Y 0.010303 -0.083042 -0.996474
Z -0.997854 -0.065292 -0.004880

BONE 29
OFFSET -3.803475 25.669996 53.430649
SCALE 1.000000 1.000000 1.000000
X -0.064535 0.993917 -0.088343
Y 0.010752 -0.087911 -0.996052
Z -0.997857 -0.065229 -0.005019

BONE 30
OFFSET -3.856052 26.477997 53.358761
SCALE 1.000000 1.000000 1.000000
X -0.065361 0.992025 0.107183
Y -0.001962 0.107195 -0.994201
Z -0.997860 -0.065191 -0.005065

BONE 31
OFFSET -2.512081 22.515457 53.156425
SCALE 1.000000 1.000000 1.000000
X 0.571461 0.809321 -0.135346
Y -0.811858 0.581622 0.050576
Z 0.119663 0.081060 0.989481

BONE 32
OFFSET -1.787749 23.542139 52.984722
SCALE 1.000000 1.000000 1.000000
X 0.566923 0.811168 -0.143141
Y -0.814344 0.578084 0.051168
Z 0.124264 0.087638 0.988353

BONE 33
OFFSET -1.261183 24.296152 52.851730
SCALE 1.000000 1.000000 1.000000
X 0.646158 0.756493 -0.100508
Y -0.757398 0.651826 0.037584
Z 0.093955 0.051922 0.994201

BONE 34
OFFSET -1.066247 21.085663 52.067905
SCALE 1.000000 1.000000 1.000000
X -0.101954 0.992073 -0.072400
Y -0.070414 -0.079876 -0.994296
Z -0.992294 -0.096264 0.077996

BONE 35
OFFSET 11.567026 14.974773 27.802631
SCALE 1.000000 1.000000 1.000000
X 0.535688 0.844291 0.010541
Y -0.502208 0.308580 0.807813
Z 0.678842 -0.437957 0.589302

BONE 36
OFFSET -3.384262 19.879246 53.511475
SCALE 1.000000 1.000000 1.000000
X -0.007356 0.999743 0.017849
Y -0.996338 -0.005816 -0.085300
Z -0.085183 -0.018325 0.996170

BONE 37
OFFSET -2.962794 4.528582 53.500832
SCALE 1.000000 1.000000 1.000000
X -0.008419 0.999820 -0.011951
Y -0.996260 -0.009423 -0.085881
Z -0.085988 0.011267 0.996208

BONE 38
OFFSET -2.829341 5.194781 55.266315
SCALE 1.000000 1.000000 1.000000
X 0.038247 -0.292652 0.955398
Y -0.939634 -0.335873 -0.065304
Z 0.340036 -0.895209 -0.287922

BONE 39
OFFSET -2.959666 -0.590689 53.505375
SCALE 1.000000 1.000000 1.000000
X -0.019467 0.997196 -0.072252
Y 0.999656 0.018144 -0.018918
Z -0.017554 -0.072596 -0.997207

BONE 40
OFFSET -2.959667 -4.148103 53.505371
SCALE 1.000000 1.000000 1.000000
X 0.006130 0.999913 0.011639
Y 0.996466 -0.007083 0.083700
Z 0.083776 0.011085 -0.996423

BONE 41
OFFSET -3.358642 -13.718948 53.512169
SCALE 1.000000 1.000000 1.000000
X 0.005150 0.999821 -0.018223
Y 0.996551 -0.003623 0.082905
Z 0.082825 -0.018587 -0.996391

BONE 42
OFFSET -3.347247 -22.426388 53.521866
SCALE 1.000000 1.000000 1.000000
X 0.064747 0.988634 0.135688
Y -0.083447 -0.130133 0.987979
Z 0.994406 -0.075292 0.074073

BONE 43
OFFSET -2.598401 -24.531456 53.545349
SCALE 1.000000 1.000000 1.000000
X -0.094864 0.992631 0.075400
Y 0.055215 -0.070378 0.995991
Z 0.993957 0.098647 -0.048132

BONE 44
OFFSET -2.487799 -25.689110 53.457306
SCALE 1.000000 1.000000 1.000000
X -0.104286 0.990138 0.093551
Y 0.057079 -0.087950 0.994488
Z 0.992908 0.109051 -0.047345

BONE 45
OFFSET -2.407345 -26.452362 53.385311
SCALE 1.000000 1.000000 1.000000
X -0.103518 0.988865 0.106907
Y 0.058497 -0.101246 0.993140
Z 0.992906 0.109061 -0.047365

BONE 46
OFFSET -3.168868 -24.625542 53.640434
SCALE 1.000000 1.000000 1.000000
X -0.011558 0.996352 0.084548
Y -0.102706 -0.085290 0.991048
Z 0.994644 0.002771 0.103317

BONE 47
OFFSET -3.154042 -25.907055 53.531731
SCALE 1.000000 1.000000 1.000000
X -0.011274 0.996615 0.081426
Y -0.102699 -0.082155 0.991314
Z 0.994648 0.002814 0.103278

BONE 48
OFFSET -3.144346 -26.758930 53.462166
SCALE 1.000000 1.000000 1.000000
X -0.020525 0.985095 0.170780
Y -0.101296 -0.171986 0.979878
Z 0.994644 0.002812 0.103317

BONE 49
OFFSET -4.190460 -24.183289 53.304607
SCALE 1.000000 1.000000 1.000000
X 0.128020 0.988431 0.081327
Y -0.119870 -0.065979 0.990595
Z 0.984501 -0.136564 0.110037

BONE 50
OFFSET -4.327068 -25.238556 53.217827
SCALE 1.000000 1.000000 1.000000
X 0.127673 0.988268 0.083824
Y -0.120193 -0.068476 0.990386
Z 0.984506 -0.136521 0.110040

BONE 51
OFFSET -4.401647 -25.815258 53.168945
SCALE 1.000000 1.000000 1.000000
X 0.175374 0.978753 0.106233
Y -0.122370 -0.085397 0.988804
Z 0.976867 -0.186410 0.104794

BONE 52
OFFSET -3.708061 -24.452618 53.533188
SCALE 1.000000 1.000000 1.000000
X 0.058603 0.994768 0.083682
Y -0.161564 -0.073270 0.984138
Z 0.985120 -0.071194 0.156425

BONE 53
OFFSET -3.779517 -25.663988 53.431301
SCALE 1.000000 1.000000 1.000000
X 0.058905 0.994935 0.081449
Y -0.161383 -0.071026 0.984333
Z 0.985132 -0.071126 0.156382

BONE 54
OFFSET -3.827076 -26.468988 53.365372
SCALE 1.000000 1.000000 1.000000
X 0.073863 0.997197 -0.011899
Y -0.155108 0.023274 0.987623
Z 0.985132 -0.071103 0.156392

BONE 55
OFFSET -2.495794 -22.514898 53.156452
SCALE 1.000000 1.000000 1.000000
X -0.573525 0.807276 0.139188
Y 0.818096 0.555663 0.148181
Z 0.042282 0.198854 -0.979116

BONE 56
OFFSET -1.771790 -23.534378 52.980621
SCALE 1.000000 1.000000 1.000000
X -0.574025 0.806933 0.139117
Y 0.817746 0.556153 0.148274
Z 0.042277 0.198875 -0.979112

BONE 57
OFFSET -1.236798 -24.286573 52.850990
SCALE 1.000000 1.000000 1.000000
X -0.538577 0.829951 0.145314
Y 0.841512 0.521172 0.142253
Z 0.042329 0.198898 -0.979106

BONE 58
OFFSET -5.830334 -23.881538 54.518375
SCALE 1.000000 1.000000 1.000000
X 0.064748 0.988634 0.135688
Y -0.083447 -0.130133 0.987979
Z 0.994406 -0.075292 0.074073

BONE 59
OFFSET -10.420453 -28.391563 56.558159
SCALE 1.000000 1.000000 1.000000
X 0.548085 -0.834725 0.053265
Y 0.614444 0.358604 -0.702754
Z 0.567505 0.417897 0.709437

BONE 60
OFFSET -10.420453 -28.391563 56.558159
SCALE 1.000000 1.000000 1.000000
X 0.548347 -0.834598 0.052553
Y 0.586672 0.339149 -0.735387
Z 0.595929 0.434079 0.675607

BONE 61
OFFSET -3.350593 -19.877132 53.519051
SCALE 1.000000 1.000000 1.000000
X 0.005138 0.999821 -0.018222
Y 0.996552 -0.003611 0.082886
Z 0.082805 -0.018586 -0.996392

BONE 62
OFFSET -2.961762 -4.487660 53.501411
SCALE 1.000000 1.000000 1.000000
X 0.006138 0.999913 0.011633
Y 0.996466 -0.007091 0.083701
Z 0.083776 0.011078 -0.996423

BONE 63
OFFSET -2.822565 -5.153295 55.266640
SCALE 1.000000 1.000000 1.000000
X -0.043256 0.245337 0.968472
Y 0.926279 -0.353376 0.130890
Z 0.374347 0.902738 -0.211965

BONE 64
OFFSET -2.694638 0.000000 54.914459
SCALE 1.000000 1.000000 1.000000
X 0.309757 -0.000038 0.950816
Y 0.950816 0.000075 -0.309757
Z -0.000060 1.000000 0.000060

BONE 65
OFFSET -2.694638 0.000000 57.375427
SCALE 1.000000 1.000000 1.000000
X 0.216380 -0.000040 0.976309
Y 0.976309 0.000072 -0.216380
Z -0.000061 1.000000 0.000055

BONE 66
OFFSET -2.556437 3.913207 57.237770
SCALE 1.000000 1.000000 1.000000
X -0.019304 -0.997191 -0.072367
Y 0.999659 -0.017981 -0.018901
Z 0.017546 -0.072707 0.997199

BONE 67
OFFSET -2.555963 -3.913931 57.237457
SCALE 1.000000 1.000000 1.000000
X 0.022400 -0.997296 0.071789
Y -0.999638 -0.021271 0.016488
Z -0.014915 -0.072304 -0.997333

BONE 68
OFFSET 16.253307 -27.726582 30.512453
SCALE 1.000000 1.000000 1.000000
X 1.000000 -0.000039 0.000083
Y 0.000039 1.000000 0.000030
Z -0.000083 -0.000030 1.000000

BONE 69
OFFSET 10.700640 -27.727486 37.863693
SCALE 1.000000 1.000000 1.000000
X -0.000140 1.000000 0.000187
Y 0.764300 0.000228 -0.644861
Z -0.644861 0.000052 -0.764300

BONE 70
OFFSET -10.888188 0.778572 50.719585
SCALE 1.000000 1.000000 1.000000
X -0.989754 -0.000187 0.142786
Y 0.000189 -1.000000 0.000000
Z 0.142786 0.000027 0.989754

BONE 71
OFFSET -9.092003 -4.469750 48.654781
SCALE 1.000000 1.000000 1.000000
X -0.007000 0.025912 -0.999640
Y -0.984168 -0.177224 0.002298
Z -0.177100 0.983829 0.026743

BONE 72
OFFSET 10.700640 -27.727486 37.863693
SCALE 1.000000 1.000000 1.000000
X 1.000000 -0.000038 0.000083
Y 0.000038 1.000000 0.000001
Z -0.000083 -0.000001 1.000000

BONE 73
OFFSET -9.149073 -2.549100 35.967533
SCALE 1.000000 1.000000 1.000000
X -0.188090 0.137974 0.972412
Y 0.149133 -0.974591 0.167129
Z 0.970763 0.176454 0.162734

BONE 74
OFFSET -0.002217 0.000000 -0.000000
SCALE 1.000000 1.000000 1.000000
X -1.000000 0.000000 0.000000
Y 0.000000 -1.000000 0.000000
Z 0.000000 0.000000 1.000000


NUMVERTS 3653
VERT 0
OFFSET -3.643152 4.565027 41.078053
BONES 2
BONE 12 0.029548
BONE 1 0.970452

VERT 1
OFFSET -3.326945 3.756195 42.547424
BONES 3
BONE 13 0.008819
BONE 12 0.221890
BONE 1 0.769291

VERT 2
OFFSET -4.517627 4.399972 40.904655
BONES 2
BONE 12 0.013871
BONE 1 0.986129

VERT 3
OFFSET -5.296132 4.052355 40.701118
BONES 2
BONE 2 0.015021
BONE 1 0.984979

VERT 4
OFFSET -5.920438 3.496844 40.485840
BONES 2
BONE 2 0.009895
BONE 1 0.990105

VERT 5
OFFSET -6.332591 2.883023 40.336151
BONES 3
BONE 1 0.997615
BONE 12 0.000002
BONE 2 0.002383

VERT 6
OFFSET -5.428592 1.458482 42.558086
BONES 3
BONE 13 0.010968
BONE 12 0.250680
BONE 1 0.738352

VERT 7
OFFSET -6.782710 1.334554 40.026424
BONES 1
BONE 1 1.000000

VERT 8
OFFSET -5.633196 0.455043 42.317070
BONES 3
BONE 1 0.735608
BONE 12 0.254145
BONE 13 0.010247

VERT 9
OFFSET -6.860804 0.039592 39.836712
BONES 1
BONE 1 1.000000

VERT 10
OFFSET -5.546979 -1.302589 42.390972
BONES 3
BONE 13 0.009507
BONE 1 0.762440
BONE 12 0.228053

VERT 11
OFFSET -4.993802 0.000124 43.754978
BONES 4
BONE 12 0.527088
BONE 1 0.357403
BONE 13 0.115508
BONE 41 0.000000

VERT 12
OFFSET -4.988662 -0.717631 43.782475
BONES 4
BONE 12 0.511742
BONE 1 0.378927
BONE 13 0.109331
BONE 41 0.000000

VERT 13
OFFSET -4.883708 -1.236984 43.822464
BONES 4
BONE 12 0.509677
BONE 1 0.392228
BONE 13 0.098095
BONE 41 0.000000

VERT 14
OFFSET -5.127033 -2.133532 42.717159
BONES 3
BONE 1 0.741212
BONE 12 0.253208
BONE 13 0.005580

VERT 15
OFFSET -4.691988 -1.759727 43.872402
BONES 3
BONE 13 0.099248
BONE 1 0.404212
BONE 12 0.496540

VERT 16
OFFSET -6.332590 -2.883043 40.336159
BONES 3
BONE 1 0.997615
BONE 7 0.002383
BONE 12 0.000002

VERT 17
OFFSET -5.920441 -3.496860 40.485847
BONES 2
BONE 7 0.009895
BONE 1 0.990105

VERT 18
OFFSET -5.296131 -4.052369 40.701130
BONES 2
BONE 7 0.015021
BONE 1 0.984979

VERT 19
OFFSET -4.517622 -4.399983 40.904663
BONES 2
BONE 12 0.013871
BONE 1 0.986129

VERT 20
OFFSET -3.643154 -4.565031 41.078053
BONES 2
BONE 12 0.029548
BONE 1 0.970452

VERT 21
OFFSET -3.326944 -3.756198 42.547417
BONES 3
BONE 13 0.008819
BONE 12 0.221889
BONE 1 0.769292

VERT 22
OFFSET -4.035879 -3.253189 42.785198
BONES 3
BONE 13 0.007005
BONE 12 0.258659
BONE 1 0.734336

VERT 23
OFFSET -4.609461 -2.847062 42.759670
BONES 3
BONE 13 0.004751
BONE 12 0.247754
BONE 1 0.747495

VERT 24
OFFSET -3.153953 -3.148922 43.945854
BONES 3
BONE 13 0.094928
BONE 12 0.479523
BONE 1 0.425548

VERT 25
OFFSET -4.122571 -2.601685 43.976814
BONES 3
BONE 13 0.098448
BONE 1 0.424273
BONE 12 0.477279

VERT 26
OFFSET -4.655452 2.990093 42.457176
BONES 2
BONE 1 0.807405
BONE 12 0.192595

VERT 27
OFFSET -2.645065 3.863993 42.463726
BONES 3
BONE 13 0.009612
BONE 12 0.221069
BONE 1 0.769319

VERT 28
OFFSET -3.332219 3.761586 42.519119
BONES 3
BONE 13 0.008484
BONE 12 0.217838
BONE 1 0.773678

VERT 29
OFFSET -1.386583 3.763593 42.118458
BONES 3
BONE 1 0.786989
BONE 12 0.209728
BONE 13 0.003283

VERT 30
OFFSET -5.133936 2.209567 42.379684
BONES 2
BONE 1 0.803097
BONE 12 0.196903

VERT 31
OFFSET -6.646731 2.165179 40.196495
BONES 2
BONE 1 0.999607
BONE 12 0.000393

VERT 32
OFFSET -5.269484 1.457687 42.520103
BONES 3
BONE 13 0.003113
BONE 12 0.246408
BONE 1 0.750479

VERT 33
OFFSET -5.362456 0.072716 42.462685
BONES 3
BONE 12 0.256895
BONE 1 0.738101
BONE 13 0.005004

VERT 34
OFFSET -6.771581 -1.386506 40.031620
BONES 2
BONE 1 0.999701
BONE 12 0.000299

VERT 35
OFFSET -6.621996 -2.237416 40.206776
BONES 2
BONE 12 0.000005
BONE 1 0.999995

VERT 36
OFFSET -4.655449 -2.990085 42.457184
BONES 2
BONE 12 0.192596
BONE 1 0.807404

VERT 37
OFFSET -5.133938 -2.209565 42.379684
BONES 2
BONE 1 0.803097
BONE 12 0.196903

VERT 38
OFFSET -5.269479 -1.457682 42.520111
BONES 3
BONE 13 0.003113
BONE 12 0.246410
BONE 1 0.750477

VERT 39
OFFSET -3.332208 -3.761585 42.519123
BONES 3
BONE 13 0.008484
BONE 12 0.217839
BONE 1 0.773677

VERT 40
OFFSET -4.068469 -3.279877 42.644531
BONES 4
BONE 1 0.765440
BONE 12 0.234560
BONE 41 0.000000
BONE 61 0.000000

VERT 41
OFFSET -3.728840 -1.966556 43.727005
BONES 3
BONE 13 0.099380
BONE 1 0.408247
BONE 12 0.492373

VERT 42
OFFSET -3.140852 -2.362327 43.684620
BONES 3
BONE 13 0.095698
BONE 1 0.426856
BONE 12 0.477447

VERT 43
OFFSET -2.487909 -2.559720 43.589622
BONES 4
BONE 12 0.456645
BONE 1 0.454811
BONE 13 0.088544
BONE 41 0.000000

VERT 44
OFFSET -4.110044 -1.412864 43.700409
BONES 4
BONE 12 0.503619
BONE 1 0.394043
BONE 13 0.102338
BONE 41 0.000000

VERT 45
OFFSET -4.255212 -1.062136 43.680031
BONES 4
BONE 12 0.511885
BONE 1 0.386852
BONE 13 0.101264
BONE 41 0.000000

VERT 46
OFFSET -4.348866 -0.548401 43.658073
BONES 4
BONE 12 0.520509
BONE 1 0.361724
BONE 13 0.117767
BONE 41 0.000000

VERT 47
OFFSET -4.374356 0.000731 43.644154
BONES 4
BONE 12 0.533644
BONE 1 0.345502
BONE 13 0.120854
BONE 41 0.000000

VERT 48
OFFSET -4.348866 0.548401 43.658073
BONES 4
BONE 12 0.520509
BONE 1 0.361724
BONE 13 0.117767
BONE 41 0.000000

VERT 49
OFFSET -4.255212 1.062136 43.680031
BONES 4
BONE 12 0.511885
BONE 1 0.386852
BONE 13 0.101264
BONE 41 0.000000

VERT 50
OFFSET -4.110044 1.412863 43.700409
BONES 4
BONE 12 0.503619
BONE 1 0.394043
BONE 13 0.102338
BONE 41 0.000000

VERT 51
OFFSET -3.728841 1.966555 43.727005
BONES 3
BONE 13 0.099380
BONE 1 0.408247
BONE 12 0.492373

VERT 52
OFFSET -3.140854 2.362327 43.684624
BONES 3
BONE 13 0.095698
BONE 1 0.426856
BONE 12 0.477447

VERT 53
OFFSET -4.068470 3.279877 42.644531
BONES 4
BONE 1 0.765440
BONE 12 0.234560
BONE 41 0.000000
BONE 61 0.000000

VERT 54
OFFSET -2.487909 2.559720 43.589622
BONES 4
BONE 12 0.456645
BONE 1 0.454811
BONE 13 0.088544
BONE 41 0.000000

VERT 55
OFFSET -1.982944 2.528389 43.469929
BONES 4
BONE 1 0.470366
BONE 12 0.443494
BONE 13 0.086140
BONE 41 0.000000

VERT 56
OFFSET -1.579663 2.415213 43.353889
BONES 4
BONE 1 0.462574
BONE 12 0.459281
BONE 13 0.078144
BONE 41 0.000000

VERT 57
OFFSET -0.599309 3.171724 41.862682
BONES 3
BONE 1 0.770262
BONE 12 0.229692
BONE 2 0.000046

VERT 58
OFFSET -1.242890 2.205254 43.239994
BONES 4
BONE 12 0.491520
BONE 1 0.444164
BONE 13 0.064317
BONE 41 0.000000

VERT 59
OFFSET -0.236647 2.569987 41.515514
BONES 3
BONE 13 0.000341
BONE 12 0.230082
BONE 1 0.769577

VERT 60
OFFSET -0.982659 1.876670 43.108753
BONES 4
BONE 12 0.532051
BONE 1 0.414388
BONE 13 0.053561
BONE 41 0.000000

VERT 61
OFFSET 0.329545 1.087486 41.203644
BONES 3
BONE 13 0.003256
BONE 1 0.747574
BONE 12 0.249171

VERT 62
OFFSET -0.733289 1.472617 43.001301
BONES 4
BONE 12 0.571442
BONE 1 0.387498
BONE 13 0.041060
BONE 41 0.000000

VERT 63
OFFSET -0.535589 1.013701 42.928585
BONES 4
BONE 12 0.592433
BONE 1 0.379715
BONE 13 0.027853
BONE 41 0.000000

VERT 64
OFFSET -0.378261 0.339378 42.866932
BONES 3
BONE 13 0.014247
BONE 1 0.391405
BONE 12 0.594349

VERT 65
OFFSET 0.746149 -0.006739 51.611435
BONES 4
BONE 13 1.000000
BONE 41 0.000000
BONE 61 0.000000
BONE 6 0.000000

VERT 66
OFFSET 0.643509 -0.165346 51.762920
BONES 4
BONE 13 1.000000
BONE 41 0.000000
BONE 61 0.000000
BONE 6 0.000000

VERT 67
OFFSET 0.536694 -0.117011 51.877293
BONES 4
BONE 13 1.000000
BONE 41 0.000000
BONE 61 0.000000
BONE 6 0.000000

VERT 68
OFFSET 0.728871 -0.113436 51.653954
BONES 4
BONE 13 1.000000
BONE 41 0.000000
BONE 61 0.000000
BONE 6 0.000000

VERT 69
OFFSET 0.730352 0.122467 51.652065
BONES 4
BONE 13 1.000000
BONE 41 0.000000
BONE 61 0.000000
BONE 6 0.000000

VERT 70
OFFSET 0.644872 0.174961 51.761024
BONES 4
BONE 13 1.000000
BONE 41 0.000000
BONE 61 0.000000
BONE 6 0.000000

VERT 71
OFFSET 0.538262 0.126775 51.875492
BONES 4
BONE 13 1.000000
BONE 41 0.000000
BONE 61 0.000000
BONE 6 0.000000

VERT 72
OFFSET 0.469818 0.000300 51.923679
BONES 4
BONE 13 1.000000
BONE 41 0.000000
BONE 61 0.000000
BONE 6 0.000000

VERT 73
OFFSET -0.901224 0.096882 53.474503
BONES 4
BONE 13 1.000000
BONE 41 0.000000
BONE 61 0.000000
BONE 6 0.000000

VERT 74
OFFSET -0.826290 0.151625 53.369511
BONES 4
BONE 13 1.000000
BONE 41 0.000000
BONE 61 0.000000
BONE 6 0.000000

VERT 75
OFFSET -0.727320 -0.030371 53.226158
BONES 4
BONE 13 1.000000
BONE 41 0.000000
BONE 61 0.000000
BONE 6 0.000000

VERT 76
OFFSET -0.938955 -0.035003 53.516125
BONES 4
BONE 13 0.995012
BONE 64 0.004988
BONE 41 0.000000
BONE 61 0.000000

VERT 77
OFFSET -0.750908 0.094839 53.270744
BONES 4
BONE 13 1.000000
BONE 41 0.000000
BONE 61 0.000000
BONE 6 0.000000

VERT 78
OFFSET -0.748574 -0.164145 53.272190
BONES 4
BONE 13 1.000000
BONE 41 0.000000
BONE 61 0.000000
BONE 6 0.000000

VERT 79
OFFSET -0.826025 -0.221213 53.370441
BONES 4
BONE 13 1.000000
BONE 41 0.000000
BONE 61 0.000000
BONE 6 0.000000

VERT 80
OFFSET -0.901139 -0.166812 53.474895
BONES 4
BONE 13 1.000000
BONE 41 0.000000
BONE 61 0.000000
BONE 6 0.000000

VERT 81
OFFSET -1.522512 0.132910 54.809490
BONES 4
BONE 13 0.736601
BONE 64 0.220523
BONE 65 0.034180
BONE 15 0.008695

VERT 82
OFFSET -1.491722 0.121306 54.583794
BONES 4
BONE 13 0.795725
BONE 64 0.170285
BONE 65 0.026295
BONE 15 0.007695

VERT 83
OFFSET -1.491308 -0.000416 54.518417
BONES 4
BONE 13 0.836414
BONE 64 0.135764
BONE 65 0.020751
BONE 15 0.007071

VERT 84
OFFSET -1.505035 0.180962 54.696697
BONES 4
BONE 13 0.756296
BONE 64 0.203775
BONE 65 0.031583
BONE 15 0.008345

VERT 85
OFFSET -1.539598 0.009946 54.861378
BONES 4
BONE 13 0.742343
BONE 64 0.215653
BONE 65 0.033400
BONE 15 0.008604

VERT 86
OFFSET -1.511924 -0.120923 54.592411
BONES 4
BONE 13 0.772757
BONE 64 0.197972
BONE 65 0.023015
BONE 39 0.006256

VERT 87
OFFSET -1.548545 -0.112350 54.833027
BONES 4
BONE 13 0.710597
BONE 64 0.244350
BONE 65 0.037839
BONE 39 0.007214

VERT 88
OFFSET -1.540040 -0.175538 54.711048
BONES 4
BONE 13 0.734192
BONE 64 0.224709
BONE 65 0.033865
BONE 39 0.007233

VERT 89
OFFSET -0.306805 -0.695042 52.822800
BONES 2
BONE 13 0.998105
BONE 39 0.001895

VERT 90
OFFSET 0.077135 -1.219237 52.476265
BONES 2
BONE 39 0.001082
BONE 13 0.998918

VERT 91
OFFSET 0.382817 -1.138517 52.159805
BONES 4
BONE 13 1.000000
BONE 41 0.000000
BONE 61 0.000000
BONE 6 0.000000

VERT 92
OFFSET 0.701836 -0.721967 51.815430
BONES 1
BONE 13 1.000000

VERT 93
OFFSET -0.590160 -0.013988 53.019470
BONES 1
BONE 13 1.000000

VERT 94
OFFSET -1.492436 0.305626 54.352932
BONES 4
BONE 65 0.014452
BONE 15 0.002383
BONE 64 0.142175
BONE 13 0.840991

VERT 95
OFFSET -1.077370 -0.848272 53.681217
BONES 3
BONE 64 0.007040
BONE 13 0.965664
BONE 39 0.027296

VERT 96
OFFSET -1.126858 -1.798317 53.631271
BONES 3
BONE 64 0.000922
BONE 39 0.139679
BONE 13 0.859399

VERT 97
OFFSET -2.390688 -1.689403 55.176876
BONES 4
BONE 65 0.044457
BONE 39 0.195027
BONE 64 0.244556
BONE 13 0.515960

VERT 98
OFFSET -0.493999 -1.415409 53.031998
BONES 4
BONE 13 0.978577
BONE 39 0.021423
BONE 41 0.000000
BONE 61 0.000000

VERT 99
OFFSET -2.173518 -2.212995 54.669830
BONES 4
BONE 65 0.003491
BONE 64 0.067111
BONE 39 0.384193
BONE 13 0.545205

VERT 100
OFFSET 0.077504 1.219151 52.475910
BONES 2
BONE 15 0.001066
BONE 13 0.998934

VERT 101
OFFSET -0.310581 0.698344 52.826797
BONES 2
BONE 13 0.998123
BONE 15 0.001877

VERT 102
OFFSET 0.382815 1.138519 52.159805
BONES 4
BONE 13 1.000000
BONE 41 0.000000
BONE 61 0.000000
BONE 6 0.000000

VERT 103
OFFSET 0.701754 0.721769 51.815063
BONES 1
BONE 13 1.000000

VERT 104
OFFSET -1.109315 1.806408 53.654991
BONES 3
BONE 64 0.000993
BONE 15 0.140723
BONE 13 0.858283

VERT 105
OFFSET -0.493999 1.415792 53.031998
BONES 4
BONE 13 0.978577
BONE 15 0.021423
BONE 41 0.000000
BONE 61 0.000000

VERT 106
OFFSET 0.828888 0.405221 51.551529
BONES 4
BONE 13 1.000000
BONE 41 0.000000
BONE 61 0.000000
BONE 6 0.000000

VERT 107
OFFSET -2.185830 2.218966 54.673210
BONES 4
BONE 65 0.003675
BONE 64 0.067488
BONE 15 0.385475
BONE 13 0.543362

VERT 108
OFFSET -2.574925 1.787143 55.209526
BONES 4
BONE 13 0.493022
BONE 64 0.253165
BONE 15 0.215872
BONE 65 0.037941

VERT 109
OFFSET -0.860250 -2.801690 53.268639
BONES 3
BONE 40 0.015246
BONE 39 0.243639
BONE 13 0.741115

VERT 110
OFFSET -0.367961 -1.686787 52.949768
BONES 2
BONE 13 0.962629
BONE 39 0.037371

VERT 111
OFFSET 0.900112 -1.191452 51.857395
BONES 1
BONE 13 1.000000

VERT 112
OFFSET 0.537660 -0.857115 52.083092
BONES 1
BONE 13 1.000000

VERT 113
OFFSET -0.658250 -3.469312 52.729252
BONES 2
BONE 39 0.166544
BONE 13 0.833456

VERT 114
OFFSET -0.209586 -3.319739 52.297661
BONES 2
BONE 13 0.987636
BONE 39 0.012364

VERT 115
OFFSET -1.034892 -4.094980 53.161640
BONES 3
BONE 40 0.278850
BONE 13 0.242843
BONE 39 0.478306

VERT 116
OFFSET -0.914387 -3.938450 52.401070
BONES 4
BONE 13 0.727610
BONE 39 0.272390
BONE 41 0.000000
BONE 61 0.000000

VERT 117
OFFSET -1.181834 -4.225469 51.913822
BONES 3
BONE 13 0.619461
BONE 39 0.250012
BONE 40 0.130526

VERT 118
OFFSET -1.318659 -3.997275 53.980930
BONES 3
BONE 13 0.134322
BONE 40 0.320277
BONE 39 0.545401

VERT 119
OFFSET -1.947856 -3.947002 54.807320
BONES 4
BONE 39 0.578268
BONE 40 0.341457
BONE 13 0.080274
BONE 41 0.000000

VERT 120
OFFSET -1.814020 -2.882495 54.457771
BONES 3
BONE 40 0.053279
BONE 13 0.400735
BONE 39 0.545986

VERT 121
OFFSET -2.642013 -3.929337 55.226845
BONES 4
BONE 64 0.000008
BONE 13 0.084996
BONE 40 0.326177
BONE 39 0.588819

VERT 122
OFFSET 1.157673 -0.407672 51.386436
BONES 1
BONE 13 1.000000

VERT 123
OFFSET 1.816101 -1.861287 50.778198
BONES 1
BONE 13 1.000000

VERT 124
OFFSET 1.419436 -0.689733 51.091671
BONES 1
BONE 13 1.000000

VERT 125
OFFSET 1.925168 -0.422161 50.124424
BONES 1
BONE 13 1.000000

VERT 126
OFFSET 2.214403 -1.729635 49.990459
BONES 1
BONE 13 1.000000

VERT 127
OFFSET 2.267043 -1.089617 49.459896
BONES 1
BONE 13 1.000000

VERT 128
OFFSET 2.161737 -0.495243 49.098541
BONES 1
BONE 13 1.000000

VERT 129
OFFSET 2.147392 0.426556 49.118179
BONES 1
BONE 13 1.000000

VERT 130
OFFSET 2.288095 -1.145697 48.751892
BONES 1
BONE 13 1.000000

VERT 131
OFFSET 2.087407 0.000307 49.064095
BONES 1
BONE 13 1.000000

VERT 132
OFFSET 1.918049 -0.467138 48.333107
BONES 1
BONE 13 1.000000

VERT 133
OFFSET 1.497228 -0.578884 47.357883
BONES 2
BONE 12 0.006696
BONE 13 0.993304

VERT 134
OFFSET 1.791751 0.005483 48.146736
BONES 2
BONE 13 0.999483
BONE 12 0.000517

VERT 135
OFFSET 1.453278 -1.171362 47.111275
BONES 1
BONE 13 1.000000

VERT 136
OFFSET 1.497143 0.579423 47.357361
BONES 2
BONE 13 0.993198
BONE 12 0.006802

VERT 137
OFFSET 1.159171 -0.004681 47.083939
BONES 3
BONE 1 0.000188
BONE 13 0.750710
BONE 12 0.249102

VERT 138
OFFSET 1.250590 -0.578185 47.155750
BONES 2
BONE 13 0.800833
BONE 12 0.199167

VERT 139
OFFSET 1.072150 -0.634777 46.808201
BONES 3
BONE 1 0.000338
BONE 13 0.682922
BONE 12 0.316740

VERT 140
OFFSET 1.250587 0.578153 47.155758
BONES 2
BONE 12 0.199169
BONE 13 0.800831

VERT 141
OFFSET 1.072143 0.634704 46.808178
BONES 3
BONE 1 0.000339
BONE 12 0.316750
BONE 13 0.682912

VERT 142
OFFSET 1.453281 1.171348 47.111282
BONES 1
BONE 13 1.000000

VERT 143
OFFSET 2.160059 1.241306 48.128479
BONES 1
BONE 13 1.000000

VERT 144
OFFSET 1.916731 0.467755 48.329655
BONES 1
BONE 13 1.000000

VERT 145
OFFSET 2.288089 1.145694 48.751892
BONES 1
BONE 13 1.000000

VERT 146
OFFSET 2.267041 1.089626 49.459888
BONES 1
BONE 13 1.000000

VERT 147
OFFSET 2.214399 1.729656 49.990456
BONES 1
BONE 13 1.000000

VERT 148
OFFSET 1.816107 1.861311 50.778183
BONES 1
BONE 13 1.000000

VERT 149
OFFSET 1.920875 0.396688 50.124470
BONES 1
BONE 13 1.000000

VERT 150
OFFSET 1.424858 0.698052 51.089806
BONES 1
BONE 13 1.000000

VERT 151
OFFSET 0.887007 1.220015 51.870632
BONES 1
BONE 13 1.000000

VERT 152
OFFSET -0.876033 2.842245 53.277576
BONES 3
BONE 13 0.728056
BONE 15 0.252765
BONE 16 0.019179

VERT 153
OFFSET -0.660762 3.470224 52.734116
BONES 2
BONE 15 0.167610
BONE 13 0.832390

VERT 154
OFFSET -1.037555 4.107996 53.175198
BONES 3
BONE 16 0.279202
BONE 13 0.242457
BONE 15 0.478341

VERT 155
OFFSET -0.914366 3.943314 52.402023
BONES 4
BONE 13 0.727617
BONE 15 0.272383
BONE 41 0.000000
BONE 61 0.000000

VERT 156
OFFSET -0.208737 3.318025 52.297928
BONES 2
BONE 13 0.987658
BONE 15 0.012342

VERT 157
OFFSET -1.183598 4.230823 51.912128
BONES 3
BONE 13 0.619927
BONE 15 0.249790
BONE 16 0.130283

VERT 158
OFFSET -0.532828 4.098672 51.626656
BONES 2
BONE 15 0.004022
BONE 13 0.995978

VERT 159
OFFSET -1.265203 4.331944 51.028618
BONES 2
BONE 15 0.021239
BONE 13 0.978761

VERT 160
OFFSET 0.508937 4.260214 50.525101
BONES 1
BONE 13 1.000000

VERT 161
OFFSET 0.917742 3.868827 50.733665
BONES 1
BONE 13 1.000000

VERT 162
OFFSET 0.143587 4.556681 49.964703
BONES 1
BONE 13 1.000000

VERT 163
OFFSET -0.674067 4.560837 50.273018
BONES 1
BONE 13 1.000000

VERT 164
OFFSET -0.344001 4.649965 49.546219
BONES 1
BONE 13 1.000000

VERT 165
OFFSET 0.390111 4.569327 49.158970
BONES 1
BONE 13 1.000000

VERT 166
OFFSET -1.004366 4.541987 49.578415
BONES 1
BONE 13 1.000000

VERT 167
OFFSET -0.193178 4.554053 48.651863
BONES 1
BONE 13 1.000000

VERT 168
OFFSET -0.843471 4.475651 48.805965
BONES 1
BONE 13 1.000000

VERT 169
OFFSET -0.726195 4.286057 48.250847
BONES 1
BONE 13 1.000000

VERT 170
OFFSET -1.698284 4.304152 49.691463
BONES 1
BONE 13 1.000000

VERT 171
OFFSET -1.374331 4.093343 48.525261
BONES 1
BONE 13 1.000000

VERT 172
OFFSET -0.946809 3.980971 47.938770
BONES 1
BONE 13 1.000000

VERT 173
OFFSET -0.118030 4.262223 47.871883
BONES 1
BONE 13 1.000000

VERT 174
OFFSET -1.103152 3.900767 47.429462
BONES 2
BONE 12 0.014459
BONE 13 0.985541

VERT 175
OFFSET -0.153519 3.779209 47.307415
BONES 2
BONE 12 0.000992
BONE 13 0.999008

VERT 176
OFFSET 0.551832 3.919760 47.366695
BONES 1
BONE 13 1.000000

VERT 177
OFFSET 0.904957 4.130388 47.918026
BONES 1
BONE 13 1.000000

VERT 178
OFFSET 1.195252 3.446981 47.191463
BONES 1
BONE 13 1.000000

VERT 179
OFFSET 1.490787 3.486729 47.550163
BONES 1
BONE 13 1.000000

VERT 180
OFFSET 0.422706 3.318683 46.844887
BONES 1
BONE 13 1.000000

VERT 181
OFFSET 0.032933 3.248281 46.797424
BONES 2
BONE 13 0.884996
BONE 12 0.115004

VERT 182
OFFSET 0.953107 2.831198 46.829514
BONES 1
BONE 13 1.000000

VERT 183
OFFSET 0.631791 2.684926 46.802048
BONES 2
BONE 13 0.875845
BONE 12 0.124155

VERT 184
OFFSET 1.268529 2.134703 46.905483
BONES 1
BONE 13 1.000000

VERT 185
OFFSET 1.791598 2.698750 47.345810
BONES 1
BONE 13 1.000000

VERT 186
OFFSET 2.131792 2.436091 47.946480
BONES 1
BONE 13 1.000000

VERT 187
OFFSET 2.186884 3.055851 48.757778
BONES 1
BONE 13 1.000000

VERT 188
OFFSET 1.664615 3.867835 48.619755
BONES 1
BONE 13 1.000000

VERT 189
OFFSET 2.077282 3.333903 49.259789
BONES 1
BONE 13 1.000000

VERT 190
OFFSET 2.244750 2.734135 49.552635
BONES 1
BONE 13 1.000000

VERT 191
OFFSET 2.062815 2.704178 50.188717
BONES 1
BONE 13 1.000000

VERT 192
OFFSET 1.517307 3.896738 49.889084
BONES 1
BONE 13 1.000000

VERT 193
OFFSET 1.808620 3.366968 50.132710
BONES 1
BONE 13 1.000000

VERT 194
OFFSET 1.589895 2.693176 50.947792
BONES 1
BONE 13 1.000000

VERT 195
OFFSET 1.196437 4.228198 49.509747
BONES 1
BONE 13 1.000000

VERT 196
OFFSET 1.345251 3.267636 50.890621
BONES 1
BONE 13 1.000000

VERT 197
OFFSET 0.565753 2.770994 51.930965
BONES 1
BONE 13 1.000000

VERT 198
OFFSET 0.649566 2.008630 52.077564
BONES 2
BONE 15 0.003609
BONE 13 0.996391

VERT 199
OFFSET 2.373741 1.952718 48.967060
BONES 1
BONE 13 1.000000

VERT 200
OFFSET 1.873830 1.946029 47.390617
BONES 1
BONE 13 1.000000

VERT 201
OFFSET 0.775852 0.580865 45.840229
BONES 3
BONE 1 0.006037
BONE 13 0.446016
BONE 12 0.547947

VERT 202
OFFSET 0.680037 0.102115 45.006866
BONES 3
BONE 12 0.709973
BONE 13 0.246618
BONE 1 0.043409

VERT 203
OFFSET 0.312286 1.926682 45.178391
BONES 3
BONE 13 0.375975
BONE 12 0.576155
BONE 1 0.047870

VERT 204
OFFSET 0.404347 1.134151 43.344620
BONES 3
BONE 1 0.285805
BONE 13 0.057674
BONE 12 0.656521

VERT 205
OFFSET 0.547109 0.193455 43.294861
BONES 3
BONE 13 0.036999
BONE 1 0.274524
BONE 12 0.688477

VERT 206
OFFSET 0.781252 -0.564855 45.853317
BONES 3
BONE 12 0.548698
BONE 13 0.445289
BONE 1 0.006012

VERT 207
OFFSET 0.513532 -0.580335 43.324223
BONES 3
BONE 12 0.682267
BONE 1 0.273046
BONE 13 0.044687

VERT 208
OFFSET -0.280854 3.088509 46.303257
BONES 4
BONE 13 0.731353
BONE 12 0.260032
BONE 1 0.008615
BONE 41 0.000000

VERT 209
OFFSET 0.059719 2.010788 43.389503
BONES 3
BONE 12 0.579247
BONE 13 0.080170
BONE 1 0.340584

VERT 210
OFFSET -0.305792 2.619515 43.532074
BONES 3
BONE 12 0.513868
BONE 13 0.104808
BONE 1 0.381324

VERT 211
OFFSET -0.893976 3.369827 46.102673
BONES 3
BONE 1 0.021611
BONE 12 0.305674
BONE 13 0.672716

VERT 212
OFFSET 0.353980 -1.812535 45.126175
BONES 3
BONE 12 0.593894
BONE 13 0.359020
BONE 1 0.047087

VERT 213
OFFSET 0.221803 -1.678871 43.343334
BONES 3
BONE 1 0.315200
BONE 13 0.071501
BONE 12 0.613299

VERT 214
OFFSET 0.688675 -1.980540 46.464554
BONES 3
BONE 13 0.740206
BONE 12 0.259431
BONE 1 0.000364

VERT 215
OFFSET -0.305792 -2.619515 43.532074
BONES 3
BONE 12 0.513868
BONE 13 0.104808
BONE 1 0.381324

VERT 216
OFFSET -0.737330 -3.059968 43.544918
BONES 3
BONE 12 0.468626
BONE 13 0.097493
BONE 1 0.433881

VERT 217
OFFSET -0.280855 -3.088510 46.303257
BONES 4
BONE 13 0.731353
BONE 12 0.260032
BONE 1 0.008615
BONE 41 0.000000

VERT 218
OFFSET -0.893976 -3.369827 46.102669
BONES 3
BONE 13 0.672715
BONE 12 0.305674
BONE 1 0.021610

VERT 219
OFFSET -1.705265 -4.132753 48.894253
BONES 2
BONE 12 0.000226
BONE 13 0.999774

VERT 220
OFFSET -1.742917 -4.253173 49.503380
BONES 1
BONE 13 1.000000

VERT 221
OFFSET -2.339703 -4.285056 50.923454
BONES 2
BONE 13 0.814981
BONE 39 0.185019

VERT 222
OFFSET -2.017355 -4.308100 51.048164
BONES 4
BONE 13 0.834623
BONE 39 0.165378
BONE 41 0.000000
BONE 61 0.000000

VERT 223
OFFSET -1.390399 -4.305804 51.355213
BONES 4
BONE 13 0.846203
BONE 39 0.153797
BONE 41 0.000000
BONE 61 0.000000

VERT 224
OFFSET -2.710314 -4.352275 50.858070
BONES 4
BONE 13 0.861943
BONE 39 0.138057
BONE 41 0.000000
BONE 61 0.000000

VERT 225
OFFSET -1.264708 -4.332020 51.025867
BONES 2
BONE 39 0.021012
BONE 13 0.978988

VERT 226
OFFSET -0.674208 -4.560770 50.271812
BONES 1
BONE 13 1.000000

VERT 227
OFFSET -0.531320 -4.099534 51.622280
BONES 2
BONE 39 0.003816
BONE 13 0.996184

VERT 228
OFFSET 0.143644 -4.556809 49.964012
BONES 1
BONE 13 1.000000

VERT 229
OFFSET 0.506022 -4.260647 50.527317
BONES 1
BONE 13 1.000000

VERT 230
OFFSET -0.344055 -4.649888 49.545242
BONES 1
BONE 13 1.000000

VERT 231
OFFSET 1.196442 -4.228187 49.509727
BONES 1
BONE 13 1.000000

VERT 232
OFFSET -1.977912 -4.272421 50.391121
BONES 1
BONE 13 1.000000

VERT 233
OFFSET 0.389992 -4.569355 49.159161
BONES 1
BONE 13 1.000000

VERT 234
OFFSET -1.223132 -4.482742 49.594093
BONES 1
BONE 13 1.000000

VERT 235
OFFSET -0.843825 -4.475622 48.806313
BONES 1
BONE 13 1.000000

VERT 236
OFFSET -0.193187 -4.554056 48.651894
BONES 1
BONE 13 1.000000

VERT 237
OFFSET 0.346803 -4.459220 48.304466
BONES 1
BONE 13 1.000000

VERT 238
OFFSET -1.715696 -4.180657 49.170067
BONES 4
BONE 13 1.000000
BONE 41 0.000000
BONE 61 0.000000
BONE 6 0.000000

VERT 239
OFFSET 1.092140 -4.285588 48.700684
BONES 1
BONE 13 1.000000

VERT 240
OFFSET 0.904970 -4.130378 47.918041
BONES 1
BONE 13 1.000000

VERT 241
OFFSET 1.664618 -3.867822 48.619755
BONES 1
BONE 13 1.000000

VERT 242
OFFSET 1.517316 -3.896719 49.889084
BONES 1
BONE 13 1.000000

VERT 243
OFFSET 1.808626 -3.366951 50.132713
BONES 1
BONE 13 1.000000

VERT 244
OFFSET 2.062823 -2.704163 50.188713
BONES 1
BONE 13 1.000000

VERT 245
OFFSET 2.077288 -3.333887 49.259789
BONES 1
BONE 13 1.000000

VERT 246
OFFSET 1.589888 -2.693165 50.947807
BONES 1
BONE 13 1.000000

VERT 247
OFFSET 1.345255 -3.267619 50.890621
BONES 1
BONE 13 1.000000

VERT 248
OFFSET 0.917888 -3.868845 50.733650
BONES 1
BONE 13 1.000000

VERT 249
OFFSET 2.244757 -2.734119 49.552635
BONES 1
BONE 13 1.000000

VERT 250
OFFSET 2.186892 -3.055833 48.757778
BONES 1
BONE 13 1.000000

VERT 251
OFFSET 1.490802 -3.486715 47.550179
BONES 1
BONE 13 1.000000

VERT 252
OFFSET 0.551834 -3.919746 47.366684
BONES 1
BONE 13 1.000000

VERT 253
OFFSET 1.195247 -3.446975 47.191460
BONES 1
BONE 13 1.000000

VERT 254
OFFSET 2.373747 -1.952704 48.967056
BONES 1
BONE 13 1.000000

VERT 255
OFFSET -0.118017 -4.262214 47.871872
BONES 1
BONE 13 1.000000

VERT 256
OFFSET -0.726200 -4.286054 48.250854
BONES 1
BONE 13 1.000000

VERT 257
OFFSET -1.237158 -4.105780 48.430866
BONES 1
BONE 13 1.000000

VERT 258
OFFSET -0.946798 -3.980973 47.938770
BONES 1
BONE 13 1.000000

VERT 259
OFFSET -0.153518 -3.779210 47.307419
BONES 2
BONE 12 0.000992
BONE 13 0.999008

VERT 260
OFFSET 0.422697 -3.318683 46.844887
BONES 1
BONE 13 1.000000

VERT 261
OFFSET -1.503529 -3.989713 47.679508
BONES 2
BONE 12 0.009651
BONE 13 0.990349

VERT 262
OFFSET -0.419584 -3.579098 46.905132
BONES 2
BONE 12 0.094771
BONE 13 0.905229

VERT 263
OFFSET 0.032929 -3.248284 46.797424
BONES 2
BONE 13 0.884996
BONE 12 0.115004

VERT 264
OFFSET 0.631793 -2.684927 46.802048
BONES 2
BONE 13 0.875845
BONE 12 0.124155

VERT 265
OFFSET 0.953106 -2.831204 46.829514
BONES 1
BONE 13 1.000000

VERT 266
OFFSET 1.268531 -2.134691 46.905483
BONES 1
BONE 13 1.000000

VERT 267
OFFSET 1.791601 -2.698745 47.345810
BONES 1
BONE 13 1.000000

VERT 268
OFFSET 1.873835 -1.946030 47.390617
BONES 1
BONE 13 1.000000

VERT 269
OFFSET 2.131796 -2.436079 47.946476
BONES 1
BONE 13 1.000000

VERT 270
OFFSET 2.160062 -1.241295 48.128479
BONES 1
BONE 13 1.000000

VERT 271
