// Export time: Thu Nov 05 16:53:43 2020

// Exported using Blender v2.90.1
// Export filename: 'E:/blackops3/mod_xmodel/iw4/ro635/ch_body_gk_ro635_lod2.XMODEL_EXPORT'
// Source filename: 'E:/blackops3/mod_xmodel/iw4/ro635/ro635.blend'
MODEL
VERSION 6

NUMBONES 75
BONE 0 -1 "tag_origin"
BONE 1 0 "j_mainroot"
BONE 2 1 "j_hip_le"
BONE 3 2 "j_knee_le"
BONE 4 3 "j_ankle_le"
BONE 5 4 "j_ball_le"
BONE 6 2 "Sk_06_01"
BONE 7 1 "j_hip_ri"
BONE 8 7 "j_knee_ri"
BONE 9 8 "j_ankle_ri"
BONE 10 9 "j_ball_ri"
BONE 11 7 "Sk_02_01"
BONE 12 1 "j_spinelower"
BONE 13 12 "j_spineupper"
BONE 14 13 "j_spine4"
BONE 15 14 "j_clavicle_le"
BONE 16 15 "j_shoulder_le"
BONE 17 16 "j_elbow_le"
BONE 18 17 "j_wrist_le"
BONE 19 18 "j_index_le_1"
BONE 20 19 "j_index_le_2"
BONE 21 20 "j_index_le_3"
BONE 22 18 "j_mid_le_1"
BONE 23 22 "j_mid_le_2"
BONE 24 23 "j_mid_le_3"
BONE 25 18 "j_pinky_le_1"
BONE 26 25 "j_pinky_le_2"
BONE 27 26 "j_pinky_le_3"
BONE 28 18 "j_ring_le_1"
BONE 29 28 "j_ring_le_2"
BONE 30 29 "j_ring_le_3"
BONE 31 18 "j_thumb_le_1"
BONE 32 31 "j_thumb_le_2"
BONE 33 32 "j_thumb_le_3"
BONE 34 18 "j_wrist_le1"
BONE 35 34 "tag_weapon_left"
BONE 36 17 "j_wristtwist_le"
BONE 37 16 "j_shouldertwist_le"
BONE 38 37 "tag_reflector_arm_le"
BONE 39 14 "j_clavicle_ri"
BONE 40 39 "j_shoulder_ri"
BONE 41 40 "j_elbow_ri"
BONE 42 41 "j_wrist_ri"
BONE 43 42 "j_index_ri_1"
BONE 44 43 "j_index_ri_2"
BONE 45 44 "j_index_ri_3"
BONE 46 42 "j_mid_ri_1"
BONE 47 46 "j_mid_ri_2"
BONE 48 47 "j_mid_ri_3"
BONE 49 42 "j_pinky_ri_1"
BONE 50 49 "j_pinky_ri_2"
BONE 51 50 "j_pinky_ri_3"
BONE 52 42 "j_ring_ri_1"
BONE 53 52 "j_ring_ri_2"
BONE 54 53 "j_ring_ri_3"
BONE 55 42 "j_thumb_ri_1"
BONE 56 55 "j_thumb_ri_2"
BONE 57 56 "j_thumb_ri_3"
BONE 58 42 "j_wrist_ri1"
BONE 59 58 "j_gun"
BONE 60 58 "tag_weapon_right"
BONE 61 41 "j_wristtwist_ri"
BONE 62 40 "j_shouldertwist_ri"
BONE 63 62 "tag_reflector_arm_ri"
BONE 64 14 "j_neck"
BONE 65 64 "j_head"
BONE 66 14 "j_shoulderraise_le"
BONE 67 14 "j_shoulderraise_ri"
BONE 68 14 "tag_bipod"
BONE 69 14 "tag_inhand"
BONE 70 14 "tag_shield_back"
BONE 71 14 "tag_stowed_back"
BONE 72 14 "tag_weapon_chest"
BONE 73 1 "tag_stowed_hip_rear"
BONE 74 0 "tag_sync"

BONE 0
OFFSET 0.000000 0.000000 0.000000
SCALE 1.000000 1.000000 1.000000
X 1.000000 0.000000 0.000000
Y 0.000000 1.000000 0.000000
Z 0.000000 0.000000 1.000000

BONE 1
OFFSET -3.418017 -0.000170 39.120125
SCALE 1.000000 1.000000 1.000000
X -0.024721 -0.000056 0.999694
Y 0.999694 0.000059 0.024721
Z -0.000060 1.000000 0.000054

BONE 2
OFFSET -2.688262 3.364160 36.970943
SCALE 1.000000 1.000000 1.000000
X -0.017164 0.000119 -0.999853
Y 0.999843 -0.004520 -0.017165
Z -0.004521 -0.999990 -0.000041

BONE 3
OFFSET -2.984316 3.366131 19.739489
SCALE 1.000000 1.000000 1.000000
X -0.069206 0.000349 -0.997602
Y 0.997593 -0.004502 -0.069207
Z -0.004515 -0.999990 -0.000037

BONE 4
OFFSET -4.085882 3.371694 3.872427
SCALE 1.000000 1.000000 1.000000
X 0.007829 0.007015 -0.999945
Y 0.999749 -0.021052 0.007679
Z -0.020997 -0.999754 -0.007178

BONE 5
OFFSET 0.220644 3.360347 0.435698
SCALE 1.000000 1.000000 1.000000
X 0.983210 -0.021946 0.181154
Y -0.181268 -0.003262 0.983428
Z -0.020992 -0.999754 -0.007185

BONE 6
OFFSET -4.049731 7.102154 36.173466
SCALE 1.000000 1.000000 1.000000
X 0.000001 1.000000 0.000000
Y 0.000000 -0.000000 1.000000
Z 1.000000 -0.000001 -0.000000

BONE 7
OFFSET -2.688262 -3.362448 36.970947
SCALE 1.000000 1.000000 1.000000
X 0.017139 -0.009154 0.999918
Y -0.999853 -0.000173 0.017132
Z 0.000016 -0.999958 -0.009155

BONE 8
OFFSET -2.984364 -3.204704 19.738426
SCALE 1.000000 1.000000 1.000000
X 0.069145 0.010064 0.997663
Y -0.997606 -0.000647 0.069155
Z 0.001342 -0.999949 0.009998

BONE 9
OFFSET -4.085433 -3.364902 3.870446
SCALE 1.000000 1.000000 1.000000
X -0.007795 0.017008 0.999932
Y -0.999617 -0.026679 -0.007349
Z 0.026550 -0.999499 0.017213

BONE 10
OFFSET 0.220445 -3.364130 0.432999
SCALE 1.000000 1.000000 1.000000
X -0.983086 -0.029217 -0.180826
Y 0.181211 -0.012114 -0.983473
Z 0.026541 -0.999500 0.017207

BONE 11
OFFSET -4.049017 -7.100642 36.173019
SCALE 1.000000 1.000000 1.000000
X -0.000001 1.000000 -0.000002
Y -0.000000 0.000000 1.000000
Z 1.000000 0.000001 0.000008

BONE 12
OFFSET -2.060000 0.000000 43.483532
SCALE 1.000000 1.000000 1.000000
X -0.029904 -0.000055 0.999553
Y 0.999553 0.000059 0.029904
Z -0.000060 1.000000 0.000054

BONE 13
OFFSET -2.462061 0.000210 47.198326
SCALE 1.000000 1.000000 1.000000
X 0.020429 -0.000062 0.999791
Y 0.999791 0.000062 -0.020429
Z -0.000060 1.000000 0.000064

BONE 14
OFFSET -2.699147 0.000018 50.333317
SCALE 1.000000 1.000000 1.000000
X 0.046994 -0.000057 0.998895
Y 0.998895 0.000063 -0.046994
Z -0.000060 1.000000 0.000060

BONE 15
OFFSET -2.959666 0.591909 53.505367
SCALE 1.000000 1.000000 1.000000
X 0.022168 0.997071 0.072284
Y -0.999643 0.021027 0.016487
Z 0.014920 -0.072535 0.997223

BONE 16
OFFSET -2.959667 4.151362 53.505379
SCALE 1.000000 1.000000 1.000000
X -0.008399 0.999818 -0.012098
Y -0.996261 -0.009416 -0.085881
Z -0.085988 0.011416 0.996207

BONE 17
OFFSET -3.379162 13.721075 53.507442
SCALE 1.000000 1.000000 1.000000
X -0.007356 0.999743 0.017854
Y -0.996337 -0.005815 -0.085317
Z -0.085201 -0.018330 0.996169

BONE 18
OFFSET -3.386478 22.428499 53.513432
SCALE 1.000000 1.000000 1.000000
X -0.101953 0.992072 -0.072407
Y -0.070415 -0.079883 -0.994295
Z -0.992294 -0.096263 0.077998

BONE 19
OFFSET -2.614676 24.532011 53.545391
SCALE 1.000000 1.000000 1.000000
X 0.089223 0.992558 -0.081924
Y -0.215117 -0.061187 -0.974650
Z -0.972504 0.104596 0.208077

BONE 20
OFFSET -2.510997 25.685913 53.449841
SCALE 1.000000 1.000000 1.000000
X 0.089596 0.992653 -0.080350
Y -0.215001 -0.059576 -0.974775
Z -0.972495 0.104622 0.208103

BONE 21
OFFSET -2.441308 26.458483 53.387112
SCALE 1.000000 1.000000 1.000000
X 0.094771 0.993783 -0.057102
Y -0.212796 -0.035893 -0.976416
Z -0.972490 0.104699 0.208091

BONE 22
OFFSET -3.185144 24.626095 53.640472
SCALE 1.000000 1.000000 1.000000
X 0.004894 0.996443 -0.083178
Y -0.052026 -0.082894 -0.995181
Z -0.998634 0.009200 0.051440

BONE 23
OFFSET -3.178865 25.903135 53.533604
SCALE 1.000000 1.000000 1.000000
X 0.004812 0.996256 -0.085390
Y -0.051968 -0.085108 -0.994997
Z -0.998637 0.009228 0.051368

BONE 24
OFFSET -3.174864 26.753834 53.460556
SCALE 1.000000 1.000000 1.000000
X 0.003815 0.994396 -0.104885
Y -0.051977 -0.104627 -0.993135
Z -0.998641 0.009243 0.051291

BONE 25
OFFSET -4.206738 24.183825 53.304699
SCALE 1.000000 1.000000 1.000000
X -0.129718 0.987966 -0.083303
Y -0.032023 -0.088225 -0.995568
Z -0.991034 -0.126467 0.043074

BONE 26
OFFSET -4.344580 25.233624 53.215935
SCALE 1.000000 1.000000 1.000000
X -0.129585 0.987914 -0.084130
Y -0.031826 -0.089027 -0.995503
Z -0.991057 -0.126317 0.042970

BONE 27
OFFSET -4.420448 25.811213 53.166668
SCALE 1.000000 1.000000 1.000000
X -0.129574 0.987811 -0.085340
Y -0.031544 -0.090209 -0.995405
Z -0.991068 -0.126279 0.042840

BONE 28
OFFSET -3.724336 24.453190 53.533123
SCALE 1.000000 1.000000 1.000000
X -0.064662 0.994332 -0.083456
Y 0.010303 -0.083042 -0.996474
Z -0.997854 -0.065292 -0.004880

BONE 29
OFFSET -3.803475 25.669996 53.430649
SCALE 1.000000 1.000000 1.000000
X -0.064535 0.993917 -0.088343
Y 0.010752 -0.087911 -0.996052
Z -0.997857 -0.065229 -0.005019

BONE 30
OFFSET -3.856052 26.477997 53.358761
SCALE 1.000000 1.000000 1.000000
X -0.065361 0.992025 0.107183
Y -0.001962 0.107195 -0.994201
Z -0.997860 -0.065191 -0.005065

BONE 31
OFFSET -2.512081 22.515457 53.156425
SCALE 1.000000 1.000000 1.000000
X 0.571461 0.809321 -0.135346
Y -0.811858 0.581622 0.050576
Z 0.119663 0.081060 0.989481

BONE 32
OFFSET -1.787749 23.542139 52.984722
SCALE 1.000000 1.000000 1.000000
X 0.566923 0.811168 -0.143141
Y -0.814344 0.578084 0.051168
Z 0.124264 0.087638 0.988353

BONE 33
OFFSET -1.261183 24.296152 52.851730
SCALE 1.000000 1.000000 1.000000
X 0.646158 0.756493 -0.100508
Y -0.757398 0.651826 0.037584
Z 0.093955 0.051922 0.994201

BONE 34
OFFSET -1.066247 21.085663 52.067905
SCALE 1.000000 1.000000 1.000000
X -0.101954 0.992073 -0.072400
Y -0.070414 -0.079876 -0.994296
Z -0.992294 -0.096264 0.077996

BONE 35
OFFSET 11.567026 14.974773 27.802631
SCALE 1.000000 1.000000 1.000000
X 0.535688 0.844291 0.010541
Y -0.502208 0.308580 0.807813
Z 0.678842 -0.437957 0.589302

BONE 36
OFFSET -3.384262 19.879246 53.511475
SCALE 1.000000 1.000000 1.000000
X -0.007356 0.999743 0.017849
Y -0.996338 -0.005816 -0.085300
Z -0.085183 -0.018325 0.996170

BONE 37
OFFSET -2.962794 4.528582 53.500832
SCALE 1.000000 1.000000 1.000000
X -0.008419 0.999820 -0.011951
Y -0.996260 -0.009423 -0.085881
Z -0.085988 0.011267 0.996208

BONE 38
OFFSET -2.829341 5.194781 55.266315
SCALE 1.000000 1.000000 1.000000
X 0.038247 -0.292652 0.955398
Y -0.939634 -0.335873 -0.065304
Z 0.340036 -0.895209 -0.287922

BONE 39
OFFSET -2.959666 -0.590689 53.505375
SCALE 1.000000 1.000000 1.000000
X -0.019467 0.997196 -0.072252
Y 0.999656 0.018144 -0.018918
Z -0.017554 -0.072596 -0.997207

BONE 40
OFFSET -2.959667 -4.148103 53.505371
SCALE 1.000000 1.000000 1.000000
X 0.006130 0.999913 0.011639
Y 0.996466 -0.007083 0.083700
Z 0.083776 0.011085 -0.996423

BONE 41
OFFSET -3.358642 -13.718948 53.512169
SCALE 1.000000 1.000000 1.000000
X 0.005150 0.999821 -0.018223
Y 0.996551 -0.003623 0.082905
Z 0.082825 -0.018587 -0.996391

BONE 42
OFFSET -3.347247 -22.426388 53.521866
SCALE 1.000000 1.000000 1.000000
X 0.064747 0.988634 0.135688
Y -0.083447 -0.130133 0.987979
Z 0.994406 -0.075292 0.074073

BONE 43
OFFSET -2.598401 -24.531456 53.545349
SCALE 1.000000 1.000000 1.000000
X -0.094864 0.992631 0.075400
Y 0.055215 -0.070378 0.995991
Z 0.993957 0.098647 -0.048132

BONE 44
OFFSET -2.487799 -25.689110 53.457306
SCALE 1.000000 1.000000 1.000000
X -0.104286 0.990138 0.093551
Y 0.057079 -0.087950 0.994488
Z 0.992908 0.109051 -0.047345

BONE 45
OFFSET -2.407345 -26.452362 53.385311
SCALE 1.000000 1.000000 1.000000
X -0.103518 0.988865 0.106907
Y 0.058497 -0.101246 0.993140
Z 0.992906 0.109061 -0.047365

BONE 46
OFFSET -3.168868 -24.625542 53.640434
SCALE 1.000000 1.000000 1.000000
X -0.011558 0.996352 0.084548
Y -0.102706 -0.085290 0.991048
Z 0.994644 0.002771 0.103317

BONE 47
OFFSET -3.154042 -25.907055 53.531731
SCALE 1.000000 1.000000 1.000000
X -0.011274 0.996615 0.081426
Y -0.102699 -0.082155 0.991314
Z 0.994648 0.002814 0.103278

BONE 48
OFFSET -3.144346 -26.758930 53.462166
SCALE 1.000000 1.000000 1.000000
X -0.020525 0.985095 0.170780
Y -0.101296 -0.171986 0.979878
Z 0.994644 0.002812 0.103317

BONE 49
OFFSET -4.190460 -24.183289 53.304607
SCALE 1.000000 1.000000 1.000000
X 0.128020 0.988431 0.081327
Y -0.119870 -0.065979 0.990595
Z 0.984501 -0.136564 0.110037

BONE 50
OFFSET -4.327068 -25.238556 53.217827
SCALE 1.000000 1.000000 1.000000
X 0.127673 0.988268 0.083824
Y -0.120193 -0.068476 0.990386
Z 0.984506 -0.136521 0.110040

BONE 51
OFFSET -4.401647 -25.815258 53.168945
SCALE 1.000000 1.000000 1.000000
X 0.175374 0.978753 0.106233
Y -0.122370 -0.085397 0.988804
Z 0.976867 -0.186410 0.104794

BONE 52
OFFSET -3.708061 -24.452618 53.533188
SCALE 1.000000 1.000000 1.000000
X 0.058603 0.994768 0.083682
Y -0.161564 -0.073270 0.984138
Z 0.985120 -0.071194 0.156425

BONE 53
OFFSET -3.779517 -25.663988 53.431301
SCALE 1.000000 1.000000 1.000000
X 0.058905 0.994935 0.081449
Y -0.161383 -0.071026 0.984333
Z 0.985132 -0.071126 0.156382

BONE 54
OFFSET -3.827076 -26.468988 53.365372
SCALE 1.000000 1.000000 1.000000
X 0.073863 0.997197 -0.011899
Y -0.155108 0.023274 0.987623
Z 0.985132 -0.071103 0.156392

BONE 55
OFFSET -2.495794 -22.514898 53.156452
SCALE 1.000000 1.000000 1.000000
X -0.573525 0.807276 0.139188
Y 0.818096 0.555663 0.148181
Z 0.042282 0.198854 -0.979116

BONE 56
OFFSET -1.771790 -23.534378 52.980621
SCALE 1.000000 1.000000 1.000000
X -0.574025 0.806933 0.139117
Y 0.817746 0.556153 0.148274
Z 0.042277 0.198875 -0.979112

BONE 57
OFFSET -1.236798 -24.286573 52.850990
SCALE 1.000000 1.000000 1.000000
X -0.538577 0.829951 0.145314
Y 0.841512 0.521172 0.142253
Z 0.042329 0.198898 -0.979106

BONE 58
OFFSET -5.830334 -23.881538 54.518375
SCALE 1.000000 1.000000 1.000000
X 0.064748 0.988634 0.135688
Y -0.083447 -0.130133 0.987979
Z 0.994406 -0.075292 0.074073

BONE 59
OFFSET -10.420453 -28.391563 56.558159
SCALE 1.000000 1.000000 1.000000
X 0.548085 -0.834725 0.053265
Y 0.614444 0.358604 -0.702754
Z 0.567505 0.417897 0.709437

BONE 60
OFFSET -10.420453 -28.391563 56.558159
SCALE 1.000000 1.000000 1.000000
X 0.548347 -0.834598 0.052553
Y 0.586672 0.339149 -0.735387
Z 0.595929 0.434079 0.675607

BONE 61
OFFSET -3.350593 -19.877132 53.519051
SCALE 1.000000 1.000000 1.000000
X 0.005138 0.999821 -0.018222
Y 0.996552 -0.003611 0.082886
Z 0.082805 -0.018586 -0.996392

BONE 62
OFFSET -2.961762 -4.487660 53.501411
SCALE 1.000000 1.000000 1.000000
X 0.006138 0.999913 0.011633
Y 0.996466 -0.007091 0.083701
Z 0.083776 0.011078 -0.996423

BONE 63
OFFSET -2.822565 -5.153295 55.266640
SCALE 1.000000 1.000000 1.000000
X -0.043256 0.245337 0.968472
Y 0.926279 -0.353376 0.130890
Z 0.374347 0.902738 -0.211965

BONE 64
OFFSET -2.694638 0.000000 54.914459
SCALE 1.000000 1.000000 1.000000
X 0.309757 -0.000038 0.950816
Y 0.950816 0.000075 -0.309757
Z -0.000060 1.000000 0.000060

BONE 65
OFFSET -2.694638 0.000000 57.375427
SCALE 1.000000 1.000000 1.000000
X 0.216380 -0.000040 0.976309
Y 0.976309 0.000072 -0.216380
Z -0.000061 1.000000 0.000055

BONE 66
OFFSET -2.556437 3.913207 57.237770
SCALE 1.000000 1.000000 1.000000
X -0.019304 -0.997191 -0.072367
Y 0.999659 -0.017981 -0.018901
Z 0.017546 -0.072707 0.997199

BONE 67
OFFSET -2.555963 -3.913931 57.237457
SCALE 1.000000 1.000000 1.000000
X 0.022400 -0.997296 0.071789
Y -0.999638 -0.021271 0.016488
Z -0.014915 -0.072304 -0.997333

BONE 68
OFFSET 16.253307 -27.726582 30.512453
SCALE 1.000000 1.000000 1.000000
X 1.000000 -0.000039 0.000083
Y 0.000039 1.000000 0.000030
Z -0.000083 -0.000030 1.000000

BONE 69
OFFSET 10.700640 -27.727486 37.863693
SCALE 1.000000 1.000000 1.000000
X -0.000140 1.000000 0.000187
Y 0.764300 0.000228 -0.644861
Z -0.644861 0.000052 -0.764300

BONE 70
OFFSET -10.888188 0.778572 50.719585
SCALE 1.000000 1.000000 1.000000
X -0.989754 -0.000187 0.142786
Y 0.000189 -1.000000 0.000000
Z 0.142786 0.000027 0.989754

BONE 71
OFFSET -9.092003 -4.469750 48.654781
SCALE 1.000000 1.000000 1.000000
X -0.007000 0.025912 -0.999640
Y -0.984168 -0.177224 0.002298
Z -0.177100 0.983829 0.026743

BONE 72
OFFSET 10.700640 -27.727486 37.863693
SCALE 1.000000 1.000000 1.000000
X 1.000000 -0.000038 0.000083
Y 0.000038 1.000000 0.000001
Z -0.000083 -0.000001 1.000000

BONE 73
OFFSET -9.149073 -2.549100 35.967533
SCALE 1.000000 1.000000 1.000000
X -0.188090 0.137974 0.972412
Y 0.149133 -0.974591 0.167129
Z 0.970763 0.176454 0.162734

BONE 74
OFFSET -0.002217 0.000000 -0.000000
SCALE 1.000000 1.000000 1.000000
X -1.000000 0.000000 0.000000
Y 0.000000 -1.000000 0.000000
Z 0.000000 0.000000 1.000000


NUMVERTS 1348
VERT 0
OFFSET -5.269123 4.125212 40.775936
BONES 3
BONE 12 0.007607
BONE 1 0.984091
BONE 2 0.008302

VERT 1
OFFSET -6.533376 2.654138 40.281647
BONES 3
BONE 2 0.002706
BONE 1 0.997060
BONE 12 0.000234

VERT 2
OFFSET -6.882051 0.355205 39.853821
BONES 1
BONE 1 1.000000

VERT 3
OFFSET -4.940914 -0.698190 43.745098
BONES 3
BONE 12 0.513452
BONE 1 0.379076
BONE 13 0.107472

VERT 4
OFFSET -4.974494 -4.254875 40.797016
BONES 3
BONE 12 0.006144
BONE 1 0.985489
BONE 7 0.008368

VERT 5
OFFSET -4.381965 -2.240491 43.913490
BONES 3
BONE 1 0.416235
BONE 12 0.485032
BONE 13 0.098733

VERT 6
OFFSET -2.508817 -3.300246 43.824451
BONES 3
BONE 13 0.090875
BONE 12 0.450898
BONE 1 0.458227

VERT 7
OFFSET -3.221321 3.798688 42.591087
BONES 3
BONE 1 0.770405
BONE 12 0.222240
BONE 13 0.007355

VERT 8
OFFSET -0.777809 3.539226 41.924347
BONES 4
BONE 2 0.000020
BONE 13 0.001497
BONE 12 0.220864
BONE 1 0.777619

VERT 9
OFFSET -5.245249 1.482757 42.603920
BONES 3
BONE 1 0.766357
BONE 12 0.231272
BONE 13 0.002371

VERT 10
OFFSET -6.563014 -2.620145 40.255413
BONES 3
BONE 7 0.002702
BONE 1 0.997264
BONE 12 0.000033

VERT 11
OFFSET -4.973045 -2.541366 42.478855
BONES 3
BONE 13 0.000739
BONE 1 0.793169
BONE 12 0.206091

VERT 12
OFFSET -3.221312 -3.798687 42.591091
BONES 3
BONE 13 0.007356
BONE 12 0.222240
BONE 1 0.770404

VERT 13
OFFSET -3.728840 -1.966556 43.727005
BONES 3
BONE 13 0.099380
BONE 1 0.408247
BONE 12 0.492373

VERT 14
OFFSET -2.782882 -2.499582 43.620625
BONES 3
BONE 12 0.465741
BONE 1 0.442587
BONE 13 0.091672

VERT 15
OFFSET -4.268509 -1.064206 43.669930
BONES 3
BONE 12 0.511243
BONE 1 0.383189
BONE 13 0.105568

VERT 16
OFFSET -4.374022 0.275517 43.643978
BONES 3
BONE 13 0.119309
BONE 1 0.353619
BONE 12 0.527072

VERT 17
OFFSET -4.043547 1.561451 43.683594
BONES 3
BONE 12 0.501583
BONE 1 0.397683
BONE 13 0.100735

VERT 18
OFFSET -2.782883 2.499581 43.620625
BONES 3
BONE 12 0.465741
BONE 1 0.442587
BONE 13 0.091672

VERT 19
OFFSET -1.717510 2.474995 43.393513
BONES 3
BONE 13 0.080978
BONE 12 0.453686
BONE 1 0.465336

VERT 20
OFFSET -1.148856 2.093515 43.176289
BONES 3
BONE 13 0.060439
BONE 1 0.433429
BONE 12 0.506132

VERT 21
OFFSET -0.633051 1.281676 42.960667
BONES 3
BONE 13 0.035342
BONE 1 0.384128
BONE 12 0.580531

VERT 22
OFFSET 0.842912 0.004317 51.682529
BONES 1
BONE 13 1.000000

VERT 23
OFFSET 0.585583 -0.164223 51.828362
BONES 1
BONE 13 1.000000

VERT 24
OFFSET 0.583664 0.174062 51.825729
BONES 1
BONE 13 1.000000

VERT 25
OFFSET 0.469818 0.000300 51.923679
BONES 4
BONE 13 1.000000
BONE 41 0.000000
BONE 61 0.000000
BONE 6 0.000000

VERT 26
OFFSET -0.855203 0.146779 53.434994
BONES 1
BONE 13 1.000000

VERT 27
OFFSET -0.723103 0.042548 53.236481
BONES 1
BONE 13 1.000000

VERT 28
OFFSET -0.911071 -0.107984 53.529091
BONES 2
BONE 64 0.002521
BONE 13 0.997479

VERT 29
OFFSET -0.776434 -0.214357 53.320137
BONES 1
BONE 13 1.000000

VERT 30
OFFSET -1.471516 0.198513 54.708828
BONES 4
BONE 15 0.008276
BONE 65 0.030948
BONE 64 0.199834
BONE 13 0.760943

VERT 31
OFFSET -1.491308 -0.000416 54.518417
BONES 4
BONE 13 0.836414
BONE 64 0.135764
BONE 65 0.020751
BONE 15 0.007071

VERT 32
OFFSET -1.571614 -0.067404 54.858917
BONES 5
BONE 39 0.004471
BONE 15 0.003272
BONE 65 0.036151
BONE 64 0.233436
BONE 13 0.722671

VERT 33
OFFSET -1.504620 -0.180573 54.668293
BONES 4
BONE 39 0.006916
BONE 65 0.030343
BONE 64 0.216031
BONE 13 0.746710

VERT 34
OFFSET 0.392986 -1.120326 52.152748
BONES 4
BONE 13 1.000000
BONE 41 0.000000
BONE 61 0.000000
BONE 6 0.000000

VERT 35
OFFSET 0.788041 -0.548193 51.659870
BONES 1
BONE 13 1.000000

VERT 36
OFFSET -0.479281 1.407115 53.020786
BONES 2
BONE 13 0.978697
BONE 15 0.021302

VERT 37
OFFSET -1.476700 0.296323 54.363682
BONES 5
BONE 39 0.000260
BONE 65 0.013920
BONE 15 0.002545
BONE 64 0.142065
BONE 13 0.841211

VERT 38
OFFSET -0.853329 -1.558971 53.097744
BONES 3
BONE 13 0.936262
BONE 39 0.063411
BONE 64 0.000327

VERT 39
OFFSET 0.373115 1.120819 52.132492
BONES 4
BONE 13 1.000000
BONE 41 0.000000
BONE 61 0.000000
BONE 6 0.000000

VERT 40
OFFSET 0.789586 0.544142 51.656013
BONES 1
BONE 13 1.000000

VERT 41
OFFSET -1.485180 1.998833 54.066097
BONES 4
BONE 65 0.019789
BONE 13 0.789365
BONE 15 0.131009
BONE 64 0.059836

VERT 42
OFFSET -0.523980 -3.140591 52.782505
BONES 3
BONE 13 0.845805
BONE 39 0.148912
BONE 40 0.005283

VERT 43
OFFSET 1.050929 -0.618444 51.607159
BONES 1
BONE 13 1.000000

VERT 44
OFFSET -1.030161 -4.074718 53.341347
BONES 3
BONE 39 0.491338
BONE 13 0.221765
BONE 40 0.286897

VERT 45
OFFSET -1.174999 -4.208876 51.935463
BONES 3
BONE 13 0.648569
BONE 39 0.245317
BONE 40 0.106115

VERT 46
OFFSET -2.337491 -3.927256 55.159767
BONES 4
BONE 64 0.000005
BONE 13 0.083278
BONE 40 0.331737
BONE 39 0.584980

VERT 47
OFFSET 1.774250 0.001852 50.389252
BONES 1
BONE 13 1.000000

VERT 48
OFFSET 2.366915 -1.163963 48.663322
BONES 1
BONE 13 1.000000

VERT 49
OFFSET 2.086908 0.000002 49.000038
BONES 2
BONE 12 0.000013
BONE 13 0.999987

VERT 50
OFFSET 1.270825 -0.402984 47.125370
BONES 3
BONE 1 0.000094
BONE 12 0.186375
BONE 13 0.813530

VERT 51
OFFSET 1.502168 1.349065 47.044697
BONES 2
BONE 13 0.997437
BONE 12 0.002563

VERT 52
OFFSET 1.160046 1.073072 46.999271
BONES 3
BONE 12 0.185817
BONE 13 0.814152
BONE 1 0.000032

VERT 53
OFFSET 2.366912 1.163972 48.663326
BONES 1
BONE 13 1.000000

VERT 54
OFFSET -0.485911 3.398710 52.518356
BONES 2
BONE 13 0.900791
BONE 15 0.099209

VERT 55
OFFSET -1.024493 4.091090 53.376427
BONES 3
BONE 15 0.492144
BONE 13 0.220363
BONE 16 0.287493

VERT 56
OFFSET -1.177603 4.214114 51.931408
BONES 3
BONE 13 0.648958
BONE 15 0.245037
BONE 16 0.106005

VERT 57
OFFSET 1.177917 4.123799 50.190590
BONES 1
BONE 13 1.000000

VERT 58
OFFSET -0.220386 4.708510 49.641430
BONES 1
BONE 13 1.000000

VERT 59
OFFSET -0.560273 4.443867 48.339561
BONES 1
BONE 13 1.000000

VERT 60
OFFSET -0.200199 3.687397 47.146461
BONES 2
BONE 13 0.966148
BONE 12 0.033852

VERT 61
OFFSET 1.006141 3.750048 47.258549
BONES 1
BONE 13 1.000000

VERT 62
OFFSET 0.372688 3.056363 46.726940
BONES 2
BONE 12 0.112911
BONE 13 0.887089

VERT 63
OFFSET 1.968079 2.362675 47.442490
BONES 1
BONE 13 1.000000

VERT 64
OFFSET 2.092426 3.500587 48.985645
BONES 1
BONE 13 1.000000

VERT 65
OFFSET 2.048326 2.641550 50.545532
BONES 1
BONE 13 1.000000

VERT 66
OFFSET 1.163532 2.464394 51.529488
BONES 2
BONE 15 0.001155
BONE 13 0.998845

VERT 67
OFFSET 0.724751 0.077257 45.421467
BONES 3
BONE 1 0.020222
BONE 13 0.370063
BONE 12 0.609715

VERT 68
OFFSET 0.601273 0.282619 43.308323
BONES 3
BONE 12 0.674477
BONE 13 0.047335
BONE 1 0.278188

VERT 69
OFFSET -0.488423 2.941650 43.552250
BONES 3
BONE 12 0.493381
BONE 13 0.096284
BONE 1 0.410334

VERT 70
OFFSET -1.172288 3.498599 46.178875
BONES 3
BONE 13 0.687193
BONE 12 0.295588
BONE 1 0.017220

VERT 71
OFFSET 0.461810 -2.222678 46.220230
BONES 3
BONE 1 0.006703
BONE 13 0.687439
BONE 12 0.305858

VERT 72
OFFSET 0.020560 -2.181920 43.442799
BONES 3
BONE 12 0.563688
BONE 13 0.088120
BONE 1 0.348193

VERT 73
OFFSET -0.889647 -3.182907 43.584373
BONES 3
BONE 1 0.442696
BONE 13 0.095889
BONE 12 0.461415

VERT 74
OFFSET -0.612028 -3.278970 46.181591
BONES 3
BONE 1 0.015989
BONE 12 0.285930
BONE 13 0.698081

VERT 75
OFFSET -1.775195 -4.324813 50.015511
BONES 1
BONE 13 1.000000

VERT 76
OFFSET -2.276203 -4.291651 50.937550
BONES 2
BONE 39 0.181356
BONE 13 0.818644

VERT 77
OFFSET -1.391781 -4.271307 51.352341
BONES 4
BONE 13 0.846203
BONE 39 0.153797
BONE 41 0.000000
BONE 61 0.000000

VERT 78
OFFSET -0.077611 -4.677648 49.708107
BONES 1
BONE 13 1.000000

VERT 79
OFFSET 1.176745 -4.124462 50.191250
BONES 1
BONE 13 1.000000

VERT 80
OFFSET -1.757037 -4.326025 49.534618
BONES 1
BONE 13 1.000000

VERT 81
OFFSET 0.572407 -4.465917 48.330833
BONES 1
BONE 13 1.000000

VERT 82
OFFSET 2.048336 -2.641530 50.545532
BONES 1
BONE 13 1.000000

VERT 83
OFFSET 2.092433 -3.500569 48.985649
BONES 1
BONE 13 1.000000

VERT 84
OFFSET 1.163739 -2.464434 51.529350
BONES 2
BONE 39 0.001149
BONE 13 0.998851

VERT 85
OFFSET 1.006139 -3.750036 47.258541
BONES 1
BONE 13 1.000000

VERT 86
OFFSET -0.836367 -4.013139 47.832397
BONES 2
BONE 12 0.000010
BONE 13 0.999990

VERT 87
OFFSET -0.200198 -3.687399 47.146465
BONES 2
BONE 13 0.966149
BONE 12 0.033851

VERT 88
OFFSET 0.372690 -3.056363 46.726940
BONES 2
BONE 12 0.112911
BONE 13 0.887089

VERT 89
OFFSET 1.802980 -2.316789 47.183949
BONES 1
BONE 13 1.000000

VERT 90
OFFSET 0.410769 2.439660 46.298779
BONES 3
BONE 13 0.695712
BONE 12 0.297063
BONE 1 0.007225

VERT 91
OFFSET 0.572413 4.465927 48.330837
BONES 1
BONE 13 1.000000

VERT 92
OFFSET -1.392254 4.272130 51.353832
BONES 4
BONE 13 0.845619
BONE 15 0.154381
BONE 41 0.000000
BONE 61 0.000000

VERT 93
OFFSET -2.280442 4.328585 50.933746
BONES 2
BONE 15 0.182004
BONE 13 0.817996

VERT 94
OFFSET -1.976171 4.276733 49.922810
BONES 3
BONE 12 0.001260
BONE 13 0.990403
BONE 15 0.008337

VERT 95
OFFSET -0.998835 4.041269 47.982887
BONES 2
BONE 12 0.003861
BONE 13 0.996139

VERT 96
OFFSET -2.286494 3.557360 43.862530
BONES 3
BONE 13 0.094006
BONE 12 0.448290
BONE 1 0.457704

VERT 97
OFFSET -1.923398 1.076225 55.704285
BONES 4
BONE 64 0.531305
BONE 65 0.245224
BONE 13 0.215522
BONE 15 0.007950

VERT 98
OFFSET -3.846123 1.374545 56.425270
BONES 4
BONE 15 0.019167
BONE 65 0.323090
BONE 13 0.093306
BONE 64 0.564437

VERT 99
OFFSET -4.440476 -0.017000 56.433498
BONES 5
BONE 64 0.593372
BONE 65 0.320023
BONE 13 0.084301
BONE 15 0.000769
BONE 39 0.001534

VERT 100
OFFSET -4.066749 -1.152948 56.335743
BONES 4
BONE 39 0.025749
BONE 13 0.115569
BONE 65 0.294970
BONE 64 0.563712

VERT 101
OFFSET -2.707860 -1.413607 55.994198
BONES 4
BONE 64 0.497080
BONE 65 0.282210
BONE 13 0.175181
BONE 39 0.045529

VERT 102
OFFSET -4.116673 -1.805388 55.564972
BONES 4
BONE 65 0.069809
BONE 39 0.176354
BONE 13 0.382872
BONE 64 0.370965

VERT 103
OFFSET -1.961198 -1.030292 55.748821
BONES 4
BONE 39 0.004989
BONE 13 0.187144
BONE 65 0.261257
BONE 64 0.546610

VERT 104
OFFSET -1.551074 -0.064289 55.251724
BONES 5
BONE 15 0.000626
BONE 39 0.005885
BONE 65 0.044925
BONE 13 0.466084
BONE 64 0.482480

VERT 105
OFFSET -3.545582 1.468389 55.874989
BONES 4
BONE 15 0.093733
BONE 65 0.203451
BONE 13 0.232131
BONE 64 0.470685

VERT 106
OFFSET -1.624079 -0.243681 54.391304
BONES 4
BONE 65 0.016033
BONE 39 0.002251
BONE 64 0.150582
BONE 13 0.831134

VERT 107
OFFSET -1.839802 1.916354 54.869522
BONES 4
BONE 13 0.664416
BONE 64 0.111420
BONE 15 0.210995
BONE 65 0.013170

VERT 108
OFFSET -1.917208 1.019797 55.770901
BONES 4
BONE 64 0.537123
BONE 13 0.206104
BONE 65 0.249501
BONE 15 0.007272

VERT 109
OFFSET -1.593803 0.003738 55.224094
BONES 5
BONE 39 0.001231
BONE 15 0.005526
BONE 65 0.037659
BONE 13 0.479540
BONE 64 0.476043

VERT 110
OFFSET -0.836775 0.879966 53.655758
BONES 4
BONE 13 0.974651
BONE 64 0.000227
BONE 65 0.000035
BONE 15 0.025087

VERT 111
OFFSET -4.508614 1.422184 55.493210
BONES 5
BONE 39 0.000149
BONE 65 0.073097
BONE 15 0.140587
BONE 64 0.410730
BONE 13 0.375436

VERT 112
OFFSET -4.417984 0.257587 56.485161
BONES 5
BONE 39 0.000892
BONE 15 0.001025
BONE 13 0.068012
BONE 65 0.336938
BONE 64 0.593133

VERT 113
OFFSET -4.115428 -1.147515 56.494373
BONES 4
BONE 39 0.011712
BONE 13 0.076314
BONE 65 0.331687
BONE 64 0.580287

VERT 114
OFFSET -1.947252 -1.030641 55.805946
BONES 4
BONE 64 0.538975
BONE 65 0.247255
BONE 13 0.207562
BONE 39 0.006208

VERT 115
OFFSET -2.078065 -1.876067 54.955975
BONES 4
BONE 13 0.600294
BONE 39 0.264205
BONE 64 0.124663
BONE 65 0.010838

VERT 116
OFFSET -0.828869 -0.923782 53.636272
BONES 4
BONE 65 0.000039
BONE 39 0.025905
BONE 64 0.000417
BONE 13 0.973639

VERT 117
OFFSET -3.794762 1.408296 54.827293
BONES 4
BONE 13 0.397847
BONE 64 0.332613
BONE 15 0.207525
BONE 65 0.062015

VERT 118
OFFSET -4.002756 1.216951 56.467384
BONES 4
BONE 64 0.576602
BONE 13 0.077457
BONE 65 0.331875
BONE 15 0.014066

VERT 119
OFFSET -2.812265 1.485513 56.068253
BONES 4
BONE 15 0.035667
BONE 65 0.302410
BONE 13 0.153879
BONE 64 0.508044

VERT 120
OFFSET -3.015224 1.541722 54.699669
BONES 4
BONE 65 0.042845
BONE 15 0.187659
BONE 64 0.262961
BONE 13 0.506536

VERT 121
OFFSET -1.805098 0.791152 54.085934
BONES 3
BONE 64 0.026223
BONE 15 0.068804
BONE 13 0.904973

VERT 122
OFFSET -1.555143 -0.208462 53.779316
BONES 5
BONE 39 0.005224
BONE 13 0.991469
BONE 64 0.003163
BONE 15 0.000130
BONE 65 0.000014

VERT 123
OFFSET -4.606770 -0.696229 55.072784
BONES 4
BONE 39 0.063768
BONE 65 0.034709
BONE 64 0.320836
BONE 13 0.580688

VERT 124
OFFSET -4.317640 -0.318270 54.676163
BONES 5
BONE 15 0.001304
BONE 39 0.019731
BONE 65 0.013261
BONE 13 0.678448
BONE 64 0.287255

VERT 125
OFFSET -3.720278 -1.368988 54.843113
BONES 4
BONE 65 0.063103
BONE 39 0.212055
BONE 64 0.333447
BONE 13 0.391395

VERT 126
OFFSET -2.811155 -1.474929 56.090557
BONES 4
BONE 39 0.032548
BONE 65 0.305857
BONE 13 0.149022
BONE 64 0.512573

VERT 127
OFFSET -3.015226 -1.538115 54.699722
BONES 4
BONE 65 0.042845
BONE 64 0.262961
BONE 39 0.187659
BONE 13 0.506535

VERT 128
OFFSET -1.724508 -0.782014 54.052502
BONES 3
BONE 64 0.028975
BONE 39 0.072848
BONE 13 0.898177

VERT 129
OFFSET -1.491427 0.213449 53.775787
BONES 4
BONE 15 0.005382
BONE 39 0.000114
BONE 64 0.000481
BONE 13 0.994022

VERT 130
OFFSET 0.974052 -0.002205 51.338898
BONES 1
BONE 13 1.000000

VERT 131
OFFSET -4.086029 2.033332 55.277626
BONES 4
BONE 65 0.034237
BONE 64 0.248091
BONE 15 0.315061
BONE 13 0.402612

VERT 132
OFFSET -2.856024 2.286186 54.977501
BONES 4
BONE 65 0.019955
BONE 64 0.147849
BONE 15 0.363486
BONE 13 0.468710

VERT 133
OFFSET -4.677894 0.440460 55.043667
BONES 5
BONE 39 0.000784
BONE 13 0.594548
BONE 64 0.332432
BONE 15 0.039799
BONE 65 0.032437

VERT 134
OFFSET -4.086542 -2.027806 55.277702
BONES 4
BONE 64 0.248129
BONE 13 0.402648
BONE 39 0.314976
BONE 65 0.034247

VERT 135
OFFSET -2.669644 -2.280154 54.909416
BONES 4
BONE 65 0.015938
BONE 64 0.124437
BONE 39 0.356106
BONE 13 0.503519

VERT 136
OFFSET 1.060298 0.615799 51.598846
BONES 1
BONE 13 1.000000

VERT 137
OFFSET -0.966345 2.212241 53.463036
BONES 3
BONE 16 0.009660
BONE 13 0.822498
BONE 15 0.167842

VERT 138
OFFSET -2.497033 3.940104 55.309830
BONES 4
BONE 64 0.001383
BONE 13 0.086216
BONE 16 0.327610
BONE 15 0.584792

VERT 139
OFFSET -4.865484 1.330944 43.807972
BONES 3
BONE 12 0.503831
BONE 1 0.393798
BONE 13 0.102371

VERT 140
OFFSET -4.077491 2.506016 43.931320
BONES 3
BONE 13 0.098378
BONE 12 0.477108
BONE 1 0.424515

VERT 141
OFFSET -2.508821 3.300247 43.824451
BONES 3
BONE 13 0.090875
BONE 1 0.458227
BONE 12 0.450898

VERT 142
OFFSET -2.581685 4.687243 41.108459
BONES 3
BONE 2 0.009181
BONE 12 0.031336
BONE 1 0.959483

VERT 143
OFFSET -0.662699 2.788600 43.280125
BONES 3
BONE 13 0.061630
BONE 1 0.472333
BONE 12 0.466037

VERT 144
OFFSET -0.385374 3.660762 39.981148
BONES 3
BONE 1 0.938887
BONE 12 0.037676
BONE 2 0.023437

VERT 145
OFFSET 0.345986 0.826073 42.717514
BONES 3
BONE 1 0.396666
BONE 12 0.582143
BONE 13 0.021191

VERT 146
OFFSET 0.529935 0.050448 39.398178
BONES 3
BONE 13 0.000006
BONE 12 0.064726
BONE 1 0.935268

VERT 147
OFFSET 0.333104 -0.865844 42.725349
BONES 3
BONE 13 0.021517
BONE 12 0.580456
BONE 1 0.398026

VERT 148
OFFSET -0.385373 -3.660753 39.981144
BONES 3
BONE 1 0.938887
BONE 12 0.037677
BONE 7 0.023437

VERT 149
OFFSET -0.662699 -2.788599 43.280121
BONES 3
BONE 1 0.472333
BONE 12 0.466037
BONE 13 0.061630

VERT 150
OFFSET -2.581661 -4.687241 41.108452
BONES 3
BONE 12 0.031336
BONE 7 0.009181
BONE 1 0.959483

VERT 151
OFFSET -1.386592 -3.763598 42.118454
BONES 3
BONE 1 0.786989
BONE 12 0.209728
BONE 13 0.003283

VERT 152
OFFSET -1.717508 -2.474994 43.393513
BONES 3
BONE 13 0.080978
BONE 12 0.453686
BONE 1 0.465336

VERT 153
OFFSET -0.356678 -2.955837 41.633675
BONES 4
BONE 13 0.000520
BONE 7 0.000034
BONE 12 0.231539
BONE 1 0.767907

VERT 154
OFFSET -1.148855 -2.093514 43.176289
BONES 3
BONE 13 0.060439
BONE 1 0.433429
BONE 12 0.506132

VERT 155
OFFSET -0.633052 -1.281679 42.960667
BONES 3
BONE 13 0.035342
BONE 1 0.384128
BONE 12 0.580530

VERT 156
OFFSET -0.359183 0.000525 42.850357
BONES 3
BONE 12 0.594369
BONE 1 0.391383
BONE 13 0.014247

VERT 157
OFFSET 0.575576 0.199285 40.867397
BONES 3
BONE 12 0.218126
BONE 1 0.779857
BONE 13 0.002018

VERT 158
OFFSET -4.440917 4.227226 51.436008
BONES 4
BONE 15 0.348844
BONE 12 0.001635
BONE 13 0.438271
BONE 16 0.211251

VERT 159
OFFSET -3.797291 4.342863 51.023235
BONES 4
BONE 16 0.142762
BONE 13 0.571893
BONE 12 0.000258
BONE 15 0.285087

VERT 160
OFFSET -4.045821 2.608501 46.452808
BONES 4
BONE 1 0.041738
BONE 15 0.000972
BONE 12 0.339774
BONE 13 0.617516

VERT 161
OFFSET -5.107202 4.115524 52.559834
BONES 4
BONE 16 0.239649
BONE 12 0.000020
BONE 15 0.555795
BONE 13 0.204536

VERT 162
OFFSET -5.296201 1.654111 50.611317
BONES 5
BONE 16 0.004252
BONE 12 0.019641
BONE 15 0.056562
BONE 13 0.919410
BONE 1 0.000136

VERT 163
OFFSET -3.053424 4.344060 50.835346
BONES 3
BONE 16 0.041507
BONE 15 0.198220
BONE 13 0.760273

VERT 164
OFFSET -5.247594 4.024646 53.557697
BONES 4
BONE 13 0.151293
BONE 15 0.636614
BONE 16 0.211761
BONE 64 0.000332

VERT 165
OFFSET -4.923655 -0.002570 54.806770
BONES 7
BONE 39 0.096520
BONE 40 0.000409
BONE 65 0.015910
BONE 64 0.155961
BONE 15 0.096791
BONE 13 0.634396
BONE 16 0.000012

VERT 166
OFFSET -4.406432 3.938000 54.862885
BONES 4
BONE 15 0.612634
BONE 16 0.280199
BONE 13 0.098033
BONE 64 0.009134

VERT 167
OFFSET -3.593032 -2.645014 55.178089
BONES 5
BONE 39 0.485116
BONE 13 0.352054
BONE 64 0.121980
BONE 40 0.031498
BONE 65 0.009352

VERT 168
OFFSET -4.040797 -3.913930 55.220039
BONES 4
BONE 39 0.599662
BONE 40 0.292500
BONE 13 0.099208
BONE 64 0.008630

VERT 169
OFFSET -5.060917 -3.984002 53.966507
BONES 4
BONE 39 0.664913
BONE 13 0.105938
BONE 40 0.229148
BONE 64 0.000001

VERT 170
OFFSET -5.417009 -2.473632 52.787594
BONES 5
BONE 12 0.000897
BONE 64 0.003333
BONE 40 0.031428
BONE 39 0.281713
BONE 13 0.682630

VERT 171
OFFSET -5.107359 -4.107728 52.562695
BONES 4
BONE 12 0.000020
BONE 39 0.556145
BONE 13 0.203951
BONE 40 0.239885

VERT 172
OFFSET -4.441168 -4.223224 51.436237
BONES 4
BONE 12 0.001619
BONE 40 0.211206
BONE 39 0.348820
BONE 13 0.438356

VERT 173
OFFSET -3.804648 -4.336352 51.027447
BONES 4
BONE 12 0.000164
BONE 40 0.143024
BONE 39 0.285616
BONE 13 0.571196

VERT 174
OFFSET -4.669350 1.504490 46.164646
BONES 4
BONE 15 0.000002
BONE 1 0.056937
BONE 12 0.408572
BONE 13 0.534489

VERT 175
OFFSET -2.703964 3.566136 46.499355
BONES 3
BONE 13 0.686584
BONE 12 0.296769
BONE 1 0.016646

VERT 176
OFFSET -3.885012 2.996358 44.007469
BONES 3
BONE 1 0.369034
BONE 13 0.140419
BONE 12 0.490547

VERT 177
OFFSET -5.190927 0.000029 43.742729
BONES 3
BONE 13 0.106097
BONE 1 0.386089
BONE 12 0.507814

VERT 178
OFFSET -3.885009 -2.996362 44.007469
BONES 3
BONE 13 0.140420
BONE 1 0.369034
BONE 12 0.490547

VERT 179
OFFSET -3.711892 -3.013994 46.255180
BONES 4
BONE 12 0.332914
BONE 13 0.630252
BONE 1 0.036273
BONE 39 0.000562

VERT 180
OFFSET -1.710176 -4.151407 48.884342
BONES 3
BONE 39 0.000002
BONE 13 0.999767
BONE 12 0.000231

VERT 181
OFFSET -3.052011 -4.344483 50.833717
BONES 3
BONE 40 0.041565
BONE 39 0.198357
BONE 13 0.760077

VERT 182
OFFSET -4.716556 -1.227616 46.422623
BONES 4
BONE 39 0.002754
BONE 1 0.046683
BONE 12 0.357259
BONE 13 0.593303

VERT 183
OFFSET -1.892956 3.967686 54.829651
BONES 4
BONE 15 0.578272
BONE 16 0.341455
BONE 13 0.080273
BONE 41 0.000000

VERT 184
OFFSET -1.319056 4.013188 54.067532
BONES 4
BONE 15 0.545347
BONE 16 0.320503
BONE 13 0.134149
BONE 41 0.000000

VERT 185
OFFSET -1.035250 4.110211 53.168537
BONES 4
BONE 15 0.478377
BONE 16 0.279838
BONE 13 0.241785
BONE 41 0.000000

VERT 186
OFFSET -2.637380 3.945293 55.270176
BONES 4
BONE 15 0.588502
BONE 16 0.326651
BONE 13 0.084846
BONE 41 0.000000

VERT 187
OFFSET -1.180276 4.231363 51.921780
BONES 4
BONE 13 0.618910
BONE 15 0.250362
BONE 16 0.130728
BONE 41 0.000000

VERT 188
OFFSET -1.390321 4.308475 51.356689
BONES 4
BONE 13 0.845619
BONE 15 0.154381
BONE 41 0.000000
BONE 61 0.000000

VERT 189
OFFSET -2.336797 4.318777 50.921818
BONES 4
BONE 13 0.814738
BONE 15 0.185262
BONE 41 0.000000
BONE 61 0.000000

VERT 190
OFFSET -2.017348 4.311059 51.049038
BONES 4
BONE 13 0.834560
BONE 15 0.165440
BONE 41 0.000000
BONE 61 0.000000

VERT 191
OFFSET -2.710305 4.354733 50.858463
BONES 4
BONE 13 0.861942
BONE 15 0.138058
BONE 41 0.000000
BONE 61 0.000000

VERT 192
OFFSET -5.131817 4.104464 52.658962
BONES 4
BONE 15 0.573921
BONE 16 0.250766
BONE 13 0.175313
BONE 41 0.000000

VERT 193
OFFSET -4.708500 4.292352 51.525223
BONES 4
BONE 13 0.388336
BONE 15 0.377274
BONE 16 0.234390
BONE 41 0.000000

VERT 194
OFFSET -3.897903 4.409059 51.023388
BONES 4
BONE 13 0.556234
BONE 15 0.294529
BONE 16 0.149237
BONE 41 0.000000

VERT 195
OFFSET -3.286166 4.411863 50.850338
BONES 4
BONE 13 0.679012
BONE 15 0.246477
BONE 16 0.074511
BONE 41 0.000000

VERT 196
OFFSET -2.710305 4.354733 50.858463
BONES 4
BONE 13 0.861942
BONE 15 0.138058
BONE 41 0.000000
BONE 61 0.000000

VERT 197
OFFSET -4.841220 3.971728 54.319138
BONES 4
BONE 15 0.653255
BONE 16 0.244545
BONE 13 0.102200
BONE 41 0.000000

VERT 198
OFFSET -4.459623 3.939144 54.854664
BONES 4
BONE 15 0.612606
BONE 16 0.280442
BONE 13 0.097856
BONE 64 0.009096

VERT 199
OFFSET -3.573079 3.932616 55.271206
BONES 4
BONE 15 0.583290
BONE 16 0.309389
BONE 13 0.099498
BONE 64 0.007823

VERT 200
OFFSET -2.637380 3.945293 55.270176
BONES 4
BONE 15 0.588502
BONE 16 0.326651
BONE 13 0.084846
BONE 41 0.000000

VERT 201
OFFSET -5.076539 4.003132 53.720291
BONES 4
BONE 15 0.669388
BONE 16 0.223299
BONE 13 0.107312
BONE 41 0.000000

VERT 202
OFFSET -5.131817 4.104464 52.658962
BONES 4
BONE 15 0.573921
BONE 16 0.250766
BONE 13 0.175313
BONE 41 0.000000

VERT 203
OFFSET -0.264029 3.099493 42.322140
BONES 3
BONE 13 0.016495
BONE 12 0.315531
BONE 1 0.667974

VERT 204
OFFSET -0.962847 2.527711 43.398853
BONES 3
BONE 12 0.483896
BONE 1 0.436679
BONE 13 0.079425

VERT 205
OFFSET -0.204378 1.453025 43.240276
BONES 3
BONE 13 0.058652
BONE 1 0.329270
BONE 12 0.612078

VERT 206
OFFSET 0.801840 -0.725250 42.072247
BONES 3
BONE 13 0.013701
BONE 12 0.414713
BONE 1 0.571585

VERT 207
OFFSET 0.118984 -0.000027 43.191540
BONES 3
BONE 12 0.665286
BONE 1 0.297423
BONE 13 0.037290

VERT 208
OFFSET -0.204378 -1.453025 43.240276
BONES 3
BONE 13 0.058652
BONE 1 0.329270
BONE 12 0.612078

VERT 209
OFFSET -0.699557 -3.381413 42.425709
BONES 3
BONE 1 0.689260
BONE 12 0.294140
BONE 13 0.016600

VERT 210
OFFSET -0.962858 -2.527717 43.398853
BONES 3
BONE 13 0.079424
BONE 1 0.436681
BONE 12 0.483894

VERT 211
OFFSET -2.327358 -3.576241 43.444553
BONES 3
BONE 13 0.068454
BONE 12 0.385567
BONE 1 0.545979

VERT 212
OFFSET -2.169128 -2.935804 43.664867
BONES 3
BONE 13 0.077037
BONE 12 0.419634
BONE 1 0.503329

VERT 213
OFFSET -4.741596 2.260941 43.572643
BONES 3
BONE 1 0.524902
BONE 12 0.405186
BONE 13 0.069912

VERT 214
OFFSET -2.869431 3.925725 42.817348
BONES 3
BONE 1 0.714631
BONE 12 0.267346
BONE 13 0.018022

VERT 215
OFFSET -3.287646 2.645847 43.805603
BONES 3
BONE 13 0.084260
BONE 12 0.446197
BONE 1 0.469543

VERT 216
OFFSET -5.763244 0.867565 42.632675
BONES 3
BONE 13 0.006203
BONE 12 0.264620
BONE 1 0.729177

VERT 217
OFFSET -4.136753 2.011329 43.757423
BONES 3
BONE 13 0.086357
BONE 12 0.460309
BONE 1 0.453334

VERT 218
OFFSET -4.605374 1.023631 43.635170
BONES 3
BONE 13 0.092233
BONE 1 0.432499
BONE 12 0.475268

VERT 219
OFFSET -4.655399 -0.806265 43.602421
BONES 3
BONE 12 0.479999
BONE 1 0.424738
BONE 13 0.095263

VERT 220
OFFSET -4.958990 -1.819649 43.547371
BONES 3
BONE 13 0.080185
BONE 12 0.429898
BONE 1 0.489917

VERT 221
OFFSET -4.235213 -3.287907 42.929600
BONES 3
BONE 13 0.011260
BONE 12 0.264365
BONE 1 0.724374

VERT 222
OFFSET -4.136754 -2.011330 43.757423
BONES 3
BONE 13 0.086357
BONE 1 0.453334
BONE 12 0.460309

VERT 223
OFFSET -3.287651 -2.645847 43.805603
BONES 3
BONE 13 0.084260
BONE 12 0.446197
BONE 1 0.469543

VERT 224
OFFSET -2.169125 2.935803 43.664867
BONES 3
BONE 13 0.077037
BONE 12 0.419634
BONE 1 0.503329

VERT 225
OFFSET -0.583367 -1.204154 53.280125
BONES 2
BONE 13 0.964768
BONE 39 0.035232

VERT 226
OFFSET -1.190434 -1.743151 53.679169
BONES 2
BONE 13 0.842649
BONE 39 0.157351

VERT 227
OFFSET -1.666524 -1.934206 54.536118
BONES 5
BONE 40 0.001832
BONE 64 0.075391
BONE 39 0.291290
BONE 13 0.620099
BONE 65 0.011388

VERT 228
OFFSET -2.404223 -1.767591 54.661087
BONES 4
BONE 65 0.015616
BONE 64 0.125330
BONE 39 0.321337
BONE 13 0.537717

VERT 229
OFFSET -3.631845 -1.977738 55.532093
BONES 4
BONE 65 0.060829
BONE 64 0.309366
BONE 39 0.239894
BONE 13 0.389912

VERT 230
OFFSET -3.771552 -1.708209 54.939270
BONES 4
BONE 13 0.392227
BONE 64 0.344121
BONE 39 0.196163
BONE 65 0.067490

VERT 231
OFFSET -4.687445 -0.405726 55.368134
BONES 5
BONE 15 0.011458
BONE 64 0.441871
BONE 13 0.422925
BONE 39 0.058388
BONE 65 0.065358

VERT 232
OFFSET -4.444090 -0.277589 54.784283
BONES 5
BONE 15 0.001293
BONE 65 0.024204
BONE 39 0.023394
BONE 64 0.331896
BONE 13 0.619213

VERT 233
OFFSET -3.849117 1.698273 54.945511
BONES 4
BONE 13 0.401245
BONE 64 0.342985
BONE 15 0.190182
BONE 65 0.065588

VERT 234
OFFSET -4.060461 1.745192 55.423862
BONES 5
BONE 16 0.004381
