// Export time: Thu Nov 05 16:53:59 2020

// Exported using Blender v2.90.1
// Export filename: 'E:/blackops3/mod_xmodel/iw4/ro635/ch_body_gk_ro635_lod3.XMODEL_EXPORT'
// Source filename: 'E:/blackops3/mod_xmodel/iw4/ro635/ro635.blend'
MODEL
VERSION 6

NUMBONES 75
BONE 0 -1 "tag_origin"
BONE 1 0 "j_mainroot"
BONE 2 1 "j_hip_le"
BONE 3 2 "j_knee_le"
BONE 4 3 "j_ankle_le"
BONE 5 4 "j_ball_le"
BONE 6 2 "Sk_06_01"
BONE 7 1 "j_hip_ri"
BONE 8 7 "j_knee_ri"
BONE 9 8 "j_ankle_ri"
BONE 10 9 "j_ball_ri"
BONE 11 7 "Sk_02_01"
BONE 12 1 "j_spinelower"
BONE 13 12 "j_spineupper"
BONE 14 13 "j_spine4"
BONE 15 14 "j_clavicle_le"
BONE 16 15 "j_shoulder_le"
BONE 17 16 "j_elbow_le"
BONE 18 17 "j_wrist_le"
BONE 19 18 "j_index_le_1"
BONE 20 19 "j_index_le_2"
BONE 21 20 "j_index_le_3"
BONE 22 18 "j_mid_le_1"
BONE 23 22 "j_mid_le_2"
BONE 24 23 "j_mid_le_3"
BONE 25 18 "j_pinky_le_1"
BONE 26 25 "j_pinky_le_2"
BONE 27 26 "j_pinky_le_3"
BONE 28 18 "j_ring_le_1"
BONE 29 28 "j_ring_le_2"
BONE 30 29 "j_ring_le_3"
BONE 31 18 "j_thumb_le_1"
BONE 32 31 "j_thumb_le_2"
BONE 33 32 "j_thumb_le_3"
BONE 34 18 "j_wrist_le1"
BONE 35 34 "tag_weapon_left"
BONE 36 17 "j_wristtwist_le"
BONE 37 16 "j_shouldertwist_le"
BONE 38 37 "tag_reflector_arm_le"
BONE 39 14 "j_clavicle_ri"
BONE 40 39 "j_shoulder_ri"
BONE 41 40 "j_elbow_ri"
BONE 42 41 "j_wrist_ri"
BONE 43 42 "j_index_ri_1"
BONE 44 43 "j_index_ri_2"
BONE 45 44 "j_index_ri_3"
BONE 46 42 "j_mid_ri_1"
BONE 47 46 "j_mid_ri_2"
BONE 48 47 "j_mid_ri_3"
BONE 49 42 "j_pinky_ri_1"
BONE 50 49 "j_pinky_ri_2"
BONE 51 50 "j_pinky_ri_3"
BONE 52 42 "j_ring_ri_1"
BONE 53 52 "j_ring_ri_2"
BONE 54 53 "j_ring_ri_3"
BONE 55 42 "j_thumb_ri_1"
BONE 56 55 "j_thumb_ri_2"
BONE 57 56 "j_thumb_ri_3"
BONE 58 42 "j_wrist_ri1"
BONE 59 58 "j_gun"
BONE 60 58 "tag_weapon_right"
BONE 61 41 "j_wristtwist_ri"
BONE 62 40 "j_shouldertwist_ri"
BONE 63 62 "tag_reflector_arm_ri"
BONE 64 14 "j_neck"
BONE 65 64 "j_head"
BONE 66 14 "j_shoulderraise_le"
BONE 67 14 "j_shoulderraise_ri"
BONE 68 14 "tag_bipod"
BONE 69 14 "tag_inhand"
BONE 70 14 "tag_shield_back"
BONE 71 14 "tag_stowed_back"
BONE 72 14 "tag_weapon_chest"
BONE 73 1 "tag_stowed_hip_rear"
BONE 74 0 "tag_sync"

BONE 0
OFFSET 0.000000 0.000000 0.000000
SCALE 1.000000 1.000000 1.000000
X 1.000000 0.000000 0.000000
Y 0.000000 1.000000 0.000000
Z 0.000000 0.000000 1.000000

BONE 1
OFFSET -3.418017 -0.000170 39.120125
SCALE 1.000000 1.000000 1.000000
X -0.024721 -0.000056 0.999694
Y 0.999694 0.000059 0.024721
Z -0.000060 1.000000 0.000054

BONE 2
OFFSET -2.688262 3.364160 36.970943
SCALE 1.000000 1.000000 1.000000
X -0.017164 0.000119 -0.999853
Y 0.999843 -0.004520 -0.017165
Z -0.004521 -0.999990 -0.000041

BONE 3
OFFSET -2.984316 3.366131 19.739489
SCALE 1.000000 1.000000 1.000000
X -0.069206 0.000349 -0.997602
Y 0.997593 -0.004502 -0.069207
Z -0.004515 -0.999990 -0.000037

BONE 4
OFFSET -4.085882 3.371694 3.872427
SCALE 1.000000 1.000000 1.000000
X 0.007829 0.007015 -0.999945
Y 0.999749 -0.021052 0.007679
Z -0.020997 -0.999754 -0.007178

BONE 5
OFFSET 0.220644 3.360347 0.435698
SCALE 1.000000 1.000000 1.000000
X 0.983210 -0.021946 0.181154
Y -0.181268 -0.003262 0.983428
Z -0.020992 -0.999754 -0.007185

BONE 6
OFFSET -4.049731 7.102154 36.173466
SCALE 1.000000 1.000000 1.000000
X 0.000001 1.000000 0.000000
Y 0.000000 -0.000000 1.000000
Z 1.000000 -0.000001 -0.000000

BONE 7
OFFSET -2.688262 -3.362448 36.970947
SCALE 1.000000 1.000000 1.000000
X 0.017139 -0.009154 0.999918
Y -0.999853 -0.000173 0.017132
Z 0.000016 -0.999958 -0.009155

BONE 8
OFFSET -2.984364 -3.204704 19.738426
SCALE 1.000000 1.000000 1.000000
X 0.069145 0.010064 0.997663
Y -0.997606 -0.000647 0.069155
Z 0.001342 -0.999949 0.009998

BONE 9
OFFSET -4.085433 -3.364902 3.870446
SCALE 1.000000 1.000000 1.000000
X -0.007795 0.017008 0.999932
Y -0.999617 -0.026679 -0.007349
Z 0.026550 -0.999499 0.017213

BONE 10
OFFSET 0.220445 -3.364130 0.432999
SCALE 1.000000 1.000000 1.000000
X -0.983086 -0.029217 -0.180826
Y 0.181211 -0.012114 -0.983473
Z 0.026541 -0.999500 0.017207

BONE 11
OFFSET -4.049017 -7.100642 36.173019
SCALE 1.000000 1.000000 1.000000
X -0.000001 1.000000 -0.000002
Y -0.000000 0.000000 1.000000
Z 1.000000 0.000001 0.000008

BONE 12
OFFSET -2.060000 0.000000 43.483532
SCALE 1.000000 1.000000 1.000000
X -0.029904 -0.000055 0.999553
Y 0.999553 0.000059 0.029904
Z -0.000060 1.000000 0.000054

BONE 13
OFFSET -2.462061 0.000210 47.198326
SCALE 1.000000 1.000000 1.000000
X 0.020429 -0.000062 0.999791
Y 0.999791 0.000062 -0.020429
Z -0.000060 1.000000 0.000064

BONE 14
OFFSET -2.699147 0.000018 50.333317
SCALE 1.000000 1.000000 1.000000
X 0.046994 -0.000057 0.998895
Y 0.998895 0.000063 -0.046994
Z -0.000060 1.000000 0.000060

BONE 15
OFFSET -2.959666 0.591909 53.505367
SCALE 1.000000 1.000000 1.000000
X 0.022168 0.997071 0.072284
Y -0.999643 0.021027 0.016487
Z 0.014920 -0.072535 0.997223

BONE 16
OFFSET -2.959667 4.151362 53.505379
SCALE 1.000000 1.000000 1.000000
X -0.008399 0.999818 -0.012098
Y -0.996261 -0.009416 -0.085881
Z -0.085988 0.011416 0.996207

BONE 17
OFFSET -3.379162 13.721075 53.507442
SCALE 1.000000 1.000000 1.000000
X -0.007356 0.999743 0.017854
Y -0.996337 -0.005815 -0.085317
Z -0.085201 -0.018330 0.996169

BONE 18
OFFSET -3.386478 22.428499 53.513432
SCALE 1.000000 1.000000 1.000000
X -0.101953 0.992072 -0.072407
Y -0.070415 -0.079883 -0.994295
Z -0.992294 -0.096263 0.077998

BONE 19
OFFSET -2.614676 24.532011 53.545391
SCALE 1.000000 1.000000 1.000000
X 0.089223 0.992558 -0.081924
Y -0.215117 -0.061187 -0.974650
Z -0.972504 0.104596 0.208077

BONE 20
OFFSET -2.510997 25.685913 53.449841
SCALE 1.000000 1.000000 1.000000
X 0.089596 0.992653 -0.080350
Y -0.215001 -0.059576 -0.974775
Z -0.972495 0.104622 0.208103

BONE 21
OFFSET -2.441308 26.458483 53.387112
SCALE 1.000000 1.000000 1.000000
X 0.094771 0.993783 -0.057102
Y -0.212796 -0.035893 -0.976416
Z -0.972490 0.104699 0.208091

BONE 22
OFFSET -3.185144 24.626095 53.640472
SCALE 1.000000 1.000000 1.000000
X 0.004894 0.996443 -0.083178
Y -0.052026 -0.082894 -0.995181
Z -0.998634 0.009200 0.051440

BONE 23
OFFSET -3.178865 25.903135 53.533604
SCALE 1.000000 1.000000 1.000000
X 0.004812 0.996256 -0.085390
Y -0.051968 -0.085108 -0.994997
Z -0.998637 0.009228 0.051368

BONE 24
OFFSET -3.174864 26.753834 53.460556
SCALE 1.000000 1.000000 1.000000
X 0.003815 0.994396 -0.104885
Y -0.051977 -0.104627 -0.993135
Z -0.998641 0.009243 0.051291

BONE 25
OFFSET -4.206738 24.183825 53.304699
SCALE 1.000000 1.000000 1.000000
X -0.129718 0.987966 -0.083303
Y -0.032023 -0.088225 -0.995568
Z -0.991034 -0.126467 0.043074

BONE 26
OFFSET -4.344580 25.233624 53.215935
SCALE 1.000000 1.000000 1.000000
X -0.129585 0.987914 -0.084130
Y -0.031826 -0.089027 -0.995503
Z -0.991057 -0.126317 0.042970

BONE 27
OFFSET -4.420448 25.811213 53.166668
SCALE 1.000000 1.000000 1.000000
X -0.129574 0.987811 -0.085340
Y -0.031544 -0.090209 -0.995405
Z -0.991068 -0.126279 0.042840

BONE 28
OFFSET -3.724336 24.453190 53.533123
SCALE 1.000000 1.000000 1.000000
X -0.064662 0.994332 -0.083456
Y 0.010303 -0.083042 -0.996474
Z -0.997854 -0.065292 -0.004880

BONE 29
OFFSET -3.803475 25.669996 53.430649
SCALE 1.000000 1.000000 1.000000
X -0.064535 0.993917 -0.088343
Y 0.010752 -0.087911 -0.996052
Z -0.997857 -0.065229 -0.005019

BONE 30
OFFSET -3.856052 26.477997 53.358761
SCALE 1.000000 1.000000 1.000000
X -0.065361 0.992025 0.107183
Y -0.001962 0.107195 -0.994201
Z -0.997860 -0.065191 -0.005065

BONE 31
OFFSET -2.512081 22.515457 53.156425
SCALE 1.000000 1.000000 1.000000
X 0.571461 0.809321 -0.135346
Y -0.811858 0.581622 0.050576
Z 0.119663 0.081060 0.989481

BONE 32
OFFSET -1.787749 23.542139 52.984722
SCALE 1.000000 1.000000 1.000000
X 0.566923 0.811168 -0.143141
Y -0.814344 0.578084 0.051168
Z 0.124264 0.087638 0.988353

BONE 33
OFFSET -1.261183 24.296152 52.851730
SCALE 1.000000 1.000000 1.000000
X 0.646158 0.756493 -0.100508
Y -0.757398 0.651826 0.037584
Z 0.093955 0.051922 0.994201

BONE 34
OFFSET -1.066247 21.085663 52.067905
SCALE 1.000000 1.000000 1.000000
X -0.101954 0.992073 -0.072400
Y -0.070414 -0.079876 -0.994296
Z -0.992294 -0.096264 0.077996

BONE 35
OFFSET 11.567026 14.974773 27.802631
SCALE 1.000000 1.000000 1.000000
X 0.535688 0.844291 0.010541
Y -0.502208 0.308580 0.807813
Z 0.678842 -0.437957 0.589302

BONE 36
OFFSET -3.384262 19.879246 53.511475
SCALE 1.000000 1.000000 1.000000
X -0.007356 0.999743 0.017849
Y -0.996338 -0.005816 -0.085300
Z -0.085183 -0.018325 0.996170

BONE 37
OFFSET -2.962794 4.528582 53.500832
SCALE 1.000000 1.000000 1.000000
X -0.008419 0.999820 -0.011951
Y -0.996260 -0.009423 -0.085881
Z -0.085988 0.011267 0.996208

BONE 38
OFFSET -2.829341 5.194781 55.266315
SCALE 1.000000 1.000000 1.000000
X 0.038247 -0.292652 0.955398
Y -0.939634 -0.335873 -0.065304
Z 0.340036 -0.895209 -0.287922

BONE 39
OFFSET -2.959666 -0.590689 53.505375
SCALE 1.000000 1.000000 1.000000
X -0.019467 0.997196 -0.072252
Y 0.999656 0.018144 -0.018918
Z -0.017554 -0.072596 -0.997207

BONE 40
OFFSET -2.959667 -4.148103 53.505371
SCALE 1.000000 1.000000 1.000000
X 0.006130 0.999913 0.011639
Y 0.996466 -0.007083 0.083700
Z 0.083776 0.011085 -0.996423

BONE 41
OFFSET -3.358642 -13.718948 53.512169
SCALE 1.000000 1.000000 1.000000
X 0.005150 0.999821 -0.018223
Y 0.996551 -0.003623 0.082905
Z 0.082825 -0.018587 -0.996391

BONE 42
OFFSET -3.347247 -22.426388 53.521866
SCALE 1.000000 1.000000 1.000000
X 0.064747 0.988634 0.135688
Y -0.083447 -0.130133 0.987979
Z 0.994406 -0.075292 0.074073

BONE 43
OFFSET -2.598401 -24.531456 53.545349
SCALE 1.000000 1.000000 1.000000
X -0.094864 0.992631 0.075400
Y 0.055215 -0.070378 0.995991
Z 0.993957 0.098647 -0.048132

BONE 44
OFFSET -2.487799 -25.689110 53.457306
SCALE 1.000000 1.000000 1.000000
X -0.104286 0.990138 0.093551
Y 0.057079 -0.087950 0.994488
Z 0.992908 0.109051 -0.047345

BONE 45
OFFSET -2.407345 -26.452362 53.385311
SCALE 1.000000 1.000000 1.000000
X -0.103518 0.988865 0.106907
Y 0.058497 -0.101246 0.993140
Z 0.992906 0.109061 -0.047365

BONE 46
OFFSET -3.168868 -24.625542 53.640434
SCALE 1.000000 1.000000 1.000000
X -0.011558 0.996352 0.084548
Y -0.102706 -0.085290 0.991048
Z 0.994644 0.002771 0.103317

BONE 47
OFFSET -3.154042 -25.907055 53.531731
SCALE 1.000000 1.000000 1.000000
X -0.011274 0.996615 0.081426
Y -0.102699 -0.082155 0.991314
Z 0.994648 0.002814 0.103278

BONE 48
OFFSET -3.144346 -26.758930 53.462166
SCALE 1.000000 1.000000 1.000000
X -0.020525 0.985095 0.170780
Y -0.101296 -0.171986 0.979878
Z 0.994644 0.002812 0.103317

BONE 49
OFFSET -4.190460 -24.183289 53.304607
SCALE 1.000000 1.000000 1.000000
X 0.128020 0.988431 0.081327
Y -0.119870 -0.065979 0.990595
Z 0.984501 -0.136564 0.110037

BONE 50
OFFSET -4.327068 -25.238556 53.217827
SCALE 1.000000 1.000000 1.000000
X 0.127673 0.988268 0.083824
Y -0.120193 -0.068476 0.990386
Z 0.984506 -0.136521 0.110040

BONE 51
OFFSET -4.401647 -25.815258 53.168945
SCALE 1.000000 1.000000 1.000000
X 0.175374 0.978753 0.106233
Y -0.122370 -0.085397 0.988804
Z 0.976867 -0.186410 0.104794

BONE 52
OFFSET -3.708061 -24.452618 53.533188
SCALE 1.000000 1.000000 1.000000
X 0.058603 0.994768 0.083682
Y -0.161564 -0.073270 0.984138
Z 0.985120 -0.071194 0.156425

BONE 53
OFFSET -3.779517 -25.663988 53.431301
SCALE 1.000000 1.000000 1.000000
X 0.058905 0.994935 0.081449
Y -0.161383 -0.071026 0.984333
Z 0.985132 -0.071126 0.156382

BONE 54
OFFSET -3.827076 -26.468988 53.365372
SCALE 1.000000 1.000000 1.000000
X 0.073863 0.997197 -0.011899
Y -0.155108 0.023274 0.987623
Z 0.985132 -0.071103 0.156392

BONE 55
OFFSET -2.495794 -22.514898 53.156452
SCALE 1.000000 1.000000 1.000000
X -0.573525 0.807276 0.139188
Y 0.818096 0.555663 0.148181
Z 0.042282 0.198854 -0.979116

BONE 56
OFFSET -1.771790 -23.534378 52.980621
SCALE 1.000000 1.000000 1.000000
X -0.574025 0.806933 0.139117
Y 0.817746 0.556153 0.148274
Z 0.042277 0.198875 -0.979112

BONE 57
OFFSET -1.236798 -24.286573 52.850990
SCALE 1.000000 1.000000 1.000000
X -0.538577 0.829951 0.145314
Y 0.841512 0.521172 0.142253
Z 0.042329 0.198898 -0.979106

BONE 58
OFFSET -5.830334 -23.881538 54.518375
SCALE 1.000000 1.000000 1.000000
X 0.064748 0.988634 0.135688
Y -0.083447 -0.130133 0.987979
Z 0.994406 -0.075292 0.074073

BONE 59
OFFSET -10.420453 -28.391563 56.558159
SCALE 1.000000 1.000000 1.000000
X 0.548085 -0.834725 0.053265
Y 0.614444 0.358604 -0.702754
Z 0.567505 0.417897 0.709437

BONE 60
OFFSET -10.420453 -28.391563 56.558159
SCALE 1.000000 1.000000 1.000000
X 0.548347 -0.834598 0.052553
Y 0.586672 0.339149 -0.735387
Z 0.595929 0.434079 0.675607

BONE 61
OFFSET -3.350593 -19.877132 53.519051
SCALE 1.000000 1.000000 1.000000
X 0.005138 0.999821 -0.018222
Y 0.996552 -0.003611 0.082886
Z 0.082805 -0.018586 -0.996392

BONE 62
OFFSET -2.961762 -4.487660 53.501411
SCALE 1.000000 1.000000 1.000000
X 0.006138 0.999913 0.011633
Y 0.996466 -0.007091 0.083701
Z 0.083776 0.011078 -0.996423

BONE 63
OFFSET -2.822565 -5.153295 55.266640
SCALE 1.000000 1.000000 1.000000
X -0.043256 0.245337 0.968472
Y 0.926279 -0.353376 0.130890
Z 0.374347 0.902738 -0.211965

BONE 64
OFFSET -2.694638 0.000000 54.914459
SCALE 1.000000 1.000000 1.000000
X 0.309757 -0.000038 0.950816
Y 0.950816 0.000075 -0.309757
Z -0.000060 1.000000 0.000060

BONE 65
OFFSET -2.694638 0.000000 57.375427
SCALE 1.000000 1.000000 1.000000
X 0.216380 -0.000040 0.976309
Y 0.976309 0.000072 -0.216380
Z -0.000061 1.000000 0.000055

BONE 66
OFFSET -2.556437 3.913207 57.237770
SCALE 1.000000 1.000000 1.000000
X -0.019304 -0.997191 -0.072367
Y 0.999659 -0.017981 -0.018901
Z 0.017546 -0.072707 0.997199

BONE 67
OFFSET -2.555963 -3.913931 57.237457
SCALE 1.000000 1.000000 1.000000
X 0.022400 -0.997296 0.071789
Y -0.999638 -0.021271 0.016488
Z -0.014915 -0.072304 -0.997333

BONE 68
OFFSET 16.253307 -27.726582 30.512453
SCALE 1.000000 1.000000 1.000000
X 1.000000 -0.000039 0.000083
Y 0.000039 1.000000 0.000030
Z -0.000083 -0.000030 1.000000

BONE 69
OFFSET 10.700640 -27.727486 37.863693
SCALE 1.000000 1.000000 1.000000
X -0.000140 1.000000 0.000187
Y 0.764300 0.000228 -0.644861
Z -0.644861 0.000052 -0.764300

BONE 70
OFFSET -10.888188 0.778572 50.719585
SCALE 1.000000 1.000000 1.000000
X -0.989754 -0.000187 0.142786
Y 0.000189 -1.000000 0.000000
Z 0.142786 0.000027 0.989754

BONE 71
OFFSET -9.092003 -4.469750 48.654781
SCALE 1.000000 1.000000 1.000000
X -0.007000 0.025912 -0.999640
Y -0.984168 -0.177224 0.002298
Z -0.177100 0.983829 0.026743

BONE 72
OFFSET 10.700640 -27.727486 37.863693
SCALE 1.000000 1.000000 1.000000
X 1.000000 -0.000038 0.000083
Y 0.000038 1.000000 0.000001
Z -0.000083 -0.000001 1.000000

BONE 73
OFFSET -9.149073 -2.549100 35.967533
SCALE 1.000000 1.000000 1.000000
X -0.188090 0.137974 0.972412
Y 0.149133 -0.974591 0.167129
Z 0.970763 0.176454 0.162734

BONE 74
OFFSET -0.002217 0.000000 -0.000000
SCALE 1.000000 1.000000 1.000000
X -1.000000 0.000000 0.000000
Y 0.000000 -1.000000 0.000000
Z 0.000000 0.000000 1.000000


NUMVERTS 740
VERT 0
OFFSET -5.269123 4.125212 40.775936
BONES 3
BONE 12 0.007607
BONE 1 0.984091
BONE 2 0.008302

VERT 1
OFFSET -6.691651 2.412285 40.142544
BONES 3
BONE 12 0.000206
BONE 1 0.997413
BONE 2 0.002381

VERT 2
OFFSET -4.859008 -1.582981 43.825844
BONES 3
BONE 13 0.102896
BONE 1 0.398534
BONE 12 0.498571

VERT 3
OFFSET -3.529063 -4.743553 41.268368
BONES 4
BONE 12 0.061563
BONE 1 0.930009
BONE 7 0.006835
BONE 13 0.001592

VERT 4
OFFSET -2.508817 -3.300246 43.824451
BONES 3
BONE 13 0.090875
BONE 12 0.450898
BONE 1 0.458227

VERT 5
OFFSET -2.811901 2.730549 43.871010
BONES 3
BONE 13 0.090095
BONE 12 0.461186
BONE 1 0.448719

VERT 6
OFFSET -0.617535 4.239164 40.284340
BONES 4
BONE 1 0.913950
BONE 12 0.066002
BONE 13 0.000231
BONE 2 0.019816

VERT 7
OFFSET -4.381838 1.226902 43.748497
BONES 3
BONE 1 0.402979
BONE 12 0.495047
BONE 13 0.101974

VERT 8
OFFSET -6.403006 -3.018389 40.409500
BONES 4
BONE 13 0.000056
BONE 12 0.015620
BONE 1 0.981826
BONE 7 0.002498

VERT 9
OFFSET -4.144747 -1.389586 43.655926
BONES 3
BONE 12 0.505123
BONE 1 0.391316
BONE 13 0.103561

VERT 10
OFFSET -2.782882 -2.499582 43.620625
BONES 3
BONE 12 0.465741
BONE 1 0.442587
BONE 13 0.091672

VERT 11
OFFSET -1.417004 2.321500 43.240154
BONES 3
BONE 1 0.449091
BONE 12 0.480388
BONE 13 0.070521

VERT 12
OFFSET -0.368129 0.486401 42.832962
BONES 3
BONE 12 0.589381
BONE 1 0.388768
BONE 13 0.021850

VERT 13
OFFSET 0.842912 0.004317 51.682529
BONES 1
BONE 13 1.000000

VERT 14
OFFSET 0.979325 0.008784 52.268700
BONES 1
BONE 13 1.000000

VERT 15
OFFSET -0.727568 0.155172 53.353607
BONES 1
BONE 13 1.000000

VERT 16
OFFSET -0.735051 -0.216327 53.530121
BONES 2
BONE 64 0.001314
BONE 13 0.998686

VERT 17
OFFSET -1.768139 0.154592 54.771320
BONES 5
BONE 39 0.002197
BONE 13 0.742133
BONE 64 0.216348
BONE 65 0.033505
BONE 15 0.005817

VERT 18
OFFSET -1.613722 -0.111176 54.556572
BONES 5
BONE 39 0.003427
BONE 15 0.003567
BONE 65 0.025504
BONE 64 0.175539
BONE 13 0.791962

VERT 19
OFFSET 0.189749 -1.156511 52.268723
BONES 3
BONE 64 0.000047
BONE 39 0.009102
BONE 13 0.990851

VERT 20
OFFSET 0.499527 1.040311 52.007229
BONES 1
BONE 13 1.000000

VERT 21
OFFSET -1.780542 2.161017 54.412682
BONES 4
BONE 64 0.084023
BONE 15 0.194895
BONE 13 0.701248
BONE 65 0.019835

VERT 22
OFFSET -1.056354 -4.086550 53.028454
BONES 3
BONE 40 0.257478
BONE 13 0.286956
BONE 39 0.455566

VERT 23
OFFSET -1.293426 -4.287262 51.468304
BONES 3
BONE 40 0.023873
BONE 39 0.174386
BONE 13 0.801741

VERT 24
OFFSET 2.179498 0.000117 49.052212
BONES 2
BONE 12 0.000012
BONE 13 0.999988

VERT 25
OFFSET 1.181996 -0.075827 47.080261
BONES 3
BONE 13 0.798932
BONE 12 0.200319
BONE 1 0.000749

VERT 26
OFFSET 1.798529 2.141026 47.179657
BONES 2
BONE 12 0.000746
BONE 13 0.999254

VERT 27
OFFSET -0.220386 4.708510 49.641430
BONES 1
BONE 13 1.000000

VERT 28
OFFSET -1.109321 4.101920 48.104500
BONES 2
BONE 12 0.003706
BONE 13 0.996294

VERT 29
OFFSET 0.896859 4.144836 47.589237
BONES 1
BONE 13 1.000000

VERT 30
OFFSET 0.415245 2.764441 46.620037
BONES 3
BONE 1 0.002908
BONE 13 0.810070
BONE 12 0.187023

VERT 31
OFFSET 1.905778 3.899590 49.708721
BONES 1
BONE 13 1.000000

VERT 32
OFFSET 1.954960 2.574304 50.722336
BONES 2
BONE 15 0.000174
BONE 13 0.999826

VERT 33
OFFSET 0.363088 -2.881746 46.640236
BONES 3
BONE 12 0.182711
BONE 13 0.813281
BONE 1 0.004007

VERT 34
OFFSET -0.403968 -2.899543 42.952217
BONES 3
BONE 1 0.510235
BONE 13 0.062489
BONE 12 0.427276

VERT 35
OFFSET -1.834182 -4.350704 51.085377
BONES 2
BONE 13 0.832977
BONE 39 0.167023

VERT 36
OFFSET 0.336699 -4.719532 48.979881
BONES 1
BONE 13 1.000000

VERT 37
OFFSET 1.905333 -3.900165 49.709026
BONES 1
BONE 13 1.000000

VERT 38
OFFSET -1.757037 -4.326025 49.534618
BONES 1
BONE 13 1.000000

VERT 39
OFFSET 1.954890 -2.574273 50.722527
BONES 2
BONE 39 0.000173
BONE 13 0.999827

VERT 40
OFFSET -0.503194 -3.914643 47.435272
BONES 2
BONE 12 0.017820
BONE 13 0.982180

VERT 41
OFFSET 1.533611 -3.167174 46.993057
BONES 1
BONE 13 1.000000

VERT 42
OFFSET -1.293270 4.289193 51.470280
BONES 3
BONE 16 0.024220
BONE 15 0.175093
BONE 13 0.800687

VERT 43
OFFSET -2.291290 4.348963 50.923107
BONES 3
BONE 15 0.181009
BONE 13 0.818983
BONE 12 0.000007

VERT 44
OFFSET -1.923398 1.076225 55.704285
BONES 4
BONE 64 0.531305
BONE 65 0.245224
BONE 13 0.215522
BONE 15 0.007950

VERT 45
OFFSET -3.825640 1.344367 56.295307
BONES 4
BONE 64 0.546980
BONE 13 0.119155
BONE 65 0.300814
BONE 15 0.033051

VERT 46
OFFSET -4.379009 -0.816116 56.472195
BONES 5
BONE 39 0.017126
BONE 15 0.000274
BONE 13 0.104434
BONE 65 0.303892
BONE 64 0.574274

VERT 47
OFFSET -2.259927 -1.336046 55.910519
BONES 4
BONE 39 0.025132
BONE 13 0.181200
BONE 65 0.271668
BONE 64 0.522000

VERT 48
OFFSET -3.607485 -2.066876 55.611931
BONES 4
BONE 64 0.315098
BONE 13 0.432189
BONE 39 0.196280
BONE 65 0.056433

VERT 49
OFFSET -1.410913 0.241786 54.418819
BONES 5
BONE 64 0.165542
BONE 13 0.815340
BONE 65 0.016058
BONE 39 0.000648
BONE 15 0.002412

VERT 50
OFFSET -1.839802 1.916354 54.869522
BONES 4
BONE 13 0.664416
BONE 64 0.111420
BONE 15 0.210995
BONE 65 0.013170

VERT 51
OFFSET -1.530720 -0.216080 54.407917
BONES 5
BONE 64 0.160699
BONE 13 0.820204
BONE 65 0.016706
BONE 15 0.000172
BONE 39 0.002219

VERT 52
OFFSET -0.836775 0.879966 53.655758
BONES 4
BONE 13 0.974651
BONE 64 0.000227
BONE 65 0.000035
BONE 15 0.025087

VERT 53
OFFSET -4.508614 1.422184 55.493210
BONES 5
BONE 39 0.000149
BONE 65 0.073097
BONE 15 0.140587
BONE 64 0.410730
BONE 13 0.375436

VERT 54
OFFSET -4.115428 -1.147515 56.494373
BONES 4
BONE 39 0.011712
BONE 13 0.076314
BONE 65 0.331687
BONE 64 0.580287

VERT 55
OFFSET -0.828869 -0.923782 53.636272
BONES 4
BONE 65 0.000039
BONE 39 0.025905
BONE 64 0.000417
BONE 13 0.973639

VERT 56
OFFSET -3.533617 1.412664 54.857449
BONES 4
BONE 65 0.056032
BONE 15 0.201324
BONE 64 0.310873
BONE 13 0.431770

VERT 57
OFFSET -4.283170 1.009393 56.509373
BONES 5
BONE 39 0.000258
BONE 15 0.010292
BONE 65 0.333340
BONE 13 0.074724
BONE 64 0.581385

VERT 58
OFFSET -2.153701 1.356745 55.889793
BONES 4
BONE 64 0.526506
BONE 13 0.187037
BONE 65 0.268818
BONE 15 0.017639

VERT 59
OFFSET -1.554165 -0.186702 53.771427
BONES 5
BONE 65 0.000014
BONE 39 0.005138
BONE 13 0.990040
BONE 15 0.001264
BONE 64 0.003543

VERT 60
OFFSET -3.629471 -1.473354 54.842705
BONES 5
BONE 64 0.314788
BONE 13 0.422300
BONE 65 0.057667
BONE 39 0.205243
BONE 15 0.000003

VERT 61
OFFSET -2.287437 -1.384607 55.980640
BONES 4
BONE 64 0.526070
BONE 13 0.178949
BONE 65 0.275899
BONE 39 0.019083

VERT 62
OFFSET -1.404672 0.173764 53.760612
BONES 4
BONE 15 0.005310
BONE 13 0.992734
BONE 39 0.001092
BONE 64 0.000864

VERT 63
OFFSET 0.992769 -0.089894 51.334709
BONES 1
BONE 13 1.000000

VERT 64
OFFSET -4.086029 2.033332 55.277626
BONES 4
BONE 65 0.034237
BONE 64 0.248091
BONE 15 0.315061
BONE 13 0.402612

VERT 65
OFFSET -4.779966 -0.000760 55.019142
BONES 5
BONE 65 0.033300
BONE 15 0.024665
BONE 64 0.328023
BONE 13 0.589278
BONE 39 0.024734

VERT 66
OFFSET -3.758765 -2.284441 55.271202
BONES 4
BONE 65 0.029837
BONE 39 0.324883
BONE 13 0.426945
BONE 64 0.218335

VERT 67
OFFSET -1.074357 4.090857 53.086250
BONES 3
BONE 16 0.273158
BONE 13 0.253003
BONE 15 0.473839

VERT 68
OFFSET -2.497033 3.940104 55.309830
BONES 4
BONE 64 0.001383
BONE 13 0.086216
BONE 16 0.327610
BONE 15 0.584792

VERT 69
OFFSET -4.865484 1.330944 43.807972
BONES 3
BONE 12 0.503831
BONE 1 0.393798
BONE 13 0.102371

VERT 70
OFFSET -3.092429 3.242553 43.932831
BONES 3
BONE 1 0.447657
BONE 12 0.459116
BONE 13 0.093228

VERT 71
OFFSET -2.581685 4.687243 41.108459
BONES 3
BONE 2 0.009181
BONE 12 0.031336
BONE 1 0.959483

VERT 72
OFFSET -0.662699 2.788600 43.280125
BONES 3
BONE 13 0.061630
BONE 1 0.472333
BONE 12 0.466037

VERT 73
OFFSET 0.345986 0.826073 42.717514
BONES 3
BONE 1 0.396666
BONE 12 0.582143
BONE 13 0.021191

VERT 74
OFFSET 0.333104 -0.865844 42.725349
BONES 3
BONE 13 0.021517
BONE 12 0.580456
BONE 1 0.398026

VERT 75
OFFSET -0.662699 -2.788599 43.280121
BONES 3
BONE 1 0.472333
BONE 12 0.466037
BONE 13 0.061630

VERT 76
OFFSET -0.598343 -4.216325 40.295475
BONES 4
BONE 1 0.912548
BONE 12 0.067529
BONE 13 0.000270
BONE 7 0.019654

VERT 77
OFFSET -1.265102 -2.058547 43.010796
BONES 3
BONE 13 0.061466
BONE 12 0.506165
BONE 1 0.432370

VERT 78
OFFSET 0.607212 0.245639 39.533562
BONES 3
BONE 13 0.000219
BONE 1 0.918787
BONE 12 0.080994

VERT 79
OFFSET -3.664237 4.343703 50.872231
BONES 4
BONE 16 0.110669
BONE 13 0.630108
BONE 12 0.000466
BONE 15 0.258757

VERT 80
OFFSET -4.703653 1.705987 46.679337
BONES 5
BONE 16 0.000287
BONE 1 0.048060
BONE 15 0.004140
BONE 12 0.359495
BONE 13 0.588018

VERT 81
OFFSET -5.356449 4.018128 53.615307
BONES 5
BONE 16 0.232711
BONE 12 0.000006
BONE 15 0.608589
BONE 13 0.156808
BONE 64 0.001885

VERT 82
OFFSET -4.693935 -0.345663 55.324848
BONES 7
BONE 16 0.000001
BONE 13 0.442764
BONE 15 0.019463
BONE 64 0.415048
BONE 65 0.060719
BONE 40 0.000038
BONE 39 0.061966

VERT 83
OFFSET -3.067394 -3.891730 55.544380
BONES 4
BONE 64 0.003766
BONE 13 0.090225
BONE 40 0.314626
BONE 39 0.591383

VERT 84
OFFSET -5.319065 -4.043486 53.183430
BONES 5
BONE 39 0.587155
BONE 13 0.205809
BONE 40 0.206485
BONE 64 0.000430
BONE 12 0.000121

VERT 85
OFFSET -3.660481 -4.344030 50.868855
BONES 4
BONE 13 0.631552
BONE 39 0.258171
BONE 40 0.109847
BONE 12 0.000431

VERT 86
OFFSET -1.944544 3.855665 47.044170
BONES 3
BONE 1 0.012865
BONE 12 0.235316
BONE 13 0.751818

VERT 87
OFFSET -3.711892 -3.013994 46.255180
BONES 4
BONE 12 0.332914
BONE 13 0.630252
BONE 1 0.036273
BONE 39 0.000562

VERT 88
OFFSET -4.716556 -1.227616 46.422623
BONES 4
BONE 39 0.002754
BONE 1 0.046683
BONE 12 0.357259
BONE 13 0.593303

VERT 89
OFFSET -1.892956 3.967686 54.829651
BONES 4
BONE 15 0.578272
BONE 16 0.341455
BONE 13 0.080273
BONE 41 0.000000

VERT 90
OFFSET -1.319056 4.013188 54.067532
BONES 4
BONE 15 0.545347
BONE 16 0.320503
BONE 13 0.134149
BONE 41 0.000000

VERT 91
OFFSET -1.035250 4.110211 53.168537
BONES 4
BONE 15 0.478377
BONE 16 0.279838
BONE 13 0.241785
BONE 41 0.000000

VERT 92
OFFSET -2.637380 3.945293 55.270176
BONES 4
BONE 15 0.588502
BONE 16 0.326651
BONE 13 0.084846
BONE 41 0.000000

VERT 93
OFFSET -1.180276 4.231363 51.921780
BONES 4
BONE 13 0.618910
BONE 15 0.250362
BONE 16 0.130728
BONE 41 0.000000

VERT 94
OFFSET -1.390321 4.308475 51.356689
BONES 4
BONE 13 0.845619
BONE 15 0.154381
BONE 41 0.000000
BONE 61 0.000000

VERT 95
OFFSET -2.336797 4.318777 50.921818
BONES 4
BONE 13 0.814738
BONE 15 0.185262
BONE 41 0.000000
BONE 61 0.000000

VERT 96
OFFSET -2.017348 4.311059 51.049038
BONES 4
BONE 13 0.834560
BONE 15 0.165440
BONE 41 0.000000
BONE 61 0.000000

VERT 97
OFFSET -2.710305 4.354733 50.858463
BONES 4
BONE 13 0.861942
BONE 15 0.138058
BONE 41 0.000000
BONE 61 0.000000

VERT 98
OFFSET -5.131817 4.104464 52.658962
BONES 4
BONE 15 0.573921
BONE 16 0.250766
BONE 13 0.175313
BONE 41 0.000000

VERT 99
OFFSET -4.708500 4.292352 51.525223
BONES 4
BONE 13 0.388336
BONE 15 0.377274
BONE 16 0.234390
BONE 41 0.000000

VERT 100
OFFSET -3.897903 4.409059 51.023388
BONES 4
BONE 13 0.556234
BONE 15 0.294529
BONE 16 0.149237
BONE 41 0.000000

VERT 101
OFFSET -3.286166 4.411863 50.850338
BONES 4
BONE 13 0.679012
BONE 15 0.246477
BONE 16 0.074511
BONE 41 0.000000

VERT 102
OFFSET -2.710305 4.354733 50.858463
BONES 4
BONE 13 0.861942
BONE 15 0.138058
BONE 41 0.000000
BONE 61 0.000000

VERT 103
OFFSET -4.841220 3.971728 54.319138
BONES 4
BONE 15 0.653255
BONE 16 0.244545
BONE 13 0.102200
BONE 41 0.000000

VERT 104
OFFSET -4.459623 3.939144 54.854664
BONES 4
BONE 15 0.612606
BONE 16 0.280442
BONE 13 0.097856
BONE 64 0.009096

VERT 105
OFFSET -3.573079 3.932616 55.271206
BONES 4
BONE 15 0.583290
BONE 16 0.309389
BONE 13 0.099498
BONE 64 0.007823

VERT 106
OFFSET -2.637380 3.945293 55.270176
BONES 4
BONE 15 0.588502
BONE 16 0.326651
BONE 13 0.084846
BONE 41 0.000000

VERT 107
OFFSET -5.076539 4.003132 53.720291
BONES 4
BONE 15 0.669388
BONE 16 0.223299
BONE 13 0.107312
BONE 41 0.000000

VERT 108
OFFSET -5.131817 4.104464 52.658962
BONES 4
BONE 15 0.573921
BONE 16 0.250766
BONE 13 0.175313
BONE 41 0.000000

VERT 109
OFFSET -0.443461 2.934877 42.937897
BONES 3
BONE 1 0.534373
BONE 12 0.407757
BONE 13 0.057870

VERT 110
OFFSET -0.684215 2.249948 43.270016
BONES 3
BONE 13 0.073150
BONE 1 0.404232
BONE 12 0.522618

VERT 111
OFFSET 0.658666 -0.313489 42.617210
BONES 3
BONE 1 0.444715
BONE 12 0.527040
BONE 13 0.028245

VERT 112
OFFSET 0.082042 -0.639748 43.162518
BONES 3
BONE 12 0.642737
BONE 1 0.310920
BONE 13 0.046343

VERT 113
OFFSET -0.962858 -2.527717 43.398853
BONES 3
BONE 13 0.079424
BONE 1 0.436681
BONE 12 0.483894

VERT 114
OFFSET -2.176475 -3.394664 44.082794
BONES 3
BONE 1 0.521223
BONE 12 0.405341
BONE 13 0.073436

VERT 115
OFFSET -4.508695 2.606383 43.611431
BONES 3
BONE 13 0.092572
BONE 12 0.432621
BONE 1 0.474807

VERT 116
OFFSET -2.333589 3.412582 44.118736
BONES 3
BONE 1 0.530513
BONE 12 0.399145
BONE 13 0.070342

VERT 117
OFFSET -3.923029 2.269593 43.770969
BONES 3
BONE 1 0.458315
BONE 12 0.455973
BONE 13 0.085713

VERT 118
OFFSET -5.040236 0.747895 43.971291
BONES 3
BONE 13 0.080236
BONE 12 0.445531
BONE 1 0.474233

VERT 119
OFFSET -4.655399 -0.806265 43.602421
BONES 3
BONE 12 0.479999
BONE 1 0.424738
BONE 13 0.095263

VERT 120
OFFSET -4.511696 -2.644624 43.655083
BONES 3
BONE 1 0.487505
BONE 12 0.421814
BONE 13 0.090682

VERT 121
OFFSET -3.923026 -2.269597 43.770969
BONES 3
BONE 12 0.455972
BONE 1 0.458315
BONE 13 0.085713

VERT 122
OFFSET -1.812029 -1.997876 54.360672
BONES 5
BONE 13 0.664149
BONE 39 0.256789
BONE 40 0.000443
BONE 64 0.069481
BONE 65 0.009139

VERT 123
OFFSET -3.499134 -2.071056 55.378803
BONES 5
BONE 40 0.006700
BONE 13 0.381859
BONE 39 0.292054
BONE 64 0.269508
BONE 65 0.049879

VERT 124
OFFSET -3.876995 -1.708215 54.938999
BONES 5
BONE 15 0.000036
BONE 65 0.066272
BONE 39 0.191304
BONE 64 0.343777
BONE 13 0.398610

VERT 125
OFFSET -3.924133 1.755215 54.948254
BONES 5
BONE 16 0.000315
BONE 65 0.065504
BONE 15 0.193475
BONE 64 0.342214
BONE 13 0.398491

VERT 126
OFFSET -2.170963 2.160286 55.019775
BONES 5
BONE 16 0.004259
BONE 13 0.537226
BONE 64 0.139060
BONE 15 0.295806
BONE 65 0.023649

VERT 127
OFFSET -1.987359 1.918167 54.445831
BONES 4
BONE 13 0.626192
BONE 15 0.274409
BONE 64 0.088367
BONE 65 0.011031

VERT 128
OFFSET 1.062500 -0.022923 51.541103
BONES 1
BONE 13 1.000000

VERT 129
OFFSET 0.131320 0.470640 51.762474
BONES 4
BONE 13 1.000000
BONE 41 0.000000
BONE 61 0.000000
BONE 6 0.000000

VERT 130
OFFSET -1.647715 -3.892863 47.322842
BONES 4
BONE 39 0.000001
BONE 1 0.002730
BONE 13 0.827525
BONE 12 0.169744

VERT 131
OFFSET -1.890428 -3.947438 54.771988
BONES 4
BONE 39 0.578268
BONE 40 0.341457
BONE 13 0.080274
BONE 41 0.000000

VERT 132
OFFSET -1.316750 -3.995708 54.000313
BONES 4
BONE 39 0.545345
BONE 40 0.320503
BONE 13 0.134152
BONE 41 0.000000

VERT 133
OFFSET -1.033475 -4.097320 53.150433
BONES 4
BONE 39 0.478363
BONE 40 0.279854
BONE 13 0.241783
BONE 41 0.000000

VERT 134
OFFSET -2.634990 -3.924973 55.242199
BONES 4
BONE 39 0.588501
BONE 40 0.326654
BONE 13 0.084845
BONE 41 0.000000

VERT 135
OFFSET -1.179573 -4.225560 51.920685
BONES 4
BONE 13 0.618863
BONE 39 0.250350
BONE 40 0.130787
BONE 41 0.000000

VERT 136
OFFSET -1.390399 -4.305804 51.355213
BONES 4
BONE 13 0.846203
BONE 39 0.153797
BONE 41 0.000000
BONE 61 0.000000

VERT 137
OFFSET -2.017355 -4.308100 51.048164
BONES 4
BONE 13 0.834623
BONE 39 0.165378
BONE 41 0.000000
BONE 61 0.000000

VERT 138
OFFSET -2.336808 -4.315481 50.921158
BONES 4
BONE 13 0.814737
BONE 39 0.185263
BONE 41 0.000000
BONE 61 0.000000

VERT 139
OFFSET -2.710314 -4.352275 50.858070
BONES 4
BONE 13 0.861943
BONE 39 0.138057
BONE 41 0.000000
BONE 61 0.000000

VERT 140
OFFSET -5.130882 -4.096635 52.659901
BONES 4
BONE 39 0.573902
BONE 40 0.250768
BONE 13 0.175330
BONE 41 0.000000

VERT 141
OFFSET -4.707854 -4.287530 51.525883
BONES 4
BONE 13 0.388332
BONE 39 0.377278
BONE 40 0.234390
BONE 41 0.000000

VERT 142
OFFSET -3.897553 -4.404428 51.023636
BONES 4
BONE 13 0.556150
BONE 39 0.294574
BONE 40 0.149276
BONE 41 0.000000

VERT 143
OFFSET -3.285594 -4.408968 50.849789
BONES 4
BONE 13 0.679056
BONE 39 0.246480
BONE 40 0.074463
BONE 41 0.000000

VERT 144
OFFSET -2.710314 -4.352275 50.858070
BONES 4
BONE 13 0.861943
BONE 39 0.138057
BONE 41 0.000000
BONE 61 0.000000

VERT 145
OFFSET -4.457999 -3.925880 54.911819
BONES 4
BONE 39 0.612604
BONE 40 0.280435
BONE 13 0.097864
BONE 64 0.009097

VERT 146
OFFSET -3.570982 -3.915197 55.290245
BONES 4
BONE 39 0.583289
BONE 40 0.309388
BONE 13 0.099498
BONE 64 0.007824

VERT 147
OFFSET -2.634990 -3.924973 55.242199
BONES 4
BONE 39 0.588501
BONE 40 0.326654
BONE 13 0.084845
BONE 41 0.000000

VERT 148
OFFSET -4.840021 -3.960271 54.387234
BONES 4
BONE 39 0.653253
BONE 40 0.244547
BONE 13 0.102200
BONE 41 0.000000

VERT 149
OFFSET -5.075617 -3.993306 53.778793
BONES 4
BONE 39 0.669385
BONE 40 0.223300
BONE 13 0.107314
BONE 41 0.000000

VERT 150
OFFSET -5.130882 -4.096635 52.659901
BONES 4
BONE 39 0.573902
BONE 40 0.250768
BONE 13 0.175330
BONE 41 0.000000

VERT 151
OFFSET 0.131381 -0.470915 51.762424
BONES 4
BONE 13 1.000000
BONE 41 0.000000
BONE 61 0.000000
BONE 6 0.000000

VERT 152
OFFSET -4.669551 0.881599 56.026031
BONES 1
BONE 13 1.000000

VERT 153
OFFSET -4.695620 0.870129 56.016697
BONES 1
BONE 13 1.000000

VERT 154
OFFSET -4.108703 1.336810 55.811577
BONES 4
BONE 13 1.000000
BONE 41 0.000000
BONE 61 0.000000
BONE 6 0.000000

VERT 155
OFFSET -3.068845 1.476036 55.421215
BONES 1
BONE 13 1.000000

VERT 156
OFFSET -2.528858 1.448909 55.081131
BONES 1
BONE 13 1.000000

VERT 157
OFFSET -0.045358 0.594484 52.966637
BONES 1
BONE 13 1.000000

VERT 158
OFFSET 0.812437 0.241086 52.134903
BONES 1
BONE 13 1.000000

VERT 159
OFFSET 1.331091 0.048025 51.367935
BONES 4
BONE 13 1.000000
BONE 41 0.000000
BONE 61 0.000000
BONE 6 0.000000

VERT 160
OFFSET 1.363614 0.035387 51.398033
BONES 1
BONE 13 1.000000

VERT 161
OFFSET 0.799795 0.220626 52.093002
BONES 1
BONE 13 1.000000

VERT 162
OFFSET 1.330901 0.022300 51.367764
BONES 4
BONE 13 1.000000
BONE 41 0.000000
BONE 61 0.000000
BONE 6 0.000000

VERT 163
OFFSET -2.226396 1.325652 54.879063
BONES 1
BONE 13 1.000000

VERT 164
OFFSET -4.992377 0.015697 55.985989
BONES 1
BONE 13 1.000000

VERT 165
OFFSET -3.969516 1.377902 55.809433
BONES 1
BONE 13 1.000000

VERT 166
OFFSET -4.901902 -0.007768 55.997639
BONES 4
BONE 13 1.000000
BONE 41 0.000000
BONE 61 0.000000
BONE 6 0.000000

VERT 167
OFFSET -5.015959 -0.025493 56.026630
BONES 1
BONE 13 1.000000

VERT 168
OFFSET -4.403496 -1.200718 55.930325
BONES 1
BONE 13 1.000000

VERT 169
OFFSET -2.174629 -1.376403 54.942085
BONES 1
BONE 13 1.000000

VERT 170
OFFSET -2.844095 -1.535593 55.308495
BONES 1
BONE 13 1.000000

VERT 171
OFFSET 0.812436 -0.241086 52.134903
BONES 1
BONE 13 1.000000

VERT 172
OFFSET 1.331091 -0.048024 51.367935
BONES 4
BONE 13 1.000000
BONE 41 0.000000
BONE 61 0.000000
BONE 6 0.000000

VERT 173
OFFSET 1.363616 -0.035386 51.398033
BONES 1
BONE 13 1.000000

VERT 174
OFFSET 0.799792 -0.220626 52.093006
BONES 1
BONE 13 1.000000

VERT 175
OFFSET 1.330901 -0.022299 51.367764
BONES 4
BONE 13 1.000000
BONE 41 0.000000
BONE 61 0.000000
BONE 6 0.000000

VERT 176
OFFSET -2.226396 -1.325652 54.879063
BONES 1
BONE 13 1.000000

VERT 177
OFFSET -3.969515 -1.377903 55.809429
BONES 1
BONE 13 1.000000

VERT 178
OFFSET -4.928271 -0.000599 56.001316
BONES 4
BONE 13 1.000000
BONE 41 0.000000
BONE 61 0.000000
BONE 6 0.000000

VERT 179
OFFSET 1.530797 -0.017914 51.104046
BONES 1
BONE 13 1.000000

VERT 180
OFFSET 1.638091 -0.162013 50.928394
BONES 1
BONE 13 1.000000

VERT 181
OFFSET 1.679625 -0.017906 50.862434
BONES 1
BONE 13 1.000000

VERT 182
OFFSET 1.605209 0.138206 50.983246
BONES 1
BONE 13 1.000000

VERT 183
OFFSET 1.679333 0.109672 50.883022
BONES 1
BONE 13 1.000000

VERT 184
OFFSET 1.572328 -0.162012 51.038090
BONES 1
BONE 13 1.000000

VERT 185
OFFSET 1.518508 -0.011166 51.134045
BONES 1
BONE 13 1.000000

VERT 186
OFFSET 1.569090 0.140437 51.050831
BONES 1
BONE 13 1.000000

VERT 187
OFFSET 1.641333 0.140435 50.915649
BONES 1
BONE 13 1.000000

VERT 188
OFFSET 1.691917 -0.011172 50.832432
BONES 1
BONE 13 1.000000

VERT 189
OFFSET 1.605207 -0.164118 50.983246
BONES 1
BONE 13 1.000000

VERT 190
OFFSET 1.531087 0.109671 51.083462
BONES 1
BONE 13 1.000000

VERT 191
OFFSET 1.598930 -0.222180 50.678169
BONES 1
BONE 13 1.000000

VERT 192
OFFSET 2.249291 -0.151662 50.065342
BONES 1
BONE 13 1.000000

VERT 193
OFFSET 1.886127 0.216833 50.587234
BONES 1
BONE 13 1.000000

VERT 194
OFFSET 1.742777 0.001610 50.793037
BONES 1
BONE 13 1.000000

VERT 195
OFFSET 1.700875 -0.014488 50.743031
BONES 1
BONE 13 1.000000

VERT 196
OFFSET 1.580065 0.000001 51.028397
BONES 1
BONE 13 1.000000

VERT 197
OFFSET 1.334006 0.070884 51.395260
BONES 1
BONE 13 1.000000

VERT 198
OFFSET 1.338702 -0.070885 51.399990
BONES 1
BONE 13 1.000000

VERT 199
OFFSET -1.230918 -0.785356 33.666885
BONES 2
BONE 1 0.174957
BONE 7 0.825043

VERT 200
OFFSET -0.231664 -4.523453 34.512337
BONES 2
BONE 7 0.869486
BONE 1 0.130514

VERT 201
OFFSET -0.273431 -3.157653 38.945976
BONES 2
BONE 7 0.113154
BONE 1 0.886846

VERT 202
OFFSET -0.569027 -1.840253 35.786259
BONES 2
BONE 7 0.336403
BONE 1 0.663597

VERT 203
OFFSET -2.266194 -0.661050 34.461170
BONES 3
BONE 1 0.884527
BONE 7 0.115225
BONE 2 0.000249

VERT 204
OFFSET -5.889260 -1.814662 33.521458
BONES 2
BONE 1 0.353555
BONE 7 0.646445

VERT 205
OFFSET -7.757802 -1.945725 36.720871
BONES 2
BONE 7 0.073733
BONE 1 0.926267

VERT 206
OFFSET -5.739112 -3.841274 40.831501
BONES 2
BONE 7 0.015894
BONE 1 0.984106

VERT 207
OFFSET -5.351501 -5.660946 37.069614
BONES 2
BONE 7 0.298133
BONE 1 0.701867

VERT 208
OFFSET -3.212152 -6.373539 34.597584
BONES 2
BONE 1 0.200378
BONE 7 0.799622

VERT 209
OFFSET -5.781104 -5.612305 33.488220
BONES 2
BONE 1 0.263839
BONE 7 0.736161

VERT 210
OFFSET -2.284248 -5.053156 40.197350
BONES 2
BONE 1 0.928397
BONE 7 0.071603

VERT 211
OFFSET -6.635279 -1.044838 40.251747
BONES 2
BONE 7 0.000019
BONE 1 0.999981

VERT 212
OFFSET -1.284615 0.833330 33.670170
BONES 2
BONE 2 0.824740
BONE 1 0.175260

VERT 213
OFFSET -0.231737 4.520449 34.510315
BONES 2
BONE 2 0.869483
BONE 1 0.130517

VERT 214
OFFSET -0.379348 3.526263 39.125061
BONES 2
BONE 1 0.871734
BONE 2 0.128266

VERT 215
OFFSET -3.212215 6.371609 34.593075
BONES 2
BONE 1 0.200386
BONE 2 0.799614

VERT 216
OFFSET -0.584862 1.395215 35.319725
BONES 3
BONE 7 0.000544
BONE 1 0.756557
BONE 2 0.242899

VERT 217
OFFSET 0.210927 0.405862 38.442764
BONES 3
BONE 2 0.012439
BONE 1 0.972733
BONE 12 0.014828

VERT 218
OFFSET -2.111239 0.751732 34.533009
BONES 2
BONE 1 0.847074
BONE 2 0.152926

VERT 219
OFFSET -5.899129 1.846038 33.524929
BONES 2
BONE 1 0.360733
BONE 2 0.639267

VERT 220
OFFSET -4.684381 0.042235 34.779182
BONES 3
BONE 7 0.001522
BONE 1 0.986929
BONE 2 0.011549

VERT 221
OFFSET -6.836507 -0.004400 36.454742
BONES 3
BONE 2 0.004781
BONE 1 0.990909
BONE 7 0.004310

VERT 222
OFFSET -7.374121 1.778480 35.796856
BONES 2
BONE 1 0.896133
BONE 2 0.103867

VERT 223
OFFSET -7.551471 2.827151 38.096622
BONES 2
BONE 1 0.951933
BONE 2 0.048067

VERT 224
OFFSET -5.351295 5.661456 37.068035
BONES 2
BONE 2 0.298141
BONE 1 0.701859

VERT 225
OFFSET -5.188228 4.143908 40.744102
BONES 2
BONE 2 0.010857
BONE 1 0.989143

VERT 226
OFFSET -2.283493 5.053255 40.197102
BONES 2
BONE 1 0.928308
BONE 2 0.071692

VERT 227
OFFSET -5.781911 5.607049 33.484512
BONES 2
BONE 2 0.736064
BONE 1 0.263936

VERT 228
OFFSET -6.575339 0.674452 40.111439
BONES 2
BONE 1 0.999979
BONE 2 0.000021

VERT 229
OFFSET 0.373647 4.872602 -0.377709
BONES 2
BONE 4 0.295449
BONE 5 0.704551

VERT 230
OFFSET -4.017543 4.256140 -0.177934
BONES 2
BONE 3 0.000594
BONE 4 0.999406

VERT 231
OFFSET 2.217921 3.168491 -0.296578
BONES 1
BONE 5 1.000000

VERT 232
OFFSET 0.670704 1.525854 -0.426880
BONES 2
BONE 4 0.209008
BONE 5 0.790992

VERT 233
OFFSET -4.672204 2.653618 -0.210189
BONES 2
BONE 3 0.004091
BONE 4 0.995909

VERT 234
OFFSET -4.677785 4.272774 3.486616
BONES 2
BONE 4 0.239495
BONE 3 0.760505

VERT 235
OFFSET -5.491590 4.202071 0.936855
BONES 2
BONE 4 0.905358
BONE 3 0.094642

VERT 236
OFFSET 0.455758 4.574609 0.918481
BONES 3
BONE 3 0.002020
BONE 4 0.248217
BONE 5 0.749762

VERT 237
OFFSET -2.398105 3.579429 3.049686
BONES 3
BONE 5 0.020552
BONE 3 0.561905
BONE 4 0.417543

VERT 238
OFFSET 1.598709 2.358229 1.063765
BONES 3
BONE 3 0.000024
BONE 4 0.059227
BONE 5 0.940749

VERT 239
OFFSET -4.459791 2.185318 2.151670
BONES 3
BONE 5 0.000502
BONE 3 0.325479
BONE 4 0.674019

VERT 240
OFFSET -3.437695 4.466032 6.460517
BONES 2
BONE 4 0.001775
BONE 3 0.998225

VERT 241
OFFSET -4.008657 2.330651 6.459574
BONES 2
BONE 3 0.999573
BONE 4 0.000427

VERT 242
OFFSET -2.596412 2.779720 3.118611
BONES 3
BONE 5 0.010222
BONE 4 0.403785
BONE 3 0.585992

VERT 243
OFFSET -5.518842 3.577395 6.444610
BONES 2
BONE 4 0.000404
BONE 3 0.999596

VERT 244
OFFSET -2.719732 3.308124 6.267388
BONES 2
BONE 4 0.000091
BONE 3 0.999909

VERT 245
OFFSET -4.017653 -4.255836 -0.178081
BONES 2
BONE 8 0.000594
BONE 9 0.999406

VERT 246
OFFSET -4.672229 -2.653608 -0.210237
BONES 2
BONE 9 0.995909
BONE 8 0.004091

