// Export time: Tue Nov 17 11:37:33 2020

// Exported using Blender v2.90.1
// Export filename: 'E:/blackops3/mod_xmodel/iw4/ro635/ch_head_gk_ro635_lod1.XMODEL_EXPORT'
// Source filename: 'E:/blackops3/mod_xmodel/iw4/ro635/ro635.blend'
MODEL
VERSION 6

NUMBONES 36
BONE 0 -1 "tag_origin"
BONE 1 0 "j_mainroot"
BONE 2 1 "j_spinelower"
BONE 3 2 "j_spineupper"
BONE 4 3 "j_spine4"
BONE 5 4 "j_neck"
BONE 6 5 "j_head"
BONE 7 6 "j_brow_le"
BONE 8 6 "j_brow_ri"
BONE 9 6 "j_browouter_le"
BONE 10 6 "j_browouter_ri"
BONE 11 6 "j_cheek_le"
BONE 12 6 "j_cheek_ri"
BONE 13 6 "j_cheeklower_le"
BONE 14 6 "j_cheeklower_ri"
BONE 15 6 "j_eye_lid_bot_le"
BONE 16 6 "j_eye_lid_bot_ri"
BONE 17 6 "j_eye_lid_top_le"
BONE 18 6 "j_eye_lid_top_ri"
BONE 19 6 "j_eyeball_le"
BONE 20 6 "j_eyeball_ri"
BONE 21 6 "j_head_end"
BONE 22 21 "j_helmet"
BONE 23 6 "j_jaw"
BONE 24 23 "j_chin_skinroll"
BONE 25 23 "j_lip_bot_le"
BONE 26 23 "j_lip_bot_ri"
BONE 27 6 "j_levator_le"
BONE 28 6 "j_levator_ri"
BONE 29 6 "j_lip_top_le"
BONE 30 6 "j_lip_top_ri"
BONE 31 6 "j_mouth_le"
BONE 32 6 "j_mouth_ri"
BONE 33 6 "j_nvg"
BONE 34 6 "tag_eye"
BONE 35 6 "MouthCavity"

BONE 0
OFFSET 0.000000 0.000000 0.000000
SCALE 1.000000 1.000000 1.000000
X 1.000000 0.000000 0.000000
Y 0.000000 1.000000 0.000000
Z 0.000000 0.000000 1.000000

BONE 1
OFFSET -3.418017 -0.000170 39.120125
SCALE 1.000000 1.000000 1.000000
X -0.024721 -0.000056 0.999694
Y 0.999694 0.000059 0.024721
Z -0.000060 1.000000 0.000054

BONE 2
OFFSET -2.060000 0.000000 43.483532
SCALE 1.000000 1.000000 1.000000
X -0.029902 -0.000055 0.999553
Y 0.999553 0.000059 0.029902
Z -0.000060 1.000000 0.000054

BONE 3
OFFSET -2.462061 0.000210 47.198326
SCALE 1.000000 1.000000 1.000000
X 0.020428 -0.000062 0.999791
Y 0.999791 0.000062 -0.020428
Z -0.000060 1.000000 0.000064

BONE 4
OFFSET -2.699147 0.000018 50.333317
SCALE 1.000000 1.000000 1.000000
X 0.046994 -0.000057 0.998895
Y 0.998895 0.000063 -0.046994
Z -0.000060 1.000000 0.000060

BONE 5
OFFSET -2.694638 0.000000 54.914459
SCALE 1.000000 1.000000 1.000000
X 0.309755 -0.000038 0.950817
Y 0.950817 0.000075 -0.309755
Z -0.000060 1.000000 0.000060

BONE 6
OFFSET -2.694638 0.000000 57.375427
SCALE 1.000000 1.000000 1.000000
X 0.216380 -0.000040 0.976309
Y 0.976309 0.000072 -0.216380
Z -0.000061 1.000000 0.000055

BONE 7
OFFSET 0.920110 1.231952 60.722507
SCALE 1.000000 1.000000 1.000000
X 0.000652 0.999999 -0.000107
Y -0.998858 0.000645 -0.047767
Z -0.047767 0.000138 0.998858

BONE 8
OFFSET 0.929383 -1.254581 60.725006
SCALE 1.000000 1.000000 1.000000
X 0.000011 1.000000 0.000093
Y 0.998891 -0.000016 0.047079
Z 0.047078 0.000092 -0.998891

BONE 9
OFFSET 0.578019 2.106433 60.816586
SCALE 1.000000 1.000000 1.000000
X 0.000647 1.000000 -0.000132
Y -0.998863 0.000640 -0.047675
Z -0.047675 0.000163 0.998863

BONE 10
OFFSET 0.606142 -2.080880 60.812908
SCALE 1.000000 1.000000 1.000000
X 0.000022 1.000000 0.000085
Y 0.998895 -0.000026 0.046993
Z 0.046993 0.000084 -0.998895

BONE 11
OFFSET -0.316537 1.734323 59.511208
SCALE 1.000000 1.000000 1.000000
X 0.000650 0.999999 -0.000129
Y -0.998870 0.000643 -0.047516
Z -0.047516 0.000160 0.998870

BONE 12
OFFSET -0.335223 -1.664687 59.571590
SCALE 1.000000 1.000000 1.000000
X 0.000017 1.000000 0.000082
Y 0.998891 -0.000021 0.047088
Z 0.047088 0.000082 -0.998891

BONE 13
OFFSET -0.325914 1.558351 58.411510
SCALE 1.000000 1.000000 1.000000
X 0.170301 0.000000 0.985392
Y 0.985392 0.000017 -0.170301
Z -0.000016 1.000000 0.000003

BONE 14
OFFSET -0.284625 -1.555737 58.439484
SCALE 1.000000 1.000000 1.000000
X 0.170312 -0.000001 0.985390
Y 0.985390 0.000030 -0.170312
Z -0.000029 1.000000 0.000007

BONE 15
OFFSET -0.556401 1.055238 60.021606
SCALE 1.000000 1.000000 1.000000
X -0.065609 0.997117 0.038025
Y -0.996954 -0.063894 -0.044718
Z -0.042159 -0.040845 0.998275

BONE 16
OFFSET -0.556109 -1.006713 60.015446
SCALE 1.000000 1.000000 1.000000
X 0.066601 0.997041 -0.038395
Y 0.996923 -0.064900 0.043958
Z 0.041336 -0.041205 -0.998295

BONE 17
OFFSET -0.556002 1.054303 60.090084
SCALE 1.000000 1.000000 1.000000
X -0.065492 0.997128 0.037994
Y -0.996962 -0.063778 -0.044717
Z -0.042165 -0.040808 0.998277

BONE 18
OFFSET -0.555419 -1.007970 60.077713
SCALE 1.000000 1.000000 1.000000
X 0.066554 0.997044 -0.038390
Y 0.996937 -0.064864 0.043704
Z 0.041085 -0.041182 -0.998307

BONE 19
OFFSET -2.064709 0.950600 59.878845
SCALE 1.000000 1.000000 1.000000
X -0.205899 0.978522 -0.010109
Y -0.977367 -0.206146 -0.047511
Z -0.048575 0.000099 0.998820

BONE 20
OFFSET -2.063877 -0.948347 59.881710
SCALE 1.000000 1.000000 1.000000
X 0.207721 0.978139 0.009791
Y 0.977069 -0.207951 0.045735
Z 0.046771 0.000067 -0.998906

BONE 21
OFFSET -2.497015 0.000048 62.632057
SCALE 1.000000 1.000000 1.000000
X 0.170390 -0.000001 0.985377
Y 0.985377 -0.000000 -0.170390
Z 0.000000 1.000000 0.000001

BONE 22
OFFSET -3.405959 0.000050 63.772438
SCALE 1.000000 1.000000 1.000000
X 0.995890 -0.000065 0.090567
Y 0.000081 1.000000 -0.000171
Z -0.090567 0.000178 0.995890

BONE 23
OFFSET -2.233950 0.000487 57.701817
SCALE 1.000000 1.000000 1.000000
X 0.000647 1.000000 -0.000098
Y -0.998859 0.000642 -0.047763
Z -0.047763 0.000128 0.998859

BONE 24
OFFSET 0.540011 -0.001471 56.062759
SCALE 1.000000 1.000000 1.000000
X 0.000647 1.000000 -0.000097
Y -0.998867 0.000642 -0.047597
Z -0.047597 0.000128 0.998867

BONE 25
OFFSET 0.452131 0.188380 57.668262
SCALE 1.000000 1.000000 1.000000
X 0.000646 1.000000 -0.000084
Y -0.998859 0.000642 -0.047763
Z -0.047763 0.000115 0.998859

BONE 26
OFFSET 0.452130 -0.188378 57.668266
SCALE 1.000000 1.000000 1.000000
X 0.000637 1.000000 -0.000064
Y 0.998859 -0.000634 0.047762
Z 0.047762 -0.000094 -0.998859

BONE 27
OFFSET 0.450852 0.521605 59.196243
SCALE 1.000000 1.000000 1.000000
X 0.000645 1.000000 -0.000076
Y -0.998863 0.000641 -0.047677
Z -0.047677 0.000106 0.998863

BONE 28
OFFSET 0.473728 -0.501200 59.201466
SCALE 1.000000 1.000000 1.000000
X 0.000016 1.000000 0.000070
Y 0.998891 -0.000020 0.047086
Z 0.047086 0.000069 -0.998891

BONE 29
OFFSET 0.515655 0.188392 57.809727
SCALE 1.000000 1.000000 1.000000
X 0.000646 0.999999 -0.000087
Y -0.998862 0.000641 -0.047679
Z -0.047679 0.000118 0.998863

BONE 30
OFFSET 0.515655 -0.188392 57.809731
SCALE 1.000000 1.000000 1.000000
X 0.000011 1.000000 0.000085
Y 0.998891 -0.000015 0.047086
Z 0.047086 0.000084 -0.998891

BONE 31
OFFSET 0.369711 0.554023 57.745541
SCALE 1.000000 1.000000 1.000000
X 0.000649 1.000000 -0.000116
Y -0.998862 0.000643 -0.047680
Z -0.047680 0.000147 0.998863

BONE 32
OFFSET 0.369712 -0.554023 57.745541
SCALE 1.000000 1.000000 1.000000
X 0.000008 1.000000 0.000096
Y 0.998891 -0.000013 0.047086
Z 0.047086 0.000095 -0.998891

BONE 33
OFFSET 1.850152 0.000051 61.839539
SCALE 1.000000 1.000000 1.000000
X 0.985422 0.000002 -0.170129
Y -0.170129 0.000000 -0.985422
Z -0.000002 1.000000 0.000000

BONE 34
OFFSET 0.051807 0.000489 59.879112
SCALE 1.000000 1.000000 1.000000
X 0.922502 -0.000050 0.385992
Y 0.000056 1.000000 -0.000004
Z -0.385992 0.000025 0.922502

BONE 35
OFFSET -0.497581 0.000001 57.755375
SCALE 1.000000 1.000000 1.000000
X -0.000000 1.000000 0.000000
Y -0.000000 -0.000000 1.000000
Z 1.000000 0.000000 0.000000


NUMVERTS 4706
VERT 0
OFFSET -2.740594 3.016778 60.057541
BONES 3
BONE 6 1.000000
BONE 29 0.000000
BONE 26 0.000000

VERT 1
OFFSET -2.661825 3.015212 60.107304
BONES 3
BONE 6 1.000000
BONE 29 0.000000
BONE 26 0.000000

VERT 2
OFFSET -2.686554 2.891195 60.159706
BONES 3
BONE 6 1.000000
BONE 29 0.000000
BONE 26 0.000000

VERT 3
OFFSET -2.816523 3.029161 60.006756
BONES 3
BONE 6 1.000000
BONE 29 0.000000
BONE 26 0.000000

VERT 4
OFFSET -2.888577 3.015506 59.916946
BONES 3
BONE 6 1.000000
BONE 29 0.000000
BONE 26 0.000000

VERT 5
OFFSET -2.955341 3.017567 59.827465
BONES 3
BONE 6 1.000000
BONE 29 0.000000
BONE 26 0.000000

VERT 6
OFFSET -2.969175 2.967335 59.710613
BONES 3
BONE 6 1.000000
BONE 29 0.000000
BONE 26 0.000000

VERT 7
OFFSET -3.067370 2.705412 59.659855
BONES 3
BONE 6 1.000000
BONE 29 0.000000
BONE 26 0.000000

VERT 8
OFFSET -2.976630 2.937532 59.595482
BONES 3
BONE 6 1.000000
BONE 29 0.000000
BONE 26 0.000000

VERT 9
OFFSET -2.963125 3.151137 59.563065
BONES 3
BONE 6 1.000000
BONE 29 0.000000
BONE 26 0.000000

VERT 10
OFFSET -2.511363 2.984682 60.151054
BONES 3
BONE 6 1.000000
BONE 29 0.000000
BONE 26 0.000000

VERT 11
OFFSET -2.635811 3.134042 60.126762
BONES 3
BONE 6 1.000000
BONE 29 0.000000
BONE 26 0.000000

VERT 12
OFFSET -2.708717 3.152034 60.064110
BONES 3
BONE 6 1.000000
BONE 29 0.000000
BONE 26 0.000000

VERT 13
OFFSET -2.739968 3.350233 60.222610
BONES 3
BONE 6 1.000000
BONE 29 0.000000
BONE 26 0.000000

VERT 14
OFFSET -2.385198 3.030510 60.254585
BONES 3
BONE 6 1.000000
BONE 29 0.000000
BONE 26 0.000000

VERT 15
OFFSET -2.262358 2.965135 60.216953
BONES 3
BONE 6 1.000000
BONE 29 0.000000
BONE 26 0.000000

VERT 16
OFFSET -2.489820 3.074217 60.189381
BONES 3
BONE 6 1.000000
BONE 29 0.000000
BONE 26 0.000000

VERT 17
OFFSET -2.602362 3.290185 60.279160
BONES 3
BONE 6 1.000000
BONE 29 0.000000
BONE 26 0.000000

VERT 18
OFFSET -2.447248 3.194920 60.287556
BONES 3
BONE 6 1.000000
BONE 29 0.000000
BONE 26 0.000000

VERT 19
OFFSET -2.409045 3.291793 60.294685
BONES 3
BONE 6 1.000000
BONE 29 0.000000
BONE 26 0.000000

VERT 20
OFFSET -2.318076 3.222605 60.265606
BONES 3
BONE 6 1.000000
BONE 29 0.000000
BONE 26 0.000000

VERT 21
OFFSET -2.231776 3.119225 60.226791
BONES 3
BONE 6 1.000000
BONE 29 0.000000
BONE 26 0.000000

VERT 22
OFFSET -2.247252 3.195890 60.180470
BONES 3
BONE 6 1.000000
BONE 29 0.000000
BONE 26 0.000000

VERT 23
OFFSET -2.136667 2.904640 60.158447
BONES 3
BONE 6 1.000000
BONE 29 0.000000
BONE 26 0.000000

VERT 24
OFFSET -2.142752 3.023907 60.159256
BONES 3
BONE 6 1.000000
BONE 29 0.000000
BONE 26 0.000000

VERT 25
OFFSET -2.065532 2.909453 60.080650
BONES 3
BONE 6 1.000000
BONE 29 0.000000
BONE 26 0.000000

VERT 26
OFFSET -2.014671 2.812226 59.919533
BONES 3
BONE 6 1.000000
BONE 29 0.000000
BONE 26 0.000000

VERT 27
OFFSET -2.105392 3.012570 60.048534
BONES 3
BONE 6 1.000000
BONE 29 0.000000
BONE 26 0.000000

VERT 28
OFFSET -2.159730 2.953616 59.868065
BONES 3
BONE 6 1.000000
BONE 29 0.000000
BONE 26 0.000000

VERT 29
OFFSET -2.144047 2.887151 59.702732
BONES 3
BONE 6 1.000000
BONE 29 0.000000
BONE 26 0.000000

VERT 30
OFFSET -2.218300 3.095085 60.001163
BONES 3
BONE 6 1.000000
BONE 29 0.000000
BONE 26 0.000000

VERT 31
OFFSET -2.269106 3.068172 59.960972
BONES 3
BONE 6 1.000000
BONE 29 0.000000
BONE 26 0.000000

VERT 32
OFFSET -2.224680 2.934334 59.785320
BONES 3
BONE 6 1.000000
BONE 29 0.000000
BONE 26 0.000000

VERT 33
OFFSET -2.226806 2.992174 59.845093
BONES 3
BONE 6 1.000000
BONE 29 0.000000
BONE 26 0.000000

VERT 34
OFFSET -2.210462 2.885224 59.679573
BONES 3
BONE 6 1.000000
BONE 29 0.000000
BONE 26 0.000000

VERT 35
OFFSET -2.163290 2.832653 59.580517
BONES 3
BONE 6 1.000000
BONE 29 0.000000
BONE 26 0.000000

VERT 36
OFFSET -2.233694 2.807198 59.560284
BONES 3
BONE 6 1.000000
BONE 29 0.000000
BONE 26 0.000000

VERT 37
OFFSET -2.234066 2.851322 59.665279
BONES 3
BONE 6 1.000000
BONE 29 0.000000
BONE 26 0.000000

VERT 38
OFFSET -2.246989 2.767712 59.558643
BONES 3
BONE 6 1.000000
BONE 29 0.000000
BONE 26 0.000000

VERT 39
OFFSET -2.448318 2.871887 59.692917
BONES 3
BONE 6 1.000000
BONE 29 0.000000
BONE 26 0.000000

VERT 40
OFFSET -2.336935 2.907180 59.738743
BONES 3
BONE 6 1.000000
BONE 29 0.000000
BONE 26 0.000000

VERT 41
OFFSET -2.431202 2.974858 59.695499
BONES 3
BONE 6 1.000000
BONE 29 0.000000
BONE 26 0.000000

VERT 42
OFFSET -2.300838 2.842623 59.438011
BONES 3
BONE 6 1.000000
BONE 29 0.000000
BONE 26 0.000000

VERT 43
OFFSET -2.330772 2.776586 59.444885
BONES 3
BONE 6 1.000000
BONE 29 0.000000
BONE 26 0.000000

VERT 44
OFFSET -2.328545 2.713166 59.436378
BONES 3
BONE 6 1.000000
BONE 29 0.000000
BONE 26 0.000000

VERT 45
OFFSET -2.193606 2.759761 59.422001
BONES 3
BONE 6 1.000000
BONE 29 0.000000
BONE 26 0.000000

VERT 46
OFFSET -2.317136 2.755205 59.302784
BONES 3
BONE 6 1.000000
BONE 29 0.000000
BONE 26 0.000000

VERT 47
OFFSET -2.219389 2.672351 59.262077
BONES 3
BONE 6 1.000000
BONE 29 0.000000
BONE 26 0.000000

VERT 48
OFFSET -2.316326 2.712127 59.182583
BONES 3
BONE 6 1.000000
BONE 29 0.000000
BONE 26 0.000000

VERT 49
OFFSET -2.254480 2.587170 59.113426
BONES 3
BONE 6 1.000000
BONE 29 0.000000
BONE 26 0.000000

VERT 50
OFFSET -2.207007 2.372082 58.951962
BONES 3
BONE 6 1.000000
BONE 29 0.000000
BONE 26 0.000000

VERT 51
OFFSET -2.233088 2.526291 58.960201
BONES 3
BONE 6 1.000000
BONE 29 0.000000
BONE 26 0.000000

VERT 52
OFFSET -2.352538 2.742031 58.938190
BONES 3
BONE 6 1.000000
BONE 29 0.000000
BONE 26 0.000000

VERT 53
OFFSET -2.322963 2.726015 59.291634
BONES 3
BONE 6 1.000000
BONE 29 0.000000
BONE 26 0.000000

VERT 54
OFFSET -2.540848 2.790589 59.237709
BONES 3
BONE 6 1.000000
BONE 29 0.000000
BONE 26 0.000000

VERT 55
OFFSET -2.541109 2.785534 59.331139
BONES 3
BONE 6 1.000000
BONE 29 0.000000
BONE 26 0.000000

VERT 56
OFFSET -2.531365 2.849481 58.969078
BONES 3
BONE 6 1.000000
BONE 29 0.000000
BONE 26 0.000000

VERT 57
OFFSET -2.562587 2.882196 59.145756
BONES 3
BONE 6 1.000000
BONE 29 0.000000
BONE 26 0.000000

VERT 58
OFFSET -2.367234 2.760982 58.807575
BONES 3
BONE 6 1.000000
BONE 29 0.000000
BONE 26 0.000000

VERT 59
OFFSET -2.258637 2.448720 58.788395
BONES 3
BONE 6 1.000000
BONE 29 0.000000
BONE 26 0.000000

VERT 60
OFFSET -2.416152 2.761944 58.715878
BONES 3
BONE 6 1.000000
BONE 29 0.000000
BONE 26 0.000000

VERT 61
OFFSET -2.313751 2.612343 58.683422
BONES 3
BONE 6 1.000000
BONE 29 0.000000
BONE 26 0.000000

VERT 62
OFFSET -2.396552 2.689654 58.647293
BONES 3
BONE 6 1.000000
BONE 29 0.000000
BONE 26 0.000000

VERT 63
OFFSET -2.393317 2.573368 58.630634
BONES 3
BONE 6 1.000000
BONE 29 0.000000
BONE 26 0.000000

VERT 64
OFFSET -2.477172 2.743510 58.660980
BONES 3
BONE 6 1.000000
BONE 29 0.000000
BONE 26 0.000000

VERT 65
OFFSET -2.525020 2.697226 58.675106
BONES 3
BONE 6 1.000000
BONE 29 0.000000
BONE 26 0.000000

VERT 66
OFFSET -2.410623 2.472571 58.645020
BONES 3
BONE 6 1.000000
BONE 29 0.000000
BONE 26 0.000000

VERT 67
OFFSET -2.559228 2.545728 58.714104
BONES 3
BONE 6 1.000000
BONE 29 0.000000
BONE 26 0.000000

VERT 68
OFFSET -2.462800 2.258656 58.705170
BONES 3
BONE 6 1.000000
BONE 29 0.000000
BONE 26 0.000000

VERT 69
OFFSET -2.618363 2.904362 58.768253
BONES 3
BONE 6 1.000000
BONE 29 0.000000
BONE 26 0.000000

VERT 70
OFFSET -2.568806 2.881319 58.858578
BONES 3
BONE 6 1.000000
BONE 29 0.000000
BONE 26 0.000000

VERT 71
OFFSET -2.668507 2.815391 58.781624
BONES 3
BONE 6 1.000000
BONE 29 0.000000
BONE 26 0.000000

VERT 72
OFFSET -2.712477 2.665001 58.832409
BONES 3
BONE 6 1.000000
BONE 29 0.000000
BONE 26 0.000000

VERT 73
OFFSET -2.851089 3.008642 58.982719
BONES 3
BONE 6 1.000000
BONE 29 0.000000
BONE 26 0.000000

VERT 74
OFFSET -2.842683 2.781221 59.034069
BONES 3
BONE 6 1.000000
BONE 29 0.000000
BONE 26 0.000000

VERT 75
OFFSET -2.905953 2.907760 59.185413
BONES 3
BONE 6 1.000000
BONE 29 0.000000
BONE 26 0.000000

VERT 76
OFFSET -2.821508 3.113500 58.983566
BONES 3
BONE 6 1.000000
BONE 29 0.000000
BONE 26 0.000000

VERT 77
OFFSET -2.793205 3.107198 59.022755
BONES 3
BONE 6 1.000000
BONE 29 0.000000
BONE 26 0.000000

VERT 78
OFFSET -2.873620 3.229676 59.164982
BONES 3
BONE 6 1.000000
BONE 29 0.000000
BONE 26 0.000000

VERT 79
OFFSET -2.957733 3.148790 59.148643
BONES 3
BONE 6 1.000000
BONE 29 0.000000
BONE 26 0.000000

VERT 80
OFFSET -2.721925 3.048698 59.051907
BONES 3
BONE 6 1.000000
BONE 29 0.000000
BONE 26 0.000000

VERT 81
OFFSET -2.812179 3.147516 59.180950
BONES 3
BONE 6 1.000000
BONE 29 0.000000
BONE 26 0.000000

VERT 82
OFFSET -2.766102 3.137574 59.182755
BONES 3
BONE 6 1.000000
BONE 29 0.000000
BONE 26 0.000000

VERT 83
OFFSET -2.607169 3.003893 59.080330
BONES 3
BONE 6 1.000000
BONE 29 0.000000
BONE 26 0.000000

VERT 84
OFFSET -2.634063 3.081694 59.204376
BONES 3
BONE 6 1.000000
BONE 29 0.000000
BONE 26 0.000000

VERT 85
OFFSET -2.606266 2.953777 59.252037
BONES 3
BONE 6 1.000000
BONE 29 0.000000
BONE 26 0.000000

VERT 86
OFFSET -2.879017 3.225667 59.306431
BONES 3
BONE 6 1.000000
BONE 29 0.000000
BONE 26 0.000000

VERT 87
OFFSET -2.794896 3.205760 59.310059
BONES 3
BONE 6 1.000000
BONE 29 0.000000
BONE 26 0.000000

VERT 88
OFFSET -2.720024 3.127632 59.184570
BONES 3
BONE 6 1.000000
BONE 29 0.000000
BONE 26 0.000000

VERT 89
OFFSET -2.660956 3.135861 59.324348
BONES 3
BONE 6 1.000000
BONE 29 0.000000
BONE 26 0.000000

VERT 90
OFFSET -2.649945 3.025358 59.358322
BONES 3
BONE 6 1.000000
BONE 29 0.000000
BONE 26 0.000000

VERT 91
OFFSET -2.661669 3.167336 59.512623
BONES 3
BONE 6 1.000000
BONE 29 0.000000
BONE 26 0.000000

VERT 92
OFFSET -2.622014 3.061388 59.554501
BONES 3
BONE 6 1.000000
BONE 29 0.000000
BONE 26 0.000000

VERT 93
OFFSET -2.604411 3.159365 59.587780
BONES 3
BONE 6 1.000000
BONE 29 0.000000
BONE 26 0.000000

VERT 94
OFFSET -2.716039 3.215431 59.495296
BONES 3
BONE 6 1.000000
BONE 29 0.000000
BONE 26 0.000000

VERT 95
OFFSET -2.679725 3.224289 59.567661
BONES 3
BONE 6 1.000000
BONE 29 0.000000
BONE 26 0.000000

VERT 96
OFFSET -2.760806 3.263052 59.559246
BONES 3
BONE 6 1.000000
BONE 29 0.000000
BONE 26 0.000000

VERT 97
OFFSET -2.770857 3.245044 59.485428
BONES 3
BONE 6 1.000000
BONE 29 0.000000
BONE 26 0.000000

VERT 98
OFFSET -2.710775 3.176446 59.312061
BONES 3
BONE 6 1.000000
BONE 29 0.000000
BONE 26 0.000000

VERT 99
OFFSET -2.541370 2.780478 59.424564
BONES 3
BONE 6 1.000000
BONE 29 0.000000
BONE 26 0.000000

VERT 100
OFFSET -2.513454 2.807900 59.505066
BONES 3
BONE 6 1.000000
BONE 29 0.000000
BONE 26 0.000000

VERT 101
OFFSET -2.480886 2.839894 59.598984
BONES 3
BONE 6 1.000000
BONE 29 0.000000
BONE 26 0.000000

VERT 102
OFFSET -2.564770 3.035429 59.596802
BONES 3
BONE 6 1.000000
BONE 29 0.000000
BONE 26 0.000000

VERT 103
OFFSET -2.548639 3.144555 59.640743
BONES 3
BONE 6 1.000000
BONE 29 0.000000
BONE 26 0.000000

VERT 104
OFFSET -2.621421 3.222265 59.638523
BONES 3
BONE 6 1.000000
BONE 29 0.000000
BONE 26 0.000000

VERT 105
OFFSET -2.488409 3.123170 59.696091
BONES 3
BONE 6 1.000000
BONE 29 0.000000
BONE 26 0.000000

VERT 106
OFFSET -2.561502 3.210828 59.696255
BONES 3
BONE 6 1.000000
BONE 29 0.000000
BONE 26 0.000000

VERT 107
OFFSET -2.643434 3.269295 59.695610
BONES 3
BONE 6 1.000000
BONE 29 0.000000
BONE 26 0.000000

VERT 108
OFFSET -2.497986 3.005143 59.646145
BONES 3
BONE 6 1.000000
BONE 29 0.000000
BONE 26 0.000000

VERT 109
OFFSET -2.428179 3.096712 59.750557
BONES 3
BONE 6 1.000000
BONE 29 0.000000
BONE 26 0.000000

VERT 110
OFFSET -2.496933 3.190540 59.754700
BONES 3
BONE 6 1.000000
BONE 29 0.000000
BONE 26 0.000000

VERT 111
OFFSET -2.586528 3.258850 59.756901
BONES 3
BONE 6 1.000000
BONE 29 0.000000
BONE 26 0.000000

VERT 112
OFFSET -2.674681 3.285114 59.744278
BONES 3
BONE 6 1.000000
BONE 29 0.000000
BONE 26 0.000000

VERT 113
OFFSET -2.741645 3.288934 59.666916
BONES 3
BONE 6 1.000000
BONE 29 0.000000
BONE 26 0.000000

VERT 114
OFFSET -2.524077 3.236115 59.822746
BONES 3
BONE 6 1.000000
BONE 29 0.000000
BONE 26 0.000000

VERT 115
OFFSET -2.623187 3.272730 59.812527
BONES 3
BONE 6 1.000000
BONE 29 0.000000
BONE 26 0.000000

VERT 116
OFFSET -2.705928 3.291276 59.791283
BONES 3
BONE 6 1.000000
BONE 29 0.000000
BONE 26 0.000000

VERT 117
OFFSET -2.663589 3.280163 59.860790
BONES 3
BONE 6 1.000000
BONE 29 0.000000
BONE 26 0.000000

VERT 118
OFFSET -2.774774 3.303999 59.702072
BONES 3
BONE 6 1.000000
BONE 29 0.000000
BONE 26 0.000000

VERT 119
OFFSET -2.832788 3.308683 59.609928
BONES 3
BONE 6 1.000000
BONE 29 0.000000
BONE 26 0.000000

VERT 120
OFFSET -2.744749 3.325789 59.851597
BONES 3
BONE 6 1.000000
BONE 29 0.000000
BONE 26 0.000000

VERT 121
OFFSET -2.699539 3.310844 59.927021
BONES 3
BONE 6 1.000000
BONE 29 0.000000
BONE 26 0.000000

VERT 122
OFFSET -2.799658 3.331667 59.927990
BONES 3
BONE 6 1.000000
BONE 29 0.000000
BONE 26 0.000000

VERT 123
OFFSET -2.878196 3.340153 59.781052
BONES 3
BONE 6 1.000000
BONE 29 0.000000
BONE 26 0.000000

VERT 124
OFFSET -2.913352 3.346033 59.652485
BONES 3
BONE 6 1.000000
BONE 29 0.000000
BONE 26 0.000000

VERT 125
OFFSET -2.907580 3.372647 59.648289
BONES 3
BONE 6 1.000000
BONE 29 0.000000
BONE 26 0.000000

VERT 126
OFFSET -2.881330 3.382996 59.804832
BONES 3
BONE 6 1.000000
BONE 29 0.000000
BONE 26 0.000000

VERT 127
OFFSET -2.889817 3.393338 59.634716
BONES 3
BONE 6 1.000000
BONE 29 0.000000
BONE 26 0.000000

VERT 128
OFFSET -2.916845 3.351266 59.499435
BONES 3
BONE 6 1.000000
BONE 29 0.000000
BONE 26 0.000000

VERT 129
OFFSET -2.875188 3.290586 59.482952
BONES 3
BONE 6 1.000000
BONE 29 0.000000
BONE 26 0.000000

VERT 130
OFFSET -2.795728 3.289445 59.590179
BONES 3
BONE 6 1.000000
BONE 29 0.000000
BONE 26 0.000000

VERT 131
OFFSET -2.916383 3.395790 59.499336
BONES 3
BONE 6 1.000000
BONE 29 0.000000
BONE 26 0.000000

VERT 132
OFFSET -2.906414 3.310129 59.299976
BONES 3
BONE 6 1.000000
BONE 29 0.000000
BONE 26 0.000000

VERT 133
OFFSET -2.825356 3.266897 59.483006
BONES 3
BONE 6 1.000000
BONE 29 0.000000
BONE 26 0.000000

VERT 134
OFFSET -2.987275 3.310813 59.302853
BONES 3
BONE 6 1.000000
BONE 29 0.000000
BONE 26 0.000000

VERT 135
OFFSET -2.710249 3.272547 59.629807
BONES 3
BONE 6 1.000000
BONE 29 0.000000
BONE 26 0.000000

VERT 136
OFFSET -2.843889 3.435350 59.799332
BONES 3
BONE 6 1.000000
BONE 29 0.000000
BONE 26 0.000000

VERT 137
OFFSET -2.912133 3.443036 59.630096
BONES 3
BONE 6 1.000000
BONE 29 0.000000
BONE 26 0.000000

VERT 138
OFFSET -2.880008 3.492220 59.814377
BONES 3
BONE 6 1.000000
BONE 29 0.000000
BONE 26 0.000000

VERT 139
OFFSET -2.990208 3.456244 59.645649
BONES 3
BONE 6 1.000000
BONE 29 0.000000
BONE 26 0.000000

VERT 140
OFFSET -3.000085 3.416554 59.522594
BONES 3
BONE 6 1.000000
BONE 29 0.000000
BONE 26 0.000000

VERT 141
OFFSET -3.038745 3.331706 59.544449
BONES 3
BONE 6 1.000000
BONE 29 0.000000
BONE 26 0.000000

VERT 142
OFFSET -3.031316 3.362913 59.696018
BONES 3
BONE 6 1.000000
BONE 29 0.000000
BONE 26 0.000000

VERT 143
OFFSET -2.945448 3.500301 59.850128
BONES 3
BONE 6 1.000000
BONE 29 0.000000
BONE 26 0.000000

VERT 144
OFFSET -3.005080 3.386555 59.893383
BONES 3
BONE 6 1.000000
BONE 29 0.000000
BONE 26 0.000000

VERT 145
OFFSET -2.900714 3.185661 59.788799
BONES 3
BONE 6 1.000000
BONE 29 0.000000
BONE 26 0.000000

VERT 146
OFFSET -2.846335 3.171748 59.888546
BONES 3
BONE 6 1.000000
BONE 29 0.000000
BONE 26 0.000000

VERT 147
OFFSET -2.893123 3.506853 59.972267
BONES 3
BONE 6 1.000000
BONE 29 0.000000
BONE 26 0.000000

VERT 148
OFFSET -2.814966 3.496746 59.939266
BONES 3
BONE 6 1.000000
BONE 29 0.000000
BONE 26 0.000000

VERT 149
OFFSET -2.768287 3.435111 59.916748
BONES 3
BONE 6 1.000000
BONE 29 0.000000
BONE 26 0.000000

VERT 150
OFFSET -2.934454 3.170531 59.670506
BONES 3
BONE 6 1.000000
BONE 29 0.000000
BONE 26 0.000000

VERT 151
OFFSET -3.015235 3.245569 59.307102
BONES 3
BONE 6 1.000000
BONE 29 0.000000
BONE 26 0.000000

VERT 152
OFFSET -2.964274 3.032371 59.327229
BONES 3
BONE 6 1.000000
BONE 29 0.000000
BONE 26 0.000000

VERT 153
OFFSET -2.927222 3.239998 59.148006
BONES 3
BONE 6 1.000000
BONE 29 0.000000
BONE 26 0.000000

VERT 154
OFFSET -2.967552 2.811734 59.350689
BONES 3
BONE 6 1.000000
BONE 29 0.000000
BONE 26 0.000000

VERT 155
OFFSET -3.063612 2.562749 59.377678
BONES 3
BONE 6 1.000000
BONE 29 0.000000
BONE 26 0.000000

VERT 156
OFFSET -2.938653 2.712075 59.182461
BONES 3
BONE 6 1.000000
BONE 29 0.000000
BONE 26 0.000000

VERT 157
OFFSET -2.781423 3.170156 60.001694
BONES 3
BONE 6 1.000000
BONE 29 0.000000
BONE 26 0.000000

VERT 158
OFFSET -2.962013 3.387501 60.003136
BONES 3
BONE 6 1.000000
BONE 29 0.000000
BONE 26 0.000000

VERT 159
OFFSET -2.851641 3.380515 60.132442
BONES 3
BONE 6 1.000000
BONE 29 0.000000
BONE 26 0.000000

VERT 160
OFFSET -2.800224 3.486652 60.114014
BONES 3
BONE 6 1.000000
BONE 29 0.000000
BONE 26 0.000000

VERT 161
OFFSET -2.675782 3.436799 60.221210
BONES 3
BONE 6 1.000000
BONE 29 0.000000
BONE 26 0.000000

VERT 162
OFFSET -2.726941 3.479580 60.061523
BONES 3
BONE 6 1.000000
BONE 29 0.000000
BONE 26 0.000000

VERT 163
OFFSET -2.695328 3.426997 60.001530
BONES 3
BONE 6 1.000000
BONE 29 0.000000
BONE 26 0.000000

VERT 164
OFFSET -2.606349 3.407210 60.085686
BONES 3
BONE 6 1.000000
BONE 29 0.000000
BONE 26 0.000000

VERT 165
OFFSET -2.631998 3.447272 60.155075
BONES 3
BONE 6 1.000000
BONE 29 0.000000
BONE 26 0.000000

VERT 166
OFFSET -2.654512 3.335329 60.094521
BONES 3
BONE 6 1.000000
BONE 29 0.000000
BONE 26 0.000000

VERT 167
OFFSET -2.753150 3.359028 60.021656
BONES 3
BONE 6 1.000000
BONE 29 0.000000
BONE 26 0.000000

VERT 168
OFFSET -2.555595 3.294604 60.135685
BONES 3
BONE 6 1.000000
BONE 29 0.000000
BONE 26 0.000000

VERT 169
OFFSET -2.672933 3.306884 60.074089
BONES 3
BONE 6 1.000000
BONE 29 0.000000
BONE 26 0.000000

VERT 170
OFFSET -2.750963 3.320827 59.993229
BONES 3
BONE 6 1.000000
BONE 29 0.000000
BONE 26 0.000000

VERT 171
OFFSET -2.637761 3.286543 60.007614
BONES 3
BONE 6 1.000000
BONE 29 0.000000
BONE 26 0.000000

VERT 172
OFFSET -2.559320 3.264261 60.074654
BONES 3
BONE 6 1.000000
BONE 29 0.000000
BONE 26 0.000000

VERT 173
OFFSET -2.540807 3.232729 59.998543
BONES 3
BONE 6 1.000000
BONE 29 0.000000
BONE 26 0.000000

VERT 174
OFFSET -2.458198 3.197955 60.048599
BONES 3
BONE 6 1.000000
BONE 29 0.000000
BONE 26 0.000000

VERT 175
OFFSET -2.494972 3.214931 59.939571
BONES 3
BONE 6 1.000000
BONE 29 0.000000
BONE 26 0.000000

VERT 176
OFFSET -2.560403 3.246509 59.884830
BONES 3
BONE 6 1.000000
BONE 29 0.000000
BONE 26 0.000000

VERT 177
OFFSET -2.457098 3.190339 59.875290
BONES 3
BONE 6 1.000000
BONE 29 0.000000
BONE 26 0.000000

VERT 178
OFFSET -2.419388 3.171907 59.993793
BONES 3
BONE 6 1.000000
BONE 29 0.000000
BONE 26 0.000000

VERT 179
OFFSET -2.402589 3.181025 60.116764
BONES 3
BONE 6 1.000000
BONE 29 0.000000
BONE 26 0.000000

VERT 180
OFFSET -2.463373 3.215732 60.122639
BONES 3
BONE 6 1.000000
BONE 29 0.000000
BONE 26 0.000000

VERT 181
OFFSET -2.465591 3.223350 60.154362
BONES 3
BONE 6 1.000000
BONE 29 0.000000
BONE 26 0.000000

VERT 182
OFFSET -2.417762 3.304896 60.169613
BONES 3
BONE 6 1.000000
BONE 29 0.000000
BONE 26 0.000000

VERT 183
OFFSET -2.362756 3.256408 60.146751
BONES 3
BONE 6 1.000000
BONE 29 0.000000
BONE 26 0.000000

VERT 184
OFFSET -2.322823 3.218758 60.113594
BONES 3
BONE 6 1.000000
BONE 29 0.000000
BONE 26 0.000000

VERT 185
OFFSET -2.322388 3.112971 60.050945
BONES 3
BONE 6 1.000000
BONE 29 0.000000
BONE 26 0.000000

VERT 186
OFFSET -2.282889 3.175406 60.079456
BONES 3
BONE 6 1.000000
BONE 29 0.000000
BONE 26 0.000000

VERT 187
OFFSET -2.184103 3.131073 60.122326
BONES 3
BONE 6 1.000000
BONE 29 0.000000
BONE 26 0.000000

VERT 188
OFFSET -2.309740 3.260088 60.223972
BONES 3
BONE 6 1.000000
BONE 29 0.000000
BONE 26 0.000000

VERT 189
OFFSET -2.390918 3.318742 60.256824
BONES 3
BONE 6 1.000000
BONE 29 0.000000
BONE 26 0.000000

VERT 190
OFFSET -2.522221 3.391025 60.233044
BONES 3
BONE 6 1.000000
BONE 29 0.000000
BONE 26 0.000000

VERT 191
OFFSET -2.510876 3.364495 60.145962
BONES 3
BONE 6 1.000000
BONE 29 0.000000
BONE 26 0.000000

VERT 192
OFFSET -2.548549 3.370268 60.281891
BONES 3
BONE 6 1.000000
BONE 29 0.000000
BONE 26 0.000000

VERT 193
OFFSET -2.365313 3.134280 59.915592
BONES 3
BONE 6 1.000000
BONE 29 0.000000
BONE 26 0.000000

VERT 194
OFFSET -2.331111 3.084248 59.827740
BONES 3
BONE 6 1.000000
BONE 29 0.000000
BONE 26 0.000000

VERT 195
OFFSET -2.434808 3.151784 59.807537
BONES 3
BONE 6 1.000000
BONE 29 0.000000
BONE 26 0.000000

VERT 196
OFFSET -2.327796 3.047167 59.797600
BONES 3
BONE 6 1.000000
BONE 29 0.000000
BONE 26 0.000000

VERT 197
OFFSET -2.326866 3.019593 59.767563
BONES 3
BONE 6 1.000000
BONE 29 0.000000
BONE 26 0.000000

VERT 198
OFFSET -2.328377 2.958665 59.740032
BONES 3
BONE 6 1.000000
BONE 29 0.000000
BONE 26 0.000000

VERT 199
OFFSET -2.606543 3.261288 59.940681
BONES 3
BONE 6 1.000000
BONE 29 0.000000
BONE 26 0.000000

VERT 200
OFFSET -2.834494 3.373886 59.938557
BONES 3
BONE 6 1.000000
BONE 29 0.000000
BONE 26 0.000000

VERT 201
OFFSET -2.341457 2.333468 58.716438
BONES 3
BONE 6 1.000000
BONE 29 0.000000
BONE 26 0.000000

VERT 202
OFFSET -2.381990 2.311342 58.683174
BONES 3
BONE 6 1.000000
BONE 29 0.000000
BONE 26 0.000000

VERT 203
OFFSET -0.155627 0.107486 57.181973
BONES 4
BONE 6 0.200000
BONE 35 0.800000
BONE 29 0.000000
BONE 26 0.000000

VERT 204
OFFSET -0.153545 0.214972 57.220753
BONES 4
BONE 6 0.200000
BONE 35 0.800000
BONE 29 0.000000
BONE 26 0.000000

VERT 205
OFFSET 0.370087 0.192447 57.726730
BONES 8
BONE 25 0.257005
BONE 35 0.015952
BONE 6 0.669161
BONE 31 0.047883
BONE 29 0.000002
BONE 26 0.009973
BONE 30 0.000024
BONE 32 0.000000

VERT 206
OFFSET -0.147017 0.382325 57.317368
BONES 4
BONE 6 0.200000
BONE 35 0.800000
BONE 29 0.000000
BONE 26 0.000000

VERT 207
OFFSET -0.471465 0.263119 57.116623
BONES 4
BONE 6 0.100000
BONE 35 0.900000
BONE 29 0.000000
BONE 26 0.000000

VERT 208
OFFSET -0.476126 0.131560 57.058899
BONES 4
BONE 6 0.100000
BONE 35 0.900000
BONE 29 0.000000
BONE 26 0.000000

VERT 209
OFFSET -0.458798 0.450855 57.202393
BONES 4
BONE 6 0.100000
BONE 35 0.900000
BONE 29 0.000000
BONE 26 0.000000

VERT 210
OFFSET -0.437510 0.628002 57.373543
BONES 4
BONE 6 0.100000
BONE 35 0.900000
BONE 29 0.000000
BONE 26 0.000000

VERT 211
OFFSET -0.127916 0.556550 57.442642
BONES 4
BONE 6 0.200000
BONE 35 0.800000
BONE 29 0.000000
BONE 26 0.000000

VERT 212
OFFSET 0.355944 0.277457 57.720627
BONES 7
BONE 25 0.214951
BONE 35 0.033631
BONE 6 0.643350
BONE 31 0.099968
BONE 29 0.000000
BONE 26 0.008100
BONE 30 0.000000

VERT 213
OFFSET 0.001880 0.732648 57.720005
BONES 4
BONE 35 1.000000
BONE 6 0.000000
BONE 29 0.000000
BONE 26 0.000000

VERT 214
OFFSET 0.283058 0.552824 57.719482
BONES 7
BONE 35 0.219831
BONE 25 0.026351
BONE 6 0.536189
BONE 31 0.206717
BONE 29 0.010118
BONE 26 0.000794
BONE 30 0.000000

VERT 215
OFFSET 0.277108 0.563614 57.753269
BONES 7
BONE 35 0.230402
BONE 6 0.506919
BONE 31 0.216255
BONE 29 0.036002
BONE 26 0.000000
BONE 25 0.010422
BONE 30 0.000000

VERT 216
OFFSET -0.311459 0.776998 57.761955
BONES 4
BONE 35 1.000000
BONE 6 0.000000
BONE 29 0.000000
BONE 26 0.000000

VERT 217
OFFSET 0.065442 0.716640 57.870934
BONES 4
BONE 35 1.000000
BONE 6 0.000000
BONE 29 0.000000
BONE 26 0.000000

VERT 218
OFFSET 0.302932 0.521425 57.775677
BONES 7
BONE 35 0.147594
BONE 30 0.002250
BONE 6 0.470045
BONE 31 0.252955
BONE 29 0.127097
BONE 26 0.000000
BONE 25 0.000059

VERT 219
OFFSET -0.596616 0.741842 57.697643
BONES 4
BONE 35 1.000000
BONE 6 0.000000
BONE 29 0.000000
BONE 26 0.000000

VERT 220
OFFSET -0.401453 0.624268 58.071556
BONES 4
BONE 35 1.000000
BONE 6 0.000000
BONE 29 0.000000
BONE 26 0.000000

VERT 221
OFFSET -0.710115 0.564661 57.948097
BONES 4
BONE 35 1.000000
BONE 6 0.000000
BONE 29 0.000000
BONE 26 0.000000

VERT 222
OFFSET -0.403725 0.487257 58.285385
BONES 4
BONE 35 1.000000
BONE 6 0.000000
BONE 29 0.000000
BONE 26 0.000000

VERT 223
OFFSET 0.004627 0.474508 58.242912
BONES 4
BONE 35 1.000000
BONE 6 0.000000
BONE 29 0.000000
BONE 26 0.000000

VERT 224
OFFSET -0.093916 0.644664 58.106926
BONES 4
BONE 35 1.000000
BONE 6 0.000000
BONE 29 0.000000
BONE 26 0.000000

VERT 225
OFFSET 0.184747 0.614412 58.118427
BONES 4
BONE 35 1.000000
BONE 6 0.000000
BONE 29 0.000000
BONE 26 0.000000

VERT 226
OFFSET 0.237213 0.556880 58.165951
BONES 4
BONE 35 1.000000
BONE 6 0.000000
BONE 29 0.000000
BONE 26 0.000000

VERT 227
OFFSET 0.092514 0.308408 58.382706
BONES 4
BONE 35 1.000000
BONE 6 0.000000
BONE 29 0.000000
BONE 26 0.000000

VERT 228
OFFSET -0.411060 0.304571 58.407604
BONES 4
BONE 35 1.000000
BONE 6 0.000000
BONE 29 0.000000
BONE 26 0.000000

VERT 229
OFFSET -0.888403 0.462981 57.907204
BONES 4
BONE 35 1.000000
BONE 6 0.000000
BONE 29 0.000000
BONE 26 0.000000

VERT 230
OFFSET -0.946830 0.318675 57.909962
BONES 4
BONE 35 1.000000
BONE 6 0.000000
BONE 29 0.000000
BONE 26 0.000000

VERT 231
OFFSET -0.942157 0.159337 57.905033
BONES 4
BONE 35 1.000000
BONE 6 0.000000
BONE 29 0.000000
BONE 26 0.000000

VERT 232
OFFSET -0.415439 0.148363 58.442654
BONES 4
BONE 35 1.000000
BONE 6 0.000000
BONE 29 0.000000
BONE 26 0.000000

VERT 233
OFFSET 0.336154 0.407435 58.255173
BONES 4
BONE 35 1.000000
BONE 6 0.000000
BONE 29 0.000000
BONE 26 0.000000

VERT 234
OFFSET 0.405505 0.224345 58.272652
BONES 4
BONE 35 1.000000
BONE 6 0.000000
BONE 29 0.000000
BONE 26 0.000000

VERT 235
OFFSET 0.354311 0.350600 57.766346
BONES 7
BONE 35 0.023133
BONE 30 0.003643
BONE 6 0.572225
BONE 31 0.205847
BONE 29 0.195151
BONE 26 0.000000
BONE 25 0.000001

VERT 236
OFFSET 0.444059 0.112173 58.276684
BONES 4
BONE 35 1.000000
BONE 6 0.000000
BONE 29 0.000000
BONE 26 0.000000

VERT 237
OFFSET 0.127678 0.154095 58.431515
BONES 4
BONE 35 1.000000
BONE 6 0.000000
BONE 29 0.000000
BONE 26 0.000000

VERT 238
OFFSET -1.094828 0.179358 57.374222
BONES 4
BONE 35 1.000000
BONE 6 0.000000
BONE 29 0.000000
BONE 26 0.000000

VERT 239
OFFSET -0.937485 0.000000 57.900097
BONES 4
BONE 35 1.000000
BONE 6 0.000000
BONE 29 0.000000
BONE 26 0.000000

VERT 240
OFFSET -1.100022 0.000000 57.372219
BONES 4
BONE 35 1.000000
BONE 6 0.000000
BONE 29 0.000000
BONE 26 0.000000

VERT 241
OFFSET -0.425285 0.000000 58.454865
BONES 4
BONE 35 1.000000
BONE 6 0.000000
BONE 29 0.000000
BONE 26 0.000000

VERT 242
OFFSET 0.401406 0.000001 57.763222
BONES 7
BONE 30 0.200086
BONE 6 0.635779
BONE 25 0.033021
BONE 29 0.090312
BONE 26 0.040802
BONE 31 0.000000
BONE 32 0.000000

VERT 243
OFFSET -0.841753 0.154494 57.075504
BONES 4
BONE 6 0.145000
BONE 35 0.855000
BONE 29 0.000000
BONE 26 0.000000

VERT 244
OFFSET -0.849254 0.000000 57.064758
BONES 4
BONE 6 0.145000
BONE 35 0.855000
BONE 29 0.000000
BONE 26 0.000000

VERT 245
OFFSET -0.830490 0.308988 57.131371
BONES 4
BONE 6 0.145000
BONE 35 0.855000
BONE 29 0.000000
BONE 26 0.000000

VERT 246
OFFSET -1.085887 0.358715 57.388546
BONES 4
BONE 35 1.000000
BONE 6 0.000000
BONE 29 0.000000
BONE 26 0.000000

VERT 247
OFFSET -1.046544 0.510352 57.434185
BONES 4
BONE 35 1.000000
BONE 6 0.000000
BONE 29 0.000000
BONE 26 0.000000

VERT 248
OFFSET -0.804845 0.504537 57.217350
BONES 4
BONE 6 0.145000
BONE 35 0.855000
BONE 29 0.000000
BONE 26 0.000000

VERT 249
OFFSET -0.758515 0.659832 57.389515
BONES 4
BONE 6 0.145000
BONE 35 0.855000
BONE 29 0.000000
BONE 26 0.000000

VERT 250
OFFSET -0.927538 0.661990 57.548180
BONES 4
BONE 35 1.000000
BONE 6 0.000000
BONE 29 0.000000
BONE 26 0.000000

VERT 251
OFFSET -0.477817 0.000000 57.035286
BONES 4
BONE 6 0.100000
BONE 35 0.900000
BONE 29 0.000000
BONE 26 0.000000

VERT 252
OFFSET -0.155843 0.000001 57.169285
BONES 4
BONE 6 0.200000
BONE 35 0.800000
BONE 29 0.000000
BONE 26 0.000000

VERT 253
OFFSET -0.476126 -0.131559 57.058899
BONES 4
BONE 6 0.100000
BONE 35 0.900000
BONE 29 0.000000
BONE 26 0.000000

VERT 254
OFFSET -0.155627 -0.107485 57.181973
BONES 4
BONE 6 0.200000
BONE 35 0.800000
BONE 29 0.000000
BONE 26 0.000000

VERT 255
OFFSET -0.471465 -0.263118 57.116623
BONES 4
BONE 6 0.100000
BONE 35 0.900000
BONE 29 0.000000
BONE 26 0.000000

VERT 256
OFFSET -0.153545 -0.214971 57.220753
BONES 4
BONE 6 0.200000
BONE 35 0.800000
BONE 29 0.000000
BONE 26 0.000000

VERT 257
OFFSET -0.841753 -0.154493 57.075504
BONES 4
BONE 6 0.145000
BONE 35 0.855000
BONE 29 0.000000
BONE 26 0.000000

VERT 258
OFFSET -0.830490 -0.308987 57.131371
BONES 4
BONE 6 0.145000
BONE 35 0.855000
BONE 29 0.000000
BONE 26 0.000000

VERT 259
OFFSET -0.458798 -0.450854 57.202393
BONES 4
BONE 6 0.100000
BONE 35 0.900000
BONE 29 0.000000
BONE 26 0.000000

VERT 260
OFFSET -0.147017 -0.382324 57.317368
BONES 4
BONE 6 0.200000
BONE 35 0.800000
BONE 29 0.000000
BONE 26 0.000000

VERT 261
OFFSET -0.437509 -0.628001 57.373543
BONES 4
BONE 6 0.100000
BONE 35 0.900000
BONE 29 0.000000
BONE 26 0.000000

VERT 262
OFFSET 0.355944 -0.277455 57.720631
BONES 8
BONE 25 0.001896
BONE 35 0.034764
BONE 6 0.632495
BONE 32 0.100307
BONE 29 0.000000
BONE 26 0.230539
BONE 31 0.000000
BONE 30 0.000000

VERT 263
OFFSET -0.127916 -0.556549 57.442642
BONES 4
BONE 6 0.200000
BONE 35 0.800000
BONE 29 0.000000
BONE 26 0.000000

VERT 264
OFFSET 0.001880 -0.732648 57.720005
BONES 4
BONE 35 1.000000
BONE 6 0.000000
BONE 29 0.000000
BONE 26 0.000000

VERT 265
OFFSET 0.283057 -0.552822 57.719482
BONES 7
BONE 35 0.220174
BONE 25 0.001285
BONE 6 0.532949
BONE 32 0.223807
BONE 29 0.000000
BONE 26 0.010361
BONE 30 0.011425

VERT 266
OFFSET 0.277107 -0.563613 57.753265
BONES 7
BONE 35 0.231467
BONE 6 0.504602
BONE 32 0.228128
BONE 29 0.000000
BONE 26 0.001131
BONE 30 0.034672
BONE 25 0.000000

VERT 267
OFFSET 0.065442 -0.716639 57.870934
BONES 4
BONE 35 1.000000
BONE 6 0.000000
BONE 29 0.000000
BONE 26 0.000000

VERT 268
OFFSET -0.311459 -0.776997 57.761955
BONES 4
BONE 35 1.000000
BONE 6 0.000000
BONE 29 0.000000
BONE 26 0.000000

VERT 269
OFFSET -0.093916 -0.644663 58.106926
BONES 4
BONE 35 1.000000
BONE 6 0.000000
BONE 29 0.000000
BONE 26 0.000000

VERT 270
OFFSET -0.401453 -0.624267 58.071556
BONES 4
BONE 35 1.000000
BONE 6 0.000000
BONE 29 0.000000
BONE 26 0.000000

VERT 271
OFFSET 0.004627 -0.474507 58.242912
BONES 4
BONE 35 1.000000
BONE 6 0.000000
BONE 29 0.000000
BONE 26 0.000000

VERT 272
OFFSET -0.403725 -0.487256 58.285385
BONES 4
BONE 35 1.000000
BONE 6 0.000000
BONE 29 0.000000
BONE 26 0.000000

VERT 273
OFFSET -0.710114 -0.564660 57.948097
BONES 4
BONE 35 1.000000
BONE 6 0.000000
BONE 29 0.000000
BONE 26 0.000000

VERT 274
OFFSET -0.596616 -0.741841 57.697643
BONES 4
BONE 35 1.000000
BONE 6 0.000000
BONE 29 0.000000
BONE 26 0.000000

VERT 275
OFFSET 0.184747 -0.614411 58.118427
BONES 4
BONE 35 1.000000
BONE 6 0.000000
BONE 29 0.000000
BONE 26 0.000000

VERT 276
OFFSET 0.302932 -0.521424 57.775673
BONES 7
BONE 35 0.150248
BONE 30 0.116568
BONE 6 0.470652
BONE 32 0.258610
BONE 29 0.003922
BONE 26 0.000000
BONE 25 0.000000

VERT 277
OFFSET 0.237213 -0.556879 58.165951
BONES 4
BONE 35 1.000000
BONE 6 0.000000
BONE 29 0.000000
BONE 26 0.000000

VERT 278
OFFSET 0.092514 -0.308407 58.382706
BONES 4
BONE 35 1.000000
BONE 6 0.000000
BONE 29 0.000000
BONE 26 0.000000

VERT 279
OFFSET -0.411060 -0.304570 58.407604
BONES 4
BONE 35 1.000000
BONE 6 0.000000
BONE 29 0.000000
BONE 26 0.000000

VERT 280
OFFSET -0.888403 -0.462980 57.907204
BONES 4
BONE 35 1.000000
BONE 6 0.000000
BONE 29 0.000000
BONE 26 0.000000

VERT 281
OFFSET -0.946830 -0.318674 57.909962
BONES 4
BONE 35 1.000000
BONE 6 0.000000
BONE 29 0.000000
BONE 26 0.000000

VERT 282
OFFSET -0.942157 -0.159337 57.905033
BONES 4
BONE 35 1.000000
BONE 6 0.000000
BONE 29 0.000000
BONE 26 0.000000

VERT 283
OFFSET -0.415439 -0.148362 58.442654
BONES 4
BONE 35 1.000000
BONE 6 0.000000
BONE 29 0.000000
BONE 26 0.000000

VERT 284
OFFSET 0.336154 -0.407434 58.255173
BONES 4
BONE 35 1.000000
BONE 6 0.000000
BONE 29 0.000000
BONE 26 0.000000

VERT 285
OFFSET 0.405505 -0.224344 58.272652
BONES 4
BONE 35 1.000000
BONE 6 0.000000
BONE 29 0.000000
BONE 26 0.000000

VERT 286
OFFSET 0.373655 -0.280671 57.768757
BONES 7
BONE 35 0.017898
BONE 30 0.193187
BONE 6 0.617533
BONE 32 0.160629
BONE 29 0.010542
BONE 26 0.000000
BONE 25 0.000211

VERT 287
OFFSET 0.354311 -0.350599 57.766342
BONES 7
BONE 35 0.023024
BONE 30 0.190656
BONE 6 0.578698
BONE 32 0.203058
BONE 29 0.004564
BONE 26 0.000000
BONE 25 0.000000

VERT 288
OFFSET -1.094828 -0.179357 57.374222
BONES 4
BONE 35 1.000000
BONE 6 0.000000
BONE 29 0.000000
BONE 26 0.000000

VERT 289
OFFSET 0.444059 -0.112172 58.276684
BONES 4
BONE 35 1.000000
BONE 6 0.000000
BONE 29 0.000000
BONE 26 0.000000

VERT 290
OFFSET 0.403092 -0.097683 57.767456
BONES 7
BONE 32 0.029932
BONE 30 0.215943
BONE 6 0.690270
BONE 25 0.005418
BONE 29 0.026758
BONE 26 0.031679
BONE 31 0.000000

VERT 291
OFFSET 0.127678 -0.154094 58.431515
BONES 4
BONE 35 1.000000
BONE 6 0.000000
BONE 29 0.000000
BONE 26 0.000000

VERT 292
OFFSET 0.455072 0.000001 58.280720
BONES 4
BONE 35 1.000000
BONE 6 0.000000
BONE 29 0.000000
BONE 26 0.000000

VERT 293
OFFSET 0.138216 0.000001 58.447384
BONES 4
BONE 35 1.000000
BONE 6 0.000000
BONE 29 0.000000
BONE 26 0.000000

VERT 294
OFFSET -1.085887 -0.358714 57.388546
