// Export time: Fri Nov 20 11:40:10 2020

// Exported using Blender v2.90.1
// Export filename: 'E:/blackops3/mod_xmodel/iw4/ro635/ch_head_gk_ro635_dmg_lod2.XMODEL_EXPORT'
// Source filename: 'E:/blackops3/mod_xmodel/iw4/ro635/ro635.blend'
MODEL
VERSION 6

NUMBONES 36
BONE 0 -1 "tag_origin"
BONE 1 0 "j_mainroot"
BONE 2 1 "j_spinelower"
BONE 3 2 "j_spineupper"
BONE 4 3 "j_spine4"
BONE 5 4 "j_neck"
BONE 6 5 "j_head"
BONE 7 6 "j_brow_le"
BONE 8 6 "j_brow_ri"
BONE 9 6 "j_browouter_le"
BONE 10 6 "j_browouter_ri"
BONE 11 6 "j_cheek_le"
BONE 12 6 "j_cheek_ri"
BONE 13 6 "j_cheeklower_le"
BONE 14 6 "j_cheeklower_ri"
BONE 15 6 "j_eye_lid_bot_le"
BONE 16 6 "j_eye_lid_bot_ri"
BONE 17 6 "j_eye_lid_top_le"
BONE 18 6 "j_eye_lid_top_ri"
BONE 19 6 "j_eyeball_le"
BONE 20 6 "j_eyeball_ri"
BONE 21 6 "j_head_end"
BONE 22 21 "j_helmet"
BONE 23 6 "j_jaw"
BONE 24 23 "j_chin_skinroll"
BONE 25 23 "j_lip_bot_le"
BONE 26 23 "j_lip_bot_ri"
BONE 27 6 "j_levator_le"
BONE 28 6 "j_levator_ri"
BONE 29 6 "j_lip_top_le"
BONE 30 6 "j_lip_top_ri"
BONE 31 6 "j_mouth_le"
BONE 32 6 "j_mouth_ri"
BONE 33 6 "j_nvg"
BONE 34 6 "tag_eye"
BONE 35 6 "MouthCavity"

BONE 0
OFFSET 0.000000 0.000000 0.000000
SCALE 1.000000 1.000000 1.000000
X 1.000000 0.000000 0.000000
Y 0.000000 1.000000 0.000000
Z 0.000000 0.000000 1.000000

BONE 1
OFFSET -3.418017 -0.000170 39.120125
SCALE 1.000000 1.000000 1.000000
X -0.024721 -0.000056 0.999694
Y 0.999694 0.000059 0.024721
Z -0.000060 1.000000 0.000054

BONE 2
OFFSET -2.060000 0.000000 43.483532
SCALE 1.000000 1.000000 1.000000
X -0.029902 -0.000055 0.999553
Y 0.999553 0.000059 0.029902
Z -0.000060 1.000000 0.000054

BONE 3
OFFSET -2.462061 0.000210 47.198326
SCALE 1.000000 1.000000 1.000000
X 0.020428 -0.000062 0.999791
Y 0.999791 0.000062 -0.020428
Z -0.000060 1.000000 0.000064

BONE 4
OFFSET -2.699147 0.000018 50.333317
SCALE 1.000000 1.000000 1.000000
X 0.046994 -0.000057 0.998895
Y 0.998895 0.000063 -0.046994
Z -0.000060 1.000000 0.000060

BONE 5
OFFSET -2.694638 0.000000 54.914459
SCALE 1.000000 1.000000 1.000000
X 0.309755 -0.000038 0.950817
Y 0.950817 0.000075 -0.309755
Z -0.000060 1.000000 0.000060

BONE 6
OFFSET -2.694638 0.000000 57.375427
SCALE 1.000000 1.000000 1.000000
X 0.216380 -0.000040 0.976309
Y 0.976309 0.000072 -0.216380
Z -0.000061 1.000000 0.000055

BONE 7
OFFSET 0.920110 1.231952 60.722507
SCALE 1.000000 1.000000 1.000000
X 0.000652 0.999999 -0.000107
Y -0.998858 0.000645 -0.047767
Z -0.047767 0.000138 0.998858

BONE 8
OFFSET 0.929383 -1.254581 60.725006
SCALE 1.000000 1.000000 1.000000
X 0.000011 1.000000 0.000093
Y 0.998891 -0.000016 0.047079
Z 0.047078 0.000092 -0.998891

BONE 9
OFFSET 0.578019 2.106433 60.816586
SCALE 1.000000 1.000000 1.000000
X 0.000647 1.000000 -0.000132
Y -0.998863 0.000640 -0.047675
Z -0.047675 0.000163 0.998863

BONE 10
OFFSET 0.606142 -2.080880 60.812908
SCALE 1.000000 1.000000 1.000000
X 0.000022 1.000000 0.000085
Y 0.998895 -0.000026 0.046993
Z 0.046993 0.000084 -0.998895

BONE 11
OFFSET -0.316537 1.734323 59.511208
SCALE 1.000000 1.000000 1.000000
X 0.000650 0.999999 -0.000129
Y -0.998870 0.000643 -0.047516
Z -0.047516 0.000160 0.998870

BONE 12
OFFSET -0.335223 -1.664687 59.571590
SCALE 1.000000 1.000000 1.000000
X 0.000017 1.000000 0.000082
Y 0.998891 -0.000021 0.047088
Z 0.047088 0.000082 -0.998891

BONE 13
OFFSET -0.325914 1.558351 58.411510
SCALE 1.000000 1.000000 1.000000
X 0.170301 0.000000 0.985392
Y 0.985392 0.000017 -0.170301
Z -0.000016 1.000000 0.000003

BONE 14
OFFSET -0.284625 -1.555737 58.439484
SCALE 1.000000 1.000000 1.000000
X 0.170312 -0.000001 0.985390
Y 0.985390 0.000030 -0.170312
Z -0.000029 1.000000 0.000007

BONE 15
OFFSET -0.556401 1.055238 60.021606
SCALE 1.000000 1.000000 1.000000
X -0.065609 0.997117 0.038025
Y -0.996954 -0.063894 -0.044718
Z -0.042159 -0.040845 0.998275

BONE 16
OFFSET -0.556109 -1.006713 60.015446
SCALE 1.000000 1.000000 1.000000
X 0.066601 0.997041 -0.038395
Y 0.996923 -0.064900 0.043958
Z 0.041336 -0.041205 -0.998295

BONE 17
OFFSET -0.556002 1.054303 60.090084
SCALE 1.000000 1.000000 1.000000
X -0.065492 0.997128 0.037994
Y -0.996962 -0.063778 -0.044717
Z -0.042165 -0.040808 0.998277

BONE 18
OFFSET -0.555419 -1.007970 60.077713
SCALE 1.000000 1.000000 1.000000
X 0.066554 0.997044 -0.038390
Y 0.996937 -0.064864 0.043704
Z 0.041085 -0.041182 -0.998307

BONE 19
OFFSET -2.064709 0.950600 59.878845
SCALE 1.000000 1.000000 1.000000
X -0.205899 0.978522 -0.010109
Y -0.977367 -0.206146 -0.047511
Z -0.048575 0.000099 0.998820

BONE 20
OFFSET -2.063877 -0.948347 59.881710
SCALE 1.000000 1.000000 1.000000
X 0.207721 0.978139 0.009791
Y 0.977069 -0.207951 0.045735
Z 0.046771 0.000067 -0.998906

BONE 21
OFFSET -2.497015 0.000048 62.632057
SCALE 1.000000 1.000000 1.000000
X 0.170390 -0.000001 0.985377
Y 0.985377 -0.000000 -0.170390
Z 0.000000 1.000000 0.000001

BONE 22
OFFSET -3.405959 0.000050 63.772438
SCALE 1.000000 1.000000 1.000000
X 0.995890 -0.000065 0.090567
Y 0.000081 1.000000 -0.000171
Z -0.090567 0.000178 0.995890

BONE 23
OFFSET -2.233950 0.000487 57.701817
SCALE 1.000000 1.000000 1.000000
X 0.000647 1.000000 -0.000098
Y -0.998859 0.000642 -0.047763
Z -0.047763 0.000128 0.998859

BONE 24
OFFSET 0.540011 -0.001471 56.062759
SCALE 1.000000 1.000000 1.000000
X 0.000647 1.000000 -0.000097
Y -0.998867 0.000642 -0.047597
Z -0.047597 0.000128 0.998867

BONE 25
OFFSET 0.452131 0.188380 57.668262
SCALE 1.000000 1.000000 1.000000
X 0.000646 1.000000 -0.000084
Y -0.998859 0.000642 -0.047763
Z -0.047763 0.000115 0.998859

BONE 26
OFFSET 0.452130 -0.188378 57.668266
SCALE 1.000000 1.000000 1.000000
X 0.000637 1.000000 -0.000064
Y 0.998859 -0.000634 0.047762
Z 0.047762 -0.000094 -0.998859

BONE 27
OFFSET 0.450852 0.521605 59.196243
SCALE 1.000000 1.000000 1.000000
X 0.000645 1.000000 -0.000076
Y -0.998863 0.000641 -0.047677
Z -0.047677 0.000106 0.998863

BONE 28
OFFSET 0.473728 -0.501200 59.201466
SCALE 1.000000 1.000000 1.000000
X 0.000016 1.000000 0.000070
Y 0.998891 -0.000020 0.047086
Z 0.047086 0.000069 -0.998891

BONE 29
OFFSET 0.515655 0.188392 57.809727
SCALE 1.000000 1.000000 1.000000
X 0.000646 0.999999 -0.000087
Y -0.998862 0.000641 -0.047679
Z -0.047679 0.000118 0.998863

BONE 30
OFFSET 0.515655 -0.188392 57.809731
SCALE 1.000000 1.000000 1.000000
X 0.000011 1.000000 0.000085
Y 0.998891 -0.000015 0.047086
Z 0.047086 0.000084 -0.998891

BONE 31
OFFSET 0.369711 0.554023 57.745541
SCALE 1.000000 1.000000 1.000000
X 0.000649 1.000000 -0.000116
Y -0.998862 0.000643 -0.047680
Z -0.047680 0.000147 0.998863

BONE 32
OFFSET 0.369712 -0.554023 57.745541
SCALE 1.000000 1.000000 1.000000
X 0.000008 1.000000 0.000096
Y 0.998891 -0.000013 0.047086
Z 0.047086 0.000095 -0.998891

BONE 33
OFFSET 1.850152 0.000051 61.839539
SCALE 1.000000 1.000000 1.000000
X 0.985422 0.000002 -0.170129
Y -0.170129 0.000000 -0.985422
Z -0.000002 1.000000 0.000000

BONE 34
OFFSET 0.051807 0.000489 59.879112
SCALE 1.000000 1.000000 1.000000
X 0.922502 -0.000050 0.385992
Y 0.000056 1.000000 -0.000004
Z -0.385992 0.000025 0.922502

BONE 35
OFFSET -0.497581 0.000001 57.755375
SCALE 1.000000 1.000000 1.000000
X -0.000000 1.000000 0.000000
Y -0.000000 -0.000000 1.000000
Z 1.000000 0.000000 0.000000


NUMVERTS 2067
VERT 0
OFFSET -2.671275 3.014569 60.103588
BONES 1
BONE 6 1.000000

VERT 1
OFFSET -2.686554 2.891195 60.159706
BONES 3
BONE 6 1.000000
BONE 29 0.000000
BONE 26 0.000000

VERT 2
OFFSET -2.773456 3.159611 60.004520
BONES 1
BONE 6 1.000000

VERT 3
OFFSET -2.900450 3.187033 59.796524
BONES 1
BONE 6 1.000000

VERT 4
OFFSET -2.976548 2.953891 59.671810
BONES 1
BONE 6 1.000000

VERT 5
OFFSET -3.067370 2.705412 59.659855
BONES 3
BONE 6 1.000000
BONE 29 0.000000
BONE 26 0.000000

VERT 6
OFFSET -2.961302 3.161730 59.572212
BONES 1
BONE 6 1.000000

VERT 7
OFFSET -2.539503 3.028355 60.137894
BONES 1
BONE 6 1.000000

VERT 8
OFFSET -2.635811 3.134042 60.126762
BONES 3
BONE 6 1.000000
BONE 29 0.000000
BONE 26 0.000000

VERT 9
OFFSET -2.801969 3.373492 60.182957
BONES 1
BONE 6 1.000000

VERT 10
OFFSET -2.407267 3.129082 60.275162
BONES 1
BONE 6 1.000000

VERT 11
OFFSET -2.180511 2.938221 60.185661
BONES 1
BONE 6 1.000000

VERT 12
OFFSET -2.602362 3.290185 60.279160
BONES 3
BONE 6 1.000000
BONE 29 0.000000
BONE 26 0.000000

VERT 13
OFFSET -2.409045 3.291793 60.294685
BONES 3
BONE 6 1.000000
BONE 29 0.000000
BONE 26 0.000000

VERT 14
OFFSET -2.279797 3.182358 60.252026
BONES 1
BONE 6 1.000000

VERT 15
OFFSET -2.345327 3.291960 60.247448
BONES 1
BONE 6 1.000000

VERT 16
OFFSET -2.091635 2.941729 60.116856
BONES 1
BONE 6 1.000000

VERT 17
OFFSET -2.014671 2.812226 59.919533
BONES 3
BONE 6 1.000000
BONE 29 0.000000
BONE 26 0.000000

VERT 18
OFFSET -2.152509 3.093208 60.094837
BONES 1
BONE 6 1.000000

VERT 19
OFFSET -2.164831 2.953789 59.865894
BONES 1
BONE 6 1.000000

VERT 20
OFFSET -2.134942 2.841646 59.609043
BONES 1
BONE 6 1.000000

VERT 21
OFFSET -2.218300 3.095085 60.001163
BONES 3
BONE 6 1.000000
BONE 29 0.000000
BONE 26 0.000000

VERT 22
OFFSET -2.279570 3.088071 60.011963
BONES 1
BONE 6 1.000000

VERT 23
OFFSET -2.221246 2.936104 59.786385
BONES 1
BONE 6 1.000000

VERT 24
OFFSET -2.244324 2.784735 59.567413
BONES 1
BONE 6 1.000000

VERT 25
OFFSET -2.445357 2.868749 59.686020
BONES 1
BONE 6 1.000000

VERT 26
OFFSET -2.463140 2.982912 59.678200
BONES 1
BONE 6 1.000000

VERT 27
OFFSET -2.300838 2.842623 59.438011
BONES 3
BONE 6 1.000000
BONE 29 0.000000
BONE 26 0.000000

VERT 28
OFFSET -2.339467 2.721848 59.442963
BONES 1
BONE 6 1.000000

VERT 29
OFFSET -2.223889 2.682881 59.271988
BONES 1
BONE 6 1.000000

VERT 30
OFFSET -2.319260 2.727345 59.255775
BONES 3
BONE 6 1.000000
BONE 29 0.000000
BONE 26 0.000000

VERT 31
OFFSET -2.306623 2.705858 59.188622
BONES 1
BONE 6 1.000000

VERT 32
OFFSET -2.206655 2.372694 58.952995
BONES 1
BONE 6 1.000000

VERT 33
OFFSET -2.233088 2.526291 58.960201
BONES 3
BONE 6 1.000000
BONE 29 0.000000
BONE 26 0.000000

VERT 34
OFFSET -2.370200 2.761474 58.803162
BONES 3
BONE 6 1.000000
BONE 29 0.000000
BONE 26 0.000000

VERT 35
OFFSET -2.540848 2.790589 59.237709
BONES 3
BONE 6 1.000000
BONE 29 0.000000
BONE 26 0.000000

VERT 36
OFFSET -2.541415 2.780812 59.434113
BONES 1
BONE 6 1.000000

VERT 37
OFFSET -2.531365 2.849481 58.969078
BONES 3
BONE 6 1.000000
BONE 29 0.000000
BONE 26 0.000000

VERT 38
OFFSET -2.570020 2.887397 59.151516
BONES 1
BONE 6 1.000000

VERT 39
OFFSET -2.258637 2.448720 58.788395
BONES 3
BONE 6 1.000000
BONE 29 0.000000
BONE 26 0.000000

VERT 40
OFFSET -2.416152 2.761944 58.715878
BONES 3
BONE 6 1.000000
BONE 29 0.000000
BONE 26 0.000000

VERT 41
OFFSET -2.313751 2.612343 58.683422
BONES 3
BONE 6 1.000000
BONE 29 0.000000
BONE 26 0.000000

VERT 42
OFFSET -2.430866 2.709039 58.641685
BONES 1
BONE 6 1.000000

VERT 43
OFFSET -2.397867 2.555496 58.629528
BONES 1
BONE 6 1.000000

VERT 44
OFFSET -2.527102 2.699582 58.677479
BONES 3
BONE 6 1.000000
BONE 29 0.000000
BONE 26 0.000000

VERT 45
OFFSET -2.462800 2.258656 58.705170
BONES 3
BONE 6 1.000000
BONE 29 0.000000
BONE 26 0.000000

VERT 46
OFFSET -2.614268 2.903124 58.768124
BONES 1
BONE 6 1.000000

VERT 47
OFFSET -2.668507 2.815391 58.781624
BONES 3
BONE 6 1.000000
BONE 29 0.000000
BONE 26 0.000000

VERT 48
OFFSET -2.707861 2.558706 58.835968
BONES 1
BONE 6 1.000000

VERT 49
OFFSET -2.851089 3.008642 58.982719
BONES 3
BONE 6 1.000000
BONE 29 0.000000
BONE 26 0.000000

VERT 50
OFFSET -2.877338 2.815819 59.094643
BONES 1
BONE 6 1.000000

VERT 51
OFFSET -2.905953 2.907760 59.185413
BONES 3
BONE 6 1.000000
BONE 29 0.000000
BONE 26 0.000000

VERT 52
OFFSET -2.811602 3.109519 58.975834
BONES 1
BONE 6 1.000000

VERT 53
OFFSET -2.897375 3.270884 59.221882
BONES 1
BONE 6 1.000000

VERT 54
OFFSET -2.957733 3.148790 59.148643
BONES 3
BONE 6 1.000000
BONE 29 0.000000
BONE 26 0.000000

VERT 55
OFFSET -2.721925 3.048698 59.051907
BONES 3
BONE 6 1.000000
BONE 29 0.000000
BONE 26 0.000000

VERT 56
OFFSET -2.875422 3.222876 59.297890
BONES 1
BONE 6 1.000000

VERT 57
OFFSET -2.716702 3.159518 59.252796
BONES 1
BONE 6 1.000000

VERT 58
OFFSET -2.607169 3.003893 59.080330
BONES 3
BONE 6 1.000000
BONE 29 0.000000
BONE 26 0.000000

VERT 59
OFFSET -2.651322 3.113394 59.258476
BONES 1
BONE 6 1.000000

VERT 60
OFFSET -2.649945 3.025358 59.358322
BONES 3
BONE 6 1.000000
BONE 29 0.000000
BONE 26 0.000000

VERT 61
OFFSET -2.657312 3.171058 59.533539
BONES 1
BONE 6 1.000000

VERT 62
OFFSET -2.617220 3.062373 59.556454
BONES 1
BONE 6 1.000000

VERT 63
OFFSET -2.726177 3.228494 59.510639
BONES 1
BONE 6 1.000000

VERT 64
OFFSET -2.527733 3.209656 59.736183
BONES 1
BONE 6 1.000000

VERT 65
OFFSET -2.426896 3.097188 59.750137
BONES 3
BONE 6 1.000000
BONE 29 0.000000
BONE 26 0.000000

VERT 66
OFFSET -2.614271 3.269646 59.734261
BONES 1
BONE 6 1.000000

VERT 67
OFFSET -2.519772 3.231484 59.840725
BONES 1
BONE 6 1.000000

VERT 68
OFFSET -2.680599 3.285798 59.832752
BONES 1
BONE 6 1.000000

VERT 69
OFFSET -2.741289 3.324806 59.857517
BONES 1
BONE 6 1.000000

VERT 70
OFFSET -2.787533 3.329549 59.948975
BONES 1
BONE 6 1.000000

VERT 71
OFFSET -2.878196 3.340153 59.781052
BONES 3
BONE 6 1.000000
BONE 29 0.000000
BONE 26 0.000000

VERT 72
OFFSET -2.915630 3.351212 59.641727
BONES 1
BONE 6 1.000000

VERT 73
OFFSET -2.881330 3.382996 59.804832
BONES 3
BONE 6 1.000000
BONE 29 0.000000
BONE 26 0.000000

VERT 74
OFFSET -2.915740 3.362900 59.520298
BONES 1
BONE 6 1.000000

VERT 75
OFFSET -2.871370 3.309407 59.556721
BONES 1
BONE 6 1.000000

VERT 76
OFFSET -2.917297 3.418254 59.555004
BONES 1
BONE 6 1.000000

VERT 77
OFFSET -2.967606 3.282567 59.227512
BONES 1
BONE 6 1.000000

VERT 78
OFFSET -2.843889 3.435350 59.799332
BONES 3
BONE 6 1.000000
BONE 29 0.000000
BONE 26 0.000000

VERT 79
OFFSET -2.859118 3.501160 59.874863
BONES 1
BONE 6 1.000000

VERT 80
OFFSET -2.999132 3.437865 59.577396
BONES 1
BONE 6 1.000000

VERT 81
OFFSET -3.041079 3.347783 59.598141
BONES 1
BONE 6 1.000000

VERT 82
OFFSET -2.926414 3.508168 59.917122
BONES 1
BONE 6 1.000000

VERT 83
OFFSET -2.984903 3.389077 59.962334
BONES 1
BONE 6 1.000000

VERT 84
OFFSET -2.721998 3.431895 59.974236
BONES 1
BONE 6 1.000000

VERT 85
OFFSET -3.015235 3.245569 59.307102
BONES 3
BONE 6 1.000000
BONE 29 0.000000
BONE 26 0.000000

VERT 86
OFFSET -2.964274 3.032371 59.327229
BONES 3
BONE 6 1.000000
BONE 29 0.000000
BONE 26 0.000000

VERT 87
OFFSET -2.967552 2.811734 59.350689
BONES 3
BONE 6 1.000000
BONE 29 0.000000
BONE 26 0.000000

VERT 88
OFFSET -3.063612 2.562749 59.377678
BONES 3
BONE 6 1.000000
BONE 29 0.000000
BONE 26 0.000000

VERT 89
OFFSET -2.800224 3.486652 60.114014
BONES 3
BONE 6 1.000000
BONE 29 0.000000
BONE 26 0.000000

VERT 90
OFFSET -2.613908 3.411040 60.257912
BONES 1
BONE 6 1.000000

VERT 91
OFFSET -2.674803 3.464331 60.115002
BONES 1
BONE 6 1.000000

VERT 92
OFFSET -2.606349 3.407210 60.085686
BONES 3
BONE 6 1.000000
BONE 29 0.000000
BONE 26 0.000000

VERT 93
OFFSET -2.671278 3.316152 60.086121
BONES 1
BONE 6 1.000000

VERT 94
OFFSET -2.815909 3.372566 59.962517
BONES 1
BONE 6 1.000000

VERT 95
OFFSET -2.555595 3.294604 60.135685
BONES 3
BONE 6 1.000000
BONE 29 0.000000
BONE 26 0.000000

VERT 96
OFFSET -2.581540 3.268709 60.054550
BONES 1
BONE 6 1.000000

VERT 97
OFFSET -2.468195 3.202916 60.040375
BONES 1
BONE 6 1.000000

VERT 98
OFFSET -2.456616 3.218217 60.152466
BONES 1
BONE 6 1.000000

VERT 99
OFFSET -2.447487 3.325896 60.170437
BONES 1
BONE 6 1.000000

VERT 100
OFFSET -2.342058 3.239386 60.133736
BONES 1
BONE 6 1.000000

VERT 101
OFFSET -2.522221 3.391025 60.233044
BONES 3
BONE 6 1.000000
BONE 29 0.000000
BONE 26 0.000000

VERT 102
OFFSET -2.410231 3.137331 59.809452
BONES 1
BONE 6 1.000000

VERT 103
OFFSET -2.376139 2.274992 58.694542
BONES 3
BONE 6 1.000000
BONE 29 0.000000
BONE 26 0.000000

VERT 104
OFFSET -0.154209 0.155624 57.195805
BONES 2
BONE 35 0.800000
BONE 6 0.200000

VERT 105
OFFSET -0.147017 0.382325 57.317368
BONES 4
BONE 6 0.200000
BONE 35 0.800000
BONE 29 0.000000
BONE 26 0.000000

VERT 106
OFFSET -0.476450 0.129626 57.059628
BONES 4
BONE 6 0.100000
BONE 35 0.900000
BONE 29 0.000000
BONE 26 0.000000

VERT 107
OFFSET -0.458798 0.450855 57.202393
BONES 4
BONE 6 0.100000
BONE 35 0.900000
BONE 29 0.000000
BONE 26 0.000000

VERT 108
OFFSET -0.437510 0.628002 57.373543
BONES 4
BONE 6 0.100000
BONE 35 0.900000
BONE 29 0.000000
BONE 26 0.000000

VERT 109
OFFSET -0.127916 0.556550 57.442642
BONES 4
BONE 6 0.200000
BONE 35 0.800000
BONE 29 0.000000
BONE 26 0.000000

VERT 110
OFFSET 0.001880 0.732648 57.720005
BONES 4
BONE 35 1.000000
BONE 6 0.000000
BONE 29 0.000000
BONE 26 0.000000

VERT 111
OFFSET 0.287408 0.558802 57.758331
BONES 5
BONE 25 0.007052
BONE 29 0.045623
BONE 31 0.223465
BONE 6 0.501762
BONE 35 0.222098

VERT 112
OFFSET -0.311459 0.776998 57.761955
BONES 4
BONE 35 1.000000
BONE 6 0.000000
BONE 29 0.000000
BONE 26 0.000000

VERT 113
OFFSET 0.065442 0.716640 57.870934
BONES 4
BONE 35 1.000000
BONE 6 0.000000
BONE 29 0.000000
BONE 26 0.000000

VERT 114
OFFSET -0.596616 0.741842 57.697643
BONES 4
BONE 35 1.000000
BONE 6 0.000000
BONE 29 0.000000
BONE 26 0.000000

VERT 115
OFFSET -0.401453 0.624268 58.071556
BONES 4
BONE 35 1.000000
BONE 6 0.000000
BONE 29 0.000000
BONE 26 0.000000

VERT 116
OFFSET -0.710115 0.564661 57.948097
BONES 4
BONE 35 1.000000
BONE 6 0.000000
BONE 29 0.000000
BONE 26 0.000000

VERT 117
OFFSET -0.403725 0.487257 58.285385
BONES 4
BONE 35 1.000000
BONE 6 0.000000
BONE 29 0.000000
BONE 26 0.000000

VERT 118
OFFSET 0.004627 0.474508 58.242912
BONES 4
BONE 35 1.000000
BONE 6 0.000000
BONE 29 0.000000
BONE 26 0.000000

VERT 119
OFFSET -0.093916 0.644664 58.106926
BONES 4
BONE 35 1.000000
BONE 6 0.000000
BONE 29 0.000000
BONE 26 0.000000

VERT 120
OFFSET 0.224646 0.582366 58.147602
BONES 1
BONE 35 1.000000

VERT 121
OFFSET 0.092514 0.308408 58.382706
BONES 4
BONE 35 1.000000
BONE 6 0.000000
BONE 29 0.000000
BONE 26 0.000000

VERT 122
OFFSET -0.411060 0.304571 58.407604
BONES 4
BONE 35 1.000000
BONE 6 0.000000
BONE 29 0.000000
BONE 26 0.000000

VERT 123
OFFSET -0.888403 0.462981 57.907204
BONES 4
BONE 35 1.000000
BONE 6 0.000000
BONE 29 0.000000
BONE 26 0.000000

VERT 124
OFFSET -0.948711 0.304302 57.900490
BONES 1
BONE 35 1.000000

VERT 125
OFFSET -0.417115 0.082836 58.454479
BONES 1
BONE 35 1.000000

VERT 126
OFFSET 0.347305 0.388380 58.254856
BONES 1
BONE 35 1.000000

VERT 127
OFFSET 0.454405 0.057710 58.280067
BONES 1
BONE 35 1.000000

VERT 128
OFFSET 0.136818 0.069022 58.448097
BONES 1
BONE 35 1.000000

VERT 129
OFFSET -1.098880 0.126802 57.369713
BONES 1
BONE 35 1.000000

VERT 130
OFFSET -0.835964 0.196794 57.086285
BONES 2
BONE 35 0.855000
BONE 6 0.145000

VERT 131
OFFSET -0.849254 0.000000 57.064758
BONES 4
BONE 6 0.145000
BONE 35 0.855000
BONE 29 0.000000
BONE 26 0.000000

VERT 132
OFFSET -1.085887 0.358715 57.388546
BONES 4
BONE 35 1.000000
BONE 6 0.000000
BONE 29 0.000000
BONE 26 0.000000

VERT 133
OFFSET -1.046544 0.510352 57.434185
BONES 4
BONE 35 1.000000
BONE 6 0.000000
BONE 29 0.000000
BONE 26 0.000000

VERT 134
OFFSET -0.804845 0.504537 57.217350
BONES 4
BONE 6 0.145000
BONE 35 0.855000
BONE 29 0.000000
BONE 26 0.000000

VERT 135
OFFSET -0.758515 0.659832 57.389515
BONES 4
BONE 6 0.145000
BONE 35 0.855000
BONE 29 0.000000
BONE 26 0.000000

VERT 136
OFFSET -0.927538 0.661990 57.548180
BONES 4
BONE 35 1.000000
BONE 6 0.000000
BONE 29 0.000000
BONE 26 0.000000

VERT 137
OFFSET -0.477817 0.000000 57.035286
BONES 4
BONE 6 0.100000
BONE 35 0.900000
BONE 29 0.000000
BONE 26 0.000000

VERT 138
OFFSET -0.161612 -0.053140 57.165684
BONES 2
BONE 35 0.800000
BONE 6 0.200000

VERT 139
OFFSET -0.476450 -0.129625 57.059628
BONES 4
BONE 6 0.100000
BONE 35 0.900000
BONE 29 0.000000
BONE 26 0.000000

VERT 140
OFFSET -0.153545 -0.214971 57.220753
BONES 4
BONE 6 0.200000
BONE 35 0.800000
BONE 29 0.000000
BONE 26 0.000000

VERT 141
OFFSET -0.835967 -0.196799 57.086288
BONES 2
BONE 35 0.855000
BONE 6 0.145000

VERT 142
OFFSET -0.458798 -0.450854 57.202393
BONES 4
BONE 6 0.100000
BONE 35 0.900000
BONE 29 0.000000
BONE 26 0.000000

VERT 143
OFFSET -0.147017 -0.382324 57.317368
BONES 4
BONE 6 0.200000
BONE 35 0.800000
BONE 29 0.000000
BONE 26 0.000000

VERT 144
OFFSET -0.437509 -0.628001 57.373543
BONES 4
BONE 6 0.100000
BONE 35 0.900000
BONE 29 0.000000
BONE 26 0.000000

VERT 145
OFFSET -0.127916 -0.556549 57.442642
BONES 4
BONE 6 0.200000
BONE 35 0.800000
BONE 29 0.000000
BONE 26 0.000000

VERT 146
OFFSET 0.001880 -0.732648 57.720005
BONES 4
BONE 35 1.000000
BONE 6 0.000000
BONE 29 0.000000
BONE 26 0.000000

VERT 147
OFFSET 0.065442 -0.716639 57.870934
BONES 4
BONE 35 1.000000
BONE 6 0.000000
BONE 29 0.000000
BONE 26 0.000000

VERT 148
OFFSET -0.311459 -0.776997 57.761955
BONES 4
BONE 35 1.000000
BONE 6 0.000000
BONE 29 0.000000
BONE 26 0.000000

VERT 149
OFFSET -0.093916 -0.644663 58.106926
BONES 4
BONE 35 1.000000
BONE 6 0.000000
BONE 29 0.000000
BONE 26 0.000000

VERT 150
OFFSET -0.401453 -0.624267 58.071556
BONES 4
BONE 35 1.000000
BONE 6 0.000000
BONE 29 0.000000
BONE 26 0.000000

VERT 151
OFFSET 0.004627 -0.474507 58.242912
BONES 4
BONE 35 1.000000
BONE 6 0.000000
BONE 29 0.000000
BONE 26 0.000000

VERT 152
OFFSET -0.403725 -0.487256 58.285385
BONES 4
BONE 35 1.000000
BONE 6 0.000000
BONE 29 0.000000
BONE 26 0.000000

VERT 153
OFFSET -0.710114 -0.564660 57.948097
BONES 4
BONE 35 1.000000
BONE 6 0.000000
BONE 29 0.000000
BONE 26 0.000000

VERT 154
OFFSET -0.596616 -0.741841 57.697643
BONES 4
BONE 35 1.000000
BONE 6 0.000000
BONE 29 0.000000
BONE 26 0.000000

VERT 155
OFFSET 0.224646 -0.582365 58.147602
BONES 1
BONE 35 1.000000

VERT 156
OFFSET 0.307331 -0.506828 57.776497
BONES 7
BONE 25 0.000000
BONE 35 0.138564
BONE 30 0.124656
BONE 6 0.476863
BONE 32 0.255951
BONE 29 0.003966
BONE 26 0.000000

VERT 157
OFFSET 0.092514 -0.308407 58.382706
BONES 4
BONE 35 1.000000
BONE 6 0.000000
BONE 29 0.000000
BONE 26 0.000000

VERT 158
OFFSET -0.411060 -0.304570 58.407604
BONES 4
BONE 35 1.000000
BONE 6 0.000000
BONE 29 0.000000
BONE 26 0.000000

VERT 159
OFFSET -0.888403 -0.462980 57.907204
BONES 4
BONE 35 1.000000
BONE 6 0.000000
BONE 29 0.000000
BONE 26 0.000000

VERT 160
OFFSET -0.946830 -0.318674 57.909962
BONES 4
BONE 35 1.000000
BONE 6 0.000000
BONE 29 0.000000
BONE 26 0.000000

VERT 161
OFFSET -0.939352 -0.092857 57.903599
BONES 1
BONE 35 1.000000

VERT 162
OFFSET -0.415439 -0.148362 58.442654
BONES 4
BONE 35 1.000000
BONE 6 0.000000
BONE 29 0.000000
BONE 26 0.000000

VERT 163
OFFSET 0.336154 -0.407434 58.255173
BONES 4
BONE 35 1.000000
BONE 6 0.000000
BONE 29 0.000000
BONE 26 0.000000

VERT 164
OFFSET 0.434318 -0.147252 58.279072
BONES 1
BONE 35 1.000000

VERT 165
OFFSET 0.399172 -0.188789 57.767689
BONES 7
BONE 35 0.010793
BONE 30 0.196887
BONE 6 0.679426
BONE 32 0.080468
BONE 29 0.019429
BONE 25 0.005162
BONE 26 0.007835

VERT 166
OFFSET -1.089803 -0.321702 57.386921
BONES 1
BONE 35 1.000000

VERT 167
OFFSET 0.127678 -0.154094 58.431515
BONES 4
BONE 35 1.000000
BONE 6 0.000000
BONE 29 0.000000
BONE 26 0.000000

VERT 168
OFFSET -0.804845 -0.504536 57.217350
BONES 4
BONE 6 0.145000
BONE 35 0.855000
BONE 29 0.000000
BONE 26 0.000000

VERT 169
OFFSET -1.046544 -0.510352 57.434185
BONES 4
BONE 35 1.000000
BONE 6 0.000000
BONE 29 0.000000
BONE 26 0.000000

VERT 170
OFFSET -0.758514 -0.659832 57.389515
BONES 4
BONE 6 0.145000
BONE 35 0.855000
BONE 29 0.000000
BONE 26 0.000000

VERT 171
OFFSET -0.927538 -0.661989 57.548180
BONES 4
BONE 35 1.000000
BONE 6 0.000000
BONE 29 0.000000
BONE 26 0.000000

VERT 172
OFFSET -2.098903 1.031730 57.168537
BONES 1
BONE 6 1.000000

VERT 173
OFFSET -2.316455 1.149344 57.295364
BONES 1
BONE 6 1.000000

VERT 174
OFFSET -2.241853 1.197505 57.463108
BONES 1
BONE 6 1.000000

VERT 175
OFFSET -1.917138 1.016531 57.218307
BONES 1
BONE 6 1.000000

VERT 176
OFFSET -2.596663 1.315482 57.652699
BONES 1
BONE 6 1.000000

VERT 177
OFFSET -2.398632 1.423661 57.850323
BONES 1
BONE 6 1.000000

VERT 178
OFFSET -2.218749 1.582270 57.885181
BONES 1
BONE 6 1.000000

VERT 179
OFFSET -2.499395 1.513634 58.042381
BONES 1
BONE 6 1.000000

VERT 180
OFFSET -2.757302 1.367644 57.814251
BONES 1
BONE 6 1.000000

VERT 181
OFFSET -2.834840 1.397957 58.006817
BONES 3
BONE 6 1.000000
BONE 29 0.000000
BONE 26 0.000000

VERT 182
OFFSET -2.766125 1.496784 58.203758
BONES 1
BONE 6 1.000000

VERT 183
OFFSET -2.582551 1.564898 58.204021
BONES 1
BONE 6 1.000000

VERT 184
OFFSET -2.637970 1.807815 58.658279
BONES 1
BONE 6 1.000000

VERT 185
OFFSET -2.276684 1.877656 58.335861
BONES 1
BONE 6 1.000000

VERT 186
OFFSET -2.492429 1.997515 58.721294
BONES 3
BONE 6 1.000000
BONE 29 0.000000
BONE 26 0.000000

VERT 187
OFFSET -2.326883 2.076995 58.677769
BONES 1
BONE 6 1.000000

VERT 188
OFFSET -2.623048 2.160217 58.778984
BONES 3
BONE 6 1.000000
BONE 29 0.000000
BONE 26 0.000000

VERT 189
OFFSET -2.758985 1.917869 58.802624
BONES 3
BONE 6 1.000000
BONE 29 0.000000
BONE 26 0.000000

VERT 190
OFFSET -2.370392 2.121212 58.752678
BONES 3
BONE 6 1.000000
BONE 29 0.000000
BONE 26 0.000000

VERT 191
OFFSET -2.280836 2.235922 58.848583
BONES 1
BONE 6 1.000000

VERT 192
OFFSET -1.832801 1.714159 57.794090
BONES 1
BONE 6 1.000000

VERT 193
OFFSET -2.146472 2.217921 58.764885
BONES 1
BONE 6 1.000000

VERT 194
OFFSET -1.630737 1.819055 57.839661
BONES 3
BONE 6 1.000000
BONE 29 0.000000
BONE 26 0.000000

VERT 195
OFFSET -1.380417 1.953043 57.966888
BONES 1
BONE 6 1.000000

VERT 196
OFFSET -1.577580 1.701850 57.694687
BONES 1
BONE 6 1.000000

VERT 197
OFFSET -1.313244 1.611353 57.505531
BONES 1
BONE 6 1.000000

VERT 198
OFFSET -1.729705 1.374132 57.427288
BONES 1
BONE 6 1.000000

VERT 199
OFFSET -2.018752 1.479838 57.636063
BONES 1
BONE 6 1.000000

VERT 200
OFFSET -1.773271 1.085843 57.265965
BONES 3
BONE 6 1.000000
BONE 29 0.000000
BONE 26 0.000000

VERT 201
OFFSET -1.380408 1.348918 57.313923
BONES 1
BONE 6 1.000000

VERT 202
OFFSET -1.052798 1.536973 57.393559
BONES 1
BONE 6 1.000000

VERT 203
OFFSET -1.036023 1.083589 57.071304
BONES 1
BONE 6 1.000000

VERT 204
OFFSET -1.313183 1.131392 57.155144
BONES 1
BONE 6 1.000000

VERT 205
OFFSET -0.826129 1.413130 57.296654
BONES 1
BONE 6 1.000000

VERT 206
OFFSET -1.719848 0.912258 57.139072
BONES 3
BONE 6 1.000000
BONE 29 0.000000
BONE 26 0.000000

VERT 207
OFFSET -1.440978 0.823673 57.018005
BONES 1
BONE 6 1.000000

VERT 208
OFFSET -1.583232 0.759099 56.970879
BONES 3
BONE 6 1.000000
BONE 29 0.000000
BONE 26 0.000000

VERT 209
OFFSET -1.360737 0.664054 56.913742
BONES 1
BONE 6 1.000000

VERT 210
OFFSET -1.609135 0.629913 56.891087
BONES 1
BONE 6 1.000000

VERT 211
OFFSET -0.751521 1.686971 57.557365
BONES 1
BONE 6 1.000000

VERT 212
OFFSET -0.598640 1.111856 57.102661
BONES 1
BONE 6 1.000000

VERT 213
OFFSET -0.922466 1.813700 57.693218
BONES 1
BONE 6 1.000000

VERT 214
OFFSET -0.260706 1.227363 57.315262
BONES 1
BONE 6 1.000000

VERT 215
OFFSET -0.219799 1.008704 57.201317
BONES 1
BONE 6 1.000000

VERT 216
OFFSET -0.490207 0.879153 56.986694
BONES 1
BONE 6 1.000000

VERT 217
OFFSET -0.336514 0.696425 56.938457
BONES 1
BONE 6 1.000000

VERT 218
OFFSET -0.619321 0.682272 56.859211
BONES 1
BONE 6 1.000000

VERT 219
OFFSET -0.303753 0.390505 56.745945
BONES 1
BONE 6 1.000000

VERT 220
OFFSET -0.111100 0.608766 57.054913
BONES 1
BONE 6 1.000000

VERT 221
OFFSET -0.196656 0.371604 56.789837
BONES 1
BONE 6 1.000000

VERT 222
OFFSET -0.006442 0.364048 56.991863
BONES 1
BONE 6 1.000000

VERT 223
OFFSET -0.004388 0.258753 56.926346
BONES 2
BONE 31 0.001529
BONE 6 0.998471

VERT 224
OFFSET -0.175361 0.140355 56.693863
BONES 1
BONE 6 1.000000

VERT 225
OFFSET -0.346918 0.270993 56.664803
BONES 1
BONE 6 1.000000

VERT 226
OFFSET -0.017324 0.127279 56.876709
BONES 2
BONE 31 0.000373
BONE 6 0.999627

VERT 227
OFFSET 0.038309 0.033478 57.000576
BONES 2
BONE 25 0.000001
BONE 6 0.999999

VERT 228
OFFSET 0.065748 0.590898 57.248604
BONES 2
BONE 6 0.969546
BONE 31 0.030454

VERT 229
OFFSET 0.047878 -0.040473 57.016373
BONES 1
BONE 6 1.000000

VERT 230
OFFSET -0.125773 0.055685 56.760132
BONES 3
BONE 6 1.000000
BONE 29 0.000000
BONE 26 0.000000

VERT 231
OFFSET -0.111522 -0.042394 56.776752
BONES 1
BONE 6 1.000000

VERT 232
OFFSET -0.231429 0.014065 56.625507
BONES 1
BONE 6 1.000000

VERT 233
OFFSET -0.286987 0.103929 56.604240
BONES 1
BONE 6 1.000000

VERT 234
OFFSET -0.311805 -0.030882 56.567902
BONES 1
BONE 6 1.000000

VERT 235
OFFSET -0.526123 0.330971 56.689415
BONES 1
BONE 6 1.000000

VERT 236
OFFSET -0.404888 0.076295 56.562630
BONES 1
BONE 6 1.000000

VERT 237
OFFSET -0.382454 -0.028378 56.545105
BONES 1
BONE 6 1.000000

VERT 238
OFFSET -0.487405 0.000001 56.559265
BONES 1
BONE 6 1.000000

VERT 239
OFFSET -0.853352 0.169595 56.703171
BONES 1
BONE 6 1.000000

VERT 240
OFFSET -1.072222 0.000000 56.748405
BONES 1
BONE 6 1.000000

VERT 241
OFFSET -0.793679 0.518586 56.778458
BONES 1
BONE 6 1.000000

VERT 242
OFFSET -0.918947 0.655299 56.847893
BONES 1
BONE 6 1.000000

VERT 243
OFFSET -1.239022 0.477561 56.822475
BONES 1
BONE 6 1.000000

VERT 244
OFFSET -0.910033 0.237973 56.722359
BONES 1
BONE 6 1.000000

VERT 245
OFFSET -1.169264 0.143225 56.751339
BONES 1
BONE 6 1.000000

VERT 246
OFFSET -1.294072 0.175502 56.756340
BONES 1
BONE 6 1.000000

VERT 247
OFFSET -1.510654 0.393792 56.789822
BONES 3
BONE 6 1.000000
BONE 29 0.000000
BONE 26 0.000000

VERT 248
OFFSET -1.559650 0.224509 56.737289
BONES 1
BONE 6 1.000000

VERT 249
OFFSET -1.800803 0.828772 57.008636
BONES 1
BONE 6 1.000000

VERT 250
OFFSET -1.956125 0.922400 57.067833
BONES 1
BONE 6 1.000000

VERT 251
OFFSET -1.998114 1.131726 57.380558
BONES 3
BONE 6 1.000000
BONE 29 0.000000
BONE 26 0.000000

VERT 252
OFFSET -2.071229 1.313000 57.541267
BONES 3
BONE 6 1.000000
BONE 29 0.000000
BONE 26 0.000000

VERT 253
OFFSET -1.845917 0.761539 56.862923
BONES 1
BONE 6 1.000000

VERT 254
OFFSET -2.004002 0.809571 56.760582
BONES 3
BONE 6 1.000000
BONE 29 0.000000
BONE 26 0.000000

VERT 255
OFFSET -2.183558 0.997016 56.864407
BONES 3
BONE 6 1.000000
BONE 29 0.000000
BONE 26 0.000000

VERT 256
OFFSET -2.128208 1.020978 56.980000
BONES 3
BONE 6 1.000000
BONE 29 0.000000
BONE 26 0.000000

VERT 257
OFFSET -1.861286 0.626995 56.675659
BONES 3
BONE 6 1.000000
BONE 29 0.000000
BONE 26 0.000000

VERT 258
OFFSET -1.675960 0.548465 56.781170
BONES 3
BONE 6 1.000000
BONE 29 0.000000
BONE 26 0.000000

VERT 259
OFFSET -1.745394 0.428449 56.607830
BONES 3
BONE 6 1.000000
BONE 29 0.000000
BONE 26 0.000000

VERT 260
OFFSET -2.395494 1.184629 57.108120
BONES 1
BONE 6 1.000000

VERT 261
OFFSET -2.406817 1.146197 56.991352
BONES 3
BONE 6 1.000000
BONE 29 0.000000
BONE 26 0.000000

VERT 262
OFFSET -2.620674 1.278855 57.375908
BONES 1
BONE 6 1.000000

VERT 263
OFFSET -2.667106 1.255203 57.141785
BONES 3
BONE 6 1.000000
BONE 29 0.000000
BONE 26 0.000000

VERT 264
OFFSET -2.630388 1.258506 57.229599
BONES 3
BONE 6 1.000000
BONE 29 0.000000
BONE 26 0.000000

VERT 265
OFFSET -2.810616 1.297386 57.496868
BONES 1
BONE 6 1.000000

VERT 266
OFFSET -2.976460 1.287022 57.586922
BONES 3
BONE 6 1.000000
BONE 29 0.000000
BONE 26 0.000000

VERT 267
OFFSET -2.979644 1.264652 57.298641
BONES 3
BONE 6 1.000000
BONE 29 0.000000
BONE 26 0.000000

VERT 268
OFFSET -2.963660 1.246320 57.414745
BONES 3
BONE 6 1.000000
BONE 29 0.000000
BONE 26 0.000000

VERT 269
OFFSET -3.275150 1.186857 57.457039
BONES 3
BONE 6 1.000000
BONE 29 0.000000
BONE 26 0.000000

VERT 270
OFFSET -2.988388 1.302132 57.753490
BONES 1
BONE 6 1.000000

VERT 271
OFFSET -3.358608 1.203949 58.206131
BONES 3
BONE 6 1.000000
BONE 29 0.000000
BONE 26 0.000000

VERT 272
OFFSET -3.229557 1.184427 57.563248
BONES 1
BONE 6 1.000000

VERT 273
OFFSET -3.461924 1.100471 58.040066
BONES 1
BONE 6 1.000000

VERT 274
OFFSET -3.838077 0.868411 58.271873
BONES 3
BONE 6 1.000000
BONE 29 0.000000
BONE 26 0.000000

VERT 275
OFFSET -3.236418 1.259334 58.321022
BONES 3
BONE 6 1.000000
BONE 29 0.000000
BONE 26 0.000000

VERT 276
OFFSET -3.832878 0.933246 58.557152
BONES 3
BONE 6 1.000000
BONE 29 0.000000
BONE 26 0.000000

VERT 277
OFFSET -3.500107 1.207695 58.639107
BONES 3
BONE 6 1.000000
BONE 29 0.000000
BONE 26 0.000000

VERT 278
OFFSET -3.741690 1.229965 58.891010
BONES 3
BONE 6 1.000000
BONE 29 0.000000
BONE 26 0.000000

VERT 279
OFFSET -3.366637 1.413956 58.820515
BONES 1
BONE 6 1.000000

VERT 280
OFFSET -3.687319 1.429736 59.179165
BONES 3
BONE 6 1.000000
BONE 29 0.000000
BONE 26 0.000000

VERT 281
OFFSET -3.062471 1.382231 58.446419
BONES 3
BONE 6 1.000000
BONE 29 0.000000
BONE 26 0.000000

VERT 282
OFFSET -2.988248 1.724739 58.835667
BONES 1
BONE 6 1.000000

VERT 283
OFFSET -3.435572 1.778711 59.291470
BONES 3
BONE 6 1.000000
BONE 29 0.000000
BONE 26 0.000000

VERT 284
OFFSET -3.174767 2.310951 59.420750
BONES 3
BONE 6 1.000000
BONE 29 0.000000
BONE 26 0.000000

VERT 285
OFFSET -3.906529 1.853599 59.837807
BONES 3
BONE 6 1.000000
BONE 29 0.000000
BONE 26 0.000000

VERT 286
OFFSET -4.045864 1.514680 59.632362
BONES 3
BONE 6 1.000000
BONE 29 0.000000
BONE 26 0.000000

VERT 287
OFFSET -4.220460 1.193607 59.436169
BONES 3
BONE 6 1.000000
BONE 29 0.000000
BONE 26 0.000000

VERT 288
OFFSET -2.855845 1.665327 58.642487
BONES 3
BONE 6 1.000000
BONE 29 0.000000
BONE 26 0.000000

VERT 289
OFFSET -2.928491 2.042304 59.027840
BONES 3
BONE 6 1.000000
BONE 29 0.000000
BONE 26 0.000000

VERT 290
OFFSET -2.932939 2.392491 59.101765
BONES 3
BONE 6 1.000000
BONE 29 0.000000
BONE 26 0.000000

VERT 291
OFFSET -3.216418 2.515418 59.748409
BONES 3
BONE 6 1.000000
BONE 29 0.000000
BONE 26 0.000000

VERT 292
OFFSET -3.818047 2.238889 60.176476
BONES 3
BONE 6 1.000000
BONE 29 0.000000
BONE 26 0.000000

VERT 293
OFFSET -3.180640 2.651926 59.996468
BONES 3
BONE 6 1.000000
BONE 29 0.000000
BONE 26 0.000000

VERT 294
OFFSET -3.784953 2.555452 60.704769
BONES 3
BONE 6 1.000000
BONE 29 0.000000
BONE 26 0.000000

VERT 295
OFFSET -3.018139 2.799093 59.894993
BONES 3
BONE 6 1.000000
BONE 29 0.000000
BONE 26 0.000000

VERT 296
OFFSET -3.012708 2.766196 60.229683
BONES 3
BONE 6 1.000000
BONE 29 0.000000
BONE 26 0.000000

VERT 297
OFFSET -3.713585 2.788703 61.169109
BONES 3
BONE 6 1.000000
BONE 29 0.000000
BONE 26 0.000000

VERT 298
OFFSET -2.722830 2.838646 60.406235
BONES 3
BONE 6 1.000000
BONE 29 0.000000
BONE 26 0.000000

VERT 299
OFFSET -2.857147 2.857016 60.057674
BONES 3
BONE 6 1.000000
BONE 29 0.000000
BONE 26 0.000000

VERT 300
OFFSET -2.402659 2.848742 60.197529
BONES 1
BONE 6 1.000000

VERT 301
OFFSET -2.276148 2.921369 60.743580
BONES 3
BONE 6 1.000000
BONE 29 0.000000
BONE 26 0.000000

VERT 302
OFFSET -3.488927 2.940992 61.682117
BONES 3
BONE 6 1.000000
BONE 29 0.000000
BONE 26 0.000000

VERT 303
OFFSET -2.340204 2.858010 60.422230
BONES 3
BONE 6 1.000000
BONE 29 0.000000
BONE 26 0.000000

VERT 304
OFFSET -2.196130 2.977821 61.191986
BONES 1
BONE 6 1.000000

VERT 305
OFFSET -1.797538 2.832520 60.217953
BONES 1
BONE 6 1.000000

VERT 306
OFFSET -2.036115 2.826943 60.089115
BONES 1
BONE 6 1.000000

VERT 307
OFFSET -1.912557 2.772166 59.933270
BONES 3
BONE 6 1.000000
BONE 29 0.000000
BONE 26 0.000000

VERT 308
OFFSET -1.678066 2.702382 59.722389
BONES 1
BONE 6 1.000000

VERT 309
OFFSET -1.964477 2.745831 59.730492
BONES 3
BONE 6 1.000000
BONE 29 0.000000
BONE 26 0.000000

VERT 310
OFFSET -0.819930 2.810554 60.253212
BONES 1
BONE 6 1.000000

VERT 311
OFFSET -0.880774 2.671817 59.766071
BONES 1
BONE 6 1.000000

VERT 312
OFFSET -1.222000 2.581360 59.303921
BONES 1
BONE 6 1.000000

VERT 313
OFFSET -0.634594 2.554466 59.454552
BONES 1
BONE 6 1.000000

VERT 314
OFFSET -0.521761 2.425534 59.000824
BONES 1
BONE 6 1.000000

VERT 315
OFFSET -0.673326 2.432826 58.910904
BONES 1
BONE 6 1.000000

VERT 316
OFFSET -0.337678 2.331183 58.956455
BONES 1
BONE 6 1.000000

VERT 317
OFFSET -0.216940 2.248940 59.032394
BONES 1
BONE 6 1.000000

VERT 318
OFFSET -0.496996 2.509378 59.459457
BONES 1
BONE 6 1.000000

VERT 319
OFFSET -0.374473 2.206464 58.498295
BONES 1
BONE 6 1.000000

VERT 320
OFFSET -0.224401 2.150599 58.614468
BONES 3
BONE 6 1.000000
BONE 29 0.000000
BONE 26 0.000000

VERT 321
OFFSET -0.180796 2.194722 59.197292
BONES 1
BONE 6 1.000000

VERT 322
OFFSET -0.366961 2.410104 59.414528
BONES 1
BONE 6 1.000000

VERT 323
OFFSET -0.153787 2.098203 59.195992
BONES 1
BONE 6 1.000000

VERT 324
OFFSET -0.254641 2.122265 59.404148
BONES 1
BONE 6 1.000000

VERT 325
OFFSET -0.605520 2.280852 58.494820
BONES 1
BONE 6 1.000000

VERT 326
OFFSET -0.484907 2.089674 58.191723
BONES 1
BONE 6 1.000000

VERT 327
OFFSET -0.235645 1.880311 58.034142
BONES 1
BONE 6 1.000000

VERT 328
OFFSET -0.990587 2.403171 58.734467
BONES 1
BONE 6 1.000000

VERT 329
OFFSET -0.124395 1.932111 58.277588
BONES 1
BONE 6 1.000000

VERT 330
OFFSET 0.032148 1.482783 57.805805
BONES 1
BONE 6 1.000000

VERT 331
OFFSET -1.900860 2.533430 59.178120
BONES 3
BONE 6 1.000000
BONE 29 0.000000
BONE 26 0.000000

VERT 332
OFFSET -0.119379 1.405515 57.541008
BONES 1
BONE 6 1.000000

VERT 333
OFFSET -0.037130 1.879665 58.386036
BONES 1
BONE 6 1.000000

VERT 334
OFFSET -0.435456 1.774066 57.747799
BONES 1
BONE 6 1.000000

VERT 335
OFFSET -0.675574 1.934883 57.883095
BONES 1
BONE 6 1.000000

VERT 336
OFFSET -0.349654 1.449257 57.434460
BONES 1
BONE 6 1.000000

VERT 337
OFFSET 0.056275 1.349624 57.696835
BONES 1
BONE 6 1.000000

VERT 338
OFFSET 0.222163 1.197772 57.902470
BONES 1
BONE 6 1.000000

VERT 339
OFFSET 0.284005 1.015679 57.794163
BONES 1
BONE 6 1.000000

VERT 340
OFFSET -1.094544 2.121565 58.156322
BONES 1
BONE 6 1.000000

VERT 341
OFFSET -1.170733 2.219672 58.348469
BONES 1
BONE 6 1.000000

VERT 342
OFFSET -1.246986 2.357162 58.674397
BONES 1
BONE 6 1.000000

VERT 343
OFFSET 0.254117 1.195211 58.089516
BONES 1
BONE 6 1.000000

VERT 344
OFFSET 0.163772 1.426278 58.474911
BONES 1
BONE 6 1.000000

VERT 345
OFFSET 0.241118 1.225682 58.429588
BONES 1
BONE 6 1.000000

VERT 346
OFFSET 0.338952 1.083952 58.369476
BONES 1
BONE 6 1.000000

VERT 347
OFFSET 0.001208 1.888837 58.632870
BONES 1
BONE 6 1.000000

VERT 348
OFFSET 0.035985 1.779215 58.794464
BONES 1
BONE 6 1.000000

VERT 349
OFFSET 0.111137 1.384896 58.825916
BONES 1
BONE 6 1.000000

VERT 350
OFFSET 0.194167 1.217177 58.754395
BONES 1
BONE 6 1.000000

VERT 351
OFFSET 0.001042 1.654593 58.998123
BONES 1
BONE 6 1.000000

VERT 352
OFFSET -0.155823 1.787994 59.217751
BONES 1
BONE 6 1.000000

VERT 353
OFFSET 0.071830 1.178462 59.015583
BONES 3
BONE 6 1.000000
BONE 29 0.000000
BONE 26 0.000000

VERT 354
OFFSET -0.095850 1.565870 59.171497
BONES 1
BONE 6 1.000000

VERT 355
OFFSET 0.010169 1.259256 59.113922
BONES 1
BONE 6 1.000000

VERT 356
OFFSET 0.111873 1.174914 58.909393
BONES 3
BONE 6 1.000000
BONE 29 0.000000
BONE 26 0.000000

VERT 357
OFFSET 0.239221 1.012091 58.914806
BONES 1
BONE 6 1.000000

VERT 358
OFFSET 0.472454 0.850866 58.713375
BONES 1
BONE 6 1.000000

VERT 359
OFFSET 0.590044 0.645484 58.812077
BONES 1
BONE 6 1.000000

VERT 360
OFFSET 0.593936 0.767037 58.507740
BONES 1
BONE 6 1.000000

VERT 361
OFFSET 0.792418 0.560876 58.572353
BONES 3
BONE 6 1.000000
BONE 29 0.000000
BONE 26 0.000000

VERT 362
OFFSET 0.806798 0.581201 58.423386
BONES 3
BONE 6 1.000000
BONE 29 0.000000
BONE 26 0.000000

VERT 363
OFFSET 0.245186 0.894053 58.999786
BONES 1
BONE 6 1.000000

VERT 364
OFFSET 0.907138 0.358042 58.463444
BONES 3
BONE 6 1.000000
BONE 29 0.000000
BONE 26 0.000000

VERT 365
OFFSET 0.918692 0.234729 58.378551
BONES 2
BONE 31 0.001349
BONE 6 0.998651

VERT 366
OFFSET 1.122727 -0.002264 58.496330
BONES 3
BONE 6 1.000000
BONE 29 0.000000
BONE 26 0.000000

VERT 367
OFFSET 1.054398 0.000001 58.372417
BONES 1
BONE 6 1.000000

VERT 368
OFFSET 1.171544 0.000015 58.656616
BONES 1
BONE 6 1.000000

VERT 369
OFFSET 0.906052 0.347264 58.603477
BONES 3
BONE 6 1.000000
BONE 29 0.000000
BONE 26 0.000000

VERT 370
OFFSET 1.020489 0.155975 58.723511
BONES 3
BONE 6 1.000000
BONE 29 0.000000
BONE 26 0.000000

VERT 371
OFFSET 0.665890 0.392963 58.964569
BONES 1
BONE 6 1.000000

VERT 372
OFFSET 0.936077 0.183320 58.847950
BONES 3
BONE 6 1.000000
BONE 29 0.000000
BONE 26 0.000000

VERT 373
OFFSET 0.802861 0.176193 58.973747
BONES 3
BONE 6 1.000000
BONE 29 0.000000
BONE 26 0.000000

VERT 374
OFFSET 0.299306 0.747097 59.109219
BONES 3
BONE 6 1.000000
BONE 29 0.000000
BONE 26 0.000000

VERT 375
OFFSET 0.455176 0.477802 59.254913
BONES 1
