// Export time: Tue Nov 17 11:38:01 2020

// Exported using Blender v2.90.1
// Export filename: 'E:/blackops3/mod_xmodel/iw4/ro635/ch_head_gk_ro635_lod3.XMODEL_EXPORT'
// Source filename: 'E:/blackops3/mod_xmodel/iw4/ro635/ro635.blend'
MODEL
VERSION 6

NUMBONES 36
BONE 0 -1 "tag_origin"
BONE 1 0 "j_mainroot"
BONE 2 1 "j_spinelower"
BONE 3 2 "j_spineupper"
BONE 4 3 "j_spine4"
BONE 5 4 "j_neck"
BONE 6 5 "j_head"
BONE 7 6 "j_brow_le"
BONE 8 6 "j_brow_ri"
BONE 9 6 "j_browouter_le"
BONE 10 6 "j_browouter_ri"
BONE 11 6 "j_cheek_le"
BONE 12 6 "j_cheek_ri"
BONE 13 6 "j_cheeklower_le"
BONE 14 6 "j_cheeklower_ri"
BONE 15 6 "j_eye_lid_bot_le"
BONE 16 6 "j_eye_lid_bot_ri"
BONE 17 6 "j_eye_lid_top_le"
BONE 18 6 "j_eye_lid_top_ri"
BONE 19 6 "j_eyeball_le"
BONE 20 6 "j_eyeball_ri"
BONE 21 6 "j_head_end"
BONE 22 21 "j_helmet"
BONE 23 6 "j_jaw"
BONE 24 23 "j_chin_skinroll"
BONE 25 23 "j_lip_bot_le"
BONE 26 23 "j_lip_bot_ri"
BONE 27 6 "j_levator_le"
BONE 28 6 "j_levator_ri"
BONE 29 6 "j_lip_top_le"
BONE 30 6 "j_lip_top_ri"
BONE 31 6 "j_mouth_le"
BONE 32 6 "j_mouth_ri"
BONE 33 6 "j_nvg"
BONE 34 6 "tag_eye"
BONE 35 6 "MouthCavity"

BONE 0
OFFSET 0.000000 0.000000 0.000000
SCALE 1.000000 1.000000 1.000000
X 1.000000 0.000000 0.000000
Y 0.000000 1.000000 0.000000
Z 0.000000 0.000000 1.000000

BONE 1
OFFSET -3.418017 -0.000170 39.120125
SCALE 1.000000 1.000000 1.000000
X -0.024721 -0.000056 0.999694
Y 0.999694 0.000059 0.024721
Z -0.000060 1.000000 0.000054

BONE 2
OFFSET -2.060000 0.000000 43.483532
SCALE 1.000000 1.000000 1.000000
X -0.029902 -0.000055 0.999553
Y 0.999553 0.000059 0.029902
Z -0.000060 1.000000 0.000054

BONE 3
OFFSET -2.462061 0.000210 47.198326
SCALE 1.000000 1.000000 1.000000
X 0.020428 -0.000062 0.999791
Y 0.999791 0.000062 -0.020428
Z -0.000060 1.000000 0.000064

BONE 4
OFFSET -2.699147 0.000018 50.333317
SCALE 1.000000 1.000000 1.000000
X 0.046994 -0.000057 0.998895
Y 0.998895 0.000063 -0.046994
Z -0.000060 1.000000 0.000060

BONE 5
OFFSET -2.694638 0.000000 54.914459
SCALE 1.000000 1.000000 1.000000
X 0.309755 -0.000038 0.950817
Y 0.950817 0.000075 -0.309755
Z -0.000060 1.000000 0.000060

BONE 6
OFFSET -2.694638 0.000000 57.375427
SCALE 1.000000 1.000000 1.000000
X 0.216380 -0.000040 0.976309
Y 0.976309 0.000072 -0.216380
Z -0.000061 1.000000 0.000055

BONE 7
OFFSET 0.920110 1.231952 60.722507
SCALE 1.000000 1.000000 1.000000
X 0.000652 0.999999 -0.000107
Y -0.998858 0.000645 -0.047767
Z -0.047767 0.000138 0.998858

BONE 8
OFFSET 0.929383 -1.254581 60.725006
SCALE 1.000000 1.000000 1.000000
X 0.000011 1.000000 0.000093
Y 0.998891 -0.000016 0.047079
Z 0.047078 0.000092 -0.998891

BONE 9
OFFSET 0.578019 2.106433 60.816586
SCALE 1.000000 1.000000 1.000000
X 0.000647 1.000000 -0.000132
Y -0.998863 0.000640 -0.047675
Z -0.047675 0.000163 0.998863

BONE 10
OFFSET 0.606142 -2.080880 60.812908
SCALE 1.000000 1.000000 1.000000
X 0.000022 1.000000 0.000085
Y 0.998895 -0.000026 0.046993
Z 0.046993 0.000084 -0.998895

BONE 11
OFFSET -0.316537 1.734323 59.511208
SCALE 1.000000 1.000000 1.000000
X 0.000650 0.999999 -0.000129
Y -0.998870 0.000643 -0.047516
Z -0.047516 0.000160 0.998870

BONE 12
OFFSET -0.335223 -1.664687 59.571590
SCALE 1.000000 1.000000 1.000000
X 0.000017 1.000000 0.000082
Y 0.998891 -0.000021 0.047088
Z 0.047088 0.000082 -0.998891

BONE 13
OFFSET -0.325914 1.558351 58.411510
SCALE 1.000000 1.000000 1.000000
X 0.170301 0.000000 0.985392
Y 0.985392 0.000017 -0.170301
Z -0.000016 1.000000 0.000003

BONE 14
OFFSET -0.284625 -1.555737 58.439484
SCALE 1.000000 1.000000 1.000000
X 0.170312 -0.000001 0.985390
Y 0.985390 0.000030 -0.170312
Z -0.000029 1.000000 0.000007

BONE 15
OFFSET -0.556401 1.055238 60.021606
SCALE 1.000000 1.000000 1.000000
X -0.065609 0.997117 0.038025
Y -0.996954 -0.063894 -0.044718
Z -0.042159 -0.040845 0.998275

BONE 16
OFFSET -0.556109 -1.006713 60.015446
SCALE 1.000000 1.000000 1.000000
X 0.066601 0.997041 -0.038395
Y 0.996923 -0.064900 0.043958
Z 0.041336 -0.041205 -0.998295

BONE 17
OFFSET -0.556002 1.054303 60.090084
SCALE 1.000000 1.000000 1.000000
X -0.065492 0.997128 0.037994
Y -0.996962 -0.063778 -0.044717
Z -0.042165 -0.040808 0.998277

BONE 18
OFFSET -0.555419 -1.007970 60.077713
SCALE 1.000000 1.000000 1.000000
X 0.066554 0.997044 -0.038390
Y 0.996937 -0.064864 0.043704
Z 0.041085 -0.041182 -0.998307

BONE 19
OFFSET -2.064709 0.950600 59.878845
SCALE 1.000000 1.000000 1.000000
X -0.205899 0.978522 -0.010109
Y -0.977367 -0.206146 -0.047511
Z -0.048575 0.000099 0.998820

BONE 20
OFFSET -2.063877 -0.948347 59.881710
SCALE 1.000000 1.000000 1.000000
X 0.207721 0.978139 0.009791
Y 0.977069 -0.207951 0.045735
Z 0.046771 0.000067 -0.998906

BONE 21
OFFSET -2.497015 0.000048 62.632057
SCALE 1.000000 1.000000 1.000000
X 0.170390 -0.000001 0.985377
Y 0.985377 -0.000000 -0.170390
Z 0.000000 1.000000 0.000001

BONE 22
OFFSET -3.405959 0.000050 63.772438
SCALE 1.000000 1.000000 1.000000
X 0.995890 -0.000065 0.090567
Y 0.000081 1.000000 -0.000171
Z -0.090567 0.000178 0.995890

BONE 23
OFFSET -2.233950 0.000487 57.701817
SCALE 1.000000 1.000000 1.000000
X 0.000647 1.000000 -0.000098
Y -0.998859 0.000642 -0.047763
Z -0.047763 0.000128 0.998859

BONE 24
OFFSET 0.540011 -0.001471 56.062759
SCALE 1.000000 1.000000 1.000000
X 0.000647 1.000000 -0.000097
Y -0.998867 0.000642 -0.047597
Z -0.047597 0.000128 0.998867

BONE 25
OFFSET 0.452131 0.188380 57.668262
SCALE 1.000000 1.000000 1.000000
X 0.000646 1.000000 -0.000084
Y -0.998859 0.000642 -0.047763
Z -0.047763 0.000115 0.998859

BONE 26
OFFSET 0.452130 -0.188378 57.668266
SCALE 1.000000 1.000000 1.000000
X 0.000637 1.000000 -0.000064
Y 0.998859 -0.000634 0.047762
Z 0.047762 -0.000094 -0.998859

BONE 27
OFFSET 0.450852 0.521605 59.196243
SCALE 1.000000 1.000000 1.000000
X 0.000645 1.000000 -0.000076
Y -0.998863 0.000641 -0.047677
Z -0.047677 0.000106 0.998863

BONE 28
OFFSET 0.473728 -0.501200 59.201466
SCALE 1.000000 1.000000 1.000000
X 0.000016 1.000000 0.000070
Y 0.998891 -0.000020 0.047086
Z 0.047086 0.000069 -0.998891

BONE 29
OFFSET 0.515655 0.188392 57.809727
SCALE 1.000000 1.000000 1.000000
X 0.000646 0.999999 -0.000087
Y -0.998862 0.000641 -0.047679
Z -0.047679 0.000118 0.998863

BONE 30
OFFSET 0.515655 -0.188392 57.809731
SCALE 1.000000 1.000000 1.000000
X 0.000011 1.000000 0.000085
Y 0.998891 -0.000015 0.047086
Z 0.047086 0.000084 -0.998891

BONE 31
OFFSET 0.369711 0.554023 57.745541
SCALE 1.000000 1.000000 1.000000
X 0.000649 1.000000 -0.000116
Y -0.998862 0.000643 -0.047680
Z -0.047680 0.000147 0.998863

BONE 32
OFFSET 0.369712 -0.554023 57.745541
SCALE 1.000000 1.000000 1.000000
X 0.000008 1.000000 0.000096
Y 0.998891 -0.000013 0.047086
Z 0.047086 0.000095 -0.998891

BONE 33
OFFSET 1.850152 0.000051 61.839539
SCALE 1.000000 1.000000 1.000000
X 0.985422 0.000002 -0.170129
Y -0.170129 0.000000 -0.985422
Z -0.000002 1.000000 0.000000

BONE 34
OFFSET 0.051807 0.000489 59.879112
SCALE 1.000000 1.000000 1.000000
X 0.922502 -0.000050 0.385992
Y 0.000056 1.000000 -0.000004
Z -0.385992 0.000025 0.922502

BONE 35
OFFSET -0.497581 0.000001 57.755375
SCALE 1.000000 1.000000 1.000000
X -0.000000 1.000000 0.000000
Y -0.000000 -0.000000 1.000000
Z 1.000000 0.000000 0.000000


NUMVERTS 601
VERT 0
OFFSET -2.696067 3.120659 60.074051
BONES 1
BONE 6 1.000000

VERT 1
OFFSET -2.923206 3.185980 59.758614
BONES 1
BONE 6 1.000000

VERT 2
OFFSET -2.735175 3.358210 60.241119
BONES 1
BONE 6 1.000000

VERT 3
OFFSET -1.995248 2.813339 60.065666
BONES 1
BONE 6 1.000000

VERT 4
OFFSET -2.297970 3.262392 60.249718
BONES 1
BONE 6 1.000000

VERT 5
OFFSET -2.178431 2.967402 59.849499
BONES 1
BONE 6 1.000000

VERT 6
OFFSET -2.202590 2.843171 59.587936
BONES 1
BONE 6 1.000000

VERT 7
OFFSET -2.330024 2.732693 59.328960
BONES 1
BONE 6 1.000000

VERT 8
OFFSET -2.454984 2.783465 58.639912
BONES 1
BONE 6 1.000000

VERT 9
OFFSET -2.514560 2.822696 59.602013
BONES 1
BONE 6 1.000000

VERT 10
OFFSET -2.546927 2.854287 59.097370
BONES 1
BONE 6 1.000000

VERT 11
OFFSET -2.356298 2.621600 58.621948
BONES 1
BONE 6 1.000000

VERT 12
OFFSET -3.013053 3.310484 59.258366
BONES 1
BONE 6 1.000000

VERT 13
OFFSET -2.718746 3.235044 59.483322
BONES 1
BONE 6 1.000000

VERT 14
OFFSET -2.570672 3.251463 59.740173
BONES 1
BONE 6 1.000000

VERT 15
OFFSET -2.880746 3.374250 59.847187
BONES 1
BONE 6 1.000000

VERT 16
OFFSET -2.939138 3.293181 59.263054
BONES 1
BONE 6 1.000000

VERT 17
OFFSET -2.783605 3.468763 59.932777
BONES 1
BONE 6 1.000000

VERT 18
OFFSET -3.000035 3.467209 59.924065
BONES 1
BONE 6 1.000000

VERT 19
OFFSET -2.925000 2.823766 59.213699
BONES 1
BONE 6 1.000000

VERT 20
OFFSET -2.503656 3.390844 60.238785
BONES 1
BONE 6 1.000000

VERT 21
OFFSET -2.523195 3.253010 60.160976
BONES 1
BONE 6 1.000000

VERT 22
OFFSET -0.308345 0.000000 57.053432
BONES 2
BONE 35 0.849013
BONE 6 0.150987

VERT 23
OFFSET -0.321592 0.551147 57.305687
BONES 2
BONE 6 0.139327
BONE 35 0.860673

VERT 24
OFFSET -0.036836 0.781804 57.903961
BONES 1
BONE 35 1.000000

VERT 25
OFFSET -0.755916 0.749279 57.642586
BONES 1
BONE 35 1.000000

VERT 26
OFFSET -0.930117 0.447295 57.904873
BONES 1
BONE 35 1.000000

VERT 27
OFFSET -0.417005 0.333779 58.420139
BONES 1
BONE 35 1.000000

VERT 28
OFFSET 0.121218 0.243464 58.430920
BONES 1
BONE 35 1.000000

VERT 29
OFFSET 0.295316 0.500193 58.224579
BONES 1
BONE 35 1.000000

VERT 30
OFFSET -1.091012 0.413220 57.392284
BONES 1
BONE 35 1.000000

VERT 31
OFFSET -0.830078 -0.000001 57.028919
BONES 2
BONE 35 0.855000
BONE 6 0.145000

VERT 32
OFFSET -0.799564 0.601590 57.297558
BONES 2
BONE 35 0.855000
BONE 6 0.145000

VERT 33
OFFSET -0.321590 -0.551148 57.305691
BONES 2
BONE 6 0.139327
BONE 35 0.860673

VERT 34
OFFSET -0.062633 -0.794040 57.834648
BONES 1
BONE 35 1.000000

VERT 35
OFFSET -0.285620 -0.641571 58.095905
BONES 1
BONE 35 1.000000

VERT 36
OFFSET -0.417044 -0.365837 58.397709
BONES 1
BONE 35 1.000000

VERT 37
OFFSET -0.930942 -0.442063 57.907349
BONES 1
BONE 35 1.000000

VERT 38
OFFSET 0.298564 -0.454118 58.278549
BONES 1
BONE 35 1.000000

VERT 39
OFFSET 0.321900 -0.541011 57.748703
BONES 7
BONE 26 0.009503
BONE 29 0.007337
BONE 32 0.208697
BONE 6 0.568665
BONE 30 0.069306
BONE 35 0.136388
BONE 25 0.000104

VERT 40
OFFSET 0.461141 -0.041866 58.287552
BONES 1
BONE 35 1.000000

VERT 41
OFFSET -1.054586 -0.567399 57.452145
BONES 1
BONE 35 1.000000

VERT 42
OFFSET -0.799562 -0.601590 57.297558
BONES 2
BONE 35 0.855000
BONE 6 0.145000

VERT 43
OFFSET -2.074594 1.099301 57.325684
BONES 1
BONE 6 1.000000

VERT 44
OFFSET -2.712818 1.398976 57.878052
BONES 1
BONE 6 1.000000

VERT 45
OFFSET -2.470899 1.482077 57.963165
BONES 1
BONE 6 1.000000

VERT 46
OFFSET -2.672681 1.833755 58.691219
BONES 1
BONE 6 1.000000

VERT 47
OFFSET -2.346312 2.126786 58.759083
BONES 1
BONE 6 1.000000

VERT 48
OFFSET -1.794711 1.595093 57.607502
BONES 1
BONE 6 1.000000

VERT 49
OFFSET -2.169179 2.338801 58.942612
BONES 1
BONE 6 1.000000

VERT 50
OFFSET -1.138740 1.468212 57.314560
BONES 1
BONE 6 1.000000

VERT 51
OFFSET -1.493522 0.642545 56.915119
BONES 1
BONE 6 1.000000

VERT 52
OFFSET -0.571342 0.648864 56.820869
BONES 1
BONE 6 1.000000

VERT 53
OFFSET -0.236414 1.395089 57.432281
BONES 1
BONE 6 1.000000

VERT 54
OFFSET -0.170191 0.149289 56.644615
BONES 2
BONE 31 0.000428
BONE 6 0.999572

VERT 55
OFFSET -0.365745 0.003571 56.531528
BONES 1
BONE 6 1.000000

VERT 56
OFFSET -1.107542 -0.159623 56.751629
BONES 1
BONE 6 1.000000

VERT 57
OFFSET -1.119655 0.187541 56.756451
BONES 1
BONE 6 1.000000

VERT 58
OFFSET -1.518330 0.134382 56.759178
BONES 1
BONE 6 1.000000

VERT 59
OFFSET -1.706581 0.641642 56.830112
BONES 1
BONE 6 1.000000

VERT 60
OFFSET -2.149394 1.024933 56.843079
BONES 1
BONE 6 1.000000

VERT 61
OFFSET -2.617035 1.243161 57.114231
BONES 3
BONE 6 1.000000
BONE 29 0.000000
BONE 26 0.000000

VERT 62
OFFSET -3.034208 1.255871 57.501740
BONES 1
BONE 6 1.000000

VERT 63
OFFSET -3.222708 1.239019 57.428703
BONES 1
BONE 6 1.000000

VERT 64
OFFSET -3.390077 1.220462 58.551647
BONES 1
BONE 6 1.000000

VERT 65
OFFSET -3.882848 0.872277 58.498356
BONES 1
BONE 6 1.000000

VERT 66
OFFSET -4.217583 1.175718 59.438507
BONES 3
BONE 6 1.000000
BONE 29 0.000000
BONE 26 0.000000

VERT 67
OFFSET -3.922339 1.803083 59.796844
BONES 1
BONE 6 1.000000

VERT 68
OFFSET -2.801104 2.266737 58.914562
BONES 1
BONE 6 1.000000

VERT 69
OFFSET -3.035072 2.769291 59.836727
BONES 1
BONE 6 1.000000

VERT 70
OFFSET -3.818047 2.238889 60.176476
BONES 3
BONE 6 1.000000
BONE 29 0.000000
BONE 26 0.000000

VERT 71
OFFSET -3.710207 2.770777 61.171539
BONES 1
BONE 6 1.000000

VERT 72
OFFSET -2.775017 2.869528 60.140114
BONES 1
BONE 6 1.000000

VERT 73
OFFSET -2.371659 2.860051 60.218510
BONES 1
BONE 6 1.000000

VERT 74
OFFSET -3.488927 2.940992 61.682117
BONES 3
BONE 6 1.000000
BONE 29 0.000000
BONE 26 0.000000

VERT 75
OFFSET -0.637727 2.342899 58.560173
BONES 1
BONE 6 1.000000

VERT 76
OFFSET -0.146347 2.116913 58.611473
BONES 1
BONE 6 1.000000

VERT 77
OFFSET -0.308269 2.352484 59.452763
BONES 1
BONE 6 1.000000

VERT 78
OFFSET -0.525736 1.898010 57.819717
BONES 1
BONE 6 1.000000

VERT 79
OFFSET 0.090410 1.387725 57.784561
BONES 1
BONE 6 1.000000

VERT 80
OFFSET -2.009030 2.585672 59.277756
BONES 1
BONE 6 1.000000

VERT 81
OFFSET -1.170065 2.112432 58.139572
BONES 1
BONE 6 1.000000

VERT 82
OFFSET 0.246763 1.205262 58.386993
BONES 1
BONE 6 1.000000

VERT 83
OFFSET 0.020892 1.859735 58.719746
BONES 1
BONE 6 1.000000

VERT 84
OFFSET 0.138588 1.233154 58.849735
BONES 1
BONE 6 1.000000

VERT 85
OFFSET -0.203557 1.988422 59.266727
BONES 1
BONE 6 1.000000

VERT 86
OFFSET 0.361735 0.863128 58.918610
BONES 1
BONE 6 1.000000

VERT 87
OFFSET 0.800015 0.560011 58.458237
BONES 1
BONE 6 1.000000

VERT 88
OFFSET 0.854246 0.052947 58.193939
BONES 5
BONE 32 0.001058
BONE 31 0.001383
BONE 6 0.971651
BONE 29 0.006710
BONE 30 0.019198

VERT 89
OFFSET 1.186190 -0.006962 58.615231
BONES 1
BONE 6 1.000000

VERT 90
OFFSET 0.792301 0.269518 58.924416
BONES 1
BONE 6 1.000000

VERT 91
OFFSET 0.540121 0.265833 59.481220
BONES 1
BONE 6 1.000000

VERT 92
OFFSET 0.060009 0.772800 59.454533
BONES 1
BONE 6 1.000000

VERT 93
OFFSET 0.095525 0.908069 59.094688
BONES 1
BONE 6 1.000000

VERT 94
OFFSET 0.018503 1.084880 59.172729
BONES 1
BONE 6 1.000000

VERT 95
OFFSET -0.144626 1.194376 59.133507
BONES 1
BONE 6 1.000000

VERT 96
OFFSET -0.090471 0.797388 59.370197
BONES 1
BONE 6 1.000000

VERT 97
OFFSET -0.436010 1.503098 59.718166
BONES 3
BONE 6 1.000000
BONE 29 0.000000
BONE 26 0.000000

VERT 98
OFFSET 0.127573 0.746913 59.934967
BONES 1
BONE 6 1.000000

VERT 99
OFFSET 0.236356 0.787726 59.854805
BONES 1
BONE 6 1.000000

VERT 100
OFFSET 0.090691 1.475561 60.219589
BONES 1
BONE 6 1.000000

VERT 101
OFFSET 0.211424 1.386701 60.148506
BONES 1
BONE 6 1.000000

VERT 102
OFFSET 0.002345 2.002208 60.157356
BONES 1
BONE 6 1.000000

VERT 103
OFFSET 0.486073 1.654519 60.839912
BONES 1
BONE 6 1.000000

VERT 104
OFFSET 0.752133 1.649725 61.646870
BONES 1
BONE 6 1.000000

VERT 105
OFFSET 0.634297 0.699126 60.400467
BONES 1
BONE 6 1.000000

VERT 106
OFFSET 1.058015 0.597611 61.950516
BONES 1
BONE 6 1.000000

VERT 107
OFFSET 0.907484 -0.138240 60.678982
BONES 1
BONE 6 1.000000

VERT 108
OFFSET 0.679571 -0.090911 60.152863
BONES 1
BONE 6 1.000000

VERT 109
OFFSET 0.523385 0.313144 59.954632
BONES 1
BONE 6 1.000000

VERT 110
OFFSET 0.658384 -0.004730 59.587872
BONES 1
BONE 6 1.000000

VERT 111
OFFSET -3.705224 0.816927 57.638916
BONES 1
BONE 6 1.000000

VERT 112
OFFSET -4.006192 0.363225 57.732269
BONES 3
BONE 6 1.000000
BONE 29 0.000000
BONE 26 0.000000

VERT 113
OFFSET -4.456072 0.091122 58.571037
BONES 1
BONE 6 1.000000

VERT 114
OFFSET -4.072965 -0.000000 57.746929
BONES 3
BONE 6 1.000000
BONE 29 0.000000
BONE 26 0.000000

VERT 115
OFFSET -4.737607 0.492223 59.265156
BONES 1
BONE 6 1.000000

VERT 116
OFFSET -4.824784 -0.000000 59.130707
BONES 3
BONE 6 1.000000
BONE 29 0.000000
BONE 26 0.000000

VERT 117
OFFSET -4.539192 0.892786 59.344509
BONES 3
BONE 6 1.000000
BONE 29 0.000000
BONE 26 0.000000

VERT 118
OFFSET 0.342930 0.526500 57.743534
BONES 7
BONE 26 0.000627
BONE 25 0.050227
BONE 29 0.046063
BONE 31 0.209449
BONE 6 0.616506
BONE 30 0.008982
BONE 35 0.068147

VERT 119
OFFSET 0.461176 -0.024423 57.747482
BONES 8
BONE 32 0.023535
BONE 35 0.004418
BONE 25 0.131911
BONE 6 0.655598
BONE 31 0.009998
BONE 29 0.001284
BONE 26 0.171918
BONE 30 0.001337

VERT 120
OFFSET 0.387239 0.563421 57.703896
BONES 6
BONE 26 0.001063
BONE 25 0.064776
BONE 29 0.005561
BONE 31 0.219281
BONE 35 0.002744
BONE 6 0.706575

VERT 121
OFFSET 0.528437 0.000001 57.655075
BONES 7
BONE 32 0.009779
BONE 30 0.000279
BONE 6 0.738777
BONE 25 0.113520
BONE 31 0.009313
BONE 29 0.000343
BONE 26 0.127989

VERT 122
OFFSET 0.387597 -0.564923 57.729168
BONES 7
BONE 25 0.000312
BONE 29 0.005901
BONE 26 0.026757
BONE 6 0.701731
BONE 32 0.237732
BONE 35 0.015227
BONE 30 0.012341

VERT 123
OFFSET 0.526357 -0.608065 57.865791
BONES 4
BONE 29 0.003875
BONE 30 0.050013
BONE 32 0.131449
BONE 6 0.814663

VERT 124
OFFSET 0.528445 0.000003 57.733700
BONES 8
BONE 32 0.022237
BONE 31 0.020484
BONE 26 0.000904
BONE 29 0.099643
BONE 25 0.003944
BONE 6 0.724568
BONE 30 0.127387
BONE 35 0.000833

VERT 125
OFFSET 0.678121 0.014783 57.864548
BONES 6
BONE 25 0.000029
BONE 32 0.009191
BONE 29 0.067154
BONE 6 0.830499
BONE 31 0.011366
BONE 30 0.081761

VERT 126
OFFSET 0.431740 0.000004 57.768635
BONES 8
BONE 32 0.040874
BONE 26 0.006981
BONE 25 0.006612
BONE 29 0.083729
BONE 31 0.041555
BONE 6 0.672962
BONE 30 0.136522
BONE 35 0.010766

VERT 127
OFFSET -0.515274 2.867654 60.652264
BONES 1
BONE 6 1.000000

VERT 128
OFFSET -0.478526 2.522393 59.518353
BONES 1
BONE 6 1.000000

VERT 129
OFFSET -1.245692 2.975329 61.477734
BONES 1
BONE 6 1.000000

VERT 130
OFFSET -0.359506 2.735034 62.099682
BONES 1
BONE 6 1.000000

VERT 131
OFFSET -0.124882 2.769924 61.087521
BONES 1
BONE 6 1.000000

VERT 132
OFFSET -0.121327 2.509802 60.428013
BONES 1
BONE 6 1.000000

VERT 133
OFFSET -0.285330 2.263655 59.685844
BONES 1
BONE 6 1.000000

VERT 134
OFFSET 0.341195 2.403191 61.682545
BONES 1
BONE 6 1.000000

VERT 135
OFFSET 0.312581 1.698594 63.469757
BONES 1
BONE 6 1.000000

VERT 136
OFFSET 0.759707 1.668160 62.256493
BONES 1
BONE 6 1.000000

VERT 137
OFFSET 0.970728 0.433622 62.845688
BONES 1
BONE 6 1.000000

VERT 138
OFFSET 0.666967 0.358529 63.630611
BONES 1
BONE 6 1.000000

VERT 139
OFFSET 0.124926 0.289809 64.464249
BONES 1
BONE 6 1.000000

VERT 140
OFFSET 1.031107 -0.760770 61.945751
BONES 1
BONE 6 1.000000

VERT 141
OFFSET 0.928756 -0.609346 62.855209
BONES 1
BONE 6 1.000000

VERT 142
OFFSET 0.522859 -0.247957 59.681068
BONES 1
BONE 6 1.000000

VERT 143
OFFSET 0.223412 -1.389150 60.142921
BONES 1
BONE 6 1.000000

VERT 144
OFFSET 0.499439 -0.446792 59.204258
BONES 1
BONE 6 1.000000

VERT 145
OFFSET 0.099867 -0.943778 59.085903
BONES 1
BONE 6 1.000000

VERT 146
OFFSET 0.956990 -0.303043 58.490555
BONES 2
BONE 32 0.000368
BONE 6 0.999632

VERT 147
OFFSET 0.818473 -0.544508 58.517696
BONES 1
BONE 6 1.000000

VERT 148
OFFSET 0.090534 -1.385959 57.784660
BONES 1
BONE 6 1.000000

VERT 149
OFFSET 0.246734 -1.205347 58.387455
BONES 1
BONE 6 1.000000

VERT 150
OFFSET -0.526065 -1.897008 57.820198
BONES 1
BONE 6 1.000000

VERT 151
OFFSET -0.535823 -2.316060 58.565945
BONES 1
BONE 6 1.000000

VERT 152
OFFSET -0.236519 -1.393702 57.432484
BONES 1
BONE 6 1.000000

VERT 153
OFFSET -1.042884 -2.204898 58.271103
BONES 1
BONE 6 1.000000

VERT 154
OFFSET -0.146408 -2.117554 58.612934
BONES 1
BONE 6 1.000000

VERT 155
OFFSET -0.308023 -2.353712 59.453064
BONES 1
BONE 6 1.000000

VERT 156
OFFSET -1.854406 -2.566082 59.225269
BONES 1
BONE 6 1.000000

VERT 157
OFFSET -3.710206 -2.770777 61.171539
BONES 1
BONE 6 1.000000

VERT 158
OFFSET -3.488926 -2.940992 61.682117
BONES 3
BONE 6 1.000000
BONE 29 0.000000
BONE 26 0.000000

VERT 159
OFFSET -2.775005 -2.869532 60.140114
BONES 1
BONE 6 1.000000

VERT 160
OFFSET -3.035072 -2.769291 59.836731
BONES 1
BONE 6 1.000000

VERT 161
OFFSET -3.818046 -2.238889 60.176476
BONES 3
BONE 6 1.000000
BONE 29 0.000000
BONE 26 0.000000

VERT 162
OFFSET -2.801100 -2.266735 58.914558
BONES 1
BONE 6 1.000000

VERT 163
OFFSET -2.672736 -1.833760 58.691250
BONES 1
BONE 6 1.000000

VERT 164
OFFSET -2.470619 -1.482034 57.963032
BONES 1
BONE 6 1.000000

VERT 165
OFFSET -2.168272 -2.340563 58.946182
BONES 1
BONE 6 1.000000

VERT 166
OFFSET -1.139131 -1.466905 57.314339
BONES 1
BONE 6 1.000000

VERT 167
OFFSET -0.002928 -0.899744 57.306946
BONES 3
BONE 32 0.017397
BONE 26 0.000000
BONE 6 0.982603

VERT 168
OFFSET -0.351236 -0.782997 56.952110
BONES 1
BONE 6 1.000000

VERT 169
OFFSET -0.677539 -0.530083 56.774708
BONES 1
BONE 6 1.000000

VERT 170
OFFSET -0.039355 -0.197460 56.856583
BONES 3
BONE 25 0.000000
BONE 6 0.999003
BONE 32 0.000997

VERT 171
OFFSET -0.265450 -0.061366 56.570854
BONES 1
BONE 6 1.000000

VERT 172
OFFSET 0.378645 -0.203746 57.527439
BONES 6
BONE 31 0.001235
BONE 25 0.020302
BONE 26 0.073810
BONE 32 0.071406
BONE 6 0.833248
BONE 30 0.000000

VERT 173
OFFSET -1.723896 -0.727343 56.941048
BONES 1
BONE 6 1.000000

VERT 174
OFFSET -1.601982 -0.430549 56.769714
BONES 1
BONE 6 1.000000

VERT 175
OFFSET -1.611285 -0.857623 57.051407
BONES 1
BONE 6 1.000000

VERT 176
OFFSET -2.096631 -1.059098 57.228367
BONES 1
BONE 6 1.000000

VERT 177
OFFSET -1.794823 -1.594106 57.607365
BONES 1
BONE 6 1.000000

VERT 178
OFFSET -2.712830 -1.398986 57.878086
BONES 1
BONE 6 1.000000

VERT 179
OFFSET -3.390075 -1.220462 58.551643
BONES 1
BONE 6 1.000000

VERT 180
OFFSET -3.034208 -1.255871 57.501740
BONES 1
BONE 6 1.000000

VERT 181
OFFSET -4.048006 -0.716755 58.497967
BONES 1
BONE 6 1.000000

VERT 182
OFFSET -4.217582 -1.175719 59.438507
BONES 3
BONE 6 1.000000
BONE 29 0.000000
BONE 26 0.000000

VERT 183
OFFSET -3.922338 -1.803082 59.796844
BONES 1
BONE 6 1.000000

VERT 184
OFFSET -2.501425 -1.219784 57.047436
BONES 1
BONE 6 1.000000

VERT 185
OFFSET -3.222707 -1.239019 57.428703
BONES 1
BONE 6 1.000000

VERT 186
OFFSET -1.768443 -0.504165 56.620796
BONES 1
BONE 6 1.000000

VERT 187
OFFSET -1.602027 0.132104 56.527813
BONES 1
BONE 6 1.000000

VERT 188
OFFSET 0.521226 0.614420 57.861622
BONES 5
BONE 6 0.833183
BONE 31 0.113386
BONE 29 0.051759
BONE 30 0.001672
BONE 25 0.000000

VERT 189
OFFSET -0.005017 0.739350 57.224178
BONES 3
BONE 31 0.010931
BONE 25 0.000000
BONE 6 0.989069

VERT 190
OFFSET -0.347569 1.953524 59.275669
BONES 1
BONE 6 1.000000

VERT 191
OFFSET -0.430014 2.271902 59.638813
BONES 1
BONE 6 1.000000

VERT 192
OFFSET -0.190713 2.267931 60.073277
BONES 1
BONE 6 1.000000

VERT 193
OFFSET -2.370988 3.021481 62.836742
BONES 1
BONE 6 1.000000

VERT 194
OFFSET -1.316787 2.614182 63.653461
BONES 1
BONE 6 1.000000

VERT 195
OFFSET -3.125130 3.019731 62.188374
BONES 3
BONE 6 1.000000
BONE 29 0.000000
BONE 26 0.000000

VERT 196
OFFSET -0.488540 2.007000 64.187653
BONES 1
BONE 6 1.000000

VERT 197
OFFSET -0.178325 1.507410 64.377922
BONES 1
BONE 6 1.000000

VERT 198
OFFSET -2.696048 -3.120661 60.074059
BONES 1
BONE 6 1.000000

VERT 199
OFFSET -2.923202 -3.185982 59.758621
BONES 1
BONE 6 1.000000

VERT 200
OFFSET -3.013052 -3.310482 59.258358
BONES 1
BONE 6 1.000000

VERT 201
OFFSET -2.924999 -2.823766 59.213699
BONES 1
BONE 6 1.000000

VERT 202
OFFSET -2.939139 -3.293176 59.263039
BONES 1
BONE 6 1.000000

VERT 203
OFFSET -2.454952 -2.783428 58.639904
BONES 1
BONE 6 1.000000

VERT 204
OFFSET -2.356305 -2.621597 58.621952
BONES 1
BONE 6 1.000000

VERT 205
OFFSET -2.546926 -2.854279 59.097363
BONES 1
BONE 6 1.000000

VERT 206
OFFSET -2.295595 -2.708620 59.254257
BONES 1
BONE 6 1.000000

VERT 207
OFFSET -2.202630 -2.843107 59.587906
BONES 1
BONE 6 1.000000

VERT 208
OFFSET -2.178429 -2.967404 59.849499
BONES 1
BONE 6 1.000000

VERT 209
OFFSET -2.514560 -2.822700 59.602016
BONES 1
BONE 6 1.000000

VERT 210
OFFSET -2.339466 -2.721845 59.442966
BONES 1
BONE 6 1.000000

VERT 211
OFFSET -1.995175 -2.813241 60.065624
BONES 1
BONE 6 1.000000

VERT 212
OFFSET -2.523200 -3.253024 60.160976
BONES 1
BONE 6 1.000000

VERT 213
OFFSET -2.718745 -3.235043 59.483318
BONES 1
BONE 6 1.000000

VERT 214
OFFSET -2.880744 -3.374255 59.847172
BONES 1
BONE 6 1.000000

VERT 215
OFFSET -2.570669 -3.251466 59.740166
BONES 1
BONE 6 1.000000

VERT 216
OFFSET -2.783616 -3.468771 59.932751
BONES 1
BONE 6 1.000000

VERT 217
OFFSET -2.503661 -3.390858 60.238773
BONES 1
BONE 6 1.000000

VERT 218
OFFSET -2.297941 -3.262379 60.249702
BONES 1
BONE 6 1.000000

VERT 219
OFFSET -3.000032 -3.467214 59.924053
BONES 1
BONE 6 1.000000

VERT 220
OFFSET -2.735165 -3.358218 60.241116
BONES 1
BONE 6 1.000000

VERT 221
OFFSET -2.371670 -2.860051 60.218498
BONES 1
BONE 6 1.000000

VERT 222
OFFSET -2.346879 -2.126172 58.759239
BONES 1
BONE 6 1.000000

VERT 223
OFFSET -3.705224 -0.816928 57.638916
BONES 1
BONE 6 1.000000

VERT 224
OFFSET -4.006192 -0.363225 57.732269
BONES 3
BONE 6 1.000000
BONE 29 0.000000
BONE 26 0.000000

VERT 225
OFFSET -4.539191 -0.892786 59.344509
BONES 3
BONE 6 1.000000
BONE 29 0.000000
BONE 26 0.000000

VERT 226
OFFSET -4.737609 -0.492219 59.265152
BONES 1
BONE 6 1.000000

VERT 227
OFFSET -0.514522 -2.867713 60.650631
BONES 1
BONE 6 1.000000

VERT 228
OFFSET -0.478450 -2.523923 59.519234
BONES 1
BONE 6 1.000000

VERT 229
OFFSET -1.245838 -2.975339 61.477913
BONES 1
BONE 6 1.000000

VERT 230
OFFSET -0.359505 -2.735033 62.099682
BONES 1
BONE 6 1.000000

VERT 231
OFFSET -0.125177 -2.770297 61.086842
BONES 1
BONE 6 1.000000

VERT 232
OFFSET -0.121043 -2.510814 60.427876
BONES 1
BONE 6 1.000000

VERT 233
OFFSET 0.341211 -2.403193 61.682652
BONES 1
BONE 6 1.000000

VERT 234
OFFSET 0.759703 -1.668133 62.256554
BONES 1
BONE 6 1.000000

VERT 235
OFFSET 0.752173 -1.649771 61.646809
BONES 1
BONE 6 1.000000

VERT 236
OFFSET 0.486031 -1.656076 60.840431
BONES 1
BONE 6 1.000000

VERT 237
OFFSET 0.312581 -1.698593 63.469757
BONES 1
BONE 6 1.000000

VERT 238
OFFSET 0.600275 -0.596940 63.669518
BONES 1
BONE 6 1.000000

VERT 239
OFFSET 0.236450 -0.789345 59.855042
BONES 1
BONE 6 1.000000

VERT 240
OFFSET 0.001937 -2.007742 60.158566
BONES 1
BONE 6 1.000000

VERT 241
OFFSET 0.316803 -0.530608 59.753765
BONES 1
BONE 6 1.000000

VERT 242
OFFSET 0.088723 -1.486301 60.221481
BONES 1
BONE 6 1.000000

VERT 243
OFFSET -0.436221 -1.505600 59.718552
BONES 3
BONE 6 1.000000
BONE 29 0.000000
BONE 26 0.000000

VERT 244
OFFSET -0.190541 -2.269758 60.073650
BONES 1
BONE 6 1.000000

VERT 245
OFFSET -0.285203 -2.264747 59.685699
BONES 1
BONE 6 1.000000

VERT 246
OFFSET -0.430003 -2.273032 59.638565
BONES 1
BONE 6 1.000000

VERT 247
OFFSET -0.203291 -1.989261 59.266682
BONES 1
BONE 6 1.000000

VERT 248
OFFSET -0.347542 -1.955079 59.275887
BONES 1
BONE 6 1.000000

VERT 249
OFFSET -0.144720 -1.196307 59.133663
BONES 1
BONE 6 1.000000

VERT 250
OFFSET -0.090406 -0.798756 59.370506
BONES 1
BONE 6 1.000000

VERT 251
OFFSET 0.062702 -0.772900 59.462112
BONES 1
BONE 6 1.000000

VERT 252
OFFSET 0.127763 -0.748578 59.935448
BONES 1
BONE 6 1.000000

VERT 253
OFFSET 0.018424 -1.086809 59.172874
BONES 1
BONE 6 1.000000

VERT 254
OFFSET 0.138476 -1.234503 58.850071
BONES 1
BONE 6 1.000000

VERT 255
OFFSET 0.020828 -1.860485 58.720169
BONES 1
BONE 6 1.000000

VERT 256
OFFSET 0.082207 -0.586681 64.458099
BONES 1
BONE 6 1.000000

VERT 257
OFFSET -0.178324 -1.507408 64.377922
BONES 1
BONE 6 1.000000

VERT 258
OFFSET -0.488541 -2.007001 64.187653
BONES 1
BONE 6 1.000000

VERT 259
OFFSET -1.316782 -2.614179 63.653465
BONES 1
BONE 6 1.000000

VERT 260
OFFSET -2.370985 -3.021480 62.836746
BONES 1
BONE 6 1.000000

VERT 261
OFFSET -3.125129 -3.019731 62.188374
BONES 3
BONE 6 1.000000
BONE 29 0.000000
BONE 26 0.000000

VERT 262
OFFSET 1.043119 0.720847 61.098248
BONES 3
BONE 7 0.146378
BONE 9 0.004520
BONE 6 0.849102

VERT 263
OFFSET 0.778942 1.655796 60.836044
BONES 3
BONE 6 0.849941
BONE 9 0.073689
BONE 7 0.076370

VERT 264
OFFSET 0.987415 1.090017 61.170277
BONES 3
BONE 7 0.132218
BONE 9 0.018624
BONE 6 0.849157

VERT 265
OFFSET 0.983147 0.506033 60.622311
BONES 3
BONE 6 0.848640
BONE 9 0.004198
BONE 7 0.147162

VERT 266
OFFSET 0.727552 1.524551 60.581066
BONES 3
BONE 6 0.849954
BONE 9 0.056304
BONE 7 0.093743

VERT 267
OFFSET 0.597802 1.858577 60.568901
BONES 3
BONE 9 0.101512
BONE 7 0.048514
BONE 6 0.849974

VERT 268
OFFSET 0.455542 2.128941 60.498100
BONES 3
BONE 6 0.849567
BONE 7 0.016134
BONE 9 0.134299

VERT 269
OFFSET 0.323354 2.351815 60.377232
BONES 3
BONE 6 0.849920
BONE 7 0.006366
BONE 9 0.143714

VERT 270
OFFSET 0.747827 1.854598 61.154831
BONES 3
BONE 9 0.089435
BONE 7 0.060796
BONE 6 0.849768

VERT 271
OFFSET 0.476180 2.344498 61.003033
BONES 3
BONE 9 0.135755
BONE 7 0.014320
BONE 6 0.849925

VERT 272
OFFSET 0.007894 2.769725 60.316635
BONES 3
BONE 6 0.849404
BONE 7 0.008612
BONE 9 0.141985

VERT 273
OFFSET 0.053962 2.674042 60.227718
BONES 3
BONE 6 0.849840
BONE 7 0.008261
BONE 9 0.141900

VERT 274
OFFSET 0.182714 2.500287 60.261650
BONES 3
BONE 9 0.143565
BONE 7 0.006460
BONE 6 0.849975

VERT 275
OFFSET 0.233819 2.638328 60.814339
BONES 3
BONE 6 0.849970
BONE 7 0.005891
BONE 9 0.144139

VERT 276
OFFSET 0.901301 0.729683 60.460651
BONES 3
BONE 6 0.849454
BONE 9 0.004645
BONE 7 0.145901

VERT 277
OFFSET 0.934756 0.592942 60.504211
BONES 5
BONE 7 0.147961
BONE 9 0.003823
BONE 29 0.000000
BONE 26 0.000000
BONE 6 0.848215

VERT 278
OFFSET 1.039229 0.556763 60.945522
BONES 3
BONE 6 0.848918
BONE 9 0.004237
BONE 7 0.146845

VERT 279
OFFSET 0.104679 2.745920 60.666981
BONES 3
BONE 9 0.143479
BONE 7 0.006634
BONE 6 0.849887

VERT 280
OFFSET 0.003257 2.787530 60.434132
BONES 5
BONE 9 0.142035
BONE 7 0.008249
BONE 29 0.000000
BONE 26 0.000000
BONE 6 0.849716

VERT 281
OFFSET 1.043131 -0.720904 61.099823
BONES 3
BONE 10 0.004499
BONE 8 0.145662
BONE 6 0.849838

VERT 282
OFFSET 0.745811 -1.514430 60.575405
BONES 3
BONE 6 0.849874
BONE 8 0.094724
BONE 10 0.055402

VERT 283
OFFSET 0.987329 -1.090363 61.171299
BONES 3
BONE 10 0.018604
BONE 8 0.131943
BONE 6 0.849453

VERT 284
OFFSET 0.983156 -0.505951 60.623814
BONES 3
BONE 6 0.849984
BONE 8 0.145855
BONE 10 0.004161

VERT 285
OFFSET 0.610202 -1.867357 60.560959
BONES 3
BONE 8 0.048592
BONE 10 0.101451
BONE 6 0.849957

VERT 286
OFFSET 0.401195 -2.221299 60.458015
BONES 3
BONE 8 0.011789
BONE 10 0.138255
BONE 6 0.849956

VERT 287
OFFSET 0.415827 -2.459707 60.935726
BONES 3
BONE 6 0.849982
BONE 10 0.140381
BONE 8 0.009637

VERT 288
OFFSET 0.562122 -2.205208 61.055565
BONES 3
BONE 6 0.849940
BONE 10 0.127103
BONE 8 0.022958

VERT 289
OFFSET 0.767451 -1.799431 61.157913
BONES 3
BONE 8 0.066796
BONE 10 0.083329
BONE 6 0.849875

VERT 290
OFFSET 0.235263 -2.639194 60.809700
BONES 3
BONE 6 0.849925
BONE 10 0.144182
BONE 8 0.005893

VERT 291
OFFSET 0.053901 -2.674216 60.223228
BONES 3
BONE 6 0.849939
BONE 10 0.141806
BONE 8 0.008255

VERT 292
OFFSET 0.182666 -2.500425 60.257099
BONES 3
BONE 8 0.006467
BONE 10 0.143705
BONE 6 0.849828

VERT 293
OFFSET 0.003313 -2.765215 60.312866
BONES 3
BONE 6 0.850000
BONE 10 0.141421
BONE 8 0.008579

VERT 294
OFFSET 0.901437 -0.729194 60.462265
BONES 3
BONE 6 0.849954
BONE 8 0.145429
BONE 10 0.004617

VERT 295
OFFSET 0.934787 -0.592861 60.505726
BONES 6
BONE 10 0.003778
BONE 9 0.000000
BONE 8 0.146222
BONE 29 0.000000
BONE 26 0.000000
BONE 6 0.850000

VERT 296
OFFSET 1.039256 -0.556685 60.947025
BONES 3
BONE 6 0.849893
BONE 8 0.145897
BONE 10 0.004210

VERT 297
OFFSET 0.104590 -2.746109 60.662380
BONES 3
BONE 8 0.006636
BONE 10 0.143536
BONE 6 0.849828

VERT 298
OFFSET 0.003190 -2.787701 60.429642
BONES 6
BONE 8 0.008236
BONE 9 0.000000
BONE 10 0.141812
BONE 29 0.000000
BONE 26 0.000000
BONE 6 0.849952

VERT 299
OFFSET 0.596928 0.365130 59.104279
BONES 1
BONE 6 1.000000

VERT 300
OFFSET 0.693245 -0.006522 59.510727
BONES 1
BONE 6 1.000000

VERT 301
OFFSET 0.595463 -0.364703 59.104420
BONES 1
BONE 6 1.000000

VERT 302
OFFSET 0.508546 0.290663 59.652859
BONES 1
BONE 6 1.000000

VERT 303
OFFSET 0.503577 -0.284394 59.704105
BONES 1
BONE 6 1.000000

VERT 304
OFFSET 0.696575 0.301564 60.332882
BONES 1
BONE 6 1.000000

VERT 305
OFFSET 0.728737 0.098665 60.378658
BONES 1
BONE 6 1.000000

VERT 306
OFFSET 0.681506 -0.303770 60.338982
BONES 1
BONE 6 1.000000

VERT 307
OFFSET 0.743946 -0.150386 60.364658
BONES 4
BONE 6 1.000000
BONE 32 0.000000
BONE 29 0.000000
BONE 26 0.000000

VERT 308
OFFSET 1.176633 0.000043 58.659168
BONES 1
BONE 6 1.000000

VERT 309
OFFSET 0.905341 -0.339005 58.577007
BONES 1
BONE 6 1.000000

VERT 310
OFFSET 0.905385 0.338904 58.577095
BONES 1
BONE 6 1.000000

VERT 311
OFFSET 0.767754 0.335488 58.237389
BONES 2
BONE 31 0.031857
BONE 6 0.968143

VERT 312
OFFSET 0.947394 0.000002 58.176502
BONES 3
BONE 29 0.000928
BONE 30 0.000928
BONE 6 0.998145

VERT 313
OFFSET 0.767778 -0.335483 58.237366
BONES 2
BONE 32 0.031859
BONE 6 0.968141

VERT 314
OFFSET 0.267235 0.197364 57.790073
BONES 3
BONE 30 0.100000
BONE 29 0.100000
BONE 6 0.800000

VERT 315
OFFSET 0.278191 0.346709 58.026909
BONES 3
BONE 6 0.800000
BONE 29 0.100000
BONE 30 0.100000

VERT 316
OFFSET 0.253483 0.302846 58.032745
BONES 3
BONE 6 0.800000
BONE 29 0.100000
BONE 30 0.100000

VERT 317
OFFSET 0.417689 -0.139628 57.998856
BONES 3
BONE 6 0.800000
BONE 29 0.100000
BONE 30 0.100000

VERT 318
OFFSET 0.316238 0.214014 58.037529
BONES 3
BONE 30 0.100000
BONE 29 0.100000
BONE 6 0.800000

VERT 319
OFFSET 0.052463 0.413811 57.834213
BONES 3
BONE 6 0.800000
BONE 29 0.100000
BONE 30 0.100000

VERT 320
OFFSET 0.114854 0.413338 58.067970
BONES 3
BONE 30 0.100000
BONE 6 0.800000
BONE 29 0.100000

VERT 321
OFFSET 0.352932 0.074387 58.025356
BONES 3
BONE 30 0.100000
BONE 29 0.100000
BONE 6 0.800000

VERT 322
OFFSET 0.354544 -0.064414 58.029133
BONES 3
BONE 30 0.100000
BONE 29 0.100000
BONE 6 0.800000

VERT 323
OFFSET 0.004392 0.459419 58.096703
BONES 3
BONE 30 0.100000
BONE 29 0.100000
BONE 6 0.800000

VERT 324
OFFSET -0.287432 0.495179 57.921574
BONES 3
BONE 6 0.800000
BONE 29 0.100000
BONE 30 0.100000

VERT 325
OFFSET -0.233398 0.506779 58.145771
BONES 3
BONE 6 0.800000
BONE 29 0.100000
BONE 30 0.100000

VERT 326
OFFSET -0.265478 0.519317 58.178783
BONES 6
BONE 31 0.000000
BONE 6 0.800000
BONE 35 0.000000
BONE 29 0.100000
BONE 26 0.000000
BONE 30 0.100000

VERT 327
OFFSET 0.285026 -0.171831 57.790871
BONES 3
BONE 30 0.100000
BONE 6 0.800000
BONE 29 0.100000

VERT 328
OFFSET 0.030993 -0.452828 57.845093
BONES 3
BONE 6 0.800000
BONE 29 0.100000
BONE 30 0.100000

VERT 329
OFFSET 0.106968 -0.418533 58.072094
BONES 3
BONE 29 0.100000
BONE 6 0.800000
BONE 30 0.100000

VERT 330
OFFSET 0.291265 -0.249446 58.038540
BONES 3
BONE 30 0.100000
BONE 29 0.100000
BONE 6 0.800000

VERT 331
OFFSET 0.114854 -0.413337 58.067970
BONES 3
BONE 30 0.100000
BONE 6 0.800000
BONE 29 0.100000

VERT 332
OFFSET 0.314985 -0.213691 58.025608
BONES 3
BONE 30 0.100000
BONE 29 0.100000
BONE 6 0.800000

VERT 333
OFFSET 0.045378 -0.507667 58.070087
BONES 3
BONE 30 0.100000
BONE 29 0.100000
BONE 6 0.800000

VERT 334
OFFSET -0.265478 -0.519316 58.178783
BONES 6
BONE 32 0.000000
BONE 6 0.800000
BONE 35 0.000000
BONE 29 0.100000
BONE 26 0.000000
BONE 30 0.100000

VERT 335
OFFSET -0.286835 -0.494598 57.922985
BONES 3
BONE 30 0.100000
BONE 29 0.100000
BONE 6 0.800000

VERT 336
OFFSET -0.233398 -0.506778 58.145771
BONES 3
BONE 6 0.800000
BONE 29 0.100000
BONE 30 0.100000

VERT 337
OFFSET -0.062673 0.344757 57.788719
BONES 3
BONE 25 0.100000
BONE 6 0.800000
BONE 26 0.100000

VERT 338
OFFSET 0.128254 0.092658 57.758179
BONES 3
BONE 25 0.100000
BONE 6 0.800000
BONE 26 0.100000

VERT 339
OFFSET 0.007890 0.209584 57.495529
BONES 3
BONE 25 0.100000
BONE 6 0.800000
BONE 26 0.100000

VERT 340
OFFSET 0.052230 -0.110050 57.487232
BONES 3
BONE 26 0.100000
BONE 6 0.800000
BONE 25 0.100000

VERT 341
OFFSET 0.003035 0.006513 57.494793
BONES 3
BONE 26 0.100000
BONE 6 0.800000
BONE 25 0.100000

VERT 342
OFFSET -0.173383 0.312917 57.509418
BONES 6
BONE 31 0.000000
BONE 25 0.100000
BONE 35 0.000000
BONE 6 0.800000
BONE 29 0.000000
BONE 26 0.100000

VERT 343
OFFSET 0.001825 0.000001 57.487656
BONES 5
BONE 35 0.000000
BONE 25 0.100000
BONE 6 0.800000
BONE 29 0.000000
BONE 26 0.100000

VERT 344
OFFSET -0.034941 0.147002 57.491325
BONES 3
BONE 26 0.100000
BONE 6 0.800000
BONE 25 0.100000

VERT 345
OFFSET -0.034968 0.146958 57.488022
BONES 3
BONE 26 0.100000
BONE 6 0.800000
BONE 25 0.100000

VERT 346
OFFSET -0.456646 0.469411 57.859055
BONES 3
BONE 26 0.100000
BONE 6 0.800000
BONE 25 0.100000

VERT 347
OFFSET -0.449032 0.515761 57.587257
BONES 3
BONE 25 0.100000
BONE 6 0.800000
BONE 26 0.100000

VERT 348
OFFSET -0.231904 0.359425 57.540089
BONES 3
BONE 25 0.100000
BONE 6 0.800000
BONE 26 0.100000

VERT 349
OFFSET -0.412586 0.445053 57.554546
BONES 3
BONE 25 0.100000
BONE 6 0.800000
BONE 26 0.100000

VERT 350
OFFSET -0.508306 0.440257 57.606270
BONES 3
BONE 25 0.100000
BONE 26 0.100000
BONE 6 0.800000

VERT 351
OFFSET -0.547132 0.440759 57.584297
BONES 3
BONE 25 0.100000
BONE 26 0.100000
BONE 6 0.800000

VERT 352
OFFSET 0.035812 -0.297294 57.765003
BONES 3
BONE 26 0.100000
BONE 6 0.800000
BONE 25 0.100000

VERT 353
OFFSET -0.047322 -0.270444 57.755856
BONES 3
BONE 25 0.100000
BONE 6 0.800000
BONE 26 0.100000

VERT 354
OFFSET -0.177633 -0.315081 57.510029
BONES 3
BONE 25 0.100000
BONE 6 0.800000
BONE 26 0.100000

VERT 355
OFFSET -0.034941 -0.147000 57.491325
BONES 3
BONE 26 0.100000
BONE 6 0.800000
BONE 25 0.100000

VERT 356
OFFSET -0.034968 -0.146957 57.488022
BONES 3
BONE 26 0.100000
BONE 6 0.800000
BONE 25 0.100000

VERT 357
OFFSET -0.456645 -0.469409 57.859055
BONES 3
BONE 26 0.100000
BONE 6 0.800000
BONE 25 0.100000

VERT 358
OFFSET -0.231774 -0.366351 57.516041
BONES 3
BONE 26 0.100000
BONE 6 0.800000
BONE 25 0.100000

VERT 359
OFFSET -0.412586 -0.445052 57.554546
BONES 3
BONE 25 0.100000
BONE 6 0.800000
BONE 26 0.100000

VERT 360
OFFSET -0.527078 -0.449723 57.593822
BONES 3
BONE 25 0.100000
BONE 26 0.100000
BONE 6 0.800000

VERT 361
OFFSET -0.547132 -0.440758 57.584297
BONES 3
BONE 25 0.100000
BONE 26 0.100000
BONE 6 0.800000

VERT 362
OFFSET 0.204883 0.760444 59.764462
BONES 1
BONE 6 1.000000

VERT 363
OFFSET 0.251830 0.886205 59.924805
BONES 1
BONE 6 1.000000

VERT 364
OFFSET 0.237041 1.227463 60.073673
BONES 1
BONE 6 1.000000

VERT 365
OFFSET 0.676851 0.452448 60.308300
BONES 1
BONE 6 1.000000

VERT 366
OFFSET 0.149738 1.647005 60.160084
BONES 1
BONE 6 1.000000

VERT 367
OFFSET -0.043776 2.088706 60.121704
BONES 1
BONE 6 1.000000

VERT 368
OFFSET 0.713066 1.441878 61.284576
BONES 1
BONE 6 1.000000

VERT 369
OFFSET 0.142716 2.288499 60.670929
BONES 1
BONE 6 1.000000

VERT 370
OFFSET 0.559981 1.838164 61.281963
BONES 1
BONE 6 1.000000

VERT 371
OFFSET -0.161267 2.268202 60.022938
BONES 1
BONE 6 1.000000

VERT 372
OFFSET 0.285090 2.267114 61.160389
BONES 1
BONE 6 1.000000

VERT 373
OFFSET -0.249428 2.289608 59.783630
BONES 1
BONE 6 1.000000

VERT 374
OFFSET -0.259545 2.125882 59.416161
BONES 1
BONE 6 1.000000

VERT 375
OFFSET -0.219689 2.256442 59.147663
BONES 1
BONE 6 1.000000

VERT 376
OFFSET -0.320228 2.590962 60.054649
BONES 1
BONE 6 1.000000

VERT 377
OFFSET -0.004803 1.794721 58.971409
BONES 1
BONE 6 1.000000

VERT 378
OFFSET -0.596268 2.552562 59.347641
BONES 1
BONE 6 1.000000

VERT 379
OFFSET -0.652275 2.672140 59.780346
BONES 1
BONE 6 1.000000

VERT 380
OFFSET -0.520030 2.744727 60.231354
BONES 1
BONE 6 1.000000

VERT 381
OFFSET -0.265733 2.729970 60.672512
BONES 1
BONE 6 1.000000

VERT 382
OFFSET -0.137990 1.749941 59.206158
BONES 1
BONE 6 1.000000

VERT 383
OFFSET -0.213938 2.007536 59.313427
BONES 1
BONE 6 1.000000

VERT 384
OFFSET 0.153020 1.201742 58.921906
BONES 1
BONE 6 1.000000

VERT 385
OFFSET 0.099587 0.927664 59.086346
BONES 1
BONE 6 1.000000

VERT 386
OFFSET 0.306127 0.748041 59.110340
BONES 4
BONE 6 1.000000
BONE 32 0.000000
BONE 29 0.000000
BONE 26 0.000000

VERT 387
OFFSET 0.449658 0.550826 59.170876
BONES 3
BONE 6 1.000000
BONE 29 0.000000
BONE 26 0.000000

VERT 388
OFFSET 0.071132 0.774170 59.479641
BONES 1
BONE 6 1.000000

VERT 389
OFFSET 0.422071 0.412165 59.571503
BONES 1
BONE 6 1.000000

VERT 390
OFFSET 0.044902 0.953814 59.270061
BONES 1
BONE 6 1.000000

VERT 391
OFFSET 0.062353 1.149465 59.191631
BONES 1
BONE 6 1.000000

VERT 392
