// Export time: Fri Oct 30 11:02:00 2020

// Exported using Blender v2.90.1
// Export filename: 'E:/blackops3/mod_xmodel/iw4/ump40/ch_body_gk_ump40_lod1.XMODEL_EXPORT'
// Source filename: 'E:/blackops3/mod_xmodel/iw4/ump40/ump40.blend'
MODEL
VERSION 6

NUMBONES 107
BONE 0 -1 "tag_origin"
BONE 1 0 "j_mainroot"
BONE 2 1 "j_hip_le"
BONE 3 2 "j_knee_le"
BONE 4 3 "j_ankle_le"
BONE 5 4 "j_ball_le"
BONE 6 1 "j_hip_ri"
BONE 7 6 "j_knee_ri"
BONE 8 7 "j_ankle_ri"
BONE 9 8 "j_ball_ri"
BONE 10 1 "j_spinelower"
BONE 11 10 "j_spineupper"
BONE 12 11 "j_spine4"
BONE 13 12 "j_clavicle_le"
BONE 14 13 "j_shoulder_le"
BONE 15 14 "j_elbow_le"
BONE 16 15 "j_wrist_le"
BONE 17 16 "j_index_le_1"
BONE 18 17 "j_index_le_2"
BONE 19 18 "j_index_le_3"
BONE 20 16 "j_mid_le_1"
BONE 21 20 "j_mid_le_2"
BONE 22 21 "j_mid_le_3"
BONE 23 16 "j_pinky_le_1"
BONE 24 23 "j_pinky_le_2"
BONE 25 24 "j_pinky_le_3"
BONE 26 16 "j_ring_le_1"
BONE 27 26 "j_ring_le_2"
BONE 28 27 "j_ring_le_3"
BONE 29 16 "j_thumb_le_1"
BONE 30 29 "j_thumb_le_2"
BONE 31 30 "j_thumb_le_3"
BONE 32 16 "j_wrist_le1"
BONE 33 32 "tag_weapon_left"
BONE 34 15 "j_wristtwist_le"
BONE 35 14 "j_shouldertwist_le"
BONE 36 35 "tag_reflector_arm_le"
BONE 37 12 "j_clavicle_ri"
BONE 38 37 "j_shoulder_ri"
BONE 39 38 "j_elbow_ri"
BONE 40 39 "j_wrist_ri"
BONE 41 40 "j_index_ri_1"
BONE 42 41 "j_index_ri_2"
BONE 43 42 "j_index_ri_3"
BONE 44 40 "j_mid_ri_1"
BONE 45 44 "j_mid_ri_2"
BONE 46 45 "j_mid_ri_3"
BONE 47 40 "j_pinky_ri_1"
BONE 48 47 "j_pinky_ri_2"
BONE 49 48 "j_pinky_ri_3"
BONE 50 40 "j_ring_ri_1"
BONE 51 50 "j_ring_ri_2"
BONE 52 51 "j_ring_ri_3"
BONE 53 40 "j_thumb_ri_1"
BONE 54 53 "j_thumb_ri_2"
BONE 55 54 "j_thumb_ri_3"
BONE 56 40 "j_wrist_ri1"
BONE 57 56 "tag_weapon_right"
BONE 58 56 "j_gun"
BONE 59 39 "j_wristtwist_ri"
BONE 60 38 "j_shouldertwist_ri"
BONE 61 60 "tag_reflector_arm_ri"
BONE 62 12 "j_neck"
BONE 63 62 "j_head"
BONE 64 63 "j_brow_le"
BONE 65 63 "j_brow_ri"
BONE 66 63 "j_browouter_le"
BONE 67 63 "j_browouter_ri"
BONE 68 63 "j_cheek_le"
BONE 69 63 "j_cheek_ri"
BONE 70 63 "j_cheeklower_le"
BONE 71 63 "j_cheeklower_ri"
BONE 72 63 "j_eye_lid_bot_le"
BONE 73 63 "j_eye_lid_bot_ri"
BONE 74 63 "j_eye_lid_top_le"
BONE 75 63 "j_eye_lid_top_ri"
BONE 76 63 "j_eyeball_le"
BONE 77 63 "j_eyeball_ri"
BONE 78 63 "j_head_end"
BONE 79 78 "j_helmet"
BONE 80 63 "j_jaw"
BONE 81 80 "j_chin_skinroll"
BONE 82 80 "j_lip_bot_le"
BONE 83 80 "j_lip_bot_ri"
BONE 84 63 "j_levator_le"
BONE 85 63 "j_levator_ri"
BONE 86 63 "j_lip_top_le"
BONE 87 63 "j_lip_top_ri"
BONE 88 63 "j_mouth_le"
BONE 89 63 "j_mouth_ri"
BONE 90 63 "j_nvg"
BONE 91 63 "tag_eye"
BONE 92 12 "j_shoulderraise_le"
BONE 93 12 "j_shoulderraise_ri"
BONE 94 12 "tag_bipod"
BONE 95 12 "tag_inhand"
BONE 96 12 "tag_shield_back"
BONE 97 12 "tag_stowed_back"
BONE 98 12 "tag_weapon_chest"
BONE 99 11 "bhair1"
BONE 100 11 "belt1"
BONE 101 100 "belt2"
BONE 102 101 "belt3"
BONE 103 102 "belt4"
BONE 104 103 "belt5"
BONE 105 1 "tag_stowed_hip_rear"
BONE 106 0 "tag_sync"

BONE 0
OFFSET 0.000000 0.000000 0.000000
SCALE 1.000000 1.000000 1.000000
X 1.000000 0.000000 0.000000
Y 0.000000 1.000000 0.000000
Z 0.000000 0.000000 1.000000

BONE 1
OFFSET -1.699350 -0.000069 38.994144
SCALE 1.000000 1.000000 1.000000
X -0.024727 -0.000056 0.999694
Y 0.999694 0.000059 0.024727
Z -0.000060 1.000000 0.000054

BONE 2
OFFSET -1.529230 3.665133 37.513363
SCALE 1.000000 1.000000 1.000000
X -0.014666 -0.026070 -0.999552
Y 0.999884 -0.004518 -0.014553
Z -0.004137 -0.999650 0.026133

BONE 3
OFFSET -1.758709 3.257379 21.882116
SCALE 1.000000 1.000000 1.000000
X -0.177133 0.022127 -0.983938
Y 0.984107 -0.008706 -0.177359
Z -0.012491 -0.999717 -0.020233

BONE 4
OFFSET -4.909126 3.650878 4.386026
SCALE 1.000000 1.000000 1.000000
X -0.100764 0.028402 -0.994505
Y 0.994468 -0.026909 -0.101529
Z -0.029645 -0.999234 -0.025533

BONE 5
OFFSET -0.540443 3.693106 0.043651
SCALE 1.000000 1.000000 1.000000
X 0.996859 -0.031429 0.072692
Y -0.073439 -0.023306 0.997027
Z -0.029642 -0.999234 -0.025541

BONE 6
OFFSET -1.531362 -3.665125 37.513412
SCALE 1.000000 1.000000 1.000000
X 0.014494 -0.026604 0.999459
Y -0.999895 -0.000210 0.014498
Z -0.000176 -0.999646 -0.026605

BONE 7
OFFSET -1.759100 -3.249070 21.880733
SCALE 1.000000 1.000000 1.000000
X 0.177171 0.022643 0.983838
Y -0.984145 -0.004350 0.177303
Z 0.008295 -0.999734 0.021508

BONE 8
OFFSET -4.910926 -3.651747 4.383163
SCALE 1.000000 1.000000 1.000000
X 0.100819 0.029257 0.994393
Y -0.994319 -0.031328 0.101722
Z 0.034131 -0.999081 0.025926

BONE 9
OFFSET -0.543588 -3.676145 0.039392
SCALE 1.000000 1.000000 1.000000
X -0.996728 -0.035923 -0.072398
Y 0.073274 -0.023365 -0.996957
Z 0.034125 -0.999081 0.025915

BONE 10
OFFSET -1.293807 -0.000004 42.047592
SCALE 1.000000 1.000000 1.000000
X -0.029897 -0.000051 0.999553
Y 0.999553 0.000059 0.029897
Z -0.000060 1.000000 0.000049

BONE 11
OFFSET -1.742934 -0.000006 46.005100
SCALE 1.000000 1.000000 1.000000
X 0.020431 -0.000061 0.999791
Y 0.999791 0.000062 -0.020431
Z -0.000060 1.000000 0.000063

BONE 12
OFFSET -1.979001 -0.000198 49.126610
SCALE 1.000000 1.000000 1.000000
X 0.046979 -0.000059 0.998896
Y 0.998896 0.000063 -0.046979
Z -0.000060 1.000000 0.000061

BONE 13
OFFSET -2.631865 0.897177 52.598801
SCALE 1.000000 1.000000 1.000000
X 0.022160 0.997194 0.072216
Y -0.999643 0.021024 0.016472
Z 0.014907 -0.072623 0.997272

BONE 14
OFFSET -2.608607 3.667905 51.681885
SCALE 1.000000 1.000000 1.000000
X 0.006596 0.779161 -0.626907
Y -0.994571 -0.059989 -0.085024
Z -0.103847 0.624036 0.774466

BONE 15
OFFSET -2.863855 10.580904 46.251457
SCALE 1.000000 1.000000 1.000000
X 0.034756 0.789319 -0.613120
Y -0.994086 -0.035849 -0.102511
Z -0.102886 0.613027 0.783335

BONE 16
OFFSET -2.482374 17.726284 40.502113
SCALE 1.000000 1.000000 1.000000
X -0.104658 0.715802 -0.690518
Y -0.152479 -0.697649 -0.700032
Z -0.982749 0.032016 0.182151

BONE 17
OFFSET -1.495689 20.203365 38.525360
SCALE 1.000000 1.000000 1.000000
X 0.016356 0.744191 -0.667875
Y -0.291528 -0.635368 -0.715068
Z -0.956422 0.206395 0.206539

BONE 18
OFFSET -1.477554 21.031094 37.782112
SCALE 1.000000 1.000000 1.000000
X 0.016863 0.745202 -0.666734
Y -0.291520 -0.634168 -0.716136
Z -0.956416 0.206438 0.206526

BONE 19
OFFSET -1.466219 21.534294 37.331680
SCALE 1.000000 1.000000 1.000000
X 0.023884 0.760096 -0.649484
Y -0.291025 -0.616220 -0.731834
Z -0.956417 0.206491 0.206468

BONE 20
OFFSET -2.170884 20.229471 38.587818
SCALE 1.000000 1.000000 1.000000
X -0.009996 0.740191 -0.672429
Y -0.134037 -0.667362 -0.732576
Z -0.990926 0.082804 0.105874

BONE 21
OFFSET -2.183655 21.172758 37.730526
SCALE 1.000000 1.000000 1.000000
X -0.010255 0.738705 -0.674058
Y -0.133945 -0.669010 -0.731089
Z -0.990936 0.082787 0.105797

BONE 22
OFFSET -2.191176 21.706320 37.243519
SCALE 1.000000 1.000000 1.000000
X -0.012855 0.725450 -0.688259
Y -0.133641 -0.683365 -0.717747
Z -0.990946 0.082750 0.105725

BONE 23
OFFSET -3.373767 19.916338 38.688862
SCALE 1.000000 1.000000 1.000000
X 0.014302 0.725717 -0.687948
Y -0.118917 -0.681878 -0.721740
Z -0.992801 0.092131 0.076538

BONE 24
OFFSET -3.358388 20.698507 37.947037
SCALE 1.000000 1.000000 1.000000
X 0.068946 0.718967 -0.691718
Y -0.118846 -0.682489 -0.721174
Z -0.990516 0.131934 0.038381

BONE 25
OFFSET -3.317598 21.124920 37.536671
SCALE 1.000000 1.000000 1.000000
X 0.068845 0.718135 -0.692592
Y -0.118800 -0.683376 -0.720341
Z -0.990529 0.131875 0.038256

BONE 26
OFFSET -2.789100 20.108965 38.594551
SCALE 1.000000 1.000000 1.000000
X 0.030733 0.752235 -0.658288
Y -0.076815 -0.654849 -0.751849
Z -0.996571 0.073675 0.037650

BONE 27
OFFSET -2.753588 20.979269 37.832493
SCALE 1.000000 1.000000 1.000000
X 0.030420 0.749002 -0.661979
Y -0.076833 -0.658548 -0.748609
Z -0.996580 0.073636 0.037508

BONE 28
OFFSET -2.730318 21.555048 37.323536
SCALE 1.000000 1.000000 1.000000
X 0.044822 0.862828 -0.503655
Y -0.069395 -0.500216 -0.863115
Z -0.996582 0.073639 0.037448

BONE 29
OFFSET -1.308965 18.043560 39.443588
SCALE 1.000000 1.000000 1.000000
X 0.389391 0.585437 -0.711161
Y -0.902032 0.398559 -0.165882
Z 0.186312 0.706064 0.683207

BONE 30
OFFSET -0.831994 18.761147 38.571819
SCALE 1.000000 1.000000 1.000000
X 0.331513 0.603226 -0.725490
Y -0.924242 0.362027 -0.121386
Z 0.189409 0.710750 0.677472

BONE 31
OFFSET -0.579342 19.221233 38.018444
SCALE 1.000000 1.000000 1.000000
X 0.425435 0.599416 -0.678097
Y -0.888956 0.417209 -0.189016
Z 0.169596 0.683190 0.710279

BONE 32
OFFSET 1.389601 15.471975 39.820213
SCALE 1.000000 1.000000 1.000000
X -0.104650 0.715784 -0.690538
Y -0.152477 -0.697667 -0.700015
Z -0.982751 0.032025 0.182142

BONE 33
OFFSET 12.114244 -5.834133 24.328068
SCALE 1.000000 1.000000 1.000000
X 0.537219 0.621063 -0.570770
Y -0.432922 0.783793 0.445284
Z 0.723860 0.007837 0.689915

BONE 34
OFFSET -2.593977 15.634214 42.185173
SCALE 1.000000 1.000000 1.000000
X 0.034747 0.789316 -0.613124
Y -0.994092 -0.035821 -0.102460
Z -0.102829 0.613032 0.783339

BONE 35
OFFSET -2.606284 3.937779 51.464779
SCALE 1.000000 1.000000 1.000000
X 0.006562 0.779300 -0.626735
Y -0.994570 -0.060004 -0.085024
Z -0.103859 0.623862 0.774605

BONE 36
OFFSET -2.504143 5.419578 52.364986
SCALE 1.000000 1.000000 1.000000
X 0.016609 0.359490 0.933003
Y -0.943171 -0.304127 0.133981
Z 0.331892 -0.882262 0.334055

BONE 37
OFFSET -2.631876 -0.897238 52.598797
SCALE 1.000000 1.000000 1.000000
X -0.019467 0.997197 -0.072245
Y 0.999656 0.018144 -0.018933
Z -0.017569 -0.072588 -0.997207

BONE 38
OFFSET -2.608702 -3.667962 51.681885
SCALE 1.000000 1.000000 1.000000
X -0.007028 0.779378 0.626514
Y 0.994889 -0.057660 0.082889
Z 0.100727 0.623895 -0.774990

BONE 39
OFFSET -2.861212 -10.584095 46.254776
SCALE 1.000000 1.000000 1.000000
X -0.035077 0.789364 0.612923
Y 0.994420 -0.033490 0.100040
Z 0.099494 0.613012 -0.783784

BONE 40
OFFSET -2.477213 -17.731306 40.507660
SCALE 1.000000 1.000000 1.000000
X 0.039870 0.670852 0.740518
Y 0.003744 -0.741203 0.671271
Z 0.999198 -0.023991 -0.032064

BONE 41
OFFSET -1.532081 -20.205166 38.627796
SCALE 1.000000 1.000000 1.000000
X -0.047040 0.704725 0.707919
Y 0.141671 -0.696833 0.703102
Z 0.988795 0.133366 -0.067059

BONE 42
OFFSET -1.481292 -20.966904 37.862442
SCALE 1.000000 1.000000 1.000000
X 0.000342 0.710086 0.704114
Y 0.141694 -0.697045 0.702888
Z 0.989910 0.099529 -0.100853

BONE 43
OFFSET -1.481480 -21.474339 37.359421
SCALE 1.000000 1.000000 1.000000
X 0.002238 0.700655 0.713497
Y 0.141698 -0.706522 0.693360
Z 0.989907 0.099550 -0.100863

BONE 44
OFFSET -2.142943 -20.240513 38.674065
SCALE 1.000000 1.000000 1.000000
X 0.007285 0.737061 0.675787
Y -0.017359 -0.675610 0.737055
Z 0.999823 -0.017101 0.007873

BONE 45
OFFSET -2.152543 -21.204906 37.789925
SCALE 1.000000 1.000000 1.000000
X 0.007301 0.739198 0.673449
Y -0.017298 -0.673273 0.739192
Z 0.999824 -0.017046 0.007871

BONE 46
OFFSET -2.157906 -21.751650 37.291832
SCALE 1.000000 1.000000 1.000000
X 0.005700 0.675242 0.737574
Y -0.017924 -0.737399 0.675220
Z 0.999823 -0.017069 0.007900

BONE 47
OFFSET -3.416359 -19.839758 38.669212
SCALE 1.000000 1.000000 1.000000
X -0.044648 0.751151 0.658619
Y -0.028176 -0.659961 0.750771
Z 0.998605 0.014964 0.050631

BONE 48
OFFSET -3.374071 -20.550549 38.046017
SCALE 1.000000 1.000000 1.000000
X -0.069906 0.748850 0.659042
Y -0.028059 -0.661873 0.749090
Z 0.997159 0.033874 0.067281

BONE 49
OFFSET -3.337989 -20.937910 37.705181
SCALE 1.000000 1.000000 1.000000
X -0.019703 0.738177 0.674319
Y -0.026873 -0.674598 0.737696
Z 0.999444 -0.003586 0.033129

BONE 50
OFFSET -2.799001 -20.110357 38.678558
SCALE 1.000000 1.000000 1.000000
X -0.031139 0.748562 0.662333
Y -0.073198 -0.662583 0.745403
Z 0.996831 -0.025270 0.075426

BONE 51
OFFSET -2.763170 -20.974464 37.914017
SCALE 1.000000 1.000000 1.000000
X -0.031037 0.750059 0.660642
Y -0.073220 -0.660891 0.746902
Z 0.996833 -0.025190 0.075431

BONE 52
OFFSET -2.739212 -21.551579 37.405655
SCALE 1.000000 1.000000 1.000000
X -0.024006 0.809125 0.587146
Y -0.075828 -0.587098 0.805957
Z 0.996832 -0.025174 0.075448

BONE 53
OFFSET -1.309385 -18.043856 39.443550
SCALE 1.000000 1.000000 1.000000
X -0.399621 0.581058 0.708995
Y 0.916580 0.264720 0.299673
Z -0.013558 0.769607 -0.638374

BONE 54
OFFSET -0.821884 -18.753027 38.578114
SCALE 1.000000 1.000000 1.000000
X -0.346967 0.595138 0.724861
Y 0.937779 0.231331 0.258952
Z -0.013570 0.769608 -0.638372

BONE 55
OFFSET -0.556480 -19.208376 38.023533
SCALE 1.000000 1.000000 1.000000
X -0.306600 0.604467 0.735265
Y 0.951743 0.205639 0.227812
Z -0.013494 0.769631 -0.638346

BONE 56
OFFSET -6.531875 -19.755573 40.469883
SCALE 1.000000 1.000000 1.000000
X 0.039871 0.670851 0.740519
Y 0.003744 -0.741204 0.671269
Z 0.999198 -0.023991 -0.032064

BONE 57
OFFSET -10.832117 -24.950426 39.270164
SCALE 1.000000 1.000000 1.000000
X 0.580755 -0.624687 -0.522005
Y 0.510831 0.778909 -0.363803
Z 0.633857 -0.055376 0.771465

BONE 58
OFFSET -10.832114 -24.950422 39.270164
SCALE 1.000000 1.000000 1.000000
X 0.580557 -0.625260 -0.521539
Y 0.540474 0.775005 -0.327499
Z 0.608967 -0.091746 0.787871

BONE 59
OFFSET -2.589646 -15.638845 42.190254
SCALE 1.000000 1.000000 1.000000
X -0.035115 0.789368 0.612915
Y 0.994421 -0.033442 0.100041
Z 0.099466 0.613009 -0.783790

BONE 60
OFFSET -2.606526 -3.910962 51.486549
SCALE 1.000000 1.000000 1.000000
X -0.007024 0.779382 0.626509
Y 0.994889 -0.057664 0.082888
Z 0.100729 0.623890 -0.774994

BONE 61
OFFSET -2.498648 -5.392400 52.386669
SCALE 1.000000 1.000000 1.000000
X -0.063065 -0.404929 0.912171
Y 0.928395 -0.359178 -0.095259
Z 0.366204 0.840847 0.398585

BONE 62
OFFSET -3.185500 -0.000025 53.374882
SCALE 1.000000 1.000000 1.000000
X 0.309748 -0.000043 0.950819
Y 0.950819 0.000075 -0.309748
Z -0.000058 1.000000 0.000064

BONE 63
OFFSET -2.587071 -0.000040 55.608479
SCALE 1.000000 1.000000 1.000000
X 0.216390 -0.000041 0.976307
Y 0.976307 0.000072 -0.216390
Z -0.000061 1.000000 0.000055

BONE 64
OFFSET 0.786589 1.140737 58.686729
SCALE 1.000000 1.000000 1.000000
X 0.000653 1.000000 -0.000115
Y -0.998862 0.000646 -0.047681
Z -0.047681 0.000146 0.998863

BONE 65
OFFSET 0.795593 -1.162164 58.694046
SCALE 1.000000 1.000000 1.000000
X 0.000012 1.000000 0.000093
Y 0.998888 -0.000016 0.047142
Z 0.047142 0.000092 -0.998888

BONE 66
OFFSET 0.479243 1.959830 58.959919
SCALE 1.000000 1.000000 1.000000
X 0.000646 0.999998 -0.000131
Y -0.998862 0.000638 -0.047683
Z -0.047683 0.000161 0.998862

BONE 67
OFFSET 0.505119 -1.936294 58.951260
SCALE 1.000000 1.000000 1.000000
X 0.000006 1.000000 0.000098
Y 0.998892 -0.000011 0.047057
Z 0.047057 0.000098 -0.998892

BONE 68
OFFSET -0.318794 1.654189 57.645622
SCALE 1.000000 1.000000 1.000000
X 0.000646 0.999996 -0.000131
Y -0.998871 0.000638 -0.047507
Z -0.047507 0.000162 0.998871

BONE 69
OFFSET -0.336617 -1.587850 57.703220
SCALE 1.000000 1.000000 1.000000
X 0.000018 1.000000 0.000086
Y 0.998888 -0.000022 0.047141
Z 0.047141 0.000085 -0.998888

BONE 70
OFFSET -0.327737 1.486343 56.596706
SCALE 1.000000 1.000000 1.000000
X 0.170291 0.000002 0.985394
Y 0.985394 0.000014 -0.170291
Z -0.000014 1.000000 0.000001

BONE 71
OFFSET -0.288356 -1.483931 56.623402
SCALE 1.000000 1.000000 1.000000
X 0.170383 0.000002 0.985378
Y 0.985378 0.000003 -0.170383
Z -0.000003 1.000000 -0.000002

BONE 72
OFFSET -0.547580 1.006466 58.132462
SCALE 1.000000 1.000000 1.000000
X -0.065617 0.997119 0.038027
Y -0.996949 -0.063896 -0.044838
Z -0.042279 -0.040854 0.998270

BONE 73
OFFSET -0.547302 -0.960262 58.126572
SCALE 1.000000 1.000000 1.000000
X 0.066597 0.997041 -0.038387
Y 0.996923 -0.064897 0.043953
Z 0.041332 -0.041196 -0.998296

BONE 74
OFFSET -0.547200 1.005574 58.197773
SCALE 1.000000 1.000000 1.000000
X -0.065492 0.997130 0.037995
Y -0.996961 -0.063775 -0.044748
Z -0.042197 -0.040810 0.998276

BONE 75
OFFSET -0.546643 -0.961461 58.185966
SCALE 1.000000 1.000000 1.000000
X 0.066549 0.997045 -0.038382
Y 0.996938 -0.064860 0.043681
Z 0.041063 -0.041171 -0.998308

BONE 76
OFFSET -1.967261 0.938973 57.832325
SCALE 1.000000 1.000000 1.000000
X -0.205905 0.978520 -0.010105
Y -0.977366 -0.206152 -0.047501
Z -0.048564 0.000095 0.998820

BONE 77
OFFSET -1.967743 -0.937966 57.832298
SCALE 1.000000 1.000000 1.000000
X 0.207728 0.978138 0.009784
Y 0.977073 -0.207959 0.045635
Z 0.046671 0.000080 -0.998910

BONE 78
OFFSET -2.398575 0.000005 60.622349
SCALE 1.000000 1.000000 1.000000
X 0.170394 0.000015 0.985376
Y 0.985376 -0.000000 -0.170394
Z -0.000002 1.000000 -0.000015

BONE 79
OFFSET -3.265544 0.000008 61.710064
SCALE 1.000000 1.000000 1.000000
X 0.995886 -0.000063 0.090612
Y 0.000079 1.000000 -0.000178
Z -0.090612 0.000185 0.995886

BONE 80
OFFSET -1.688096 0.000424 55.814556
SCALE 1.000000 1.000000 1.000000
X 0.000647 1.000000 -0.000097
Y -0.998854 0.000642 -0.047856
Z -0.047856 0.000128 0.998854

BONE 81
OFFSET 0.957762 -0.001444 54.251194
SCALE 1.000000 1.000000 1.000000
X 0.000647 1.000000 -0.000102
Y -0.998867 0.000642 -0.047593
Z -0.047593 0.000132 0.998867

BONE 82
OFFSET 0.712067 0.273562 55.715252
SCALE 1.000000 1.000000 1.000000
X 0.000647 1.000000 -0.000084
Y -0.998863 0.000643 -0.047680
Z -0.047680 0.000115 0.998863

BONE 83
OFFSET 0.712067 -0.272551 55.715252
SCALE 1.000000 1.000000 1.000000
X 0.001062 1.000000 0.000024
Y 0.998871 -0.000386 0.047500
Z 0.047014 -0.000027 -0.998894

BONE 84
OFFSET 0.413157 0.497476 57.345207
SCALE 1.000000 1.000000 1.000000
X 0.000648 0.999996 -0.000076
Y -0.998862 0.000643 -0.047678
Z -0.047678 0.000106 0.998863

BONE 85
OFFSET 0.434976 -0.478095 57.350185
SCALE 1.000000 1.000000 1.000000
X 0.000015 1.000000 0.000074
Y 0.998884 -0.000019 0.047237
Z 0.047237 0.000074 -0.998884

BONE 86
OFFSET 0.772060 0.273562 55.852356
SCALE 1.000000 1.000000 1.000000
X 0.000646 1.000000 -0.000085
Y -0.998863 0.000641 -0.047679
Z -0.047679 0.000116 0.998863

BONE 87
OFFSET 0.772060 -0.272551 55.852356
SCALE 1.000000 1.000000 1.000000
X 0.000013 1.000000 0.000096
Y 0.998888 -0.000018 0.047143
Z 0.047143 0.000095 -0.998888

BONE 88
OFFSET 0.656013 0.553520 55.786201
SCALE 1.000000 1.000000 1.000000
X 0.000647 1.000000 -0.000116
Y -0.998863 0.000641 -0.047679
Z -0.047679 0.000147 0.998863

BONE 89
OFFSET 0.656013 -0.552509 55.786198
SCALE 1.000000 1.000000 1.000000
X 0.000008 1.000000 0.000097
Y 0.998888 -0.000012 0.047144
Z 0.047144 0.000097 -0.998888

BONE 90
OFFSET 1.747835 0.000008 59.866425
SCALE 1.000000 1.000000 1.000000
X 0.985418 0.000005 -0.170150
Y -0.170150 0.000000 -0.985418
Z -0.000005 1.000000 0.000001

BONE 91
OFFSET 0.032541 0.000426 57.996540
SCALE 1.000000 1.000000 1.000000
X 0.922510 -0.000050 0.385974
Y 0.000056 1.000000 -0.000005
Z -0.385974 0.000026 0.922509

BONE 92
OFFSET -1.836904 3.896173 56.001408
SCALE 1.000000 1.000000 1.000000
X -0.019310 -0.997191 -0.072368
Y 0.999660 -0.017985 -0.018916
Z 0.017561 -0.072709 0.997199

BONE 93
OFFSET -1.836431 -3.897326 56.001083
SCALE 1.000000 1.000000 1.000000
X 0.022384 -0.997288 0.071453
Y -0.999638 -0.021261 0.016474
Z -0.014909 -0.071924 -0.997345

BONE 94
OFFSET 16.891996 -27.607618 29.390909
SCALE 1.000000 1.000000 1.000000
X 1.000000 -0.000099 0.000097
Y 0.000099 1.000000 0.000046
Z -0.000097 -0.000046 1.000000

BONE 95
OFFSET 11.363214 -27.608541 36.710552
SCALE 1.000000 1.000000 1.000000
X -0.000155 1.000000 0.000198
Y 0.764288 0.000246 -0.644875
Z -0.644875 0.000052 -0.764288

BONE 96
OFFSET -10.132847 0.775010 49.511181
SCALE 1.000000 1.000000 1.000000
X -0.989756 -0.000179 0.142772
Y 0.000181 -1.000000 0.000000
Z 0.142772 0.000026 0.989756

BONE 97
OFFSET -8.344385 -4.450755 47.455288
SCALE 1.000000 1.000000 1.000000
X -0.007011 0.025920 -0.999640
Y -0.984169 -0.177222 0.002307
Z -0.177100 0.983834 0.026750

BONE 98
OFFSET 11.363214 -27.608541 36.710556
SCALE 1.000000 1.000000 1.000000
X 1.000000 -0.000013 0.000097
Y 0.000013 1.000000 -0.000001
Z -0.000097 0.000001 1.000000

BONE 99
OFFSET -6.064737 0.000004 54.975426
SCALE 1.000000 1.000000 1.000000
X -0.294922 -0.000000 -0.955521
Y 0.000000 1.000000 -0.000000
Z 0.955521 -0.000000 -0.294922

BONE 100
OFFSET 3.012224 0.000005 51.128345
SCALE 1.000000 1.000000 1.000000
X 0.144128 -0.016666 -0.989419
Y 0.000004 0.999858 -0.016841
Z 0.989559 0.002423 0.144107

BONE 101
OFFSET 3.462719 -0.052083 48.036106
SCALE 1.000000 1.000000 1.000000
X 0.021127 -0.016837 -0.999635
Y 0.000000 0.999858 -0.016840
Z 0.999777 0.000356 0.021124

BONE 102
OFFSET 3.537167 -0.111375 44.516487
SCALE 1.000000 1.000000 1.000000
X 0.021135 -0.010176 -0.999725
Y -0.000142 0.999948 -0.010181
Z 0.999777 0.000357 0.021132

BONE 103
OFFSET 3.656331 -0.146488 41.061291
SCALE 1.000000 1.000000 1.000000
X 0.021139 -0.021288 -0.999550
Y 0.000093 0.999773 -0.021291
Z 0.999776 0.000357 0.021136

BONE 104
OFFSET 3.701169 -0.270242 37.413296
SCALE 1.000000 1.000000 1.000000
X -0.107925 -0.021140 -0.993934
Y 0.000073 0.999773 -0.021272
Z 0.994159 -0.002369 -0.107900

BONE 105
OFFSET -7.147070 -2.181407 36.141987
SCALE 1.000000 1.000000 1.000000
X -0.188090 0.137957 0.972414
Y 0.149122 -0.974596 0.167111
Z 0.970765 0.176440 0.162739

BONE 106
OFFSET -0.002207 0.000000 -0.000000
SCALE 1.000000 1.000000 1.000000
X -1.000000 0.000000 0.000000
Y 0.000000 -1.000000 0.000000
Z 0.000000 0.000000 1.000000


NUMVERTS 3430
VERT 0
OFFSET -0.332621 19.457598 37.394875
BONES 2
BONE 30 0.068791
BONE 31 0.931209

VERT 1
OFFSET -0.743865 19.182529 37.779579
BONES 2
BONE 31 0.510857
BONE 30 0.489143

VERT 2
OFFSET -0.880559 19.165588 38.033920
BONES 1
BONE 30 1.000000

VERT 3
OFFSET -0.702313 19.539196 37.932743
BONES 2
BONE 30 0.335530
BONE 31 0.664470

VERT 4
OFFSET -2.892559 20.077801 39.072777
BONES 1
BONE 16 1.000000

VERT 5
OFFSET -2.789570 20.373459 38.793530
BONES 2
BONE 26 0.674734
BONE 16 0.325266

VERT 6
OFFSET -1.371514 17.745432 38.937141
BONES 2
BONE 16 0.471382
BONE 29 0.528619

VERT 7
OFFSET -0.749509 18.236622 38.720924
BONES 2
BONE 30 0.103962
BONE 29 0.896039

VERT 8
OFFSET -3.336886 19.390453 39.269703
BONES 1
BONE 16 1.000000

VERT 9
OFFSET -2.472183 19.425978 38.567501
BONES 1
BONE 16 1.000000

VERT 10
OFFSET -1.896794 20.369242 38.711166
BONES 2
BONE 20 0.620701
BONE 16 0.379299

VERT 11
OFFSET -1.452229 20.183952 38.917202
BONES 2
BONE 17 0.257147
BONE 16 0.742853

VERT 12
OFFSET -1.535031 22.197117 36.817795
BONES 1
BONE 19 1.000000

VERT 13
OFFSET -2.344357 22.233034 37.055340
BONES 3
BONE 20 0.011395
BONE 21 0.031698
BONE 22 0.956907

VERT 14
OFFSET -3.173002 17.310520 41.090065
BONES 1
BONE 15 1.000000

VERT 15
OFFSET -1.795208 17.850639 38.928398
BONES 2
BONE 16 0.700000
BONE 29 0.300000

VERT 16
OFFSET -1.868237 20.331791 38.310886
BONES 3
BONE 16 0.997695
BONE 21 0.000173
BONE 20 0.002132

VERT 17
OFFSET -2.388858 19.563215 39.625854
BONES 1
BONE 16 1.000000

VERT 18
OFFSET -1.894188 20.168348 38.242504
BONES 2
BONE 20 0.588000
BONE 16 0.412000

VERT 19
OFFSET -1.905940 19.548986 38.489822
BONES 1
BONE 16 1.000000

VERT 20
OFFSET -1.534916 21.813984 36.858894
BONES 2
BONE 18 0.080998
BONE 19 0.919002

VERT 21
OFFSET -1.383722 21.818420 36.900307
BONES 2
BONE 18 0.126261
BONE 19 0.873739

VERT 22
OFFSET -0.670770 18.863131 38.800095
BONES 3
BONE 16 0.067967
BONE 29 0.471409
BONE 30 0.460625

VERT 23
OFFSET -1.365198 22.130713 36.863342
BONES 2
BONE 19 0.991914
BONE 18 0.008086

VERT 24
OFFSET -1.355998 21.988806 37.115082
BONES 2
BONE 18 0.015039
BONE 19 0.984962

VERT 25
OFFSET -1.831698 20.077204 39.057350
BONES 1
BONE 16 1.000000

VERT 26
OFFSET -1.168669 19.448032 38.901749
BONES 2
BONE 17 0.003332
BONE 16 0.996668

VERT 27
OFFSET -2.922366 20.872549 37.659000
BONES 2
BONE 27 0.346648
BONE 26 0.653352

VERT 28
OFFSET -2.991954 20.933680 37.814037
BONES 2
BONE 27 0.471841
BONE 26 0.528159

VERT 29
OFFSET -3.223393 21.548323 37.207893
BONES 1
BONE 25 1.000000

VERT 30
OFFSET -3.159098 21.604988 37.344891
BONES 1
BONE 25 1.000000

VERT 31
OFFSET -2.236799 18.587879 40.240330
BONES 1
BONE 16 1.000000

VERT 32
OFFSET -1.658110 18.044830 40.247574
BONES 1
BONE 16 1.000000

VERT 33
OFFSET -1.514968 20.205740 38.130432
BONES 2
BONE 17 0.222000
BONE 16 0.778000

VERT 34
OFFSET -3.169283 21.421156 37.516823
BONES 2
BONE 24 0.011914
BONE 25 0.988086

VERT 35
OFFSET -1.633995 17.619844 40.334229
BONES 2
BONE 16 0.784747
BONE 15 0.215253

VERT 36
OFFSET -1.701869 17.013693 40.794731
BONES 1
BONE 15 1.000000

VERT 37
OFFSET -3.367888 17.878712 39.584538
BONES 1
BONE 16 1.000000

VERT 38
OFFSET -3.378371 18.098022 39.860714
BONES 1
BONE 16 1.000000

VERT 39
OFFSET -3.681152 19.619097 38.734226
BONES 1
BONE 16 1.000000

VERT 40
OFFSET -2.490238 20.131069 39.085945
BONES 1
BONE 16 1.000000

VERT 41
OFFSET -2.790561 21.218754 38.065716
BONES 2
BONE 26 0.425465
BONE 27 0.574535

VERT 42
OFFSET -1.279938 19.287756 38.523640
BONES 1
BONE 16 1.000000

VERT 43
OFFSET -2.150349 22.596905 36.772793
BONES 1
BONE 22 1.000000

VERT 44
OFFSET -2.351542 22.291014 36.702213
BONES 2
BONE 21 0.003152
BONE 22 0.996848

VERT 45
OFFSET -2.182834 22.285076 36.637730
BONES 1
BONE 22 1.000000

VERT 46
OFFSET -3.413518 20.733940 38.168568
BONES 2
BONE 23 0.452956
BONE 24 0.547044

VERT 47
OFFSET -3.556389 19.745129 38.387119
BONES 2
BONE 16 0.513381
BONE 23 0.486619

VERT 48
OFFSET -2.861492 22.082266 37.133247
BONES 1
BONE 28 1.000000

VERT 49
OFFSET -3.544077 20.848341 37.899776
BONES 3
BONE 25 0.235389
BONE 23 0.297100
BONE 24 0.467511

VERT 50
OFFSET -3.360371 21.459133 37.210297
BONES 1
BONE 25 1.000000

VERT 51
OFFSET -2.879251 17.997328 39.083447
BONES 1
BONE 16 1.000000

VERT 52
OFFSET -3.212803 17.829384 39.322536
BONES 1
BONE 16 1.000000

VERT 53
OFFSET -2.148314 20.572533 38.772755
BONES 3
BONE 16 0.330418
BONE 21 0.029691
BONE 20 0.639891

VERT 54
OFFSET -3.173104 17.425653 40.160812
BONES 2
BONE 16 0.740279
BONE 15 0.259721

VERT 55
OFFSET -3.301634 17.565935 40.353886
BONES 2
BONE 16 0.595834
BONE 15 0.404166

VERT 56
OFFSET -3.496577 20.402702 37.884090
BONES 2
BONE 24 0.170079
BONE 23 0.829921

VERT 57
OFFSET -3.572346 20.707987 37.822235
BONES 3
BONE 25 0.247930
BONE 24 0.307068
BONE 23 0.445002

VERT 58
OFFSET -1.249791 21.161354 37.917213
BONES 2
BONE 17 0.474492
BONE 18 0.525508

VERT 59
OFFSET -1.450920 21.149300 38.039730
BONES 2
BONE 17 0.608804
BONE 18 0.391196

VERT 60
OFFSET -2.895864 18.316828 40.350189
BONES 2
BONE 16 0.986494
BONE 15 0.013506

VERT 61
OFFSET -2.936935 17.510706 41.255566
BONES 1
BONE 15 1.000000

VERT 62
OFFSET -2.373863 17.592575 39.630959
BONES 1
BONE 16 1.000000

VERT 63
OFFSET -1.691337 20.362457 38.698643
BONES 2
BONE 16 0.488710
BONE 17 0.511290

VERT 64
OFFSET -2.968532 18.923992 39.877724
BONES 1
BONE 16 1.000000

VERT 65
OFFSET -1.669135 19.502588 39.387424
BONES 1
BONE 16 1.000000

VERT 66
OFFSET -2.707714 21.844311 36.851662
BONES 2
BONE 27 0.047819
BONE 28 0.952181

VERT 67
OFFSET -1.958675 17.256956 40.113724
BONES 2
BONE 16 0.614446
BONE 15 0.385554

VERT 68
OFFSET -3.407877 19.890772 38.983227
BONES 2
BONE 16 0.886551
BONE 23 0.113449

VERT 69
OFFSET -2.859596 17.177706 40.117802
BONES 2
BONE 16 0.333520
BONE 15 0.666480

VERT 70
OFFSET -0.649807 19.622452 37.528641
BONES 2
BONE 30 0.017821
BONE 31 0.982179

VERT 71
OFFSET -2.176036 22.243139 37.116814
BONES 2
BONE 21 0.010542
BONE 22 0.989458

VERT 72
OFFSET -3.403094 21.383310 37.442204
BONES 1
BONE 25 1.000000

VERT 73
OFFSET -2.308820 21.939964 36.778084
BONES 2
BONE 21 0.021275
BONE 22 0.978725

VERT 74
OFFSET -1.507449 20.941042 37.544041
BONES 2
BONE 17 0.571149
BONE 18 0.428851

VERT 75
OFFSET -1.274357 20.972984 37.557018
BONES 2
BONE 18 0.572537
BONE 17 0.427463

VERT 76
OFFSET -3.228197 16.876083 40.695625
BONES 1
BONE 15 1.000000

VERT 77
OFFSET -3.306952 17.106270 40.863586
BONES 1
BONE 15 1.000000

VERT 78
OFFSET -3.266388 18.535830 39.892399
BONES 1
BONE 16 1.000000

VERT 79
OFFSET -1.701363 17.420275 40.231113
BONES 2
BONE 16 0.750727
BONE 15 0.249273

VERT 80
OFFSET -2.510093 17.660690 41.395302
BONES 1
BONE 15 1.000000

VERT 81
OFFSET -1.992208 17.502968 41.255589
BONES 1
BONE 15 1.000000

VERT 82
OFFSET -0.264745 19.742374 37.720284
BONES 2
BONE 30 0.030144
BONE 31 0.969856

VERT 83
OFFSET -3.180635 20.504040 37.985069
BONES 2
BONE 24 0.129342
BONE 23 0.870658

VERT 84
OFFSET -1.829437 17.852108 40.620007
BONES 2
BONE 16 0.578822
BONE 15 0.421178

VERT 85
OFFSET -3.255368 19.823021 38.341976
BONES 2
BONE 16 0.493548
BONE 23 0.506452

VERT 86
OFFSET -1.469651 17.591042 39.524288
BONES 2
BONE 16 0.825378
BONE 29 0.174622

VERT 87
OFFSET -1.317462 17.811169 39.795334
BONES 2
BONE 16 0.861164
BONE 29 0.138836

VERT 88
OFFSET -2.328994 21.133326 37.440937
BONES 2
BONE 21 0.433866
BONE 20 0.566134

VERT 89
OFFSET -2.014022 21.861071 36.841339
BONES 3
BONE 22 0.874003
BONE 21 0.089743
BONE 20 0.036254

VERT 90
OFFSET -2.521754 18.366219 40.512699
BONES 2
BONE 15 0.174441
BONE 16 0.825559

VERT 91
OFFSET -3.221941 21.178213 37.263603
BONES 2
BONE 24 0.078747
BONE 25 0.921253

VERT 92
OFFSET -1.042374 19.046827 38.550285
BONES 3
BONE 30 0.597976
BONE 29 0.367433
BONE 16 0.034590

VERT 93
OFFSET -0.355982 19.677153 37.271683
BONES 1
BONE 31 1.000000

VERT 94
OFFSET -0.356859 19.838516 37.627514
BONES 1
BONE 31 1.000000

VERT 95
OFFSET -2.009443 16.729023 40.551983
BONES 1
BONE 15 1.000000

VERT 96
OFFSET -2.779385 16.716698 40.569134
BONES 1
BONE 15 1.000000

VERT 97
OFFSET -3.251073 20.666174 38.219090
BONES 2
BONE 24 0.379291
BONE 23 0.620709

VERT 98
OFFSET -2.870736 22.081253 36.867615
BONES 2
BONE 27 0.010597
BONE 28 0.989403

VERT 99
OFFSET -3.325834 20.448435 37.840641
BONES 2
BONE 24 0.169424
BONE 23 0.830576

VERT 100
OFFSET -2.359843 20.130163 38.246101
BONES 2
BONE 16 0.412000
BONE 20 0.588000

VERT 101
OFFSET -3.130826 21.157858 37.367390
BONES 2
BONE 24 0.078135
BONE 25 0.921865

VERT 102
OFFSET -1.644679 22.040037 37.145664
BONES 2
BONE 18 0.003527
BONE 19 0.996473

VERT 103
OFFSET -2.543146 22.174067 36.908108
BONES 1
BONE 28 1.000000

VERT 104
OFFSET -2.613645 21.610519 37.620907
BONES 3
BONE 28 0.342175
BONE 27 0.554600
BONE 26 0.103226

VERT 105
OFFSET -3.090289 17.971096 40.340725
BONES 2
BONE 15 0.104222
BONE 16 0.895778

VERT 106
OFFSET -3.563856 18.864424 38.951454
BONES 1
BONE 16 1.000000

VERT 107
OFFSET -0.376737 19.886112 37.406483
BONES 1
BONE 31 1.000000

VERT 108
OFFSET -2.854540 21.761055 36.952171
BONES 2
BONE 27 0.094501
BONE 28 0.905499

VERT 109
OFFSET -1.682079 22.156057 36.893524
BONES 1
BONE 19 1.000000

VERT 110
OFFSET -0.922115 18.329138 38.469727
BONES 2
BONE 30 0.194161
BONE 29 0.805839

VERT 111
OFFSET -3.136580 20.046461 38.382629
BONES 2
BONE 16 0.712662
BONE 23 0.287338

VERT 112
OFFSET -1.240144 18.993361 39.312286
BONES 2
BONE 16 0.826818
BONE 29 0.173182

VERT 113
OFFSET -3.315294 21.369820 37.551594
BONES 2
BONE 24 0.015059
BONE 25 0.984941

VERT 114
OFFSET -1.588207 22.306873 36.932495
BONES 1
BONE 19 1.000000

VERT 115
OFFSET -2.283619 22.544832 36.788670
BONES 1
BONE 22 1.000000

VERT 116
OFFSET -1.417293 22.240978 36.928135
BONES 1
BONE 19 1.000000

VERT 117
OFFSET -0.216914 19.546753 37.688553
BONES 2
BONE 30 0.037660
BONE 31 0.962340

VERT 118
OFFSET -2.801516 22.333111 36.934956
BONES 1
BONE 28 1.000000

VERT 119
OFFSET -0.066921 19.908628 37.397778
BONES 1
BONE 31 1.000000

VERT 120
OFFSET -2.597850 22.117455 37.157860
BONES 1
BONE 28 1.000000

VERT 121
OFFSET -2.608282 20.116453 38.299526
BONES 2
BONE 16 0.412000
BONE 26 0.588000

VERT 122
OFFSET -2.523963 20.353085 38.374302
BONES 1
BONE 16 1.000000

VERT 123
OFFSET -2.419479 20.378994 38.359013
BONES 3
BONE 20 0.010696
BONE 21 0.002249
BONE 16 0.987056

VERT 124
OFFSET -3.004664 20.158035 38.744251
BONES 2
BONE 16 0.495114
BONE 26 0.504886

VERT 125
OFFSET -2.963329 21.088675 37.977173
BONES 2
BONE 27 0.469467
BONE 26 0.530533

VERT 126
OFFSET -2.995010 20.091801 38.318619
BONES 2
BONE 16 0.541349
BONE 26 0.458651

VERT 127
OFFSET -1.776382 20.308851 38.233238
BONES 2
BONE 16 0.911444
BONE 17 0.088556

VERT 128
OFFSET -1.215978 21.029821 37.786861
BONES 2
BONE 17 0.596045
BONE 18 0.403955

VERT 129
OFFSET -1.687235 20.956697 37.620491
BONES 2
BONE 18 0.361053
BONE 17 0.638947

VERT 130
OFFSET -1.703634 21.345627 37.516701
BONES 3
BONE 19 0.352253
BONE 18 0.273667
BONE 17 0.374081

VERT 131
OFFSET -2.555992 21.333490 37.571747
BONES 3
BONE 28 0.269610
BONE 27 0.435031
BONE 26 0.295359

VERT 132
OFFSET -2.690830 22.240154 36.828960
BONES 1
BONE 28 1.000000

VERT 133
OFFSET -2.553501 21.910732 36.884521
BONES 2
BONE 27 0.049795
BONE 28 0.950205

VERT 134
OFFSET -1.690421 21.863846 36.905712
BONES 2
BONE 18 0.065275
BONE 19 0.934725

VERT 135
OFFSET -0.021040 19.821438 37.290577
BONES 1
BONE 31 1.000000

VERT 136
OFFSET -0.839529 19.065784 38.644852
BONES 3
BONE 31 0.001335
BONE 30 0.625621
BONE 29 0.373044

VERT 137
OFFSET -2.162328 17.965508 40.867237
BONES 2
BONE 16 0.316195
BONE 15 0.683805

VERT 138
OFFSET -2.021239 22.353426 36.906719
BONES 1
BONE 22 1.000000

VERT 139
OFFSET -1.186510 18.535362 38.453896
BONES 2
BONE 30 0.310174
BONE 29 0.689826

VERT 140
OFFSET -2.405577 20.409771 38.716900
BONES 2
BONE 16 0.347527
BONE 20 0.652473

VERT 141
OFFSET -1.997380 22.340851 36.688969
BONES 2
BONE 21 0.012383
BONE 22 0.987617

VERT 142
OFFSET -1.234971 20.199171 38.747814
BONES 2
BONE 16 0.514183
BONE 17 0.485817

VERT 143
OFFSET -1.215248 19.983696 38.297169
BONES 2
BONE 17 0.110059
BONE 16 0.889941

VERT 144
OFFSET -2.325037 17.175348 40.022392
BONES 2
BONE 15 0.340837
BONE 16 0.659163

VERT 145
OFFSET -3.645690 19.821564 38.776451
BONES 2
BONE 23 0.291864
BONE 16 0.708136

VERT 146
OFFSET -2.584604 20.335281 38.729935
BONES 2
BONE 26 0.515357
BONE 16 0.484643

VERT 147
OFFSET -2.753836 20.835995 37.664959
BONES 2
BONE 26 0.672507
BONE 27 0.327493

VERT 148
OFFSET -3.394544 21.094809 37.321621
BONES 2
BONE 24 0.123595
BONE 25 0.876405

VERT 149
OFFSET -3.096900 21.428183 37.303925
BONES 2
BONE 25 0.999476
BONE 24 0.000524

VERT 150
OFFSET -2.742193 22.062702 37.232929
BONES 2
BONE 27 0.010269
BONE 28 0.989731

VERT 151
OFFSET -2.596779 20.881411 37.725533
BONES 2
BONE 27 0.253659
BONE 26 0.746341

VERT 152
OFFSET -1.488203 21.978741 37.200832
BONES 2
BONE 18 0.004360
BONE 19 0.995640

VERT 153
OFFSET -3.386431 18.626703 38.879147
BONES 1
BONE 16 1.000000

VERT 154
OFFSET -0.217561 19.482655 37.479031
BONES 2
BONE 31 0.993419
BONE 30 0.006581

VERT 155
OFFSET -1.249038 18.677176 38.513588
BONES 3
BONE 16 0.451768
BONE 30 0.221636
BONE 29 0.326596

VERT 156
OFFSET -3.203226 20.064837 38.760281
BONES 2
BONE 23 0.536243
BONE 16 0.463757

VERT 157
OFFSET -2.698952 17.532249 39.560944
BONES 1
BONE 16 1.000000

VERT 158
OFFSET -0.669554 18.466883 38.931824
BONES 2
BONE 30 0.127628
BONE 29 0.872372

VERT 159
OFFSET -2.062007 18.583395 38.994717
BONES 2
BONE 29 0.279836
BONE 16 0.720164

VERT 160
OFFSET -2.372014 18.104263 39.188984
BONES 2
BONE 29 0.300000
BONE 16 0.700000

VERT 161
OFFSET -1.701933 18.603973 40.001297
BONES 2
BONE 29 0.026514
BONE 16 0.973486

VERT 162
OFFSET -1.682080 -22.156046 36.893509
BONES 1
BONE 43 1.000000

VERT 163
OFFSET -1.588200 -22.306873 36.932499
BONES 1
BONE 43 1.000000

VERT 164
OFFSET -0.332623 -19.457596 37.394882
BONES 2
BONE 54 0.068788
BONE 55 0.931212

VERT 165
OFFSET -0.880551 -19.165585 38.033913
BONES 1
BONE 54 1.000000

VERT 166
OFFSET -0.702313 -19.539188 37.932762
BONES 2
BONE 54 0.335556
BONE 55 0.664444

VERT 167
OFFSET -2.892551 -20.077814 39.072765
BONES 1
BONE 40 1.000000

VERT 168
OFFSET -3.004657 -20.158035 38.744251
BONES 2
BONE 50 0.504886
BONE 40 0.495114

VERT 169
OFFSET -2.789563 -20.373463 38.793522
BONES 2
BONE 50 0.674760
BONE 40 0.325240

VERT 170
OFFSET -1.469591 -17.591087 39.524181
BONES 2
BONE 53 0.174704
BONE 40 0.825296

VERT 171
OFFSET -0.749476 -18.236654 38.720905
BONES 2
BONE 54 0.103988
BONE 53 0.896012

VERT 172
OFFSET -3.336883 -19.390409 39.269733
BONES 1
BONE 40 1.000000

VERT 173
OFFSET -2.148309 -20.572519 38.772758
BONES 3
BONE 40 0.330410
BONE 45 0.029692
BONE 44 0.639898

VERT 174
OFFSET -1.234977 -20.198992 38.747932
BONES 2
BONE 41 0.485376
BONE 40 0.514624

VERT 175
OFFSET -3.255360 -19.823023 38.341976
BONES 2
BONE 47 0.506452
BONE 40 0.493548

VERT 176
OFFSET -0.021035 -19.821436 37.290577
BONES 1
BONE 55 1.000000

VERT 177
OFFSET -1.535010 -22.197105 36.817791
BONES 1
BONE 43 1.000000

VERT 178
OFFSET -1.365194 -22.130720 36.863335
BONES 2
BONE 42 0.008083
BONE 43 0.991917

VERT 179
OFFSET -3.172997 -17.310520 41.090061
BONES 1
BONE 39 1.000000

VERT 180
OFFSET -3.306946 -17.106270 40.863583
BONES 1
BONE 39 1.000000

VERT 181
OFFSET -1.795197 -17.850645 38.928398
BONES 2
BONE 53 0.300000
BONE 40 0.700000

VERT 182
OFFSET -1.896790 -20.369244 38.711155
BONES 2
BONE 40 0.379294
BONE 44 0.620706

VERT 183
OFFSET -2.968477 -18.923698 39.877956
BONES 1
BONE 40 1.000000

VERT 184
OFFSET -2.359857 -20.130171 38.246109
BONES 2
BONE 44 0.588000
BONE 40 0.412000

VERT 185
OFFSET -1.534908 -21.814013 36.858883
BONES 2
BONE 42 0.080960
BONE 43 0.919040

VERT 186
OFFSET -1.488238 -21.978716 37.200867
BONES 2
BONE 42 0.004366
BONE 43 0.995634

VERT 187
OFFSET -2.388918 -19.563475 39.625698
BONES 1
BONE 40 1.000000

VERT 188
OFFSET -1.240053 -18.993324 39.312229
BONES 2
BONE 40 0.826743
BONE 53 0.173257

VERT 189
OFFSET -0.669501 -18.466892 38.931732
BONES 2
BONE 54 0.127631
BONE 53 0.872369

VERT 190
OFFSET -2.991948 -20.933655 37.814053
BONES 2
BONE 50 0.528227
BONE 51 0.471773

VERT 191
OFFSET -2.963320 -21.088699 37.977146
BONES 2
BONE 50 0.530469
BONE 51 0.469531

VERT 192
OFFSET -3.159112 -21.605032 37.344917
BONES 1
BONE 49 1.000000

VERT 193
OFFSET -1.776370 -20.308849 38.233246
BONES 2
BONE 41 0.088557
BONE 40 0.911443

VERT 194
OFFSET -1.514962 -20.205740 38.130436
BONES 2
BONE 40 0.778000
BONE 41 0.222000

VERT 195
OFFSET -1.215242 -19.983706 38.297169
BONES 2
BONE 41 0.110064
BONE 40 0.889936

VERT 196
OFFSET -3.169273 -21.421104 37.516880
BONES 2
BONE 48 0.011912
BONE 49 0.988088

VERT 197
OFFSET -1.633993 -17.619791 40.334351
BONES 2
BONE 40 0.784787
BONE 39 0.215213

VERT 198
OFFSET -1.701348 -17.420303 40.231140
BONES 2
BONE 40 0.750949
BONE 39 0.249051

VERT 199
OFFSET -1.701867 -17.013689 40.794724
BONES 1
BONE 39 1.000000

VERT 200
OFFSET -3.367869 -17.878672 39.584591
BONES 1
BONE 40 1.000000

VERT 201
OFFSET -3.563797 -18.864084 38.951576
BONES 1
BONE 40 1.000000

VERT 202
OFFSET -2.490232 -20.131069 39.085949
BONES 1
BONE 40 1.000000

VERT 203
OFFSET -1.279932 -19.287756 38.523643
BONES 1
BONE 40 1.000000

VERT 204
OFFSET -2.283618 -22.544827 36.788662
BONES 1
BONE 46 1.000000

VERT 205
OFFSET -2.176028 -22.243135 37.116795
BONES 2
BONE 45 0.010541
BONE 46 0.989459

VERT 206
OFFSET -2.308818 -21.939959 36.778080
BONES 2
BONE 46 0.978722
BONE 45 0.021278

VERT 207
OFFSET -2.870730 -22.081245 36.867619
BONES 2
BONE 52 0.989401
BONE 51 0.010599

VERT 208
OFFSET -3.572327 -20.708061 37.822170
BONES 3
BONE 49 0.247943
BONE 48 0.307182
BONE 47 0.444874

VERT 209
OFFSET -2.879240 -17.997326 39.083450
BONES 1
BONE 40 1.000000

VERT 210
OFFSET -1.894178 -20.168282 38.242512
BONES 2
BONE 40 0.412000
BONE 44 0.588000

VERT 211
OFFSET -1.702077 -18.604101 40.001396
BONES 2
BONE 40 0.973682
BONE 53 0.026318

VERT 212
OFFSET -1.669115 -19.502506 39.387474
BONES 1
BONE 40 1.000000

VERT 213
OFFSET -1.644674 -22.040037 37.145668
BONES 2
BONE 43 0.996473
BONE 42 0.003527

VERT 214
OFFSET -2.371996 -18.104273 39.188980
BONES 2
BONE 53 0.300000
BONE 40 0.700000

VERT 215
OFFSET -3.173099 -17.425655 40.160812
BONES 2
BONE 40 0.740289
BONE 39 0.259711

VERT 216
OFFSET -3.413512 -20.734062 38.168457
BONES 2
BONE 47 0.452676
BONE 48 0.547324

VERT 217
OFFSET -3.496572 -20.402700 37.884090
BONES 2
BONE 48 0.170082
BONE 47 0.829918

VERT 218
OFFSET -0.356851 -19.838520 37.627510
BONES 1
BONE 55 1.000000

VERT 219
OFFSET -0.264731 -19.742369 37.720287
BONES 2
BONE 54 0.030119
BONE 55 0.969881

VERT 220
OFFSET -1.249778 -21.161272 37.917282
BONES 2
BONE 41 0.474667
BONE 42 0.525333

VERT 221
OFFSET -2.613636 -21.610523 37.620899
BONES 3
BONE 52 0.342100
BONE 51 0.554683
BONE 50 0.103217

VERT 222
OFFSET -2.328986 -21.133364 37.440899
BONES 2
BONE 44 0.566104
BONE 45 0.433896

VERT 223
OFFSET -2.895856 -18.316826 40.350197
BONES 2
BONE 40 0.986492
