// Export time: Fri Oct 30 11:02:24 2020

// Exported using Blender v2.90.1
// Export filename: 'E:/blackops3/mod_xmodel/iw4/ump40/ch_body_gk_ump40_lod3.XMODEL_EXPORT'
// Source filename: 'E:/blackops3/mod_xmodel/iw4/ump40/ump40.blend'
MODEL
VERSION 6

NUMBONES 107
BONE 0 -1 "tag_origin"
BONE 1 0 "j_mainroot"
BONE 2 1 "j_hip_le"
BONE 3 2 "j_knee_le"
BONE 4 3 "j_ankle_le"
BONE 5 4 "j_ball_le"
BONE 6 1 "j_hip_ri"
BONE 7 6 "j_knee_ri"
BONE 8 7 "j_ankle_ri"
BONE 9 8 "j_ball_ri"
BONE 10 1 "j_spinelower"
BONE 11 10 "j_spineupper"
BONE 12 11 "j_spine4"
BONE 13 12 "j_clavicle_le"
BONE 14 13 "j_shoulder_le"
BONE 15 14 "j_elbow_le"
BONE 16 15 "j_wrist_le"
BONE 17 16 "j_index_le_1"
BONE 18 17 "j_index_le_2"
BONE 19 18 "j_index_le_3"
BONE 20 16 "j_mid_le_1"
BONE 21 20 "j_mid_le_2"
BONE 22 21 "j_mid_le_3"
BONE 23 16 "j_pinky_le_1"
BONE 24 23 "j_pinky_le_2"
BONE 25 24 "j_pinky_le_3"
BONE 26 16 "j_ring_le_1"
BONE 27 26 "j_ring_le_2"
BONE 28 27 "j_ring_le_3"
BONE 29 16 "j_thumb_le_1"
BONE 30 29 "j_thumb_le_2"
BONE 31 30 "j_thumb_le_3"
BONE 32 16 "j_wrist_le1"
BONE 33 32 "tag_weapon_left"
BONE 34 15 "j_wristtwist_le"
BONE 35 14 "j_shouldertwist_le"
BONE 36 35 "tag_reflector_arm_le"
BONE 37 12 "j_clavicle_ri"
BONE 38 37 "j_shoulder_ri"
BONE 39 38 "j_elbow_ri"
BONE 40 39 "j_wrist_ri"
BONE 41 40 "j_index_ri_1"
BONE 42 41 "j_index_ri_2"
BONE 43 42 "j_index_ri_3"
BONE 44 40 "j_mid_ri_1"
BONE 45 44 "j_mid_ri_2"
BONE 46 45 "j_mid_ri_3"
BONE 47 40 "j_pinky_ri_1"
BONE 48 47 "j_pinky_ri_2"
BONE 49 48 "j_pinky_ri_3"
BONE 50 40 "j_ring_ri_1"
BONE 51 50 "j_ring_ri_2"
BONE 52 51 "j_ring_ri_3"
BONE 53 40 "j_thumb_ri_1"
BONE 54 53 "j_thumb_ri_2"
BONE 55 54 "j_thumb_ri_3"
BONE 56 40 "j_wrist_ri1"
BONE 57 56 "tag_weapon_right"
BONE 58 56 "j_gun"
BONE 59 39 "j_wristtwist_ri"
BONE 60 38 "j_shouldertwist_ri"
BONE 61 60 "tag_reflector_arm_ri"
BONE 62 12 "j_neck"
BONE 63 62 "j_head"
BONE 64 63 "j_brow_le"
BONE 65 63 "j_brow_ri"
BONE 66 63 "j_browouter_le"
BONE 67 63 "j_browouter_ri"
BONE 68 63 "j_cheek_le"
BONE 69 63 "j_cheek_ri"
BONE 70 63 "j_cheeklower_le"
BONE 71 63 "j_cheeklower_ri"
BONE 72 63 "j_eye_lid_bot_le"
BONE 73 63 "j_eye_lid_bot_ri"
BONE 74 63 "j_eye_lid_top_le"
BONE 75 63 "j_eye_lid_top_ri"
BONE 76 63 "j_eyeball_le"
BONE 77 63 "j_eyeball_ri"
BONE 78 63 "j_head_end"
BONE 79 78 "j_helmet"
BONE 80 63 "j_jaw"
BONE 81 80 "j_chin_skinroll"
BONE 82 80 "j_lip_bot_le"
BONE 83 80 "j_lip_bot_ri"
BONE 84 63 "j_levator_le"
BONE 85 63 "j_levator_ri"
BONE 86 63 "j_lip_top_le"
BONE 87 63 "j_lip_top_ri"
BONE 88 63 "j_mouth_le"
BONE 89 63 "j_mouth_ri"
BONE 90 63 "j_nvg"
BONE 91 63 "tag_eye"
BONE 92 12 "j_shoulderraise_le"
BONE 93 12 "j_shoulderraise_ri"
BONE 94 12 "tag_bipod"
BONE 95 12 "tag_inhand"
BONE 96 12 "tag_shield_back"
BONE 97 12 "tag_stowed_back"
BONE 98 12 "tag_weapon_chest"
BONE 99 11 "bhair1"
BONE 100 11 "belt1"
BONE 101 100 "belt2"
BONE 102 101 "belt3"
BONE 103 102 "belt4"
BONE 104 103 "belt5"
BONE 105 1 "tag_stowed_hip_rear"
BONE 106 0 "tag_sync"

BONE 0
OFFSET 0.000000 0.000000 0.000000
SCALE 1.000000 1.000000 1.000000
X 1.000000 0.000000 0.000000
Y 0.000000 1.000000 0.000000
Z 0.000000 0.000000 1.000000

BONE 1
OFFSET -1.699350 -0.000069 38.994144
SCALE 1.000000 1.000000 1.000000
X -0.024727 -0.000056 0.999694
Y 0.999694 0.000059 0.024727
Z -0.000060 1.000000 0.000054

BONE 2
OFFSET -1.529230 3.665133 37.513363
SCALE 1.000000 1.000000 1.000000
X -0.014666 -0.026070 -0.999552
Y 0.999884 -0.004518 -0.014553
Z -0.004137 -0.999650 0.026133

BONE 3
OFFSET -1.758709 3.257379 21.882116
SCALE 1.000000 1.000000 1.000000
X -0.177133 0.022127 -0.983938
Y 0.984107 -0.008706 -0.177359
Z -0.012491 -0.999717 -0.020233

BONE 4
OFFSET -4.909126 3.650878 4.386026
SCALE 1.000000 1.000000 1.000000
X -0.100764 0.028402 -0.994505
Y 0.994468 -0.026909 -0.101529
Z -0.029645 -0.999234 -0.025533

BONE 5
OFFSET -0.540443 3.693106 0.043651
SCALE 1.000000 1.000000 1.000000
X 0.996859 -0.031429 0.072692
Y -0.073439 -0.023306 0.997027
Z -0.029642 -0.999234 -0.025541

BONE 6
OFFSET -1.531362 -3.665125 37.513412
SCALE 1.000000 1.000000 1.000000
X 0.014494 -0.026604 0.999459
Y -0.999895 -0.000210 0.014498
Z -0.000176 -0.999646 -0.026605

BONE 7
OFFSET -1.759100 -3.249070 21.880733
SCALE 1.000000 1.000000 1.000000
X 0.177171 0.022643 0.983838
Y -0.984145 -0.004350 0.177303
Z 0.008295 -0.999734 0.021508

BONE 8
OFFSET -4.910926 -3.651747 4.383163
SCALE 1.000000 1.000000 1.000000
X 0.100819 0.029257 0.994393
Y -0.994319 -0.031328 0.101722
Z 0.034131 -0.999081 0.025926

BONE 9
OFFSET -0.543588 -3.676145 0.039392
SCALE 1.000000 1.000000 1.000000
X -0.996728 -0.035923 -0.072398
Y 0.073274 -0.023365 -0.996957
Z 0.034125 -0.999081 0.025915

BONE 10
OFFSET -1.293807 -0.000004 42.047592
SCALE 1.000000 1.000000 1.000000
X -0.029897 -0.000051 0.999553
Y 0.999553 0.000059 0.029897
Z -0.000060 1.000000 0.000049

BONE 11
OFFSET -1.742934 -0.000006 46.005100
SCALE 1.000000 1.000000 1.000000
X 0.020431 -0.000061 0.999791
Y 0.999791 0.000062 -0.020431
Z -0.000060 1.000000 0.000063

BONE 12
OFFSET -1.979001 -0.000198 49.126610
SCALE 1.000000 1.000000 1.000000
X 0.046979 -0.000059 0.998896
Y 0.998896 0.000063 -0.046979
Z -0.000060 1.000000 0.000061

BONE 13
OFFSET -2.631865 0.897177 52.598801
SCALE 1.000000 1.000000 1.000000
X 0.022160 0.997194 0.072216
Y -0.999643 0.021024 0.016472
Z 0.014907 -0.072623 0.997272

BONE 14
OFFSET -2.608607 3.667905 51.681885
SCALE 1.000000 1.000000 1.000000
X 0.006596 0.779161 -0.626907
Y -0.994571 -0.059989 -0.085024
Z -0.103847 0.624036 0.774466

BONE 15
OFFSET -2.863855 10.580904 46.251457
SCALE 1.000000 1.000000 1.000000
X 0.034756 0.789319 -0.613120
Y -0.994086 -0.035849 -0.102511
Z -0.102886 0.613027 0.783335

BONE 16
OFFSET -2.482374 17.726284 40.502113
SCALE 1.000000 1.000000 1.000000
X -0.104658 0.715802 -0.690518
Y -0.152479 -0.697649 -0.700032
Z -0.982749 0.032016 0.182151

BONE 17
OFFSET -1.495689 20.203365 38.525360
SCALE 1.000000 1.000000 1.000000
X 0.016356 0.744191 -0.667875
Y -0.291528 -0.635368 -0.715068
Z -0.956422 0.206395 0.206539

BONE 18
OFFSET -1.477554 21.031094 37.782112
SCALE 1.000000 1.000000 1.000000
X 0.016863 0.745202 -0.666734
Y -0.291520 -0.634168 -0.716136
Z -0.956416 0.206438 0.206526

BONE 19
OFFSET -1.466219 21.534294 37.331680
SCALE 1.000000 1.000000 1.000000
X 0.023884 0.760096 -0.649484
Y -0.291025 -0.616220 -0.731834
Z -0.956417 0.206491 0.206468

BONE 20
OFFSET -2.170884 20.229471 38.587818
SCALE 1.000000 1.000000 1.000000
X -0.009996 0.740191 -0.672429
Y -0.134037 -0.667362 -0.732576
Z -0.990926 0.082804 0.105874

BONE 21
OFFSET -2.183655 21.172758 37.730526
SCALE 1.000000 1.000000 1.000000
X -0.010255 0.738705 -0.674058
Y -0.133945 -0.669010 -0.731089
Z -0.990936 0.082787 0.105797

BONE 22
OFFSET -2.191176 21.706320 37.243519
SCALE 1.000000 1.000000 1.000000
X -0.012855 0.725450 -0.688259
Y -0.133641 -0.683365 -0.717747
Z -0.990946 0.082750 0.105725

BONE 23
OFFSET -3.373767 19.916338 38.688862
SCALE 1.000000 1.000000 1.000000
X 0.014302 0.725717 -0.687948
Y -0.118917 -0.681878 -0.721740
Z -0.992801 0.092131 0.076538

BONE 24
OFFSET -3.358388 20.698507 37.947037
SCALE 1.000000 1.000000 1.000000
X 0.068946 0.718967 -0.691718
Y -0.118846 -0.682489 -0.721174
Z -0.990516 0.131934 0.038381

BONE 25
OFFSET -3.317598 21.124920 37.536671
SCALE 1.000000 1.000000 1.000000
X 0.068845 0.718135 -0.692592
Y -0.118800 -0.683376 -0.720341
Z -0.990529 0.131875 0.038256

BONE 26
OFFSET -2.789100 20.108965 38.594551
SCALE 1.000000 1.000000 1.000000
X 0.030733 0.752235 -0.658288
Y -0.076815 -0.654849 -0.751849
Z -0.996571 0.073675 0.037650

BONE 27
OFFSET -2.753588 20.979269 37.832493
SCALE 1.000000 1.000000 1.000000
X 0.030420 0.749002 -0.661979
Y -0.076833 -0.658548 -0.748609
Z -0.996580 0.073636 0.037508

BONE 28
OFFSET -2.730318 21.555048 37.323536
SCALE 1.000000 1.000000 1.000000
X 0.044822 0.862828 -0.503655
Y -0.069395 -0.500216 -0.863115
Z -0.996582 0.073639 0.037448

BONE 29
OFFSET -1.308965 18.043560 39.443588
SCALE 1.000000 1.000000 1.000000
X 0.389391 0.585437 -0.711161
Y -0.902032 0.398559 -0.165882
Z 0.186312 0.706064 0.683207

BONE 30
OFFSET -0.831994 18.761147 38.571819
SCALE 1.000000 1.000000 1.000000
X 0.331513 0.603226 -0.725490
Y -0.924242 0.362027 -0.121386
Z 0.189409 0.710750 0.677472

BONE 31
OFFSET -0.579342 19.221233 38.018444
SCALE 1.000000 1.000000 1.000000
X 0.425435 0.599416 -0.678097
Y -0.888956 0.417209 -0.189016
Z 0.169596 0.683190 0.710279

BONE 32
OFFSET 1.389601 15.471975 39.820213
SCALE 1.000000 1.000000 1.000000
X -0.104650 0.715784 -0.690538
Y -0.152477 -0.697667 -0.700015
Z -0.982751 0.032025 0.182142

BONE 33
OFFSET 12.114244 -5.834133 24.328068
SCALE 1.000000 1.000000 1.000000
X 0.537219 0.621063 -0.570770
Y -0.432922 0.783793 0.445284
Z 0.723860 0.007837 0.689915

BONE 34
OFFSET -2.593977 15.634214 42.185173
SCALE 1.000000 1.000000 1.000000
X 0.034747 0.789316 -0.613124
Y -0.994092 -0.035821 -0.102460
Z -0.102829 0.613032 0.783339

BONE 35
OFFSET -2.606284 3.937779 51.464779
SCALE 1.000000 1.000000 1.000000
X 0.006562 0.779300 -0.626735
Y -0.994570 -0.060004 -0.085024
Z -0.103859 0.623862 0.774605

BONE 36
OFFSET -2.504143 5.419578 52.364986
SCALE 1.000000 1.000000 1.000000
X 0.016609 0.359490 0.933003
Y -0.943171 -0.304127 0.133981
Z 0.331892 -0.882262 0.334055

BONE 37
OFFSET -2.631876 -0.897238 52.598797
SCALE 1.000000 1.000000 1.000000
X -0.019467 0.997197 -0.072245
Y 0.999656 0.018144 -0.018933
Z -0.017569 -0.072588 -0.997207

BONE 38
OFFSET -2.608702 -3.667962 51.681885
SCALE 1.000000 1.000000 1.000000
X -0.007028 0.779378 0.626514
Y 0.994889 -0.057660 0.082889
Z 0.100727 0.623895 -0.774990

BONE 39
OFFSET -2.861212 -10.584095 46.254776
SCALE 1.000000 1.000000 1.000000
X -0.035077 0.789364 0.612923
Y 0.994420 -0.033490 0.100040
Z 0.099494 0.613012 -0.783784

BONE 40
OFFSET -2.477213 -17.731306 40.507660
SCALE 1.000000 1.000000 1.000000
X 0.039870 0.670852 0.740518
Y 0.003744 -0.741203 0.671271
Z 0.999198 -0.023991 -0.032064

BONE 41
OFFSET -1.532081 -20.205166 38.627796
SCALE 1.000000 1.000000 1.000000
X -0.047040 0.704725 0.707919
Y 0.141671 -0.696833 0.703102
Z 0.988795 0.133366 -0.067059

BONE 42
OFFSET -1.481292 -20.966904 37.862442
SCALE 1.000000 1.000000 1.000000
X 0.000342 0.710086 0.704114
Y 0.141694 -0.697045 0.702888
Z 0.989910 0.099529 -0.100853

BONE 43
OFFSET -1.481480 -21.474339 37.359421
SCALE 1.000000 1.000000 1.000000
X 0.002238 0.700655 0.713497
Y 0.141698 -0.706522 0.693360
Z 0.989907 0.099550 -0.100863

BONE 44
OFFSET -2.142943 -20.240513 38.674065
SCALE 1.000000 1.000000 1.000000
X 0.007285 0.737061 0.675787
Y -0.017359 -0.675610 0.737055
Z 0.999823 -0.017101 0.007873

BONE 45
OFFSET -2.152543 -21.204906 37.789925
SCALE 1.000000 1.000000 1.000000
X 0.007301 0.739198 0.673449
Y -0.017298 -0.673273 0.739192
Z 0.999824 -0.017046 0.007871

BONE 46
OFFSET -2.157906 -21.751650 37.291832
SCALE 1.000000 1.000000 1.000000
X 0.005700 0.675242 0.737574
Y -0.017924 -0.737399 0.675220
Z 0.999823 -0.017069 0.007900

BONE 47
OFFSET -3.416359 -19.839758 38.669212
SCALE 1.000000 1.000000 1.000000
X -0.044648 0.751151 0.658619
Y -0.028176 -0.659961 0.750771
Z 0.998605 0.014964 0.050631

BONE 48
OFFSET -3.374071 -20.550549 38.046017
SCALE 1.000000 1.000000 1.000000
X -0.069906 0.748850 0.659042
Y -0.028059 -0.661873 0.749090
Z 0.997159 0.033874 0.067281

BONE 49
OFFSET -3.337989 -20.937910 37.705181
SCALE 1.000000 1.000000 1.000000
X -0.019703 0.738177 0.674319
Y -0.026873 -0.674598 0.737696
Z 0.999444 -0.003586 0.033129

BONE 50
OFFSET -2.799001 -20.110357 38.678558
SCALE 1.000000 1.000000 1.000000
X -0.031139 0.748562 0.662333
Y -0.073198 -0.662583 0.745403
Z 0.996831 -0.025270 0.075426

BONE 51
OFFSET -2.763170 -20.974464 37.914017
SCALE 1.000000 1.000000 1.000000
X -0.031037 0.750059 0.660642
Y -0.073220 -0.660891 0.746902
Z 0.996833 -0.025190 0.075431

BONE 52
OFFSET -2.739212 -21.551579 37.405655
SCALE 1.000000 1.000000 1.000000
X -0.024006 0.809125 0.587146
Y -0.075828 -0.587098 0.805957
Z 0.996832 -0.025174 0.075448

BONE 53
OFFSET -1.309385 -18.043856 39.443550
SCALE 1.000000 1.000000 1.000000
X -0.399621 0.581058 0.708995
Y 0.916580 0.264720 0.299673
Z -0.013558 0.769607 -0.638374

BONE 54
OFFSET -0.821884 -18.753027 38.578114
SCALE 1.000000 1.000000 1.000000
X -0.346967 0.595138 0.724861
Y 0.937779 0.231331 0.258952
Z -0.013570 0.769608 -0.638372

BONE 55
OFFSET -0.556480 -19.208376 38.023533
SCALE 1.000000 1.000000 1.000000
X -0.306600 0.604467 0.735265
Y 0.951743 0.205639 0.227812
Z -0.013494 0.769631 -0.638346

BONE 56
OFFSET -6.531875 -19.755573 40.469883
SCALE 1.000000 1.000000 1.000000
X 0.039871 0.670851 0.740519
Y 0.003744 -0.741204 0.671269
Z 0.999198 -0.023991 -0.032064

BONE 57
OFFSET -10.832117 -24.950426 39.270164
SCALE 1.000000 1.000000 1.000000
X 0.580755 -0.624687 -0.522005
Y 0.510831 0.778909 -0.363803
Z 0.633857 -0.055376 0.771465

BONE 58
OFFSET -10.832114 -24.950422 39.270164
SCALE 1.000000 1.000000 1.000000
X 0.580557 -0.625260 -0.521539
Y 0.540474 0.775005 -0.327499
Z 0.608967 -0.091746 0.787871

BONE 59
OFFSET -2.589646 -15.638845 42.190254
SCALE 1.000000 1.000000 1.000000
X -0.035115 0.789368 0.612915
Y 0.994421 -0.033442 0.100041
Z 0.099466 0.613009 -0.783790

BONE 60
OFFSET -2.606526 -3.910962 51.486549
SCALE 1.000000 1.000000 1.000000
X -0.007024 0.779382 0.626509
Y 0.994889 -0.057664 0.082888
Z 0.100729 0.623890 -0.774994

BONE 61
OFFSET -2.498648 -5.392400 52.386669
SCALE 1.000000 1.000000 1.000000
X -0.063065 -0.404929 0.912171
Y 0.928395 -0.359178 -0.095259
Z 0.366204 0.840847 0.398585

BONE 62
OFFSET -3.185500 -0.000025 53.374882
SCALE 1.000000 1.000000 1.000000
X 0.309748 -0.000043 0.950819
Y 0.950819 0.000075 -0.309748
Z -0.000058 1.000000 0.000064

BONE 63
OFFSET -2.587071 -0.000040 55.608479
SCALE 1.000000 1.000000 1.000000
X 0.216390 -0.000041 0.976307
Y 0.976307 0.000072 -0.216390
Z -0.000061 1.000000 0.000055

BONE 64
OFFSET 0.786589 1.140737 58.686729
SCALE 1.000000 1.000000 1.000000
X 0.000653 1.000000 -0.000115
Y -0.998862 0.000646 -0.047681
Z -0.047681 0.000146 0.998863

BONE 65
OFFSET 0.795593 -1.162164 58.694046
SCALE 1.000000 1.000000 1.000000
X 0.000012 1.000000 0.000093
Y 0.998888 -0.000016 0.047142
Z 0.047142 0.000092 -0.998888

BONE 66
OFFSET 0.479243 1.959830 58.959919
SCALE 1.000000 1.000000 1.000000
X 0.000646 0.999998 -0.000131
Y -0.998862 0.000638 -0.047683
Z -0.047683 0.000161 0.998862

BONE 67
OFFSET 0.505119 -1.936294 58.951260
SCALE 1.000000 1.000000 1.000000
X 0.000006 1.000000 0.000098
Y 0.998892 -0.000011 0.047057
Z 0.047057 0.000098 -0.998892

BONE 68
OFFSET -0.318794 1.654189 57.645622
SCALE 1.000000 1.000000 1.000000
X 0.000646 0.999996 -0.000131
Y -0.998871 0.000638 -0.047507
Z -0.047507 0.000162 0.998871

BONE 69
OFFSET -0.336617 -1.587850 57.703220
SCALE 1.000000 1.000000 1.000000
X 0.000018 1.000000 0.000086
Y 0.998888 -0.000022 0.047141
Z 0.047141 0.000085 -0.998888

BONE 70
OFFSET -0.327737 1.486343 56.596706
SCALE 1.000000 1.000000 1.000000
X 0.170291 0.000002 0.985394
Y 0.985394 0.000014 -0.170291
Z -0.000014 1.000000 0.000001

BONE 71
OFFSET -0.288356 -1.483931 56.623402
SCALE 1.000000 1.000000 1.000000
X 0.170383 0.000002 0.985378
Y 0.985378 0.000003 -0.170383
Z -0.000003 1.000000 -0.000002

BONE 72
OFFSET -0.547580 1.006466 58.132462
SCALE 1.000000 1.000000 1.000000
X -0.065617 0.997119 0.038027
Y -0.996949 -0.063896 -0.044838
Z -0.042279 -0.040854 0.998270

BONE 73
OFFSET -0.547302 -0.960262 58.126572
SCALE 1.000000 1.000000 1.000000
X 0.066597 0.997041 -0.038387
Y 0.996923 -0.064897 0.043953
Z 0.041332 -0.041196 -0.998296

BONE 74
OFFSET -0.547200 1.005574 58.197773
SCALE 1.000000 1.000000 1.000000
X -0.065492 0.997130 0.037995
Y -0.996961 -0.063775 -0.044748
Z -0.042197 -0.040810 0.998276

BONE 75
OFFSET -0.546643 -0.961461 58.185966
SCALE 1.000000 1.000000 1.000000
X 0.066549 0.997045 -0.038382
Y 0.996938 -0.064860 0.043681
Z 0.041063 -0.041171 -0.998308

BONE 76
OFFSET -1.967261 0.938973 57.832325
SCALE 1.000000 1.000000 1.000000
X -0.205905 0.978520 -0.010105
Y -0.977366 -0.206152 -0.047501
Z -0.048564 0.000095 0.998820

BONE 77
OFFSET -1.967743 -0.937966 57.832298
SCALE 1.000000 1.000000 1.000000
X 0.207728 0.978138 0.009784
Y 0.977073 -0.207959 0.045635
Z 0.046671 0.000080 -0.998910

BONE 78
OFFSET -2.398575 0.000005 60.622349
SCALE 1.000000 1.000000 1.000000
X 0.170394 0.000015 0.985376
Y 0.985376 -0.000000 -0.170394
Z -0.000002 1.000000 -0.000015

BONE 79
OFFSET -3.265544 0.000008 61.710064
SCALE 1.000000 1.000000 1.000000
X 0.995886 -0.000063 0.090612
Y 0.000079 1.000000 -0.000178
Z -0.090612 0.000185 0.995886

BONE 80
OFFSET -1.688096 0.000424 55.814556
SCALE 1.000000 1.000000 1.000000
X 0.000647 1.000000 -0.000097
Y -0.998854 0.000642 -0.047856
Z -0.047856 0.000128 0.998854

BONE 81
OFFSET 0.957762 -0.001444 54.251194
SCALE 1.000000 1.000000 1.000000
X 0.000647 1.000000 -0.000102
Y -0.998867 0.000642 -0.047593
Z -0.047593 0.000132 0.998867

BONE 82
OFFSET 0.712067 0.273562 55.715252
SCALE 1.000000 1.000000 1.000000
X 0.000647 1.000000 -0.000084
Y -0.998863 0.000643 -0.047680
Z -0.047680 0.000115 0.998863

BONE 83
OFFSET 0.712067 -0.272551 55.715252
SCALE 1.000000 1.000000 1.000000
X 0.001062 1.000000 0.000024
Y 0.998871 -0.000386 0.047500
Z 0.047014 -0.000027 -0.998894

BONE 84
OFFSET 0.413157 0.497476 57.345207
SCALE 1.000000 1.000000 1.000000
X 0.000648 0.999996 -0.000076
Y -0.998862 0.000643 -0.047678
Z -0.047678 0.000106 0.998863

BONE 85
OFFSET 0.434976 -0.478095 57.350185
SCALE 1.000000 1.000000 1.000000
X 0.000015 1.000000 0.000074
Y 0.998884 -0.000019 0.047237
Z 0.047237 0.000074 -0.998884

BONE 86
OFFSET 0.772060 0.273562 55.852356
SCALE 1.000000 1.000000 1.000000
X 0.000646 1.000000 -0.000085
Y -0.998863 0.000641 -0.047679
Z -0.047679 0.000116 0.998863

BONE 87
OFFSET 0.772060 -0.272551 55.852356
SCALE 1.000000 1.000000 1.000000
X 0.000013 1.000000 0.000096
Y 0.998888 -0.000018 0.047143
Z 0.047143 0.000095 -0.998888

BONE 88
OFFSET 0.656013 0.553520 55.786201
SCALE 1.000000 1.000000 1.000000
X 0.000647 1.000000 -0.000116
Y -0.998863 0.000641 -0.047679
Z -0.047679 0.000147 0.998863

BONE 89
OFFSET 0.656013 -0.552509 55.786198
SCALE 1.000000 1.000000 1.000000
X 0.000008 1.000000 0.000097
Y 0.998888 -0.000012 0.047144
Z 0.047144 0.000097 -0.998888

BONE 90
OFFSET 1.747835 0.000008 59.866425
SCALE 1.000000 1.000000 1.000000
X 0.985418 0.000005 -0.170150
Y -0.170150 0.000000 -0.985418
Z -0.000005 1.000000 0.000001

BONE 91
OFFSET 0.032541 0.000426 57.996540
SCALE 1.000000 1.000000 1.000000
X 0.922510 -0.000050 0.385974
Y 0.000056 1.000000 -0.000005
Z -0.385974 0.000026 0.922509

BONE 92
OFFSET -1.836904 3.896173 56.001408
SCALE 1.000000 1.000000 1.000000
X -0.019310 -0.997191 -0.072368
Y 0.999660 -0.017985 -0.018916
Z 0.017561 -0.072709 0.997199

BONE 93
OFFSET -1.836431 -3.897326 56.001083
SCALE 1.000000 1.000000 1.000000
X 0.022384 -0.997288 0.071453
Y -0.999638 -0.021261 0.016474
Z -0.014909 -0.071924 -0.997345

BONE 94
OFFSET 16.891996 -27.607618 29.390909
SCALE 1.000000 1.000000 1.000000
X 1.000000 -0.000099 0.000097
Y 0.000099 1.000000 0.000046
Z -0.000097 -0.000046 1.000000

BONE 95
OFFSET 11.363214 -27.608541 36.710552
SCALE 1.000000 1.000000 1.000000
X -0.000155 1.000000 0.000198
Y 0.764288 0.000246 -0.644875
Z -0.644875 0.000052 -0.764288

BONE 96
OFFSET -10.132847 0.775010 49.511181
SCALE 1.000000 1.000000 1.000000
X -0.989756 -0.000179 0.142772
Y 0.000181 -1.000000 0.000000
Z 0.142772 0.000026 0.989756

BONE 97
OFFSET -8.344385 -4.450755 47.455288
SCALE 1.000000 1.000000 1.000000
X -0.007011 0.025920 -0.999640
Y -0.984169 -0.177222 0.002307
Z -0.177100 0.983834 0.026750

BONE 98
OFFSET 11.363214 -27.608541 36.710556
SCALE 1.000000 1.000000 1.000000
X 1.000000 -0.000013 0.000097
Y 0.000013 1.000000 -0.000001
Z -0.000097 0.000001 1.000000

BONE 99
OFFSET -6.064737 0.000004 54.975426
SCALE 1.000000 1.000000 1.000000
X -0.294922 -0.000000 -0.955521
Y 0.000000 1.000000 -0.000000
Z 0.955521 -0.000000 -0.294922

BONE 100
OFFSET 3.012224 0.000005 51.128345
SCALE 1.000000 1.000000 1.000000
X 0.144128 -0.016666 -0.989419
Y 0.000004 0.999858 -0.016841
Z 0.989559 0.002423 0.144107

BONE 101
OFFSET 3.462719 -0.052083 48.036106
SCALE 1.000000 1.000000 1.000000
X 0.021127 -0.016837 -0.999635
Y 0.000000 0.999858 -0.016840
Z 0.999777 0.000356 0.021124

BONE 102
OFFSET 3.537167 -0.111375 44.516487
SCALE 1.000000 1.000000 1.000000
X 0.021135 -0.010176 -0.999725
Y -0.000142 0.999948 -0.010181
Z 0.999777 0.000357 0.021132

BONE 103
OFFSET 3.656331 -0.146488 41.061291
SCALE 1.000000 1.000000 1.000000
X 0.021139 -0.021288 -0.999550
Y 0.000093 0.999773 -0.021291
Z 0.999776 0.000357 0.021136

BONE 104
OFFSET 3.701169 -0.270242 37.413296
SCALE 1.000000 1.000000 1.000000
X -0.107925 -0.021140 -0.993934
Y 0.000073 0.999773 -0.021272
Z 0.994159 -0.002369 -0.107900

BONE 105
OFFSET -7.147070 -2.181407 36.141987
SCALE 1.000000 1.000000 1.000000
X -0.188090 0.137957 0.972414
Y 0.149122 -0.974596 0.167111
Z 0.970765 0.176440 0.162739

BONE 106
OFFSET -0.002207 0.000000 -0.000000
SCALE 1.000000 1.000000 1.000000
X -1.000000 0.000000 0.000000
Y 0.000000 -1.000000 0.000000
Z 0.000000 0.000000 1.000000


NUMVERTS 630
VERT 0
OFFSET -1.576010 20.293139 38.886181
BONES 5
BONE 18 0.053251
BONE 17 0.241035
BONE 20 0.226687
BONE 16 0.473038
BONE 21 0.005989

VERT 1
OFFSET -1.804723 19.958681 38.360264
BONES 6
BONE 29 0.036165
BONE 17 0.033658
BONE 16 0.701308
BONE 21 0.000042
BONE 20 0.222798
BONE 18 0.006030

VERT 2
OFFSET -1.528268 22.277058 36.796562
BONES 3
BONE 17 0.005305
BONE 18 0.020448
BONE 19 0.974247

VERT 3
OFFSET -1.036130 19.379457 38.317444
BONES 5
BONE 29 0.170208
BONE 16 0.288776
BONE 17 0.003462
BONE 30 0.289694
BONE 31 0.247861

VERT 4
OFFSET -1.788959 17.115803 40.899773
BONES 3
BONE 16 0.201772
BONE 29 0.002651
BONE 15 0.795577

VERT 5
OFFSET -3.236259 21.626900 37.219547
BONES 3
BONE 25 0.987643
BONE 23 0.003291
BONE 24 0.009066

VERT 6
OFFSET -3.284151 16.756378 40.590015
BONES 4
BONE 29 0.006260
BONE 30 0.001442
BONE 15 0.957578
BONE 16 0.034720

VERT 7
OFFSET -3.101679 20.054407 38.324623
BONES 5
BONE 26 0.122202
BONE 27 0.007383
BONE 24 0.017022
BONE 23 0.343679
BONE 16 0.509714

VERT 8
OFFSET -2.325385 17.598335 41.338551
BONES 2
BONE 15 0.980181
BONE 16 0.019819

VERT 9
OFFSET -2.455342 20.464928 38.335484
BONES 4
BONE 26 0.164744
BONE 20 0.204312
BONE 16 0.630251
BONE 21 0.000693

VERT 10
OFFSET -2.191955 22.542820 36.637058
BONES 3
BONE 22 0.985791
BONE 21 0.009531
BONE 20 0.004678

VERT 11
OFFSET -3.780900 19.317877 38.718700
BONES 4
BONE 16 0.727534
BONE 23 0.166212
BONE 24 0.067597
BONE 25 0.038657

VERT 12
OFFSET -2.662576 22.345318 36.819195
BONES 3
BONE 28 0.984845
BONE 26 0.003167
BONE 27 0.011988

VERT 13
OFFSET -3.102327 19.975796 39.004082
BONES 5
BONE 27 0.002284
BONE 26 0.144975
BONE 24 0.001212
BONE 16 0.742839
BONE 23 0.108690

VERT 14
OFFSET -0.042477 19.789568 37.319160
BONES 4
BONE 31 0.973329
BONE 30 0.014150
BONE 29 0.011409
BONE 16 0.001112

VERT 15
OFFSET -3.102318 -19.975817 39.004063
BONES 5
BONE 47 0.108680
BONE 48 0.001212
BONE 51 0.002286
BONE 40 0.742836
BONE 50 0.144986

VERT 16
OFFSET -0.042479 -19.789562 37.319172
BONES 4
BONE 55 0.973330
BONE 54 0.014147
BONE 53 0.011411
BONE 40 0.001112

VERT 17
OFFSET -1.576013 -20.293116 38.886204
BONES 5
BONE 41 0.240878
BONE 42 0.053268
BONE 44 0.226686
BONE 45 0.005988
BONE 40 0.473180

VERT 18
OFFSET -1.528268 -22.277046 36.796566
BONES 3
BONE 42 0.020436
BONE 43 0.974258
BONE 41 0.005307

VERT 19
OFFSET -3.236247 -21.626928 37.219532
BONES 3
BONE 48 0.009070
BONE 49 0.987638
BONE 47 0.003292

VERT 20
OFFSET -3.780904 -19.317770 38.718777
BONES 4
BONE 47 0.166161
BONE 40 0.727533
BONE 48 0.067656
BONE 49 0.038649

VERT 21
OFFSET -2.325382 -17.598335 41.338547
BONES 2
BONE 39 0.980182
BONE 40 0.019818

VERT 22
OFFSET -1.036108 -19.379457 38.317451
BONES 5
BONE 53 0.170213
BONE 41 0.003461
BONE 40 0.288730
BONE 55 0.247887
BONE 54 0.289708

VERT 23
OFFSET -1.804713 -19.958586 38.360306
BONES 6
BONE 41 0.033653
BONE 44 0.222760
BONE 45 0.000042
BONE 42 0.006030
BONE 40 0.701337
BONE 53 0.036178

VERT 24
OFFSET -2.662571 -22.345303 36.819199
BONES 3
BONE 50 0.003163
BONE 51 0.012012
BONE 52 0.984826

VERT 25
OFFSET -3.101675 -20.054401 38.324623
BONES 5
BONE 50 0.122194
BONE 51 0.007382
BONE 47 0.343675
BONE 48 0.017029
BONE 40 0.509720

VERT 26
OFFSET -3.284148 -16.756386 40.590015
BONES 4
BONE 53 0.006259
BONE 54 0.001443
BONE 39 0.957577
BONE 40 0.034722

VERT 27
OFFSET -2.455341 -20.464926 38.335472
BONES 4
BONE 44 0.204325
BONE 40 0.630258
BONE 50 0.164723
BONE 45 0.000693

VERT 28
OFFSET -2.191939 -22.542894 36.637020
BONES 3
BONE 45 0.009531
BONE 44 0.004677
BONE 46 0.985792

VERT 29
OFFSET -2.239922 -1.037925 29.878311
BONES 1
BONE 6 1.000000

VERT 30
OFFSET -4.194215 -2.313245 29.744839
BONES 1
BONE 6 1.000000

VERT 31
OFFSET -1.059125 -6.031929 29.571667
BONES 1
BONE 6 1.000000

VERT 32
OFFSET 0.964128 -2.992182 29.601973
BONES 1
BONE 6 1.000000

VERT 33
OFFSET -3.840847 -4.644219 29.383686
BONES 1
BONE 6 1.000000

VERT 34
OFFSET 0.623022 -2.163984 28.977676
BONES 1
BONE 6 1.000000

VERT 35
OFFSET 0.948744 -4.102255 30.037588
BONES 1
BONE 6 1.000000

VERT 36
OFFSET 0.723440 -3.826588 30.404222
BONES 1
BONE 6 1.000000

VERT 37
OFFSET 0.836607 -2.242547 30.464447
BONES 1
BONE 6 1.000000

VERT 38
OFFSET 0.544805 -2.204759 30.588284
BONES 1
BONE 6 1.000000

VERT 39
OFFSET 0.311793 -2.191591 29.032757
BONES 1
BONE 6 1.000000

VERT 40
OFFSET 0.734251 -3.990168 30.545414
BONES 1
BONE 6 1.000000

VERT 41
OFFSET 0.814868 -3.949370 28.951971
BONES 1
BONE 6 1.000000

VERT 42
OFFSET 0.518817 -3.895473 29.058878
BONES 1
BONE 6 1.000000

VERT 43
OFFSET 0.567718 -2.361631 30.441420
BONES 1
BONE 6 1.000000

VERT 44
OFFSET 0.515299 -2.352249 29.154747
BONES 1
BONE 6 1.000000

VERT 45
OFFSET 0.829065 -2.533269 30.533199
BONES 1
BONE 6 1.000000

VERT 46
OFFSET 0.659205 -2.533269 30.533199
BONES 1
BONE 6 1.000000

VERT 47
OFFSET 0.937767 -3.094380 31.486271
BONES 1
BONE 6 1.000000

VERT 48
OFFSET 1.119995 -3.111449 33.499443
BONES 1
BONE 6 1.000000

VERT 49
OFFSET 0.787741 -3.584254 30.533199
BONES 1
BONE 6 1.000000

VERT 50
OFFSET -3.542256 -5.378540 29.772825
BONES 1
BONE 6 1.000000

VERT 51
OFFSET 0.252973 -5.451940 30.152966
BONES 1
BONE 6 1.000000

VERT 52
OFFSET 0.960070 -3.584254 30.533199
BONES 1
BONE 6 1.000000

VERT 53
OFFSET 0.177655 -1.819736 29.022388
BONES 1
BONE 6 1.000000

VERT 54
OFFSET -3.400470 -0.918137 29.888340
BONES 1
BONE 6 1.000000

VERT 55
OFFSET -4.675160 -4.531651 4.748723
BONES 1
BONE 7 1.000000

VERT 56
OFFSET -4.771439 -2.175306 34.058830
BONES 2
BONE 1 0.310912
BONE 6 0.689057

VERT 57
OFFSET -3.319988 -5.360298 37.256092
BONES 2
BONE 1 0.568906
BONE 6 0.431094

VERT 58
OFFSET -4.977822 -2.889051 4.743007
BONES 1
BONE 7 1.000000

VERT 59
OFFSET -5.835423 -3.691713 4.749037
BONES 1
BONE 7 1.000000

VERT 60
OFFSET -5.386083 -3.402096 36.985546
BONES 2
BONE 6 0.276259
BONE 1 0.723723

VERT 61
OFFSET -3.681865 -3.864848 4.377031
BONES 1
BONE 7 1.000000

VERT 62
OFFSET 0.355079 -1.321855 34.804226
BONES 3
BONE 2 0.003992
BONE 1 0.317590
BONE 6 0.678478

VERT 63
OFFSET -3.709614 -3.763344 21.908674
BONES 2
BONE 6 0.245059
BONE 7 0.754941

VERT 64
OFFSET -2.102412 -5.040448 20.761730
BONES 2
BONE 6 0.356436
BONE 7 0.643564

VERT 65
OFFSET -2.548175 -1.783356 20.883406
BONES 2
BONE 6 0.142231
BONE 7 0.857769

VERT 66
OFFSET -5.677186 -2.865504 17.597000
BONES 1
BONE 7 1.000000

VERT 67
OFFSET -0.227725 -4.821519 40.468067
BONES 3
BONE 6 0.005824
BONE 1 0.990727
BONE 10 0.003446

VERT 68
OFFSET -0.411954 -2.504469 22.047489
BONES 2
BONE 6 0.755745
BONE 7 0.244255

VERT 69
OFFSET -1.011584 -3.718707 20.574633
BONES 2
BONE 6 0.446584
BONE 7 0.553416

VERT 70
OFFSET -5.480327 -5.209724 17.372366
BONES 1
BONE 7 1.000000

VERT 71
OFFSET 1.166962 -4.106063 36.200825
BONES 2
BONE 6 0.756506
BONE 1 0.243494

VERT 72
OFFSET -5.405142 -1.685472 39.368885
BONES 3
BONE 6 0.000249
BONE 10 0.002814
BONE 1 0.996934

VERT 73
OFFSET -4.684549 2.196072 34.085819
BONES 2
BONE 2 0.881329
BONE 1 0.118665

VERT 74
OFFSET -4.752291 2.907124 39.998089
BONES 3
BONE 10 0.006528
BONE 2 0.015476
BONE 1 0.977995

VERT 75
OFFSET -0.688281 6.078491 29.901176
BONES 1
BONE 2 1.000000

VERT 76
OFFSET -4.685170 3.982311 34.926483
BONES 2
BONE 1 0.393750
BONE 2 0.606217

VERT 77
OFFSET -1.032954 3.721834 20.509274
BONES 2
BONE 2 0.435778
BONE 3 0.564222

VERT 78
OFFSET -4.977811 2.889036 4.743003
BONES 1
BONE 3 1.000000

VERT 79
OFFSET -2.140278 0.807253 34.289047
BONES 2
BONE 1 0.145318
BONE 2 0.854682

VERT 80
OFFSET 0.738686 1.808594 35.412926
BONES 2
BONE 1 0.275136
BONE 2 0.724923

VERT 81
OFFSET -3.554191 0.041015 34.765881
BONES 3
BONE 1 0.889748
BONE 2 0.102569
BONE 6 0.007534

VERT 82
OFFSET -5.028104 0.229790 38.579796
BONES 3
BONE 2 0.000062
BONE 1 0.999594
BONE 10 0.000343

VERT 83
OFFSET -4.675161 4.531651 4.748719
BONES 1
BONE 3 1.000000

VERT 84
OFFSET 1.614181 -0.455423 39.052006
BONES 2
BONE 1 0.992416
BONE 10 0.007584

VERT 85
OFFSET -3.694568 3.793062 21.908377
BONES 2
BONE 2 0.261138
BONE 3 0.738862

VERT 86
OFFSET -2.547844 1.800170 20.916338
BONES 2
BONE 2 0.228355
BONE 3 0.771645

VERT 87
OFFSET 1.282773 4.015327 34.927517
BONES 2
BONE 1 0.192054
BONE 2 0.807946

VERT 88
OFFSET -3.319992 5.360297 37.256092
BONES 2
BONE 2 0.431093
BONE 1 0.568907

VERT 89
OFFSET -2.102417 5.040449 20.761713
BONES 2
BONE 2 0.356434
BONE 3 0.643566

VERT 90
OFFSET -0.415854 2.517018 22.025175
BONES 2
BONE 3 0.260590
BONE 2 0.739410

VERT 91
OFFSET -5.677187 2.865503 17.596998
BONES 1
BONE 3 1.000000

VERT 92
OFFSET -3.681868 3.864848 4.377028
BONES 1
BONE 3 1.000000

VERT 93
OFFSET -5.835424 3.691713 4.749033
BONES 1
BONE 3 1.000000

VERT 94
OFFSET -5.480329 5.209724 17.372360
BONES 1
BONE 3 1.000000

VERT 95
OFFSET 0.360985 4.661893 40.282818
BONES 3
BONE 2 0.041321
BONE 10 0.004084
BONE 1 0.954576

VERT 96
OFFSET -2.570130 -3.796010 56.878208
BONES 1
BONE 63 1.000000

VERT 97
OFFSET -2.592550 -3.774635 56.598434
BONES 1
BONE 63 1.000000

VERT 98
OFFSET -2.635015 -3.795440 56.869850
BONES 1
BONE 63 1.000000

VERT 99
OFFSET -2.699330 -3.785655 56.863293
BONES 1
BONE 63 1.000000

VERT 100
OFFSET -2.734480 -3.802660 56.855503
BONES 1
BONE 63 1.000000

VERT 101
OFFSET -2.698190 -3.844935 56.852371
BONES 1
BONE 63 1.000000

VERT 102
OFFSET -2.639385 -3.871250 56.855030
BONES 1
BONE 63 1.000000

VERT 103
OFFSET -2.578110 -3.854530 56.866238
BONES 1
BONE 63 1.000000

VERT 104
OFFSET -2.537260 -3.818430 56.878304
BONES 1
BONE 63 1.000000

VERT 105
OFFSET -2.113750 -3.251755 56.851990
BONES 1
BONE 63 1.000000

VERT 106
OFFSET -2.256060 -3.240640 56.851990
BONES 1
BONE 63 1.000000

VERT 107
OFFSET -2.330825 -3.279780 56.831852
BONES 1
BONE 63 1.000000

VERT 108
OFFSET -2.245800 -3.360530 56.798885
BONES 1
BONE 63 1.000000

VERT 109
OFFSET -1.981510 -3.363855 56.806770
BONES 1
BONE 63 1.000000

VERT 110
OFFSET -1.896675 -3.285195 56.844772
BONES 1
BONE 63 1.000000

VERT 111
OFFSET -1.233860 -3.124645 56.463913
BONES 1
BONE 63 1.000000

VERT 112
OFFSET -1.318885 -3.138895 56.433800
BONES 1
BONE 63 1.000000

VERT 113
OFFSET -1.353085 -3.174615 56.408436
BONES 1
BONE 63 1.000000

VERT 114
OFFSET -1.284970 -3.212425 56.410809
BONES 1
BONE 63 1.000000

VERT 115
OFFSET -1.131070 -3.175090 56.470562
BONES 1
BONE 63 1.000000

VERT 116
OFFSET -1.100290 -3.113150 56.506474
BONES 1
BONE 63 1.000000

VERT 117
OFFSET -2.991266 3.625580 57.304760
BONES 1
BONE 63 1.000000

VERT 118
OFFSET -2.789391 3.571145 56.781975
BONES 1
BONE 63 1.000000

VERT 119
OFFSET -2.912321 3.642680 57.318916
BONES 1
BONE 63 1.000000

VERT 120
OFFSET -2.832236 3.648285 57.335537
BONES 1
BONE 63 1.000000

VERT 121
OFFSET -2.792906 3.678780 57.338390
BONES 1
BONE 63 1.000000

VERT 122
OFFSET -2.845346 3.720865 57.318916
BONES 1
BONE 63 1.000000

VERT 123
OFFSET -2.922011 3.737015 57.298965
BONES 1
BONE 63 1.000000

VERT 124
OFFSET -2.993071 3.699680 57.290318
BONES 1
BONE 63 1.000000

VERT 125
OFFSET -3.035631 3.644105 57.291462
BONES 1
BONE 63 1.000000

VERT 126
OFFSET -2.013336 3.188105 56.440735
BONES 1
BONE 63 1.000000

VERT 127
OFFSET -1.783531 3.191810 56.544189
BONES 1
BONE 63 1.000000

VERT 128
OFFSET -1.654236 3.272180 56.561954
BONES 1
BONE 63 1.000000

VERT 129
OFFSET -1.777546 3.399100 56.439594
BONES 1
BONE 63 1.000000

VERT 130
OFFSET -2.207706 3.361860 56.261467
BONES 1
BONE 63 1.000000

VERT 131
OFFSET -2.360941 3.211000 56.269356
BONES 1
BONE 63 1.000000

VERT 132
OFFSET -1.568356 2.790245 56.925426
BONES 1
BONE 63 1.000000

VERT 133
OFFSET -1.450366 2.774285 56.945282
BONES 1
BONE 63 1.000000

VERT 134
OFFSET -1.383296 2.803165 56.937775
BONES 1
BONE 63 1.000000

VERT 135
OFFSET -1.445521 2.874035 56.896259
BONES 1
BONE 63 1.000000

VERT 136
OFFSET -1.666586 2.889235 56.866238
BONES 1
BONE 63 1.000000

VERT 137
OFFSET -1.746576 2.828150 56.888565
BONES 1
BONE 63 1.000000

VERT 138
OFFSET 0.289560 -2.271734 58.443432
BONES 1
BONE 63 1.000000

VERT 139
OFFSET 0.214130 -2.164005 58.188259
BONES 1
BONE 63 1.000000

VERT 140
OFFSET 0.261915 -2.292634 58.437538
BONES 1
BONE 63 1.000000

VERT 141
OFFSET 0.231230 -2.310400 58.433929
BONES 1
BONE 63 1.000000

VERT 142
OFFSET 0.222395 -2.327310 58.426804
BONES 1
BONE 63 1.000000

VERT 143
OFFSET 0.252700 -2.329114 58.420536
BONES 1
BONE 63 1.000000

VERT 144
OFFSET 0.286805 -2.318569 58.419964
BONES 1
BONE 63 1.000000

VERT 145
OFFSET 0.306850 -2.293204 58.429371
BONES 1
BONE 63 1.000000

VERT 146
OFFSET 0.311410 -2.268315 58.441341
BONES 1
BONE 63 1.000000

VERT 147
OFFSET -0.389215 2.207896 55.665440
BONES 1
BONE 63 1.000000

VERT 148
OFFSET -0.364611 2.207421 55.668766
BONES 1
BONE 63 1.000000

VERT 149
OFFSET -0.388550 2.254350 55.620029
BONES 1
BONE 63 1.000000

VERT 150
OFFSET -0.461891 2.254730 55.611477
BONES 1
BONE 63 1.000000

VERT 151
OFFSET -0.608190 -2.476840 56.345638
BONES 1
BONE 63 1.000000

VERT 152
OFFSET -0.687800 -2.485864 56.299282
BONES 1
BONE 63 1.000000

VERT 153
OFFSET -0.716395 -2.516834 56.262611
BONES 1
BONE 63 1.000000

VERT 154
OFFSET -0.647140 -2.554360 56.270210
BONES 1
BONE 63 1.000000

VERT 155
OFFSET -0.503880 -2.528140 56.360935
BONES 1
BONE 63 1.000000

VERT 156
OFFSET -0.481080 -2.473705 56.411758
BONES 1
BONE 63 1.000000

VERT 157
OFFSET -0.515565 -2.903009 57.512333
BONES 1
BONE 63 1.000000

VERT 158
OFFSET -0.635740 -2.979295 57.549767
BONES 1
BONE 63 1.000000

VERT 159
OFFSET -0.669465 -3.060139 57.564110
BONES 1
BONE 63 1.000000

VERT 160
OFFSET -0.415055 -3.041615 57.493999
BONES 1
BONE 63 1.000000

VERT 161
OFFSET -0.319580 -2.803925 57.452675
BONES 1
BONE 63 1.000000

VERT 162
OFFSET -0.427786 2.717570 57.683620
BONES 1
BONE 63 1.000000

VERT 163
OFFSET -0.396056 2.600720 57.610279
BONES 1
BONE 63 1.000000

VERT 164
OFFSET -0.339721 2.557781 57.557934
BONES 1
BONE 63 1.000000

VERT 165
OFFSET -0.292980 2.779890 57.636311
BONES 1
BONE 63 1.000000

VERT 166
OFFSET -0.450206 2.902345 57.790401
BONES 1
BONE 63 1.000000

VERT 167
OFFSET 0.522405 1.734131 58.283260
BONES 1
BONE 63 1.000000

VERT 168
OFFSET 0.393680 1.826566 58.079010
BONES 1
BONE 63 1.000000

VERT 169
OFFSET 0.531525 1.713706 58.267681
BONES 1
BONE 63 1.000000

VERT 170
OFFSET 0.537225 1.691476 58.253048
BONES 1
BONE 63 1.000000

VERT 171
OFFSET 0.548815 1.684065 58.243263
BONES 1
BONE 63 1.000000

VERT 172
OFFSET 0.559550 1.704396 58.248585
BONES 1
BONE 63 1.000000

VERT 173
OFFSET 0.560975 1.728431 58.260651
BONES 1
BONE 63 1.000000

VERT 174
OFFSET 0.545775 1.744011 58.276703
BONES 1
BONE 63 1.000000

VERT 175
OFFSET 0.526205 1.749141 58.289433
BONES 1
BONE 63 1.000000

VERT 176
OFFSET 0.754775 1.103330 58.269672
BONES 1
BONE 63 1.000000

VERT 177
OFFSET 0.681720 1.155391 58.122993
BONES 1
BONE 63 1.000000

VERT 178
OFFSET 0.758290 1.090981 58.263405
BONES 1
BONE 63 1.000000

VERT 179
OFFSET 0.759810 1.077965 58.257702
BONES 1
BONE 63 1.000000

VERT 180
OFFSET 0.765225 1.072646 58.253429
BONES 1
BONE 63 1.000000

VERT 181
OFFSET 0.771970 1.083096 58.254665
BONES 1
BONE 63 1.000000

VERT 182
OFFSET 0.774060 1.096395 58.258938
BONES 1
BONE 63 1.000000

VERT 183
OFFSET 0.767315 1.106655 58.265781
BONES 1
BONE 63 1.000000

VERT 184
OFFSET 0.757625 1.111405 58.271671
BONES 1
BONE 63 1.000000

VERT 185
OFFSET 0.874760 -0.141359 58.648155
BONES 1
BONE 63 1.000000

VERT 186
OFFSET 0.818425 -0.223439 58.602745
BONES 1
BONE 63 1.000000

VERT 187
OFFSET 0.822795 -0.278349 58.566929
BONES 1
BONE 63 1.000000

VERT 188
OFFSET 0.912285 -0.248614 58.574341
BONES 1
BONE 63 1.000000

VERT 189
OFFSET 0.990945 -0.181354 58.607113
BONES 1
BONE 63 1.000000

VERT 190
OFFSET 0.973370 -0.020234 58.712944
BONES 1
BONE 63 1.000000

VERT 191
OFFSET 0.637260 0.720006 58.108936
BONES 1
BONE 63 1.000000

VERT 192
OFFSET 0.671745 0.675166 58.080719
BONES 1
BONE 63 1.000000

VERT 193
OFFSET 0.756580 0.834101 58.115772
BONES 1
BONE 63 1.000000

VERT 194
OFFSET 0.653790 0.963491 58.198994
BONES 1
BONE 63 1.000000

VERT 195
OFFSET 0.830964 4.557245 49.186344
BONES 3
BONE 63 0.000000
BONE 62 0.518000
BONE 11 0.482000

VERT 196
OFFSET 0.585674 4.467755 49.374542
BONES 3
BONE 63 0.000000
BONE 62 0.518000
BONE 11 0.482000

VERT 197
OFFSET -6.163694 4.071605 46.776192
BONES 2
BONE 63 0.000000
BONE 99 1.000000

VERT 198
OFFSET -5.728783 3.353215 45.994438
BONES 2
BONE 63 0.000000
BONE 99 1.000000

VERT 199
OFFSET -6.070309 4.151215 46.734867
BONES 2
BONE 63 0.000000
BONE 99 1.000000

VERT 200
OFFSET -6.051119 4.183895 46.709885
BONES 2
BONE 63 0.000000
BONE 99 1.000000

VERT 201
OFFSET -6.171674 4.156630 46.687275
BONES 2
BONE 63 0.000000
BONE 99 1.000000

VERT 202
OFFSET -6.202359 4.058115 46.773724
BONES 2
BONE 63 0.000000
BONE 99 1.000000

VERT 203
OFFSET -4.886418 4.730239 46.004700
BONES 2
BONE 99 1.000000
BONE 63 0.000000

VERT 204
OFFSET -6.624634 3.847309 42.970970
BONES 1
BONE 99 1.000000

VERT 205
OFFSET -7.036173 2.951649 41.714592
BONES 1
BONE 99 1.000000

VERT 206
OFFSET -7.128513 1.477154 41.718868
BONES 1
BONE 99 1.000000

VERT 207
OFFSET -0.387979 -4.417120 49.252846
BONES 3
BONE 63 0.002000
BONE 62 0.675000
BONE 11 0.323000

VERT 208
OFFSET -4.393367 -4.341881 46.590187
BONES 2
BONE 99 1.000000
BONE 63 0.000000

VERT 209
OFFSET -4.439443 -4.319840 46.584579
BONES 2
BONE 99 1.000000
BONE 63 0.000000

VERT 210
OFFSET -4.339692 -4.481246 46.531666
BONES 2
BONE 99 1.000000
BONE 63 0.000000

VERT 211
OFFSET -4.273382 -4.484951 46.555889
BONES 2
BONE 99 1.000000
BONE 63 0.000000

VERT 212
OFFSET -4.557148 -3.959030 42.769474
BONES 1
BONE 99 1.000000

VERT 213
OFFSET -4.252292 -4.350240 42.766434
BONES 1
BONE 99 1.000000

VERT 214
OFFSET -5.127717 -3.597460 41.459805
BONES 1
BONE 99 1.000000

VERT 215
OFFSET 2.009328 2.599398 43.303886
BONES 1
BONE 10 1.000000

VERT 216
OFFSET 1.924890 2.618787 43.310890
BONES 1
BONE 10 1.000000

VERT 217
OFFSET 1.926814 2.993541 44.442623
BONES 2
BONE 10 0.734650
BONE 11 0.264976

VERT 218
OFFSET 1.873733 3.061798 44.425159
BONES 2
BONE 10 0.728543
BONE 11 0.271148

VERT 219
OFFSET 2.292811 2.744648 43.243896
BONES 1
BONE 10 1.000000

VERT 220
OFFSET 0.363411 4.352972 47.549500
BONES 2
BONE 10 0.022035
BONE 11 0.977965

VERT 221
OFFSET 0.011429 4.716509 48.404972
BONES 2
BONE 10 0.015134
BONE 11 0.984866

VERT 222
OFFSET -0.304400 4.441543 50.357159
BONES 1
BONE 11 1.000000

VERT 223
OFFSET -0.199485 3.927058 51.443890
BONES 2
BONE 13 0.272219
BONE 11 0.727781

VERT 224
OFFSET -0.529839 3.262258 53.118946
BONES 1
BONE 13 1.000000

VERT 225
OFFSET -0.159702 2.821900 52.606705
BONES 1
BONE 13 1.000000

VERT 226
OFFSET -0.140960 2.906295 52.708324
BONES 1
BONE 13 1.000000

VERT 227
OFFSET -0.685217 2.247523 53.261078
BONES 1
BONE 13 1.000000

VERT 228
OFFSET -0.459082 2.333165 53.555023
BONES 1
BONE 13 1.000000

VERT 229
OFFSET -0.631320 2.305001 53.354179
BONES 1
BONE 13 1.000000

VERT 230
OFFSET -3.714927 0.921581 54.298370
BONES 1
BONE 11 1.000000

VERT 231
OFFSET -3.651514 0.855843 54.228981
BONES 2
BONE 13 0.000660
BONE 11 0.999340

VERT 232
OFFSET -3.631890 0.933558 53.969902
BONES 1
BONE 11 1.000000

VERT 233
