// Export time: Thu Nov 19 21:40:19 2020

// Exported using Blender v2.90.1
// Export filename: 'E:/blackops3/mod_xmodel/iw4/ump40/ch_head_gk_ump40.XMODEL_EXPORT'
// Source filename: 'E:/blackops3/mod_xmodel/iw4/ump40/ump40.blend'
MODEL
VERSION 6

NUMBONES 32
BONE 0 -1 "tag_origin"
BONE 1 0 "j_spineupper"
BONE 2 1 "j_neck"
BONE 3 2 "j_head"
BONE 4 3 "j_brow_le"
BONE 5 3 "j_brow_ri"
BONE 6 3 "j_browouter_le"
BONE 7 3 "j_browouter_ri"
BONE 8 3 "j_cheek_le"
BONE 9 3 "j_cheek_ri"
BONE 10 3 "j_cheeklower_le"
BONE 11 3 "j_cheeklower_ri"
BONE 12 3 "j_eye_lid_bot_le"
BONE 13 3 "j_eye_lid_bot_ri"
BONE 14 3 "j_eye_lid_top_le"
BONE 15 3 "j_eye_lid_top_ri"
BONE 16 3 "j_eyeball_le"
BONE 17 3 "j_eyeball_ri"
BONE 18 3 "j_head_end"
BONE 19 18 "j_helmet"
BONE 20 3 "j_jaw"
BONE 21 20 "j_chin_skinroll"
BONE 22 20 "j_lip_bot_le"
BONE 23 20 "j_lip_bot_ri"
BONE 24 3 "j_levator_le"
BONE 25 3 "j_levator_ri"
BONE 26 3 "j_lip_top_le"
BONE 27 3 "j_lip_top_ri"
BONE 28 3 "j_mouth_le"
BONE 29 3 "j_mouth_ri"
BONE 30 3 "j_nvg"
BONE 31 3 "tag_eye"

BONE 0
OFFSET 0.000000 0.000000 0.000000
SCALE 1.000000 1.000000 1.000000
X 1.000000 0.000000 0.000000
Y 0.000000 1.000000 0.000000
Z 0.000000 0.000000 1.000000

BONE 1
OFFSET -1.742934 -0.000006 46.005100
SCALE 1.000000 1.000000 1.000000
X 0.020432 -0.000061 0.999791
Y 0.999791 0.000062 -0.020432
Z -0.000060 1.000000 0.000063

BONE 2
OFFSET -3.185500 -0.000025 53.374882
SCALE 1.000000 1.000000 1.000000
X 0.309745 -0.000043 0.950819
Y 0.950819 0.000075 -0.309745
Z -0.000058 1.000000 0.000064

BONE 3
OFFSET -2.587071 -0.000040 55.608479
SCALE 1.000000 1.000000 1.000000
X 0.216391 -0.000041 0.976307
Y 0.976307 0.000072 -0.216391
Z -0.000061 1.000000 0.000055

BONE 4
OFFSET 0.786589 1.140737 58.686729
SCALE 1.000000 1.000000 1.000000
X 0.000654 0.999994 -0.000115
Y -0.998862 0.000646 -0.047682
Z -0.047681 0.000146 0.998862

BONE 5
OFFSET 0.795593 -1.162164 58.694046
SCALE 1.000000 1.000000 1.000000
X 0.000012 1.000000 0.000093
Y 0.998888 -0.000017 0.047143
Z 0.047142 0.000092 -0.998888

BONE 6
OFFSET 0.479243 1.959830 58.959919
SCALE 1.000000 1.000000 1.000000
X 0.000646 0.999998 -0.000131
Y -0.998862 0.000638 -0.047682
Z -0.047682 0.000161 0.998862

BONE 7
OFFSET 0.505119 -1.936294 58.951260
SCALE 1.000000 1.000000 1.000000
X 0.000006 1.000000 0.000098
Y 0.998892 -0.000011 0.047051
Z 0.047051 0.000098 -0.998892

BONE 8
OFFSET -0.318794 1.654189 57.645622
SCALE 1.000000 1.000000 1.000000
X 0.000646 0.999996 -0.000131
Y -0.998870 0.000638 -0.047505
Z -0.047505 0.000162 0.998871

BONE 9
OFFSET -0.336617 -1.587850 57.703220
SCALE 1.000000 1.000000 1.000000
X 0.000018 1.000000 0.000086
Y 0.998888 -0.000022 0.047145
Z 0.047145 0.000085 -0.998888

BONE 10
OFFSET -0.327737 1.486343 56.596706
SCALE 1.000000 1.000000 1.000000
X 0.170290 0.000002 0.985394
Y 0.985394 0.000014 -0.170290
Z -0.000014 1.000000 0.000001

BONE 11
OFFSET -0.288356 -1.483931 56.623402
SCALE 1.000000 1.000000 1.000000
X 0.170384 0.000002 0.985378
Y 0.985378 0.000003 -0.170384
Z -0.000003 1.000000 -0.000002

BONE 12
OFFSET -0.547580 1.006466 58.132462
SCALE 1.000000 1.000000 1.000000
X -0.065619 0.997124 0.038030
Y -0.996949 -0.063896 -0.044841
Z -0.042282 -0.040854 0.998270

BONE 13
OFFSET -0.547302 -0.960262 58.126572
SCALE 1.000000 1.000000 1.000000
X 0.066597 0.997041 -0.038387
Y 0.996924 -0.064897 0.043947
Z 0.041326 -0.041195 -0.998296

BONE 14
OFFSET -0.547200 1.005574 58.197773
SCALE 1.000000 1.000000 1.000000
X -0.065492 0.997129 0.037995
Y -0.996960 -0.063775 -0.044753
Z -0.042201 -0.040810 0.998275

BONE 15
OFFSET -0.546643 -0.961461 58.185966
SCALE 1.000000 1.000000 1.000000
X 0.066549 0.997045 -0.038382
Y 0.996938 -0.064860 0.043680
Z 0.041061 -0.041171 -0.998308

BONE 16
OFFSET -1.967261 0.938973 57.832325
SCALE 1.000000 1.000000 1.000000
X -0.205905 0.978520 -0.010105
Y -0.977366 -0.206152 -0.047500
Z -0.048562 0.000096 0.998820

BONE 17
OFFSET -1.967743 -0.937966 57.832298
SCALE 1.000000 1.000000 1.000000
X 0.207728 0.978138 0.009784
Y 0.977073 -0.207959 0.045633
Z 0.046670 0.000080 -0.998910

BONE 18
OFFSET -2.398575 0.000005 60.622349
SCALE 1.000000 1.000000 1.000000
X 0.170374 0.000015 0.985379
Y 0.985379 -0.000000 -0.170373
Z -0.000002 1.000000 -0.000015

BONE 19
OFFSET -3.265544 0.000008 61.710064
SCALE 1.000000 1.000000 1.000000
X 0.995886 -0.000060 0.090612
Y 0.000076 1.000000 -0.000178
Z -0.090612 0.000184 0.995886

BONE 20
OFFSET -1.688096 0.000424 55.814556
SCALE 1.000000 1.000000 1.000000
X 0.000648 0.999999 -0.000097
Y -0.998854 0.000642 -0.047855
Z -0.047855 0.000128 0.998854

BONE 21
OFFSET 0.957762 -0.001444 54.251194
SCALE 1.000000 1.000000 1.000000
X 0.000648 0.999999 -0.000102
Y -0.998867 0.000642 -0.047589
Z -0.047589 0.000132 0.998867

BONE 22
OFFSET 0.712067 0.273562 55.715252
SCALE 1.000000 1.000000 1.000000
X 0.000648 0.999999 -0.000084
Y -0.998862 0.000643 -0.047680
Z -0.047680 0.000115 0.998863

BONE 23
OFFSET 0.712067 -0.272551 55.715252
SCALE 1.000000 1.000000 1.000000
X 0.001061 0.999998 0.000023
Y 0.998871 -0.000385 0.047500
Z 0.047011 -0.000027 -0.998894

BONE 24
OFFSET 0.413157 0.497476 57.345207
SCALE 1.000000 1.000000 1.000000
X 0.000647 0.999998 -0.000076
Y -0.998862 0.000642 -0.047678
Z -0.047678 0.000107 0.998863

BONE 25
OFFSET 0.434976 -0.478095 57.350185
SCALE 1.000000 1.000000 1.000000
X 0.000015 1.000000 0.000074
Y 0.998884 -0.000019 0.047232
Z 0.047232 0.000074 -0.998884

BONE 26
OFFSET 0.772060 0.273562 55.852356
SCALE 1.000000 1.000000 1.000000
X 0.000647 0.999998 -0.000085
Y -0.998862 0.000642 -0.047679
Z -0.047678 0.000116 0.998863

BONE 27
OFFSET 0.772060 -0.272551 55.852356
SCALE 1.000000 1.000000 1.000000
X 0.000013 1.000000 0.000096
Y 0.998888 -0.000018 0.047146
Z 0.047146 0.000095 -0.998888

BONE 28
OFFSET 0.656013 0.553520 55.786201
SCALE 1.000000 1.000000 1.000000
X 0.000646 1.000000 -0.000116
Y -0.998862 0.000641 -0.047682
Z -0.047681 0.000147 0.998862

BONE 29
OFFSET 0.656013 -0.552509 55.786198
SCALE 1.000000 1.000000 1.000000
X 0.000008 1.000000 0.000097
Y 0.998888 -0.000012 0.047145
Z 0.047145 0.000097 -0.998888

BONE 30
OFFSET 1.747835 0.000008 59.866425
SCALE 1.000000 1.000000 1.000000
X 0.985420 0.000005 -0.170141
Y -0.170141 0.000000 -0.985420
Z -0.000005 1.000000 0.000001

BONE 31
OFFSET 0.032541 0.000426 57.996540
SCALE 1.000000 1.000000 1.000000
X 0.922509 -0.000053 0.385974
Y 0.000058 1.000000 0.000000
Z -0.385974 0.000022 0.922509


NUMVERTS 3328
VERT 0
OFFSET 0.846452 -0.203584 56.199059
BONES 1
BONE 3 1.000000

VERT 1
OFFSET 0.796577 -0.091864 56.213593
BONES 1
BONE 3 1.000000

VERT 2
OFFSET 0.865927 -0.102029 56.191364
BONES 1
BONE 3 1.000000

VERT 3
OFFSET 0.779192 -0.183349 56.220436
BONES 1
BONE 3 1.000000

VERT 4
OFFSET 0.811397 -0.300959 56.212643
BONES 1
BONE 3 1.000000

VERT 5
OFFSET 0.748412 -0.271414 56.232307
BONES 1
BONE 3 1.000000

VERT 6
OFFSET 0.762187 -0.392159 56.231262
BONES 1
BONE 3 1.000000

VERT 7
OFFSET 0.705567 -0.354444 56.248459
BONES 1
BONE 3 1.000000

VERT 8
OFFSET 0.699107 -0.474809 56.254539
BONES 1
BONE 3 1.000000

VERT 9
OFFSET 0.649612 -0.429589 56.268978
BONES 1
BONE 3 1.000000

VERT 10
OFFSET 0.623582 -0.546914 56.281517
BONES 1
BONE 3 1.000000

VERT 11
OFFSET 0.580547 -0.493334 56.293392
BONES 1
BONE 3 1.000000

VERT 12
OFFSET 0.536847 -0.606479 56.311157
BONES 1
BONE 3 1.000000

VERT 13
OFFSET 0.501412 -0.545014 56.320278
BONES 1
BONE 3 1.000000

VERT 14
OFFSET 0.440612 -0.649894 56.342793
BONES 1
BONE 3 1.000000

VERT 15
OFFSET 0.415152 -0.584629 56.348778
BONES 1
BONE 3 1.000000

VERT 16
OFFSET 0.338297 -0.675640 56.375378
BONES 1
BONE 3 1.000000

VERT 17
OFFSET 0.323762 -0.610469 56.377941
BONES 1
BONE 3 1.000000

VERT 18
OFFSET 0.234462 -0.691884 56.407772
BONES 1
BONE 3 1.000000

VERT 19
OFFSET 0.230852 -0.628709 56.407108
BONES 1
BONE 3 1.000000

VERT 20
OFFSET 0.852342 -0.091864 56.388107
BONES 1
BONE 3 1.000000

VERT 21
OFFSET 0.835052 -0.183349 56.394665
BONES 1
BONE 3 1.000000

VERT 22
OFFSET 0.804177 -0.271414 56.405968
BONES 1
BONE 3 1.000000

VERT 23
OFFSET 0.761427 -0.354444 56.421452
BONES 1
BONE 3 1.000000

VERT 24
OFFSET 0.705472 -0.429589 56.441120
BONES 1
BONE 3 1.000000

VERT 25
OFFSET 0.636312 -0.493334 56.464867
BONES 1
BONE 3 1.000000

VERT 26
OFFSET 0.557557 -0.545014 56.491184
BONES 1
BONE 3 1.000000

VERT 27
OFFSET 0.471677 -0.584629 56.519115
BONES 1
BONE 3 1.000000

VERT 28
OFFSET 0.380572 -0.610469 56.548183
BONES 1
BONE 3 1.000000

VERT 29
OFFSET 0.287662 -0.628709 56.577255
BONES 1
BONE 3 1.000000

VERT 30
OFFSET 0.806552 0.000001 56.209888
BONES 1
BONE 3 1.000000

VERT 31
OFFSET 0.862412 0.000001 56.384594
BONES 1
BONE 3 1.000000

VERT 32
OFFSET 0.877042 0.000001 56.187374
BONES 1
BONE 3 1.000000

VERT 33
OFFSET 0.595937 -0.204819 55.510784
BONES 1
BONE 3 1.000000

VERT 34
OFFSET 0.559647 -0.103264 55.329617
BONES 1
BONE 3 1.000000

VERT 35
OFFSET 0.615507 -0.103264 55.504322
BONES 1
BONE 3 1.000000

VERT 36
OFFSET 0.540172 -0.204819 55.335888
BONES 1
BONE 3 1.000000

VERT 37
OFFSET 0.560977 -0.302099 55.523701
BONES 1
BONE 3 1.000000

VERT 38
OFFSET 0.505117 -0.302099 55.347481
BONES 1
BONE 3 1.000000

VERT 39
OFFSET 0.511672 -0.393394 55.542515
BONES 1
BONE 3 1.000000

VERT 40
OFFSET 0.455907 -0.393394 55.366478
BONES 1
BONE 3 1.000000

VERT 41
OFFSET 0.448592 -0.476044 55.567310
BONES 1
BONE 3 1.000000

VERT 42
OFFSET 0.392827 -0.476044 55.394218
BONES 1
BONE 3 1.000000

VERT 43
OFFSET 0.372972 -0.548055 55.598755
BONES 1
BONE 3 1.000000

VERT 44
OFFSET 0.317492 -0.548055 55.428608
BONES 1
BONE 3 1.000000

VERT 45
OFFSET 0.285952 -0.607714 55.634472
BONES 1
BONE 3 1.000000

VERT 46
OFFSET 0.231327 -0.607714 55.466892
BONES 1
BONE 3 1.000000

VERT 47
OFFSET 0.189622 -0.651129 55.672092
BONES 1
BONE 3 1.000000

VERT 48
OFFSET 0.135472 -0.651129 55.506413
BONES 1
BONE 3 1.000000

VERT 49
OFFSET 0.087402 -0.676875 55.709145
BONES 1
BONE 3 1.000000

VERT 50
OFFSET 0.033347 -0.676875 55.544601
BONES 1
BONE 3 1.000000

VERT 51
OFFSET -0.016338 -0.693120 55.744293
BONES 1
BONE 3 1.000000

VERT 52
OFFSET -0.070488 -0.693120 55.580135
BONES 1
BONE 3 1.000000

VERT 53
OFFSET 0.073057 -0.611610 55.707054
BONES 1
BONE 3 1.000000

VERT 54
OFFSET -0.074573 -0.629945 55.573292
BONES 1
BONE 3 1.000000

VERT 55
OFFSET -0.019853 -0.629945 55.738785
BONES 1
BONE 3 1.000000

VERT 56
OFFSET 0.018337 -0.611610 55.541279
BONES 1
BONE 3 1.000000

VERT 57
OFFSET 0.164447 -0.585864 55.674091
BONES 1
BONE 3 1.000000

VERT 58
OFFSET 0.109537 -0.585864 55.507362
BONES 1
BONE 3 1.000000

VERT 59
OFFSET 0.250802 -0.546249 55.640934
BONES 1
BONE 3 1.000000

VERT 60
OFFSET 0.195417 -0.546249 55.472500
BONES 1
BONE 3 1.000000

VERT 61
OFFSET 0.330032 -0.494475 55.609295
BONES 1
BONE 3 1.000000

VERT 62
OFFSET 0.274267 -0.494475 55.438679
BONES 1
BONE 3 1.000000

VERT 63
OFFSET 0.399192 -0.430824 55.581367
BONES 1
BONE 3 1.000000

VERT 64
OFFSET 0.343427 -0.430824 55.408184
BONES 1
BONE 3 1.000000

VERT 65
OFFSET 0.455147 -0.355679 55.559708
BONES 1
BONE 3 1.000000

VERT 66
OFFSET 0.399287 -0.355679 55.383957
BONES 1
BONE 3 1.000000

VERT 67
OFFSET 0.497897 -0.272554 55.543556
BONES 1
BONE 3 1.000000

VERT 68
OFFSET 0.442132 -0.272554 55.367523
BONES 1
BONE 3 1.000000

VERT 69
OFFSET 0.528772 -0.184584 55.532253
BONES 1
BONE 3 1.000000

VERT 70
OFFSET 0.472912 -0.184584 55.357357
BONES 1
BONE 3 1.000000

VERT 71
OFFSET 0.546157 -0.093004 55.526455
BONES 1
BONE 3 1.000000

VERT 72
OFFSET 0.490297 -0.093004 55.351753
BONES 1
BONE 3 1.000000

VERT 73
OFFSET 0.556132 0.000001 55.523228
BONES 1
BONE 3 1.000000

VERT 74
OFFSET 0.500272 0.000001 55.348618
BONES 1
BONE 3 1.000000

VERT 75
OFFSET 0.570762 0.000001 55.326103
BONES 1
BONE 3 1.000000

VERT 76
OFFSET 0.626622 0.000001 55.500713
BONES 1
BONE 3 1.000000

VERT 77
OFFSET 0.542167 -0.081984 56.103676
BONES 1
BONE 3 1.000000

VERT 78
OFFSET 0.520127 -0.097374 56.291588
BONES 1
BONE 3 1.000000

VERT 79
OFFSET 0.543212 -0.163779 56.099117
BONES 1
BONE 3 1.000000

VERT 80
OFFSET 0.519367 0.000001 56.294819
BONES 1
BONE 3 1.000000

VERT 81
OFFSET 0.541882 0.000001 56.104820
BONES 1
BONE 3 1.000000

VERT 82
OFFSET 0.556607 -0.596504 56.031952
BONES 1
BONE 3 1.000000

VERT 83
OFFSET 0.568007 -0.617879 55.931538
BONES 1
BONE 3 1.000000

VERT 84
OFFSET 0.563352 -0.547389 55.971058
BONES 1
BONE 3 1.000000

VERT 85
OFFSET 0.546917 -0.540264 56.114605
BONES 1
BONE 3 1.000000

VERT 86
OFFSET 0.558317 -0.475094 56.008392
BONES 1
BONE 3 1.000000

VERT 87
OFFSET 0.538652 -0.465309 56.177681
BONES 1
BONE 3 1.000000

VERT 88
OFFSET 0.553092 -0.400804 56.042213
BONES 1
BONE 3 1.000000

VERT 89
OFFSET 0.531527 -0.379809 56.224327
BONES 1
BONE 3 1.000000

VERT 90
OFFSET 0.548627 -0.323949 56.069477
BONES 1
BONE 3 1.000000

VERT 91
OFFSET 0.526112 -0.288609 56.257576
BONES 1
BONE 3 1.000000

VERT 92
OFFSET 0.545302 -0.244719 56.088383
BONES 1
BONE 3 1.000000

VERT 93
OFFSET 0.522312 -0.193894 56.279617
BONES 1
BONE 3 1.000000

VERT 94
OFFSET 0.609047 0.000001 55.539948
BONES 1
BONE 3 1.000000

VERT 95
OFFSET 0.608572 -0.097374 55.543747
BONES 1
BONE 3 1.000000

VERT 96
OFFSET 0.606957 -0.193894 55.557240
BONES 1
BONE 3 1.000000

VERT 97
OFFSET 0.604202 -0.288609 55.581749
BONES 1
BONE 3 1.000000

VERT 98
OFFSET 0.600687 -0.379809 55.619274
BONES 1
BONE 3 1.000000

VERT 99
OFFSET 0.596032 -0.465309 55.671429
BONES 1
BONE 3 1.000000

VERT 100
OFFSET 0.589382 -0.540264 55.740685
BONES 1
BONE 3 1.000000

VERT 101
OFFSET 0.579692 -0.596504 55.828842
BONES 1
BONE 3 1.000000

VERT 102
OFFSET 0.497992 -0.649894 56.512558
BONES 1
BONE 3 1.000000

VERT 103
OFFSET 0.593562 -0.606479 56.481400
BONES 1
BONE 3 1.000000

VERT 104
OFFSET 0.679537 -0.546914 56.452518
BONES 1
BONE 3 1.000000

VERT 105
OFFSET 0.754872 -0.474809 56.426491
BONES 1
BONE 3 1.000000

VERT 106
OFFSET 0.817952 -0.392159 56.404068
BONES 1
BONE 3 1.000000

VERT 107
OFFSET 0.867257 -0.300959 56.386116
BONES 1
BONE 3 1.000000

VERT 108
OFFSET 0.902217 -0.203584 56.373192
BONES 1
BONE 3 1.000000

VERT 109
OFFSET 0.921787 -0.102029 56.365879
BONES 1
BONE 3 1.000000

VERT 110
OFFSET 0.932902 0.000001 56.362076
BONES 1
BONE 3 1.000000

VERT 111
OFFSET 0.291937 -0.691884 56.577160
BONES 1
BONE 3 1.000000

VERT 112
OFFSET 0.395867 -0.675640 56.544857
BONES 1
BONE 3 1.000000

VERT 113
OFFSET -0.131099 -1.540994 58.141613
BONES 2
BONE 3 0.500000
BONE 17 0.500000

VERT 114
OFFSET -0.126824 -1.513444 58.124516
BONES 2
BONE 3 0.500000
BONE 17 0.500000

VERT 115
OFFSET -0.128154 -1.525985 58.135918
BONES 2
BONE 3 0.500000
BONE 17 0.500000

VERT 116
OFFSET -0.135184 -1.556384 58.140663
BONES 2
BONE 3 0.500000
BONE 17 0.500000

VERT 117
OFFSET -0.127109 -1.505559 58.109123
BONES 2
BONE 3 0.500000
BONE 17 0.500000

VERT 118
OFFSET -0.139744 -1.569685 58.133255
BONES 2
BONE 3 0.500000
BONE 17 0.500000

VERT 119
OFFSET -0.129199 -1.503374 58.092026
BONES 2
BONE 3 0.500000
BONE 17 0.500000

VERT 120
OFFSET -0.144019 -1.578899 58.120525
BONES 2
BONE 3 0.500000
BONE 17 0.500000

VERT 121
OFFSET -0.132714 -1.507365 58.075970
BONES 2
BONE 3 0.500000
BONE 17 0.500000

VERT 122
OFFSET -0.158079 -1.582604 58.104374
BONES 2
BONE 3 0.500000
BONE 17 0.500000

VERT 123
OFFSET -0.137084 -1.516675 58.063335
BONES 2
BONE 3 0.500000
BONE 17 0.500000

VERT 124
OFFSET -0.161594 -1.580324 58.087368
BONES 2
BONE 3 0.500000
BONE 17 0.500000

VERT 125
OFFSET -0.141644 -1.530069 58.056019
BONES 2
BONE 3 0.500000
BONE 17 0.500000

VERT 126
OFFSET -0.157509 -1.572439 58.072075
BONES 2
BONE 3 0.500000
BONE 17 0.500000

VERT 127
OFFSET -0.145729 -1.545269 58.055069
BONES 2
BONE 3 0.500000
BONE 17 0.500000

VERT 128
OFFSET -0.148674 -1.560184 58.060677
BONES 2
BONE 3 0.500000
BONE 17 0.500000

VERT 129
OFFSET -0.245384 -1.727764 57.671932
BONES 2
BONE 3 0.500000
BONE 17 0.500000

VERT 130
OFFSET -0.218309 -1.673519 57.656071
BONES 2
BONE 3 0.500000
BONE 17 0.500000

VERT 131
OFFSET -0.231324 -1.698314 57.666042
BONES 2
BONE 3 0.500000
BONE 17 0.500000

VERT 132
OFFSET -0.258779 -1.757499 57.672787
BONES 2
BONE 3 0.500000
BONE 17 0.500000

VERT 133
OFFSET -0.208334 -1.657274 57.643528
BONES 2
BONE 3 0.500000
BONE 17 0.500000

VERT 134
OFFSET -0.270084 -1.783054 57.668514
BONES 2
BONE 3 0.500000
BONE 17 0.500000

VERT 135
OFFSET -0.204344 -1.652144 57.630516
BONES 2
BONE 3 0.500000
BONE 17 0.500000

VERT 136
OFFSET -0.278064 -1.800819 57.659679
BONES 2
BONE 3 0.500000
BONE 17 0.500000

VERT 137
OFFSET -0.209189 -1.659270 57.618832
BONES 2
BONE 3 0.500000
BONE 17 0.500000

VERT 138
OFFSET -0.281959 -1.808135 57.647709
BONES 2
BONE 3 0.500000
BONE 17 0.500000

VERT 139
OFFSET -0.221539 -1.677510 57.610279
BONES 2
BONE 3 0.500000
BONE 17 0.500000

VERT 140
OFFSET -0.281199 -1.803955 57.634506
BONES 2
BONE 3 0.500000
BONE 17 0.500000

VERT 141
OFFSET -0.237024 -1.704015 57.606007
BONES 2
BONE 3 0.500000
BONE 17 0.500000

VERT 142
OFFSET -0.275784 -1.788659 57.622059
BONES 2
BONE 3 0.500000
BONE 17 0.500000

VERT 143
OFFSET -0.252509 -1.734604 57.606762
BONES 2
BONE 3 0.500000
BONE 17 0.500000

VERT 144
OFFSET -0.265904 -1.764339 57.612370
BONES 2
BONE 3 0.500000
BONE 17 0.500000

VERT 145
OFFSET 0.022896 -1.037969 57.802940
BONES 2
BONE 3 0.500000
BONE 17 0.500000

VERT 146
OFFSET 0.018811 -1.043289 57.774441
BONES 2
BONE 3 0.500000
BONE 17 0.500000

VERT 147
OFFSET 0.019381 -1.041199 57.777863
BONES 2
BONE 3 0.500000
BONE 17 0.500000

VERT 148
OFFSET 0.023371 -1.075875 57.914089
BONES 2
BONE 3 0.500000
BONE 17 0.500000

VERT 149
OFFSET 0.005891 -1.083189 57.747555
BONES 2
BONE 3 0.500000
BONE 17 0.500000

VERT 150
OFFSET 0.018051 -1.120239 57.972042
BONES 2
BONE 3 0.500000
BONE 17 0.500000

VERT 151
OFFSET -0.004084 -1.120999 57.744801
BONES 2
BONE 3 0.500000
BONE 17 0.500000

VERT 152
OFFSET 0.014726 -1.133539 57.971466
BONES 2
BONE 3 0.500000
BONE 17 0.500000

VERT 153
OFFSET -0.011589 -1.160234 57.767979
BONES 2
BONE 3 0.500000
BONE 17 0.500000

VERT 154
OFFSET 0.000381 -1.170115 57.914089
BONES 2
BONE 3 0.500000
BONE 17 0.500000

VERT 155
OFFSET -0.011969 -1.179329 57.809780
BONES 2
BONE 3 0.500000
BONE 17 0.500000

VERT 156
OFFSET -0.008074 -1.185600 57.864311
BONES 2
BONE 3 0.500000
BONE 17 0.500000

VERT 157
OFFSET 0.031066 -1.052219 57.934135
BONES 2
BONE 3 0.500000
BONE 17 0.500000

VERT 158
OFFSET 0.023846 -1.115680 58.018871
BONES 2
BONE 3 0.500000
BONE 17 0.500000

VERT 159
OFFSET 0.023941 -1.145700 58.022293
BONES 2
BONE 3 0.500000
BONE 17 0.500000

VERT 160
OFFSET -0.002849 -1.195385 57.944012
BONES 2
BONE 3 0.500000
BONE 17 0.500000

VERT 161
OFFSET -0.013204 -1.209255 57.870674
BONES 2
BONE 3 0.500000
BONE 17 0.500000

VERT 162
OFFSET -0.019949 -1.204599 57.793819
BONES 2
BONE 3 0.500000
BONE 17 0.500000

VERT 163
OFFSET -0.020139 -1.177904 57.730549
BONES 2
BONE 3 0.500000
BONE 17 0.500000

VERT 164
OFFSET -0.008739 -1.113874 57.685329
BONES 2
BONE 3 0.500000
BONE 17 0.500000

VERT 165
OFFSET 0.004941 -1.075305 57.718201
BONES 2
BONE 3 0.500000
BONE 17 0.500000

VERT 166
OFFSET 0.091202 -1.591820 58.532166
BONES 1
BONE 3 1.000000

VERT 167
OFFSET 0.082747 -1.784290 58.425003
BONES 1
BONE 3 1.000000

VERT 168
OFFSET -0.055478 -1.963270 58.389282
BONES 1
BONE 3 1.000000

VERT 169
OFFSET 0.185442 -1.609964 58.441437
BONES 1
BONE 3 1.000000

VERT 170
OFFSET 0.230662 -1.231200 58.416355
BONES 1
BONE 3 1.000000

VERT 171
OFFSET 0.274362 -1.294090 58.336937
BONES 1
BONE 3 1.000000

VERT 172
OFFSET 0.254792 -1.010135 58.141808
BONES 1
BONE 3 1.000000

VERT 173
OFFSET 0.214607 -0.906015 58.194630
BONES 1
BONE 3 1.000000

VERT 174
OFFSET 0.265907 -0.883689 57.881794
BONES 1
BONE 3 1.000000

VERT 175
OFFSET 0.312932 -0.674975 57.968716
BONES 1
BONE 3 1.000000

VERT 176
OFFSET 0.278067 -0.787549 57.586819
BONES 1
BONE 3 1.000000

VERT 177
OFFSET 0.263437 -0.911714 57.681343
BONES 1
BONE 3 1.000000

VERT 178
OFFSET -0.223343 -0.683715 57.958931
BONES 1
BONE 3 1.000000

VERT 179
OFFSET -0.236263 -0.909435 58.189121
BONES 1
BONE 3 1.000000

VERT 180
OFFSET -0.227713 -1.234810 58.416355
BONES 1
BONE 3 1.000000

VERT 181
OFFSET -0.366413 -1.592390 58.541092
BONES 1
BONE 3 1.000000

VERT 182
OFFSET -0.210138 -1.995095 58.474308
BONES 1
BONE 3 1.000000

VERT 183
OFFSET -0.331263 -2.248460 58.251534
BONES 1
BONE 3 1.000000

VERT 184
OFFSET -0.246238 -2.198585 58.300934
BONES 1
BONE 3 1.000000

VERT 185
OFFSET -0.322903 -2.269549 58.178761
BONES 1
BONE 3 1.000000

VERT 186
OFFSET -0.390068 -2.261189 57.943924
BONES 1
BONE 3 1.000000

VERT 187
OFFSET -0.325943 -2.230505 57.919033
BONES 1
BONE 3 1.000000

VERT 188
OFFSET -0.660913 -1.990250 58.474308
BONES 1
BONE 3 1.000000

VERT 189
OFFSET -2.390768 -2.958300 58.161472
BONES 1
BONE 3 1.000000

VERT 190
OFFSET -2.494223 -2.859120 58.173443
BONES 1
BONE 3 1.000000

VERT 191
OFFSET -2.664748 -3.011785 58.175247
BONES 1
BONE 3 1.000000

VERT 192
OFFSET -2.553598 -3.121605 58.144184
BONES 1
BONE 3 1.000000

VERT 193
OFFSET -2.827863 -3.146210 58.065331
BONES 1
BONE 3 1.000000

VERT 194
OFFSET -2.723838 -3.245865 58.053268
BONES 1
BONE 3 1.000000

VERT 195
OFFSET -2.949272 -3.238835 57.865356
BONES 1
BONE 3 1.000000

VERT 196
OFFSET -2.845628 -3.338110 57.853390
BONES 1
BONE 3 1.000000

VERT 197
OFFSET -2.977202 -3.230665 57.597080
BONES 1
BONE 3 1.000000

VERT 198
OFFSET -2.872417 -3.330985 57.584919
BONES 1
BONE 3 1.000000

VERT 199
OFFSET -2.949083 -3.177560 57.350647
BONES 1
BONE 3 1.000000

VERT 200
OFFSET -2.844867 -3.277405 57.338490
BONES 1
BONE 3 1.000000

VERT 201
OFFSET -2.865957 -3.078950 57.109539
BONES 1
BONE 3 1.000000

VERT 202
OFFSET -2.769912 -3.199030 57.133858
BONES 1
BONE 3 1.000000

VERT 203
OFFSET -2.747303 -2.971885 56.873463
BONES 1
BONE 3 1.000000

VERT 204
OFFSET -2.643087 -3.071825 56.861397
BONES 1
BONE 3 1.000000

VERT 205
OFFSET -2.446627 -2.725740 56.554737
BONES 1
BONE 3 1.000000

VERT 206
OFFSET -2.348113 -2.820075 56.543335
BONES 1
BONE 3 1.000000

VERT 207
OFFSET -2.322747 -2.621715 56.542389
BONES 1
BONE 3 1.000000

VERT 208
OFFSET -2.224802 -2.715480 56.531086
BONES 1
BONE 3 1.000000

VERT 209
OFFSET -2.197823 -2.518640 56.567753
BONES 1
BONE 3 1.000000

VERT 210
OFFSET -2.101018 -2.611360 56.556541
BONES 1
BONE 3 1.000000

VERT 211
OFFSET -2.120588 -2.455750 56.628555
BONES 1
BONE 3 1.000000

VERT 212
OFFSET -2.023688 -2.548565 56.617340
BONES 1
BONE 3 1.000000

VERT 213
OFFSET -2.042688 -2.393715 56.726212
BONES 1
BONE 3 1.000000

VERT 214
OFFSET -1.946358 -2.486340 56.715004
BONES 1
BONE 3 1.000000

VERT 215
OFFSET -2.051048 -2.450145 57.050636
BONES 1
BONE 3 1.000000

VERT 216
OFFSET -2.021598 -2.456890 56.938728
BONES 1
BONE 3 1.000000

VERT 217
OFFSET -2.255488 -2.527380 57.012352
BONES 1
BONE 3 1.000000

VERT 218
OFFSET -2.178158 -2.453945 57.255081
BONES 1
BONE 3 1.000000

VERT 219
OFFSET -2.368823 -2.526715 57.198078
BONES 1
BONE 3 1.000000

VERT 220
OFFSET -2.395802 -2.613260 56.938442
BONES 1
BONE 3 1.000000

VERT 221
OFFSET -2.531843 -2.623045 57.128632
BONES 1
BONE 3 1.000000

VERT 222
OFFSET -2.597773 -2.767445 56.908993
BONES 1
BONE 3 1.000000

VERT 223
OFFSET -2.734478 -2.806395 57.125496
BONES 1
BONE 3 1.000000

VERT 224
OFFSET -2.680613 -2.868335 56.891232
BONES 1
BONE 3 1.000000

VERT 225
OFFSET -2.800693 -2.918780 57.119419
BONES 1
BONE 3 1.000000

VERT 226
OFFSET -2.836318 -3.060615 57.904213
BONES 1
BONE 3 1.000000

VERT 227
OFFSET -2.917638 -3.122745 57.634697
BONES 1
BONE 3 1.000000

VERT 228
OFFSET -2.884578 -3.003995 57.343334
BONES 1
BONE 3 1.000000

VERT 229
OFFSET -2.852278 -2.975115 57.687710
BONES 1
BONE 3 1.000000

VERT 230
OFFSET -2.702652 -2.783690 57.739101
BONES 1
BONE 3 1.000000

VERT 231
OFFSET -2.833753 -2.881065 57.337635
BONES 1
BONE 3 1.000000

VERT 232
OFFSET -2.632733 -2.666650 57.314835
BONES 1
BONE 3 1.000000

VERT 233
OFFSET -2.501158 -2.680615 57.777008
BONES 1
BONE 3 1.000000

VERT 234
OFFSET -2.511323 -2.780840 58.026764
BONES 1
BONE 3 1.000000

VERT 235
OFFSET -2.686122 -2.928945 58.029896
BONES 1
BONE 3 1.000000

VERT 236
OFFSET -2.450808 -2.555975 57.380192
BONES 1
BONE 3 1.000000

VERT 237
OFFSET -2.265558 -2.600530 57.786602
BONES 1
BONE 3 1.000000

VERT 238
OFFSET -2.293393 -2.615825 58.046906
BONES 1
BONE 3 1.000000

VERT 239
OFFSET -2.339468 -2.737710 58.119198
BONES 1
BONE 3 1.000000

VERT 240
OFFSET -2.048578 -2.498785 57.222778
BONES 1
BONE 3 1.000000

VERT 241
OFFSET -2.234398 -2.479595 57.441467
BONES 1
BONE 3 1.000000

VERT 242
OFFSET -2.051048 -2.548375 57.477852
BONES 1
BONE 3 1.000000

VERT 243
OFFSET -2.282468 -2.541725 57.602776
BONES 1
BONE 3 1.000000

VERT 244
OFFSET -2.051618 -2.589795 57.700535
BONES 1
BONE 3 1.000000

VERT 245
OFFSET -2.051713 -2.625515 57.917896
BONES 1
BONE 3 1.000000

VERT 246
OFFSET -2.106623 -2.679665 58.026287
BONES 1
BONE 3 1.000000

VERT 247
OFFSET -2.237058 -2.836130 58.107227
BONES 1
BONE 3 1.000000

VERT 248
OFFSET 0.070872 -1.779540 58.521713
BONES 1
BONE 3 1.000000

VERT 249
OFFSET 0.180407 -1.598660 58.520382
BONES 1
BONE 3 1.000000

VERT 250
OFFSET 0.294312 -1.285634 58.438114
BONES 1
BONE 3 1.000000

VERT 251
OFFSET 0.308277 -0.994744 58.376266
BONES 1
BONE 3 1.000000

VERT 252
OFFSET 0.352832 -0.761805 58.153019
BONES 1
BONE 3 1.000000

VERT 253
OFFSET 0.352452 -0.669559 57.896233
BONES 1
BONE 3 1.000000

VERT 254
OFFSET 0.341717 -0.673549 57.696636
BONES 1
BONE 3 1.000000

VERT 255
OFFSET 0.244817 -0.986574 57.569527
BONES 1
BONE 3 1.000000

VERT 256
OFFSET 0.945822 0.000001 56.158775
BONES 1
BONE 3 1.000000

VERT 257
OFFSET 0.796102 -0.187719 55.782387
BONES 1
BONE 3 1.000000

VERT 258
OFFSET 0.810637 0.000001 55.783718
BONES 1
BONE 3 1.000000

VERT 259
OFFSET 0.800757 -0.669464 56.196304
BONES 1
BONE 3 1.000000

VERT 260
OFFSET 0.666427 -0.714019 55.810791
BONES 1
BONE 3 1.000000

VERT 261
OFFSET 0.692932 -0.646474 55.802338
BONES 1
BONE 3 1.000000

VERT 262
OFFSET 0.856807 -0.527629 56.175022
BONES 1
BONE 3 1.000000

VERT 263
OFFSET 0.730932 -0.521929 55.794170
BONES 1
BONE 3 1.000000

VERT 264
OFFSET 0.897467 -0.370309 56.161816
BONES 1
BONE 3 1.000000

VERT 265
OFFSET 0.767317 -0.397384 55.785336
BONES 1
BONE 3 1.000000

VERT 266
OFFSET 0.931762 -0.191614 56.158302
BONES 1
BONE 3 1.000000

VERT 267
OFFSET 1.027522 0.000001 56.553314
BONES 1
BONE 3 1.000000

VERT 268
OFFSET 0.639352 -0.780519 55.824852
BONES 1
BONE 3 1.000000

VERT 269
OFFSET 0.738532 -0.817474 56.220337
BONES 1
BONE 3 1.000000

VERT 270
OFFSET 0.611612 -0.846259 55.841953
BONES 1
BONE 3 1.000000

VERT 271
OFFSET 0.575607 -0.945819 55.900951
BONES 1
BONE 3 1.000000

VERT 272
OFFSET 0.525542 -0.762279 55.569210
BONES 1
BONE 3 1.000000

VERT 273
OFFSET 0.485357 -0.911904 55.629154
BONES 1
BONE 3 1.000000

VERT 274
OFFSET 0.359767 -0.875899 55.402008
BONES 1
BONE 3 1.000000

VERT 275
OFFSET 0.357202 -1.139429 55.699169
BONES 1
BONE 3 1.000000

VERT 276
OFFSET -0.024603 -1.827705 57.428265
BONES 1
BONE 3 1.000000

VERT 277
OFFSET 0.012067 -1.816399 57.385326
BONES 1
BONE 3 1.000000

VERT 278
OFFSET -0.008358 -1.793790 57.419430
BONES 1
BONE 3 1.000000

VERT 279
OFFSET -0.002943 -1.847560 57.392925
BONES 1
BONE 3 1.000000

VERT 280
OFFSET -0.113998 -1.913299 57.464458
BONES 1
BONE 3 1.000000

VERT 281
OFFSET -0.068588 -1.907030 57.420189
BONES 1
BONE 3 1.000000

VERT 282
OFFSET -0.088728 -1.887079 57.449829
BONES 1
BONE 3 1.000000

VERT 283
OFFSET -0.091768 -1.930685 57.432537
BONES 1
BONE 3 1.000000

VERT 284
OFFSET 0.577792 0.000001 55.203175
BONES 1
BONE 3 1.000000

VERT 285
OFFSET 0.419997 -0.166439 54.936890
BONES 1
BONE 3 1.000000

VERT 286
OFFSET 0.400807 0.000001 54.891193
BONES 1
BONE 3 1.000000

VERT 287
OFFSET 0.385417 -0.362329 55.001583
BONES 1
BONE 3 1.000000

VERT 288
OFFSET 0.137372 -0.567054 54.831532
BONES 1
BONE 3 1.000000

VERT 289
OFFSET 0.213087 -0.348174 54.715916
BONES 1
BONE 3 1.000000

VERT 290
OFFSET 0.255457 -0.156179 54.632984
BONES 1
BONE 3 1.000000

VERT 291
OFFSET 0.231042 0.000001 54.576458
BONES 1
BONE 3 1.000000

VERT 292
OFFSET 0.682292 0.000001 55.438107
BONES 1
BONE 3 1.000000

VERT 293
OFFSET 0.582542 -0.175654 55.242695
BONES 1
BONE 3 1.000000

VERT 294
OFFSET 0.547202 -0.377434 55.289150
BONES 1
BONE 3 1.000000

VERT 295
OFFSET 0.319297 -0.594414 55.091358
BONES 1
BONE 3 1.000000

VERT 296
OFFSET 0.029167 -0.805790 54.970612
BONES 1
BONE 3 1.000000

VERT 297
OFFSET 0.675357 -0.182969 55.470787
BONES 1
BONE 3 1.000000

VERT 298
OFFSET 0.640872 -0.390354 55.502804
BONES 1
BONE 3 1.000000

VERT 299
OFFSET 0.810637 0.000001 55.769375
BONES 1
BONE 3 1.000000

VERT 300
OFFSET 0.796102 -0.187719 55.773170
BONES 1
BONE 3 1.000000

VERT 301
OFFSET 0.610947 -0.510529 55.523514
BONES 1
BONE 3 1.000000

VERT 302
OFFSET 0.481652 -0.613699 55.351562
BONES 1
BONE 3 1.000000

VERT 303
OFFSET 0.209952 -0.840180 55.189968
BONES 1
BONE 3 1.000000

VERT 304
OFFSET -0.120458 -1.034075 55.110264
BONES 1
BONE 3 1.000000

VERT 305
OFFSET 0.580357 -0.630704 55.545555
BONES 1
BONE 3 1.000000

VERT 306
OFFSET 0.517182 -1.185694 56.228317
BONES 1
BONE 3 1.000000

VERT 307
OFFSET 0.460087 -1.158999 55.945122
BONES 1
BONE 3 1.000000

VERT 308
OFFSET 0.657307 -0.969569 56.215015
BONES 1
BONE 3 1.000000

VERT 309
OFFSET 0.293267 -1.377974 55.980370
BONES 1
BONE 3 1.000000

VERT 310
OFFSET 0.364232 -1.413409 56.229645
BONES 1
BONE 3 1.000000

VERT 311
OFFSET 0.194182 -1.648725 56.244278
BONES 1
BONE 3 1.000000

VERT 312
OFFSET 0.235602 -1.684824 56.497261
BONES 1
BONE 3 1.000000

VERT 313
OFFSET -0.006553 -1.900380 56.532890
BONES 1
BONE 3 1.000000

VERT 314
OFFSET -0.020138 -2.000795 56.803734
BONES 1
BONE 3 1.000000

VERT 315
OFFSET -0.344468 -2.153555 56.825775
BONES 1
BONE 3 1.000000

VERT 316
OFFSET -0.313118 -2.062355 56.580387
BONES 1
BONE 3 1.000000

VERT 317
OFFSET 0.198267 -1.355460 55.758636
BONES 1
BONE 3 1.000000

VERT 318
OFFSET 0.123977 -1.610059 56.008583
BONES 1
BONE 3 1.000000

VERT 319
OFFSET -0.038568 -1.861809 56.298332
BONES 1
BONE 3 1.000000

VERT 320
OFFSET -0.331453 -2.020555 56.370155
BONES 1
BONE 3 1.000000

VERT 321
OFFSET -0.698343 -2.175595 56.455368
BONES 1
BONE 3 1.000000

VERT 322
OFFSET -0.689508 -2.208275 56.644135
BONES 1
BONE 3 1.000000

VERT 323
OFFSET -0.700813 -2.237535 56.848858
BONES 1
BONE 3 1.000000

VERT 324
OFFSET -0.363183 -2.199344 57.123219
BONES 1
BONE 3 1.000000

VERT 325
OFFSET -0.097753 -2.051620 57.107162
BONES 1
BONE 3 1.000000

VERT 326
OFFSET 0.236837 -1.784100 56.773712
BONES 1
BONE 3 1.000000

VERT 327
OFFSET -0.736818 -2.134459 56.271450
BONES 1
BONE 3 1.000000

VERT 328
OFFSET -0.381233 -1.975715 56.163433
BONES 1
BONE 3 1.000000

VERT 329
OFFSET -0.099653 -1.818205 56.071472
BONES 1
BONE 3 1.000000

VERT 330
OFFSET 0.023752 -1.576334 55.801956
BONES 1
BONE 3 1.000000

VERT 331
OFFSET -0.467303 -1.924129 55.973148
BONES 1
BONE 3 1.000000

VERT 332
OFFSET -0.801513 -2.081735 56.097313
BONES 1
BONE 3 1.000000

VERT 333
OFFSET -0.196078 -1.769280 55.871784
BONES 1
BONE 3 1.000000

VERT 334
OFFSET -0.118273 -1.536719 55.627060
BONES 1
BONE 3 1.000000

VERT 335
OFFSET 0.064032 -1.332090 55.565598
BONES 1
BONE 3 1.000000

VERT 336
OFFSET 0.822512 -0.672219 56.555405
BONES 1
BONE 3 1.000000

VERT 337
OFFSET 0.917607 -0.396054 56.556355
BONES 1
BONE 3 1.000000

VERT 338
OFFSET 0.972517 -0.192374 56.555119
BONES 1
BONE 3 1.000000

VERT 339
OFFSET -0.104118 -1.296275 55.392982
BONES 1
BONE 3 1.000000

VERT 340
OFFSET 0.227527 -1.119575 55.489410
BONES 1
BONE 3 1.000000

VERT 341
OFFSET 0.072582 -1.089744 55.295322
BONES 1
BONE 3 1.000000

VERT 342
OFFSET -0.882453 -2.014285 55.937241
BONES 1
BONE 3 1.000000

VERT 343
OFFSET -0.584343 -1.861240 55.811268
BONES 1
BONE 3 1.000000

VERT 344
OFFSET -0.326608 -1.714275 55.700783
BONES 1
BONE 3 1.000000

VERT 345
OFFSET -0.291078 -1.482000 55.475918
BONES 1
BONE 3 1.000000

VERT 346
OFFSET -0.302478 -1.230725 55.240318
BONES 1
BONE 3 1.000000

VERT 347
OFFSET -1.717503 -2.172460 56.110615
BONES 1
BONE 3 1.000000

VERT 348
OFFSET -1.365528 -2.017040 55.864468
BONES 1
BONE 3 1.000000

VERT 349
OFFSET -1.296463 -2.109190 56.011814
BONES 1
BONE 3 1.000000

VERT 350
OFFSET -1.062288 -1.841100 55.652237
BONES 1
BONE 3 1.000000

VERT 351
OFFSET -0.970708 -1.933915 55.789131
BONES 1
BONE 3 1.000000

VERT 352
OFFSET -0.722473 -1.784860 55.672092
BONES 1
BONE 3 1.000000

VERT 353
OFFSET -0.868583 -1.695560 55.544224
BONES 1
BONE 3 1.000000

VERT 354
OFFSET -0.487823 -1.641125 55.561035
BONES 1
BONE 3 1.000000

VERT 355
OFFSET -0.674688 -1.553440 55.443523
BONES 1
BONE 3 1.000000

VERT 356
OFFSET -0.488203 -1.401250 55.347000
BONES 1
BONE 3 1.000000

VERT 357
OFFSET -1.717788 -2.262235 56.282185
BONES 1
BONE 3 1.000000

VERT 358
OFFSET -1.241648 -2.185665 56.173981
BONES 1
BONE 3 1.000000

VERT 359
OFFSET -1.718738 -2.317335 56.458977
BONES 1
BONE 3 1.000000

VERT 360
OFFSET -0.507583 -2.294630 57.866501
BONES 1
BONE 3 1.000000

VERT 361
OFFSET -0.715253 -2.388109 57.829636
BONES 1
BONE 3 1.000000

VERT 362
OFFSET -0.432723 -2.236204 57.619404
BONES 1
BONE 3 1.000000

VERT 363
OFFSET -0.737958 -2.357045 57.619785
BONES 1
BONE 3 1.000000

VERT 364
OFFSET -1.142848 -2.504295 57.585297
BONES 1
BONE 3 1.000000

VERT 365
OFFSET -0.714778 -2.340420 57.376583
BONES 1
BONE 3 1.000000

VERT 366
OFFSET -1.157003 -2.456415 57.364326
BONES 1
BONE 3 1.000000

VERT 367
OFFSET -0.712403 -2.310210 57.123028
BONES 1
BONE 3 1.000000

VERT 368
OFFSET -1.168498 -2.410435 57.140701
BONES 1
BONE 3 1.000000

VERT 369
OFFSET -1.163843 -2.367020 56.900440
BONES 1
BONE 3 1.000000

VERT 370
OFFSET -1.724248 -2.451855 56.999908
BONES 1
BONE 3 1.000000

VERT 371
OFFSET -1.160138 -2.331015 56.714436
BONES 1
BONE 3 1.000000

VERT 372
OFFSET -1.722158 -2.409865 56.818745
BONES 1
BONE 3 1.000000

VERT 373
OFFSET -1.170493 -2.289215 56.530136
BONES 1
BONE 3 1.000000

VERT 374
OFFSET -1.720163 -2.366165 56.637959
BONES 1
BONE 3 1.000000

VERT 375
OFFSET -1.199373 -2.243235 56.348969
BONES 1
BONE 3 1.000000

VERT 376
OFFSET -0.419043 -2.088195 61.004917
BONES 1
BONE 3 1.000000

VERT 377
OFFSET -0.686658 -2.444350 60.525169
BONES 1
BONE 3 1.000000

VERT 378
OFFSET -0.412678 -2.269739 60.537708
BONES 1
BONE 3 1.000000

VERT 379
OFFSET -0.649703 -2.513129 59.976353
BONES 1
BONE 3 1.000000

VERT 380
OFFSET -1.024953 -2.639860 59.988991
BONES 1
BONE 3 1.000000

VERT 381
OFFSET -1.075303 -2.682230 59.449390
BONES 1
BONE 3 1.000000

VERT 382
OFFSET -1.717598 -2.811240 59.478649
BONES 1
BONE 3 1.000000

VERT 383
OFFSET -1.117673 -2.615920 58.461956
BONES 1
BONE 3 1.000000

VERT 384
OFFSET -1.725388 -2.736665 58.577477
BONES 1
BONE 3 1.000000

VERT 385
OFFSET -1.729283 -2.663230 58.130787
BONES 1
BONE 3 1.000000

VERT 386
OFFSET -1.133538 -2.560060 58.023628
BONES 1
BONE 3 1.000000

VERT 387
OFFSET -1.730043 -2.626560 57.907349
BONES 1
BONE 3 1.000000

VERT 388
OFFSET -1.139048 -2.532130 57.804466
BONES 1
BONE 3 1.000000

VERT 389
OFFSET -1.729758 -2.589795 57.684006
BONES 1
BONE 3 1.000000

VERT 390
OFFSET -1.728618 -2.547235 57.455242
BONES 1
BONE 3 1.000000

VERT 391
OFFSET -1.726718 -2.502015 57.226959
BONES 1
BONE 3 1.000000

VERT 392
OFFSET -1.717503 -2.777895 60.014355
BONES 1
BONE 3 1.000000

VERT 393
OFFSET -0.743373 -1.881665 61.475357
BONES 1
BONE 3 1.000000

VERT 394
OFFSET -0.578358 -1.696510 61.478207
BONES 1
BONE 3 1.000000

VERT 395
OFFSET -0.683903 -2.295295 60.995514
BONES 1
BONE 3 1.000000

VERT 396
OFFSET -1.043668 -2.569370 60.528683
BONES 1
BONE 3 1.000000

VERT 397
OFFSET -1.717503 -2.660285 60.550060
BONES 1
BONE 3 1.000000

VERT 398
OFFSET -1.022293 -2.401220 60.997124
BONES 1
BONE 3 1.000000

VERT 399
OFFSET -1.717503 -2.496315 61.002831
BONES 1
BONE 3 1.000000

VERT 400
OFFSET -1.287913 -2.173600 61.465477
BONES 1
BONE 3 1.000000

VERT 401
OFFSET -1.717503 -2.272970 61.455692
BONES 1
BONE 3 1.000000

VERT 402
OFFSET -0.985718 -2.068720 61.472416
BONES 1
BONE 3 1.000000

VERT 403
OFFSET 0.176322 -1.338645 57.382946
BONES 1
BONE 3 1.000000

VERT 404
OFFSET 0.209572 -1.281645 57.382191
BONES 1
BONE 3 1.000000

VERT 405
OFFSET 0.190857 -1.250865 57.404987
BONES 1
BONE 3 1.000000

VERT 406
OFFSET 0.199407 -1.341115 57.368889
BONES 1
BONE 3 1.000000

VERT 407
OFFSET 0.120272 -1.584030 57.357868
BONES 1
BONE 3 1.000000

VERT 408
OFFSET 0.101747 -1.582225 57.370789
BONES 1
BONE 3 1.000000

VERT 409
OFFSET 0.069922 -1.631719 57.383327
BONES 1
BONE 3 1.000000

VERT 410
OFFSET -4.787619 -0.000000 56.973499
BONES 1
BONE 3 1.000000

VERT 411
OFFSET -3.486593 -0.000000 56.164196
BONES 1
BONE 3 1.000000

VERT 412
OFFSET -4.768523 -0.393205 57.003994
BONES 1
BONE 3 1.000000

VERT 413
OFFSET -3.491153 -0.446120 56.242760
BONES 1
BONE 3 1.000000

VERT 414
OFFSET -4.730523 -0.777100 57.101177
BONES 1
BONE 3 1.000000

VERT 415
OFFSET -3.460088 -0.874095 56.365974
BONES 1
BONE 3 1.000000

VERT 416
OFFSET -4.698318 -1.134680 57.273701
BONES 1
BONE 3 1.000000

VERT 417
OFFSET -3.420758 -1.280790 56.552078
BONES 1
BONE 3 1.000000

VERT 418
OFFSET -4.672383 -1.461670 57.507778
BONES 1
BONE 3 1.000000

VERT 419
OFFSET -3.408123 -1.582225 56.767822
BONES 1
BONE 3 1.000000

VERT 420
OFFSET -4.634858 -1.749900 57.797623
BONES 1
BONE 3 1.000000

VERT 421
OFFSET -3.382473 -1.868745 57.103081
BONES 1
BONE 3 1.000000

VERT 422
OFFSET -4.600563 -2.002695 58.132973
BONES 1
BONE 3 1.000000

VERT 423
OFFSET -3.356348 -2.112705 57.477852
BONES 1
BONE 3 1.000000

VERT 424
OFFSET -4.599043 -2.089050 58.317936
BONES 1
BONE 3 1.000000

VERT 425
OFFSET -3.332693 -2.346785 57.891769
BONES 1
BONE 3 1.000000

VERT 426
OFFSET -4.597428 -2.175405 58.502811
BONES 1
BONE 3 1.000000

VERT 427
OFFSET -3.325663 -2.535170 58.267208
BONES 1
BONE 3 1.000000

VERT 428
OFFSET -2.798223 -2.609745 58.191208
BONES 1
BONE 3 1.000000

VERT 429
OFFSET -2.364928 -2.604425 57.820328
BONES 1
BONE 3 1.000000

VERT 430
OFFSET -2.861873 -0.924540 56.008869
BONES 1
BONE 3 1.000000

VERT 431
OFFSET -2.881063 -0.492765 55.879669
BONES 1
BONE 3 1.000000

VERT 432
OFFSET -2.847908 -1.330475 56.215683
BONES 1
BONE 3 1.000000

VERT 433
OFFSET -2.643658 -1.947215 56.633400
BONES 1
BONE 3 1.000000

VERT 434
OFFSET -2.377278 -2.296340 56.978436
BONES 1
BONE 3 1.000000

VERT 435
OFFSET -2.364643 -2.549420 57.500652
BONES 1
BONE 3 1.000000

VERT 436
OFFSET -2.265938 -2.651830 58.146366
BONES 1
BONE 3 1.000000

VERT 437
OFFSET -2.798887 -2.692490 58.638752
BONES 1
BONE 3 1.000000

VERT 438
OFFSET -3.326043 -2.638720 58.756271
BONES 1
BONE 3 1.000000

VERT 439
OFFSET -3.329748 -2.659620 59.260529
BONES 1
BONE 3 1.000000

VERT 440
OFFSET -2.059788 -2.398085 56.879925
BONES 1
BONE 3 1.000000

VERT 441
OFFSET -2.109378 -2.143770 56.534599
BONES 1
BONE 3 1.000000

VERT 442
OFFSET -3.329368 -2.631690 59.761272
BONES 1
BONE 3 1.000000

VERT 443
OFFSET -2.797558 -2.743220 59.350208
BONES 1
BONE 3 1.000000

VERT 444
OFFSET -2.796133 -2.713295 59.853043
BONES 1
BONE 3 1.000000

VERT 445
OFFSET -2.265177 -2.724695 58.580231
BONES 1
BONE 3 1.000000

VERT 446
OFFSET -2.258338 -2.277340 61.315281
BONES 1
BONE 3 1.000000

VERT 447
OFFSET -4.597808 -2.264610 58.900669
BONES 1
BONE 3 1.000000

VERT 448
OFFSET -4.601513 -2.282470 59.310879
BONES 1
BONE 3 1.000000

VERT 449
OFFSET -4.601133 -2.258530 59.718143
BONES 1
BONE 3 1.000000

VERT 450
OFFSET -4.599708 -2.183195 60.115147
BONES 1
BONE 3 1.000000

VERT 451
OFFSET -3.327943 -2.544195 60.249287
BONES 1
BONE 3 1.000000

VERT 452
OFFSET -4.599803 -2.044115 60.498188
BONES 1
BONE 3 1.000000

VERT 453
OFFSET -3.328038 -2.382505 60.720203
BONES 1
BONE 3 1.000000

VERT 454
OFFSET -4.600373 -1.864375 60.737873
BONES 1
BONE 3 1.000000

VERT 455
OFFSET -3.328608 -2.173505 61.014889
BONES 1
BONE 3 1.000000

VERT 456
OFFSET -2.789958 -2.454895 60.795444
BONES 1
BONE 3 1.000000

VERT 457
OFFSET -2.795468 -2.245040 61.168510
BONES 1
BONE 3 1.000000

VERT 458
OFFSET -2.253207 -2.492040 60.890160
BONES 1
BONE 3 1.000000

VERT 459
OFFSET -2.260048 -2.793095 59.422501
BONES 1
BONE 3 1.000000

VERT 460
OFFSET -2.258718 -2.761270 59.937214
BONES 1
BONE 3 1.000000

VERT 461
OFFSET -2.256532 -2.649930 60.451260
BONES 1
BONE 3 1.000000

VERT 462
OFFSET -2.793473 -2.611930 60.351032
BONES 1
BONE 3 1.000000

VERT 463
OFFSET 0.345802 -0.865544 58.104000
BONES 1
BONE 3 1.000000

VERT 464
OFFSET 0.297827 -1.015359 58.042629
BONES 1
BONE 3 1.000000

