// Export time: Thu Nov 19 21:40:39 2020

// Exported using Blender v2.90.1
// Export filename: 'E:/blackops3/mod_xmodel/iw4/ump40/ch_head_gk_ump40_lod2.XMODEL_EXPORT'
// Source filename: 'E:/blackops3/mod_xmodel/iw4/ump40/ump40.blend'
MODEL
VERSION 6

NUMBONES 32
BONE 0 -1 "tag_origin"
BONE 1 0 "j_spineupper"
BONE 2 1 "j_neck"
BONE 3 2 "j_head"
BONE 4 3 "j_brow_le"
BONE 5 3 "j_brow_ri"
BONE 6 3 "j_browouter_le"
BONE 7 3 "j_browouter_ri"
BONE 8 3 "j_cheek_le"
BONE 9 3 "j_cheek_ri"
BONE 10 3 "j_cheeklower_le"
BONE 11 3 "j_cheeklower_ri"
BONE 12 3 "j_eye_lid_bot_le"
BONE 13 3 "j_eye_lid_bot_ri"
BONE 14 3 "j_eye_lid_top_le"
BONE 15 3 "j_eye_lid_top_ri"
BONE 16 3 "j_eyeball_le"
BONE 17 3 "j_eyeball_ri"
BONE 18 3 "j_head_end"
BONE 19 18 "j_helmet"
BONE 20 3 "j_jaw"
BONE 21 20 "j_chin_skinroll"
BONE 22 20 "j_lip_bot_le"
BONE 23 20 "j_lip_bot_ri"
BONE 24 3 "j_levator_le"
BONE 25 3 "j_levator_ri"
BONE 26 3 "j_lip_top_le"
BONE 27 3 "j_lip_top_ri"
BONE 28 3 "j_mouth_le"
BONE 29 3 "j_mouth_ri"
BONE 30 3 "j_nvg"
BONE 31 3 "tag_eye"

BONE 0
OFFSET 0.000000 0.000000 0.000000
SCALE 1.000000 1.000000 1.000000
X 1.000000 0.000000 0.000000
Y 0.000000 1.000000 0.000000
Z 0.000000 0.000000 1.000000

BONE 1
OFFSET -1.742934 -0.000006 46.005100
SCALE 1.000000 1.000000 1.000000
X 0.020432 -0.000061 0.999791
Y 0.999791 0.000062 -0.020432
Z -0.000060 1.000000 0.000063

BONE 2
OFFSET -3.185500 -0.000025 53.374882
SCALE 1.000000 1.000000 1.000000
X 0.309745 -0.000043 0.950819
Y 0.950819 0.000075 -0.309745
Z -0.000058 1.000000 0.000064

BONE 3
OFFSET -2.587071 -0.000040 55.608479
SCALE 1.000000 1.000000 1.000000
X 0.216391 -0.000041 0.976307
Y 0.976307 0.000072 -0.216391
Z -0.000061 1.000000 0.000055

BONE 4
OFFSET 0.786589 1.140737 58.686729
SCALE 1.000000 1.000000 1.000000
X 0.000654 0.999994 -0.000115
Y -0.998862 0.000646 -0.047682
Z -0.047681 0.000146 0.998862

BONE 5
OFFSET 0.795593 -1.162164 58.694046
SCALE 1.000000 1.000000 1.000000
X 0.000012 1.000000 0.000093
Y 0.998888 -0.000017 0.047143
Z 0.047142 0.000092 -0.998888

BONE 6
OFFSET 0.479243 1.959830 58.959919
SCALE 1.000000 1.000000 1.000000
X 0.000646 0.999998 -0.000131
Y -0.998862 0.000638 -0.047682
Z -0.047682 0.000161 0.998862

BONE 7
OFFSET 0.505119 -1.936294 58.951260
SCALE 1.000000 1.000000 1.000000
X 0.000006 1.000000 0.000098
Y 0.998892 -0.000011 0.047051
Z 0.047051 0.000098 -0.998892

BONE 8
OFFSET -0.318794 1.654189 57.645622
SCALE 1.000000 1.000000 1.000000
X 0.000646 0.999996 -0.000131
Y -0.998870 0.000638 -0.047505
Z -0.047505 0.000162 0.998871

BONE 9
OFFSET -0.336617 -1.587850 57.703220
SCALE 1.000000 1.000000 1.000000
X 0.000018 1.000000 0.000086
Y 0.998888 -0.000022 0.047145
Z 0.047145 0.000085 -0.998888

BONE 10
OFFSET -0.327737 1.486343 56.596706
SCALE 1.000000 1.000000 1.000000
X 0.170290 0.000002 0.985394
Y 0.985394 0.000014 -0.170290
Z -0.000014 1.000000 0.000001

BONE 11
OFFSET -0.288356 -1.483931 56.623402
SCALE 1.000000 1.000000 1.000000
X 0.170384 0.000002 0.985378
Y 0.985378 0.000003 -0.170384
Z -0.000003 1.000000 -0.000002

BONE 12
OFFSET -0.547580 1.006466 58.132462
SCALE 1.000000 1.000000 1.000000
X -0.065619 0.997124 0.038030
Y -0.996949 -0.063896 -0.044841
Z -0.042282 -0.040854 0.998270

BONE 13
OFFSET -0.547302 -0.960262 58.126572
SCALE 1.000000 1.000000 1.000000
X 0.066597 0.997041 -0.038387
Y 0.996924 -0.064897 0.043947
Z 0.041326 -0.041195 -0.998296

BONE 14
OFFSET -0.547200 1.005574 58.197773
SCALE 1.000000 1.000000 1.000000
X -0.065492 0.997129 0.037995
Y -0.996960 -0.063775 -0.044753
Z -0.042201 -0.040810 0.998275

BONE 15
OFFSET -0.546643 -0.961461 58.185966
SCALE 1.000000 1.000000 1.000000
X 0.066549 0.997045 -0.038382
Y 0.996938 -0.064860 0.043680
Z 0.041061 -0.041171 -0.998308

BONE 16
OFFSET -1.967261 0.938973 57.832325
SCALE 1.000000 1.000000 1.000000
X -0.205905 0.978520 -0.010105
Y -0.977366 -0.206152 -0.047500
Z -0.048562 0.000096 0.998820

BONE 17
OFFSET -1.967743 -0.937966 57.832298
SCALE 1.000000 1.000000 1.000000
X 0.207728 0.978138 0.009784
Y 0.977073 -0.207959 0.045633
Z 0.046670 0.000080 -0.998910

BONE 18
OFFSET -2.398575 0.000005 60.622349
SCALE 1.000000 1.000000 1.000000
X 0.170374 0.000015 0.985379
Y 0.985379 -0.000000 -0.170373
Z -0.000002 1.000000 -0.000015

BONE 19
OFFSET -3.265544 0.000008 61.710064
SCALE 1.000000 1.000000 1.000000
X 0.995886 -0.000060 0.090612
Y 0.000076 1.000000 -0.000178
Z -0.090612 0.000184 0.995886

BONE 20
OFFSET -1.688096 0.000424 55.814556
SCALE 1.000000 1.000000 1.000000
X 0.000648 0.999999 -0.000097
Y -0.998854 0.000642 -0.047855
Z -0.047855 0.000128 0.998854

BONE 21
OFFSET 0.957762 -0.001444 54.251194
SCALE 1.000000 1.000000 1.000000
X 0.000648 0.999999 -0.000102
Y -0.998867 0.000642 -0.047589
Z -0.047589 0.000132 0.998867

BONE 22
OFFSET 0.712067 0.273562 55.715252
SCALE 1.000000 1.000000 1.000000
X 0.000648 0.999999 -0.000084
Y -0.998862 0.000643 -0.047680
Z -0.047680 0.000115 0.998863

BONE 23
OFFSET 0.712067 -0.272551 55.715252
SCALE 1.000000 1.000000 1.000000
X 0.001061 0.999998 0.000023
Y 0.998871 -0.000385 0.047500
Z 0.047011 -0.000027 -0.998894

BONE 24
OFFSET 0.413157 0.497476 57.345207
SCALE 1.000000 1.000000 1.000000
X 0.000647 0.999998 -0.000076
Y -0.998862 0.000642 -0.047678
Z -0.047678 0.000107 0.998863

BONE 25
OFFSET 0.434976 -0.478095 57.350185
SCALE 1.000000 1.000000 1.000000
X 0.000015 1.000000 0.000074
Y 0.998884 -0.000019 0.047232
Z 0.047232 0.000074 -0.998884

BONE 26
OFFSET 0.772060 0.273562 55.852356
SCALE 1.000000 1.000000 1.000000
X 0.000647 0.999998 -0.000085
Y -0.998862 0.000642 -0.047679
Z -0.047678 0.000116 0.998863

BONE 27
OFFSET 0.772060 -0.272551 55.852356
SCALE 1.000000 1.000000 1.000000
X 0.000013 1.000000 0.000096
Y 0.998888 -0.000018 0.047146
Z 0.047146 0.000095 -0.998888

BONE 28
OFFSET 0.656013 0.553520 55.786201
SCALE 1.000000 1.000000 1.000000
X 0.000646 1.000000 -0.000116
Y -0.998862 0.000641 -0.047682
Z -0.047681 0.000147 0.998862

BONE 29
OFFSET 0.656013 -0.552509 55.786198
SCALE 1.000000 1.000000 1.000000
X 0.000008 1.000000 0.000097
Y 0.998888 -0.000012 0.047145
Z 0.047145 0.000097 -0.998888

BONE 30
OFFSET 1.747835 0.000008 59.866425
SCALE 1.000000 1.000000 1.000000
X 0.985420 0.000005 -0.170141
Y -0.170141 0.000000 -0.985420
Z -0.000005 1.000000 0.000001

BONE 31
OFFSET 0.032541 0.000426 57.996540
SCALE 1.000000 1.000000 1.000000
X 0.922509 -0.000053 0.385974
Y 0.000058 1.000000 0.000000
Z -0.385974 0.000022 0.922509


NUMVERTS 1102
VERT 0
OFFSET 0.730844 -0.452451 56.243248
BONES 1
BONE 3 1.000000

VERT 1
OFFSET 0.738972 -0.313069 56.236229
BONES 1
BONE 3 1.000000

VERT 2
OFFSET 0.452279 -0.650442 56.339302
BONES 1
BONE 3 1.000000

VERT 3
OFFSET 0.488567 -0.561231 56.325172
BONES 1
BONE 3 1.000000

VERT 4
OFFSET 0.234462 -0.691884 56.407772
BONES 1
BONE 3 1.000000

VERT 5
OFFSET 0.230852 -0.628709 56.407108
BONES 1
BONE 3 1.000000

VERT 6
OFFSET 0.861587 -0.073927 56.384861
BONES 1
BONE 3 1.000000

VERT 7
OFFSET 0.754183 -0.374587 56.424107
BONES 1
BONE 3 1.000000

VERT 8
OFFSET 0.522966 -0.571171 56.502884
BONES 1
BONE 3 1.000000

VERT 9
OFFSET 0.287662 -0.628709 56.577255
BONES 1
BONE 3 1.000000

VERT 10
OFFSET 0.876092 -0.083814 56.187706
BONES 1
BONE 3 1.000000

VERT 11
OFFSET 0.497881 -0.430910 55.547512
BONES 1
BONE 3 1.000000

VERT 12
OFFSET 0.530276 -0.251197 55.338871
BONES 1
BONE 3 1.000000

VERT 13
OFFSET 0.435170 -0.427605 55.375179
BONES 1
BONE 3 1.000000

VERT 14
OFFSET 0.220785 -0.644548 55.660988
BONES 1
BONE 3 1.000000

VERT 15
OFFSET 0.258245 -0.593815 55.455273
BONES 1
BONE 3 1.000000

VERT 16
OFFSET 0.089645 -0.665837 55.524406
BONES 1
BONE 3 1.000000

VERT 17
OFFSET -0.016338 -0.693120 55.744293
BONES 1
BONE 3 1.000000

VERT 18
OFFSET -0.070488 -0.693120 55.580135
BONES 1
BONE 3 1.000000

VERT 19
OFFSET 0.218041 -0.571612 55.654774
BONES 1
BONE 3 1.000000

VERT 20
OFFSET -0.074573 -0.629945 55.573292
BONES 1
BONE 3 1.000000

VERT 21
OFFSET -0.019853 -0.629945 55.738785
BONES 1
BONE 3 1.000000

VERT 22
OFFSET 0.145142 -0.581426 55.494328
BONES 1
BONE 3 1.000000

VERT 23
OFFSET 0.447044 -0.377118 55.562553
BONES 1
BONE 3 1.000000

VERT 24
OFFSET 0.383773 -0.382304 55.390392
BONES 1
BONE 3 1.000000

VERT 25
OFFSET 0.534479 -0.165119 55.530251
BONES 1
BONE 3 1.000000

VERT 26
OFFSET 0.468509 -0.214018 55.358528
BONES 1
BONE 3 1.000000

VERT 27
OFFSET 0.555236 0.075540 55.523212
BONES 1
BONE 3 1.000000

VERT 28
OFFSET 0.570762 0.000001 55.326103
BONES 1
BONE 3 1.000000

VERT 29
OFFSET 0.607017 -0.193863 55.557240
BONES 1
BONE 3 1.000000

VERT 30
OFFSET 0.521069 -0.151442 56.287266
BONES 1
BONE 3 1.000000

VERT 31
OFFSET 0.556607 -0.596504 56.031952
BONES 1
BONE 3 1.000000

VERT 32
OFFSET 0.568007 -0.617879 55.931538
BONES 1
BONE 3 1.000000

VERT 33
OFFSET 0.579738 -0.596505 55.828850
BONES 1
BONE 3 1.000000

VERT 34
OFFSET 0.546917 -0.540264 56.114605
BONES 1
BONE 3 1.000000

VERT 35
OFFSET 0.538723 -0.465305 56.177689
BONES 1
BONE 3 1.000000

VERT 36
OFFSET 0.531527 -0.379809 56.224327
BONES 1
BONE 3 1.000000

VERT 37
OFFSET 0.526112 -0.288609 56.257576
BONES 1
BONE 3 1.000000

VERT 38
OFFSET 0.608994 -0.057680 55.540077
BONES 1
BONE 3 1.000000

VERT 39
OFFSET 0.604202 -0.288609 55.581749
BONES 1
BONE 3 1.000000

VERT 40
OFFSET 0.600687 -0.379809 55.619274
BONES 1
BONE 3 1.000000

VERT 41
OFFSET 0.596032 -0.465309 55.671429
BONES 1
BONE 3 1.000000

VERT 42
OFFSET 0.589382 -0.540264 55.740685
BONES 1
BONE 3 1.000000

VERT 43
OFFSET 0.525826 -0.644483 56.503841
BONES 1
BONE 3 1.000000

VERT 44
OFFSET 0.803578 -0.430383 56.409622
BONES 1
BONE 3 1.000000

VERT 45
OFFSET 0.928635 -0.086877 56.363388
BONES 1
BONE 3 1.000000

VERT 46
OFFSET 0.291937 -0.691884 56.577160
BONES 1
BONE 3 1.000000

VERT 47
OFFSET -0.129755 -1.533393 58.140488
BONES 2
BONE 17 0.500000
BONE 3 0.500000

VERT 48
OFFSET -0.135184 -1.556384 58.140663
BONES 2
BONE 3 0.500000
BONE 17 0.500000

VERT 49
OFFSET -0.125788 -1.508450 58.117531
BONES 2
BONE 17 0.500000
BONE 3 0.500000

VERT 50
OFFSET -0.142232 -1.573144 58.130241
BONES 2
BONE 17 0.500000
BONE 3 0.500000

VERT 51
OFFSET -0.126726 -1.504868 58.083527
BONES 2
BONE 17 0.500000
BONE 3 0.500000

VERT 52
OFFSET -0.156953 -1.584898 58.094891
BONES 2
BONE 17 0.500000
BONE 3 0.500000

VERT 53
OFFSET -0.131950 -1.524776 58.058811
BONES 2
BONE 3 0.500000
BONE 17 0.500000

VERT 54
OFFSET -0.148674 -1.560184 58.060677
BONES 2
BONE 3 0.500000
BONE 17 0.500000

VERT 55
OFFSET -0.236015 -1.712337 57.670444
BONES 2
BONE 17 0.500000
BONE 3 0.500000

VERT 56
OFFSET -0.266760 -1.774396 57.671368
BONES 2
BONE 17 0.500000
BONE 3 0.500000

VERT 57
OFFSET -0.209604 -1.660676 57.648254
BONES 2
BONE 17 0.500000
BONE 3 0.500000

VERT 58
OFFSET -0.285280 -1.805605 57.652489
BONES 2
BONE 17 0.500000
BONE 3 0.500000

VERT 59
OFFSET -0.213549 -1.648660 57.627167
BONES 2
BONE 17 0.500000
BONE 3 0.500000

VERT 60
OFFSET -0.281555 -1.800556 57.630077
BONES 2
BONE 17 0.500000
BONE 3 0.500000

VERT 61
OFFSET -0.226560 -1.687604 57.606922
BONES 2
BONE 17 0.500000
BONE 3 0.500000

VERT 62
OFFSET -0.263735 -1.750760 57.609421
BONES 2
BONE 17 0.500000
BONE 3 0.500000

VERT 63
OFFSET 0.019746 -1.038464 57.783684
BONES 2
BONE 17 0.500000
BONE 3 0.500000

VERT 64
OFFSET -0.013272 -1.209233 57.870701
BONES 2
BONE 17 0.500000
BONE 3 0.500000

VERT 65
OFFSET 0.031150 -1.052240 57.934124
BONES 2
BONE 17 0.500000
BONE 3 0.500000

VERT 66
OFFSET 0.023883 -1.115681 58.018864
BONES 2
BONE 17 0.500000
BONE 3 0.500000

VERT 67
OFFSET 0.023941 -1.145700 58.022293
BONES 2
BONE 3 0.500000
BONE 17 0.500000

VERT 68
OFFSET -0.002849 -1.195385 57.944012
BONES 2
BONE 3 0.500000
BONE 17 0.500000

VERT 69
OFFSET -0.020007 -1.204584 57.793827
BONES 2
BONE 3 0.500000
BONE 17 0.500000

VERT 70
OFFSET -0.020139 -1.177904 57.730549
BONES 2
BONE 3 0.500000
BONE 17 0.500000

VERT 71
OFFSET -0.008739 -1.113874 57.685329
BONES 2
BONE 3 0.500000
BONE 17 0.500000

VERT 72
OFFSET 0.004973 -1.075312 57.718201
BONES 2
BONE 17 0.500000
BONE 3 0.500000

VERT 73
OFFSET 0.091202 -1.591820 58.532166
BONES 1
BONE 3 1.000000

VERT 74
OFFSET 0.185951 -1.591510 58.450634
BONES 1
BONE 3 1.000000

VERT 75
OFFSET 0.230662 -1.231200 58.416355
BONES 1
BONE 3 1.000000

VERT 76
OFFSET 0.277455 -1.324133 58.350155
BONES 1
BONE 3 1.000000

VERT 77
OFFSET 0.214607 -0.906015 58.194630
BONES 1
BONE 3 1.000000

VERT 78
OFFSET 0.257433 -0.924381 58.019032
BONES 1
BONE 3 1.000000

VERT 79
OFFSET 0.300020 -0.688293 57.973213
BONES 1
BONE 3 1.000000

VERT 80
OFFSET 0.270807 -0.897721 57.705315
BONES 1
BONE 3 1.000000

VERT 81
OFFSET -0.223343 -0.683715 57.958931
BONES 1
BONE 3 1.000000

VERT 82
OFFSET -0.236263 -0.909435 58.189121
BONES 1
BONE 3 1.000000

VERT 83
OFFSET -0.227713 -1.234810 58.416355
BONES 1
BONE 3 1.000000

VERT 84
OFFSET -0.366413 -1.592390 58.541092
BONES 1
BONE 3 1.000000

VERT 85
OFFSET -0.210138 -1.995095 58.474308
BONES 1
BONE 3 1.000000

VERT 86
OFFSET -0.331263 -2.248460 58.251534
BONES 1
BONE 3 1.000000

VERT 87
OFFSET -0.335138 -2.284663 58.094997
BONES 1
BONE 3 1.000000

VERT 88
OFFSET -0.390068 -2.261189 57.943924
BONES 1
BONE 3 1.000000

VERT 89
OFFSET -0.660913 -1.990250 58.474308
BONES 1
BONE 3 1.000000

VERT 90
OFFSET -2.361280 -2.941203 58.158791
BONES 1
BONE 3 1.000000

VERT 91
OFFSET -2.415491 -2.798352 58.154739
BONES 1
BONE 3 1.000000

VERT 92
OFFSET -2.553598 -3.121605 58.144184
BONES 1
BONE 3 1.000000

VERT 93
OFFSET -2.829943 -3.148147 58.062565
BONES 1
BONE 3 1.000000

VERT 94
OFFSET -2.723838 -3.245865 58.053268
BONES 1
BONE 3 1.000000

VERT 95
OFFSET -2.949272 -3.238835 57.865356
BONES 1
BONE 3 1.000000

VERT 96
OFFSET -2.845628 -3.338110 57.853390
BONES 1
BONE 3 1.000000

VERT 97
OFFSET -2.872417 -3.330985 57.584919
BONES 1
BONE 3 1.000000

VERT 98
OFFSET -2.949083 -3.177560 57.350647
BONES 1
BONE 3 1.000000

VERT 99
OFFSET -2.791130 -3.011986 56.942451
BONES 1
BONE 3 1.000000

VERT 100
OFFSET -2.820797 -3.244360 57.242805
BONES 1
BONE 3 1.000000

VERT 101
OFFSET -2.643087 -3.071825 56.861397
BONES 1
BONE 3 1.000000

VERT 102
OFFSET -2.427297 -2.710907 56.542973
BONES 1
BONE 3 1.000000

VERT 103
OFFSET -2.348113 -2.820075 56.543335
BONES 1
BONE 3 1.000000

VERT 104
OFFSET -2.167892 -2.491386 56.582886
BONES 1
BONE 3 1.000000

VERT 105
OFFSET -2.132492 -2.642353 56.538563
BONES 1
BONE 3 1.000000

VERT 106
OFFSET -2.023688 -2.548565 56.617340
BONES 1
BONE 3 1.000000

VERT 107
OFFSET -2.042688 -2.393715 56.726212
BONES 1
BONE 3 1.000000

VERT 108
OFFSET -1.946358 -2.486340 56.715004
BONES 1
BONE 3 1.000000

VERT 109
OFFSET -2.051048 -2.450145 57.050636
BONES 1
BONE 3 1.000000

VERT 110
OFFSET -2.021598 -2.456890 56.938728
BONES 1
BONE 3 1.000000

VERT 111
OFFSET -2.320686 -2.562084 56.966747
BONES 1
BONE 3 1.000000

VERT 112
OFFSET -2.222410 -2.460800 57.358715
BONES 1
BONE 3 1.000000

VERT 113
OFFSET -2.491934 -2.589847 57.150154
BONES 1
BONE 3 1.000000

VERT 114
OFFSET -2.645361 -2.826003 56.875961
BONES 1
BONE 3 1.000000

VERT 115
OFFSET -2.975327 -3.228116 57.593864
BONES 1
BONE 3 1.000000

VERT 116
OFFSET -2.852278 -2.975115 57.687710
BONES 1
BONE 3 1.000000

VERT 117
OFFSET -2.702652 -2.783690 57.739101
BONES 1
BONE 3 1.000000

VERT 118
OFFSET -2.810974 -2.845333 57.268227
BONES 1
BONE 3 1.000000

VERT 119
OFFSET -2.558214 -2.605622 57.342926
BONES 1
BONE 3 1.000000

VERT 120
OFFSET -2.507345 -2.755729 57.995640
BONES 1
BONE 3 1.000000

VERT 121
OFFSET -2.672950 -3.009387 58.174473
BONES 1
BONE 3 1.000000

VERT 122
OFFSET -2.293393 -2.615825 58.046906
BONES 1
BONE 3 1.000000

VERT 123
OFFSET -2.048578 -2.498785 57.222778
BONES 1
BONE 3 1.000000

VERT 124
OFFSET -2.051048 -2.548375 57.477852
BONES 1
BONE 3 1.000000

VERT 125
OFFSET -2.273016 -2.590739 57.748425
BONES 1
BONE 3 1.000000

VERT 126
OFFSET -2.051618 -2.589795 57.700535
BONES 1
BONE 3 1.000000

VERT 127
OFFSET -2.051713 -2.625515 57.917896
BONES 1
BONE 3 1.000000

VERT 128
OFFSET -2.106623 -2.679665 58.026287
BONES 1
BONE 3 1.000000

VERT 129
OFFSET 0.330448 -0.978674 58.476887
BONES 1
BONE 3 1.000000

VERT 130
OFFSET 0.382480 -0.786352 58.379063
BONES 1
BONE 3 1.000000

VERT 131
OFFSET 0.244817 -0.986574 57.569527
BONES 1
BONE 3 1.000000

VERT 132
OFFSET 0.954296 -0.091092 56.185585
BONES 1
BONE 3 1.000000

VERT 133
OFFSET 0.815322 -0.000000 55.788296
BONES 1
BONE 3 1.000000

VERT 134
OFFSET 0.726047 -0.851564 56.223934
BONES 1
BONE 3 1.000000

VERT 135
OFFSET 0.692932 -0.646474 55.802338
BONES 1
BONE 3 1.000000

VERT 136
OFFSET 0.730932 -0.521929 55.794170
BONES 1
BONE 3 1.000000

VERT 137
OFFSET 0.872331 -0.478859 56.171940
BONES 1
BONE 3 1.000000

VERT 138
OFFSET 0.767317 -0.397384 55.785336
BONES 1
BONE 3 1.000000

VERT 139
OFFSET 1.100779 0.000001 56.992691
BONES 1
BONE 3 1.000000

VERT 140
OFFSET 0.554892 -0.992055 55.888290
BONES 1
BONE 3 1.000000

VERT 141
OFFSET 0.437227 -0.917434 55.546379
BONES 1
BONE 3 1.000000

VERT 142
OFFSET 0.299671 -1.141128 55.605556
BONES 1
BONE 3 1.000000

VERT 143
OFFSET -0.023784 -1.828636 57.429386
BONES 1
BONE 3 1.000000

VERT 144
OFFSET -0.099397 -1.903341 57.460426
BONES 1
BONE 3 1.000000

VERT 145
OFFSET 0.604129 0.074055 55.252251
BONES 1
BONE 3 1.000000

VERT 146
OFFSET 0.216217 -0.332961 54.710522
BONES 1
BONE 3 1.000000

VERT 147
OFFSET 0.229129 0.000001 54.576920
BONES 1
BONE 3 1.000000

VERT 148
OFFSET 0.103375 -0.654074 54.879272
BONES 1
BONE 3 1.000000

VERT 149
OFFSET 0.564149 -0.242243 55.231003
BONES 1
BONE 3 1.000000

VERT 150
OFFSET 0.273956 -0.717581 55.140717
BONES 1
BONE 3 1.000000

VERT 151
OFFSET -0.120458 -1.034075 55.110264
BONES 1
BONE 3 1.000000

VERT 152
OFFSET 0.521984 -0.663798 55.459354
BONES 1
BONE 3 1.000000

VERT 153
OFFSET 0.468606 -1.262139 56.230228
BONES 1
BONE 3 1.000000

VERT 154
OFFSET 0.166274 -1.624855 56.119160
BONES 1
BONE 3 1.000000

VERT 155
OFFSET -0.004408 -1.982494 56.803741
BONES 1
BONE 3 1.000000

VERT 156
OFFSET -0.344468 -2.153555 56.825775
BONES 1
BONE 3 1.000000

VERT 157
OFFSET -0.408074 -2.126803 56.699951
BONES 1
BONE 3 1.000000

VERT 158
OFFSET -0.697608 -2.170359 56.417854
BONES 1
BONE 3 1.000000

VERT 159
OFFSET 0.236837 -1.784100 56.773712
BONES 1
BONE 3 1.000000

VERT 160
OFFSET -0.354524 -1.992767 56.235031
BONES 1
BONE 3 1.000000

VERT 161
OFFSET -0.076386 -1.834445 56.138714
BONES 1
BONE 3 1.000000

VERT 162
OFFSET -0.244197 -1.796301 55.873466
BONES 1
BONE 3 1.000000

VERT 163
OFFSET -0.826060 -2.061983 56.039360
BONES 1
BONE 3 1.000000

VERT 164
OFFSET -0.042443 -1.567991 55.717995
BONES 1
BONE 3 1.000000

VERT 165
OFFSET 0.856434 -0.591871 56.540195
BONES 1
BONE 3 1.000000

VERT 166
OFFSET 0.972517 -0.192374 56.555119
BONES 1
BONE 3 1.000000

VERT 167
OFFSET 0.051088 -1.102291 55.295937
BONES 1
BONE 3 1.000000

VERT 168
OFFSET -0.374966 -1.692577 55.645428
BONES 1
BONE 3 1.000000

VERT 169
OFFSET -1.413700 -2.059776 55.915585
BONES 1
BONE 3 1.000000

VERT 170
OFFSET -0.373070 -1.309219 55.286343
BONES 1
BONE 3 1.000000

VERT 171
OFFSET -1.229570 -2.207185 56.226143
BONES 1
BONE 3 1.000000

VERT 172
OFFSET -1.718925 -2.226705 56.186741
BONES 1
BONE 3 1.000000

VERT 173
OFFSET -0.590407 -2.347848 57.893787
BONES 1
BONE 3 1.000000

VERT 174
OFFSET -0.438508 -2.240283 57.619526
BONES 1
BONE 3 1.000000

VERT 175
OFFSET -1.121871 -2.484801 57.531254
BONES 1
BONE 3 1.000000

VERT 176
OFFSET -0.718346 -2.335343 57.268951
BONES 1
BONE 3 1.000000

VERT 177
OFFSET -1.710108 -2.372808 56.657207
BONES 1
BONE 3 1.000000

VERT 178
OFFSET -1.167810 -2.338080 56.734486
BONES 1
BONE 3 1.000000

VERT 179
OFFSET -0.419043 -2.088195 61.004917
BONES 1
BONE 3 1.000000

VERT 180
OFFSET -0.686658 -2.444350 60.525169
BONES 1
BONE 3 1.000000

VERT 181
OFFSET -0.412678 -2.269739 60.537708
BONES 1
BONE 3 1.000000

VERT 182
OFFSET -0.649703 -2.513129 59.976353
BONES 1
BONE 3 1.000000

VERT 183
OFFSET -1.015437 -2.668716 59.660015
BONES 1
BONE 3 1.000000

VERT 184
OFFSET -1.717598 -2.811240 59.478649
BONES 1
BONE 3 1.000000

VERT 185
OFFSET -1.725388 -2.736665 58.577477
BONES 1
BONE 3 1.000000

VERT 186
OFFSET -1.722314 -2.589689 57.671799
BONES 1
BONE 3 1.000000

VERT 187
OFFSET -1.088460 -2.551559 57.992188
BONES 1
BONE 3 1.000000

VERT 188
OFFSET -1.717503 -2.777895 60.014355
BONES 1
BONE 3 1.000000

VERT 189
OFFSET -0.743373 -1.881665 61.475357
BONES 1
BONE 3 1.000000

VERT 190
OFFSET -0.578358 -1.696510 61.478207
BONES 1
BONE 3 1.000000

VERT 191
OFFSET -0.683903 -2.295295 60.995514
BONES 1
BONE 3 1.000000

VERT 192
OFFSET -1.043668 -2.569370 60.528683
BONES 1
BONE 3 1.000000

VERT 193
OFFSET -1.022293 -2.401220 60.997124
BONES 1
BONE 3 1.000000

VERT 194
OFFSET -1.706785 -2.577562 60.821003
BONES 1
BONE 3 1.000000

VERT 195
OFFSET -1.287913 -2.173600 61.465477
BONES 1
BONE 3 1.000000

VERT 196
OFFSET -1.717503 -2.272970 61.455692
BONES 1
BONE 3 1.000000

VERT 197
OFFSET -0.985718 -2.068720 61.472416
BONES 1
BONE 3 1.000000

VERT 198
OFFSET 0.178118 -1.339840 57.386009
BONES 1
BONE 3 1.000000

VERT 199
OFFSET 0.102883 -1.582549 57.372398
BONES 1
BONE 3 1.000000

VERT 200
OFFSET 0.069922 -1.631719 57.383327
BONES 1
BONE 3 1.000000

VERT 201
OFFSET -4.786498 0.000008 56.975285
BONES 1
BONE 3 1.000000

VERT 202
OFFSET -4.768523 -0.393205 57.003994
BONES 1
BONE 3 1.000000

VERT 203
OFFSET -2.598659 -0.396382 55.671490
BONES 1
BONE 3 1.000000

VERT 204
OFFSET -4.730523 -0.777100 57.101177
BONES 1
BONE 3 1.000000

VERT 205
OFFSET -4.698318 -1.134680 57.273701
BONES 1
BONE 3 1.000000

VERT 206
OFFSET -4.672383 -1.461670 57.507778
BONES 1
BONE 3 1.000000

VERT 207
OFFSET -3.408123 -1.582225 56.767822
BONES 1
BONE 3 1.000000

VERT 208
OFFSET -4.634858 -1.749900 57.797623
BONES 1
BONE 3 1.000000

VERT 209
OFFSET -3.506882 -2.024822 57.420334
BONES 1
BONE 3 1.000000

VERT 210
OFFSET -4.600563 -2.002695 58.132973
BONES 1
BONE 3 1.000000

VERT 211
OFFSET -3.311216 -2.525754 58.238617
BONES 1
BONE 3 1.000000

VERT 212
OFFSET -4.598065 -2.176546 58.500565
BONES 1
BONE 3 1.000000

VERT 213
OFFSET -2.798223 -2.609745 58.191208
BONES 1
BONE 3 1.000000

VERT 214
OFFSET -2.364928 -2.604425 57.820328
BONES 1
BONE 3 1.000000

VERT 215
OFFSET -2.518121 -0.887893 55.779037
BONES 1
BONE 3 1.000000

VERT 216
OFFSET -2.428007 -1.378498 55.976734
BONES 1
BONE 3 1.000000

VERT 217
OFFSET -2.643658 -1.947215 56.633400
BONES 1
BONE 3 1.000000

VERT 218
OFFSET -2.102705 -2.392440 56.918430
BONES 1
BONE 3 1.000000

VERT 219
OFFSET -2.364643 -2.549420 57.500652
BONES 1
BONE 3 1.000000

VERT 220
OFFSET -2.293041 -2.714273 58.539192
BONES 1
BONE 3 1.000000

VERT 221
OFFSET -3.245733 -2.654078 58.735168
BONES 1
BONE 3 1.000000

VERT 222
OFFSET -2.109378 -2.143770 56.534599
BONES 1
BONE 3 1.000000

VERT 223
OFFSET -3.309415 -2.662994 59.541904
BONES 1
BONE 3 1.000000

VERT 224
OFFSET -2.548489 -2.774313 59.388409
BONES 1
BONE 3 1.000000

VERT 225
OFFSET -2.526848 -2.746047 59.891888
BONES 1
BONE 3 1.000000

VERT 226
OFFSET -2.258338 -2.277340 61.315281
BONES 1
BONE 3 1.000000

VERT 227
OFFSET -4.597808 -2.264610 58.900669
BONES 1
BONE 3 1.000000

VERT 228
OFFSET -4.601513 -2.282470 59.310879
BONES 1
BONE 3 1.000000

VERT 229
OFFSET -4.601133 -2.258530 59.718143
BONES 1
BONE 3 1.000000

VERT 230
OFFSET -4.599708 -2.183195 60.115147
BONES 1
BONE 3 1.000000

VERT 231
OFFSET -3.327943 -2.544195 60.249287
BONES 1
BONE 3 1.000000

VERT 232
OFFSET -4.599803 -2.044115 60.498188
BONES 1
BONE 3 1.000000

VERT 233
OFFSET -3.328038 -2.382505 60.720203
BONES 1
BONE 3 1.000000

VERT 234
OFFSET -4.600373 -1.864375 60.737873
BONES 1
BONE 3 1.000000

VERT 235
OFFSET -3.328608 -2.173505 61.014889
BONES 1
BONE 3 1.000000

VERT 236
OFFSET -2.601917 -2.476011 60.824974
BONES 1
BONE 3 1.000000

VERT 237
OFFSET -2.795468 -2.245040 61.168510
BONES 1
BONE 3 1.000000

VERT 238
OFFSET -2.531159 -2.639329 60.395096
BONES 1
BONE 3 1.000000

VERT 239
OFFSET 0.345802 -0.865544 58.104000
BONES 1
BONE 3 1.000000

VERT 240
OFFSET 0.299693 -1.062804 58.094727
BONES 1
BONE 3 1.000000

VERT 241
OFFSET 0.302927 -0.862544 57.901203
BONES 1
BONE 3 1.000000

VERT 242
OFFSET -0.375723 -2.367685 58.346912
BONES 1
BONE 3 1.000000

VERT 243
OFFSET -0.249753 -2.191555 58.495872
BONES 1
BONE 3 1.000000

VERT 244
OFFSET -0.378003 -2.371104 58.356983
BONES 1
BONE 3 1.000000

VERT 245
OFFSET -0.245763 -2.182055 58.472408
BONES 1
BONE 3 1.000000

VERT 246
OFFSET -0.086733 -2.010580 58.556671
BONES 1
BONE 3 1.000000

VERT 247
OFFSET -0.085688 -1.999750 58.532734
BONES 1
BONE 3 1.000000

VERT 248
OFFSET 0.084077 -1.805380 58.584034
BONES 1
BONE 3 1.000000

VERT 249
OFFSET 0.087877 -1.794644 58.564369
BONES 1
BONE 3 1.000000

VERT 250
OFFSET -1.672116 -1.879824 55.821568
BONES 1
BONE 3 1.000000

VERT 251
OFFSET -1.102473 -1.447325 55.428986
BONES 1
BONE 3 1.000000

VERT 252
OFFSET -1.060692 -1.851978 55.661831
BONES 1
BONE 3 1.000000

VERT 253
OFFSET -1.630459 -1.373199 55.455566
BONES 1
BONE 3 1.000000

VERT 254
OFFSET -1.604643 -1.050498 55.259571
BONES 1
BONE 3 1.000000

VERT 255
OFFSET -1.577196 -0.718633 55.107155
BONES 1
BONE 3 1.000000

VERT 256
OFFSET 0.252863 -0.145817 54.629421
BONES 1
BONE 3 1.000000

VERT 257
OFFSET -2.154883 -1.862380 56.215492
BONES 1
BONE 3 1.000000

VERT 258
OFFSET -1.514814 -0.001611 54.865837
BONES 1
BONE 3 1.000000

VERT 259
OFFSET -2.272933 0.000001 55.396202
BONES 1
BONE 3 1.000000

VERT 260
OFFSET -2.321239 -2.776309 58.042511
BONES 1
BONE 3 1.000000

VERT 261
OFFSET -2.544935 -2.999191 58.002007
BONES 1
BONE 3 1.000000

VERT 262
OFFSET -2.315907 -2.816940 57.938507
BONES 1
BONE 3 1.000000

VERT 263
OFFSET -2.280210 -2.679719 57.779083
BONES 1
BONE 3 1.000000

VERT 264
OFFSET -2.246367 -2.739800 57.820045
BONES 1
BONE 3 1.000000

VERT 265
OFFSET -2.240763 -2.625135 57.582256
BONES 1
BONE 3 1.000000

VERT 266
OFFSET -2.238264 -2.644578 57.367043
BONES 1
BONE 3 1.000000

VERT 267
OFFSET -2.194125 -2.545641 57.341900
BONES 1
BONE 3 1.000000

VERT 268
OFFSET -2.080118 -2.537260 57.081512
BONES 1
BONE 3 1.000000

VERT 269
OFFSET -2.024835 -2.516784 56.914124
BONES 1
BONE 3 1.000000

VERT 270
OFFSET -2.267769 -2.642700 56.796551
BONES 1
BONE 3 1.000000

VERT 271
OFFSET -2.191173 -2.702180 56.783783
BONES 1
BONE 3 1.000000

VERT 272
OFFSET -2.638720 -2.902267 56.881310
BONES 1
BONE 3 1.000000

VERT 273
OFFSET -2.502693 -2.908356 56.869774
BONES 1
BONE 3 1.000000

VERT 274
OFFSET -2.761587 -3.007693 57.179718
BONES 1
BONE 3 1.000000

VERT 275
OFFSET -2.693532 -3.050925 57.134998
BONES 1
BONE 3 1.000000

VERT 276
OFFSET -2.839840 -3.198490 57.646130
BONES 1
BONE 3 1.000000

VERT 277
OFFSET -2.805652 -3.191570 57.500084
BONES 1
BONE 3 1.000000

VERT 278
OFFSET -2.848197 -3.133462 57.744713
BONES 1
BONE 3 1.000000

VERT 279
OFFSET -2.724231 -3.130237 57.902458
BONES 1
BONE 3 1.000000

VERT 280
OFFSET -2.564903 -2.966850 58.050987
BONES 1
BONE 3 1.000000

VERT 281
OFFSET -2.250628 -2.675555 57.730354
BONES 1
BONE 3 1.000000

VERT 282
OFFSET -2.314534 -2.647316 57.735516
BONES 1
BONE 3 1.000000

VERT 283
OFFSET -2.574593 -2.826725 57.616364
BONES 1
BONE 3 1.000000

VERT 284
OFFSET -2.605278 -2.794140 57.621872
BONES 1
BONE 3 1.000000

VERT 285
OFFSET -2.731740 -2.964551 57.333744
BONES 1
BONE 3 1.000000

VERT 286
OFFSET -2.627674 -2.853195 57.733322
BONES 1
BONE 3 1.000000

VERT 287
OFFSET -2.782378 -3.023061 57.703854
BONES 1
BONE 3 1.000000

VERT 288
OFFSET -2.273661 -2.577809 57.382637
BONES 1
BONE 3 1.000000

VERT 289
OFFSET -2.549608 -2.743885 57.273033
BONES 1
BONE 3 1.000000

VERT 290
OFFSET 0.369457 -0.847685 58.241463
BONES 1
BONE 3 1.000000

VERT 291
OFFSET 0.351977 -0.913994 58.215054
BONES 1
BONE 3 1.000000

VERT 292
OFFSET 0.350932 -0.890055 58.191681
BONES 1
BONE 3 1.000000

VERT 293
OFFSET 0.369457 -0.862884 58.257137
BONES 1
BONE 3 1.000000

VERT 294
OFFSET 0.483552 -0.752494 58.353184
BONES 1
BONE 3 1.000000

VERT 295
OFFSET 0.300135 -0.891748 58.190186
BONES 1
BONE 3 1.000000

VERT 296
OFFSET 0.308182 -1.029039 58.320122
BONES 1
BONE 3 1.000000

VERT 297
OFFSET 0.363098 -1.160540 58.422478
BONES 1
BONE 3 1.000000

VERT 298
OFFSET 0.295927 -1.272714 58.472027
BONES 1
BONE 3 1.000000

VERT 299
OFFSET 0.255362 -1.559425 58.564178
BONES 1
BONE 3 1.000000

VERT 300
OFFSET 0.205487 -1.559804 58.560757
BONES 1
BONE 3 1.000000

VERT 301
OFFSET 0.035342 -1.811839 58.585651
BONES 1
BONE 3 1.000000

VERT 302
OFFSET 0.047093 -1.870391 58.583904
BONES 1
BONE 3 1.000000

VERT 303
OFFSET -0.145823 -2.020460 58.534157
BONES 1
BONE 3 1.000000

VERT 304
OFFSET -0.438031 -2.348098 58.321144
BONES 1
BONE 3 1.000000

VERT 305
OFFSET -0.423101 -2.386121 58.291378
BONES 1
BONE 3 1.000000

VERT 306
OFFSET -0.527248 -2.431050 58.244125
BONES 1
BONE 3 1.000000

VERT 307
OFFSET -0.595915 -2.528517 58.188438
BONES 1
BONE 3 1.000000

VERT 308
OFFSET 0.366821 -0.700155 57.975609
BONES 1
BONE 3 1.000000

VERT 309
OFFSET 0.318442 0.000001 55.602554
BONES 1
BONE 3 1.000000

VERT 310
OFFSET 0.257927 -0.534469 55.674751
BONES 1
BONE 3 1.000000

VERT 311
OFFSET 0.610111 -0.521484 55.638603
BONES 1
BONE 3 1.000000

VERT 312
OFFSET 0.706707 -0.646474 55.928307
BONES 1
BONE 3 1.000000

VERT 313
OFFSET 0.413157 -0.304854 56.302990
BONES 1
BONE 3 1.000000

VERT 314
OFFSET 0.825352 -0.054261 56.274040
BONES 1
BONE 3 1.000000

VERT 315
OFFSET 0.755052 -0.516811 56.315193
BONES 1
BONE 3 1.000000

VERT 316
OFFSET 0.390680 -0.518958 56.318630
BONES 1
BONE 3 1.000000

VERT 317
OFFSET 0.333169 -0.641845 55.919563
BONES 1
BONE 3 1.000000

VERT 318
OFFSET 0.248003 -0.522186 55.646122
BONES 1
BONE 3 1.000000

VERT 319
OFFSET 0.454102 0.000001 56.280853
BONES 1
BONE 3 1.000000

VERT 320
OFFSET 0.689875 -0.034737 55.594917
BONES 1
BONE 3 1.000000

VERT 321
OFFSET 0.295262 -0.866969 58.102097
BONES 1
BONE 3 1.000000

VERT 322
OFFSET -0.264953 -2.254349 58.171543
BONES 1
BONE 3 1.000000

VERT 323
OFFSET -0.251880 -2.132696 57.693272
BONES 1
BONE 3 1.000000

VERT 324
OFFSET -0.315968 -2.255869 58.174866
BONES 1
BONE 3 1.000000

VERT 325
OFFSET -0.205957 -2.149619 58.241085
BONES 1
BONE 3 1.000000

VERT 326
OFFSET -0.086353 -1.968115 58.294758
BONES 1
BONE 3 1.000000

VERT 327
OFFSET 0.125117 -1.767095 58.362873
BONES 1
BONE 3 1.000000

VERT 328
OFFSET 0.074767 -1.767570 58.362301
BONES 1
BONE 3 1.000000

VERT 329
OFFSET 0.145542 -1.572345 58.363918
BONES 1
BONE 3 1.000000

VERT 330
OFFSET 0.221286 -1.499040 58.357601
BONES 1
BONE 3 1.000000

VERT 331
OFFSET 0.208147 -1.339310 58.290768
BONES 1
BONE 3 1.000000

VERT 332
OFFSET 0.254127 -1.136865 58.157482
BONES 1
BONE 3 1.000000

VERT 333
OFFSET 0.247287 -1.016690 58.041584
BONES 1
BONE 3 1.000000

VERT 334
OFFSET -0.379333 -2.327500 57.974037
BONES 1
BONE 3 1.000000

VERT 335
OFFSET 0.370977 -0.858705 58.320503
BONES 1
BONE 3 1.000000

VERT 336
OFFSET 0.370027 -0.877135 58.285069
BONES 1
BONE 3 1.000000

VERT 337
OFFSET 0.388077 -0.736154 58.183228
BONES 1
BONE 3 1.000000

VERT 338
OFFSET 0.350077 -1.027329 58.424622
BONES 1
BONE 3 1.000000

VERT 339
OFFSET -0.429873 -2.312394 57.961498
BONES 1
BONE 3 1.000000

VERT 340
OFFSET 0.290037 -0.761045 57.917702
BONES 1
BONE 3 1.000000

VERT 341
OFFSET -0.016053 -0.872005 57.629852
BONES 1
BONE 3 1.000000

VERT 342
OFFSET 0.255742 -0.842934 57.417812
BONES 1
BONE 3 1.000000

VERT 343
OFFSET 0.053962 -0.851200 57.997219
BONES 1
BONE 3 1.000000

VERT 344
OFFSET 0.252227 -0.755629 58.045475
BONES 1
BONE 3 1.000000

VERT 345
OFFSET 0.225152 -0.976409 58.276520
BONES 1
BONE 3 1.000000

VERT 346
OFFSET -0.115708 -1.020110 58.138580
BONES 1
BONE 3 1.000000

VERT 347
OFFSET 0.221827 -1.149310 58.411324
BONES 1
BONE 3 1.000000

VERT 348
OFFSET 0.198837 -1.325630 58.511360
BONES 1
BONE 3 1.000000

VERT 349
OFFSET -0.112469 -1.413478 58.459347
BONES 1
BONE 3 1.000000

VERT 350
OFFSET 0.172522 -1.515250 58.588406
BONES 1
BONE 3 1.000000

VERT 351
OFFSET -0.135658 -1.668675 58.496918
BONES 1
BONE 3 1.000000

VERT 352
OFFSET 0.111437 -1.685775 58.595242
BONES 1
BONE 3 1.000000

VERT 353
OFFSET -0.252128 -1.831885 58.465664
BONES 1
BONE 3 1.000000

VERT 354
OFFSET 0.029357 -1.842810 58.562279
BONES 1
BONE 3 1.000000

VERT 355
OFFSET -0.346463 -1.987590 58.389473
BONES 1
BONE 3 1.000000

VERT 356
OFFSET -0.103928 -1.980369 58.502903
BONES 1
BONE 3 1.000000

VERT 357
OFFSET -0.267043 -2.135885 58.402107
BONES 1
BONE 3 1.000000

VERT 358
OFFSET -0.118368 -1.156910 57.934803
BONES 1
BONE 3 1.000000

VERT 359
OFFSET -0.173373 -1.323920 58.046047
BONES 1
BONE 3 1.000000

VERT 360
OFFSET -0.241963 -1.508124 58.126511
BONES 1
BONE 3 1.000000

VERT 361
OFFSET -0.343898 -1.687390 58.147602
BONES 1
BONE 3 1.000000

VERT 362
OFFSET -0.420183 -1.855255 58.110172
BONES 1
BONE 3 1.000000

VERT 363
OFFSET -0.451723 -2.062734 58.047947
BONES 1
BONE 3 1.000000

VERT 364
OFFSET -0.016529 -1.808861 57.413975
BONES 1
BONE 3 1.000000

VERT 365
OFFSET -0.026883 -1.844330 57.206154
BONES 1
BONE 3 1.000000

VERT 366
OFFSET 0.102964 -1.577346 57.360950
BONES 1
BONE 3 1.000000

VERT 367
OFFSET 0.173662 -1.570729 57.121601
BONES 1
BONE 3 1.000000

VERT 368
OFFSET 0.244817 -0.981540 57.559269
BONES 1
BONE 3 1.000000

VERT 369
OFFSET -0.245953 -1.578329 57.065742
BONES 1
BONE 3 1.000000

VERT 370
OFFSET 0.223252 -1.230725 57.078568
BONES 1
BONE 3 1.000000

VERT 371
OFFSET -0.240064 -0.888679 57.032658
BONES 1
BONE 3 1.000000

VERT 372
OFFSET 0.289942 -0.873524 57.200451
BONES 1
BONE 3 1.000000

VERT 373
OFFSET 0.176782 -1.331112 57.372704
BONES 1
BONE 3 1.000000

VERT 374
OFFSET 0.222207 -1.076540 57.440613
BONES 1
BONE 3 1.000000

VERT 375
OFFSET -0.460938 -1.840625 57.170910
BONES 1
BONE 3 1.000000

VERT 376
OFFSET -0.228948 -2.086104 57.275311
BONES 1
BONE 3 1.000000

VERT 377
OFFSET -0.111743 -1.898416 57.448132
BONES 1
BONE 3 1.000000

VERT 378
OFFSET -0.242153 -2.089809 57.627098
BONES 1
BONE 3 1.000000

VERT 379
OFFSET -0.716108 -2.076414 57.246433
BONES 1
BONE 3 1.000000

VERT 380
OFFSET -0.888058 -2.181770 57.543026
BONES 1
BONE 3 1.000000

VERT 381
OFFSET -0.427023 -2.151464 57.583683
BONES 1
BONE 3 1.000000

VERT 382
OFFSET -1.054403 -2.292160 57.822987
BONES 1
BONE 3 1.000000

VERT 383
OFFSET 0.439377 -1.097249 59.545055
BONES 1
BONE 3 1.000000

VERT 384
OFFSET 0.489252 -0.945534 59.491856
BONES 1
BONE 3 1.000000

VERT 385
OFFSET 0.426173 -1.188796 59.470577
BONES 1
BONE 3 1.000000

VERT 386
OFFSET 0.387317 -1.255994 59.576305
BONES 1
BONE 3 1.000000

VERT 387
OFFSET 0.334497 -1.418159 59.592079
BONES 1
BONE 3 1.000000

VERT 388
OFFSET 0.320700 -1.507712 59.505508
BONES 1
BONE 3 1.000000

VERT 389
OFFSET 0.279682 -1.579659 59.593315
BONES 1
BONE 3 1.000000

VERT 390
OFFSET 0.140397 -1.823486 59.570805
BONES 1
BONE 3 1.000000

VERT 391
OFFSET 0.142407 -1.829811 59.493450
BONES 1
BONE 3 1.000000

VERT 392
OFFSET -0.016433 -2.035374 59.527191
BONES 1
BONE 3 1.000000

VERT 393
OFFSET -0.019188 -2.043640 59.465633
BONES 1
BONE 3 1.000000

VERT 394
OFFSET -0.169770 -2.216740 59.465439
BONES 1
BONE 3 1.000000

VERT 395
OFFSET -0.207940 -2.237301 59.420155
BONES 1
BONE 3 1.000000

VERT 396
OFFSET -0.435003 -2.424685 59.354866
BONES 1
BONE 3 1.000000

VERT 397
OFFSET 0.536657 -0.800469 59.416328
BONES 1
BONE 3 1.000000

VERT 398
OFFSET 0.566297 -0.666044 59.314297
BONES 1
BONE 3 1.000000

VERT 399
OFFSET 0.500713 -0.894804 59.399845
BONES 1
BONE 3 1.000000

VERT 400
OFFSET -0.070453 -1.320388 58.213291
BONES 2
BONE 17 0.500000
BONE 3 0.500000

VERT 401
OFFSET -0.104300 -1.226765 57.948322
BONES 2
BONE 3 0.500000
BONE 17 0.500000

VERT 402
OFFSET 0.000072 -1.209019 58.296562
BONES 2
BONE 17 0.500000
BONE 3 0.500000

VERT 403
OFFSET 0.069344 -1.132664 58.320442
BONES 2
BONE 3 0.500000
BONE 17 0.500000

VERT 404
OFFSET 0.051556 -1.037922 58.123260
BONES 2
BONE 3 0.500000
BONE 17 0.500000

VERT 405
OFFSET -0.025162 -1.080906 57.982571
BONES 2
BONE 17 0.500000
BONE 3 0.500000

VERT 406
OFFSET 0.062131 -1.270339 58.448654
BONES 2
BONE 3 0.500000
BONE 17 0.500000

VERT 407
OFFSET 0.045732 -1.347605 58.484406
BONES 2
BONE 3 0.500000
BONE 17 0.500000

VERT 408
OFFSET 0.070966 -1.197474 58.393173
BONES 2
BONE 3 0.500000
BONE 17 0.500000

VERT 409
OFFSET 0.067831 -1.079674 58.227020
BONES 2
BONE 3 0.500000
BONE 17 0.500000

VERT 410
OFFSET 0.046456 -1.019160 58.008995
BONES 2
BONE 3 0.500000
BONE 17 0.500000

VERT 411
OFFSET 0.034961 -1.020679 57.893097
BONES 2
BONE 3 0.500000
BONE 17 0.500000

VERT 412
OFFSET -0.069885 -1.134757 57.672909
BONES 2
BONE 17 0.500000
BONE 3 0.500000

VERT 413
OFFSET -0.011318 -1.088653 57.603477
BONES 2
BONE 17 0.500000
BONE 3 0.500000

VERT 414
OFFSET -0.068399 -1.197094 57.396149
BONES 2
BONE 3 0.500000
BONE 17 0.500000

VERT 415
OFFSET -0.050822 -1.141581 57.467915
BONES 2
BONE 17 0.500000
BONE 3 0.500000

VERT 416
OFFSET -0.188091 -1.412551 57.689510
BONES 2
BONE 3 0.500000
BONE 17 0.500000

VERT 417
OFFSET -0.233637 -1.583272 57.433784
BONES 2
BONE 3 0.500000
BONE 17 0.500000

VERT 418
OFFSET -0.204151 -1.591425 57.334450
BONES 2
BONE 3 0.500000
BONE 17 0.500000

VERT 419
OFFSET -0.117105 -1.338814 57.305477
BONES 2
BONE 17 0.500000
BONE 3 0.500000

VERT 420
OFFSET -0.101112 -1.258323 57.336807
BONES 2
BONE 3 0.500000
BONE 17 0.500000

VERT 421
OFFSET -0.160991 -1.321520 57.550243
BONES 2
BONE 17 0.500000
BONE 3 0.500000

VERT 422
OFFSET -0.137464 -1.423670 57.293739
BONES 2
BONE 3 0.500000
BONE 17 0.500000

VERT 423
OFFSET -0.167484 -1.509549 57.303524
BONES 2
BONE 3 0.500000
BONE 17 0.500000

VERT 424
OFFSET -0.246743 -1.582250 57.608150
BONES 2
BONE 17 0.500000
BONE 3 0.500000

VERT 425
OFFSET -0.223154 -1.665920 57.387600
BONES 2
BONE 3 0.500000
BONE 17 0.500000

VERT 426
OFFSET -0.240237 -1.727756 57.457108
BONES 2
BONE 3 0.500000
BONE 17 0.500000

VERT 427
OFFSET -0.274834 -1.776404 57.546818
BONES 2
BONE 3 0.500000
BONE 17 0.500000

VERT 428
OFFSET -0.291230 -1.816201 57.675598
BONES 2
BONE 17 0.500000
BONE 3 0.500000

VERT 429
OFFSET -0.291551 -1.698976 57.622822
BONES 2
BONE 17 0.500000
BONE 3 0.500000

VERT 430
OFFSET -0.299061 -1.702593 57.738068
BONES 2
BONE 17 0.500000
BONE 3 0.500000

VERT 431
OFFSET -0.212494 -1.551476 57.757450
BONES 2
BONE 17 0.500000
BONE 3 0.500000

VERT 432
OFFSET -0.233745 -1.836917 57.954994
BONES 2
BONE 17 0.500000
BONE 3 0.500000

VERT 433
OFFSET -0.248779 -1.743883 57.973034
BONES 2
BONE 3 0.500000
BONE 17 0.500000

VERT 434
OFFSET -0.169405 -1.672568 58.199223
BONES 2
BONE 17 0.500000
BONE 3 0.500000

VERT 435
OFFSET -0.246165 -1.626138 57.884933
BONES 2
BONE 17 0.500000
BONE 3 0.500000

VERT 436
OFFSET -0.192776 -1.499534 57.882561
BONES 2
BONE 3 0.500000
BONE 17 0.500000

VERT 437
OFFSET -0.184546 -1.820787 58.111065
BONES 2
BONE 17 0.500000
BONE 3 0.500000

VERT 438
OFFSET -0.148548 -1.790304 58.217377
BONES 2
BONE 17 0.500000
BONE 3 0.500000

VERT 439
OFFSET -0.102219 -1.740494 58.310429
BONES 2
BONE 3 0.500000
BONE 17 0.500000

VERT 440
OFFSET -0.042444 -1.673346 58.388462
BONES 2
BONE 3 0.500000
BONE 17 0.500000

VERT 441
OFFSET -0.012634 -1.597140 58.441719
BONES 2
BONE 3 0.500000
BONE 17 0.500000

VERT 442
OFFSET 0.007302 -1.515993 58.482307
BONES 2
BONE 3 0.500000
BONE 17 0.500000

VERT 443
OFFSET 0.026150 -1.431557 58.495609
BONES 2
BONE 3 0.500000
BONE 17 0.500000

VERT 444
OFFSET -0.056154 -1.450664 58.367016
BONES 2
BONE 17 0.500000
BONE 3 0.500000

VERT 445
OFFSET -0.124961 -1.603182 58.233215
BONES 2
BONE 3 0.500000
BONE 17 0.500000

VERT 446
OFFSET 0.904782 -0.224199 56.983284
BONES 1
BONE 3 1.000000

VERT 447
OFFSET 0.547072 -0.031274 57.351658
BONES 1
BONE 3 1.000000

VERT 448
OFFSET 0.456017 -0.201312 57.497257
BONES 1
BONE 3 1.000000

VERT 449
OFFSET 0.459664 0.000000 57.958538
BONES 1
BONE 3 1.000000

VERT 450
OFFSET 0.608013 -1.112338 56.517109
BONES 1
BONE 3 1.000000

VERT 451
OFFSET 0.432787 -0.604280 57.229176
BONES 1
BONE 3 1.000000

VERT 452
OFFSET 0.542873 -0.620299 57.093895
BONES 1
BONE 3 1.000000

VERT 453
OFFSET 0.701814 -0.808640 56.893818
BONES 1
BONE 3 1.000000

VERT 454
OFFSET 0.527727 -1.286014 56.802498
BONES 1
BONE 3 1.000000

VERT 455
OFFSET 0.393834 -1.555220 56.722649
BONES 1
BONE 3 1.000000

VERT 456
OFFSET 0.191997 -1.835019 57.054153
BONES 1
BONE 3 1.000000

VERT 457
OFFSET 0.333452 -1.600939 57.001427
BONES 1
BONE 3 1.000000

VERT 458
OFFSET 0.486084 -1.227174 56.923332
BONES 1
BONE 3 1.000000

VERT 459
OFFSET 0.334740 -1.289663 57.194305
BONES 1
