// Export time: Fri Oct 09 11:15:09 2020

// Exported using Blender v2.90.1
// Export filename: 'E:/blackops3/mod_xmodel/iw4/m16a1/ch_body_gk_m16a1_lod3.XMODEL_EXPORT'
// Source filename: 'E:/blackops3/mod_xmodel/iw4/m16a1/m16a1.blend'
MODEL
VERSION 6

NUMBONES 79
BONE 0 -1 "tag_origin"
BONE 1 0 "j_mainroot"
BONE 2 1 "j_hip_le"
BONE 3 2 "j_knee_le"
BONE 4 3 "j_ankle_le"
BONE 5 4 "j_ball_le"
BONE 6 1 "j_hip_ri"
BONE 7 6 "j_knee_ri"
BONE 8 7 "j_ankle_ri"
BONE 9 8 "j_ball_ri"
BONE 10 1 "j_spinelower"
BONE 11 10 "j_spineupper"
BONE 12 11 "j_spine4"
BONE 13 12 "j_clavicle_le"
BONE 14 13 "j_shoulder_le"
BONE 15 14 "j_elbow_bulge_le"
BONE 16 14 "j_elbow_le"
BONE 17 16 "j_wrist_le"
BONE 18 17 "j_index_le_1"
BONE 19 18 "j_index_le_2"
BONE 20 19 "j_index_le_3"
BONE 21 17 "j_mid_le_1"
BONE 22 21 "j_mid_le_2"
BONE 23 22 "j_mid_le_3"
BONE 24 17 "j_pinky_le_1"
BONE 25 24 "j_pinky_le_2"
BONE 26 25 "j_pinky_le_3"
BONE 27 17 "j_ring_le_1"
BONE 28 27 "j_ring_le_2"
BONE 29 28 "j_ring_le_3"
BONE 30 17 "j_thumb_le_1"
BONE 31 30 "j_thumb_le_2"
BONE 32 31 "j_thumb_le_3"
BONE 33 17 "j_wrist_le1"
BONE 34 33 "tag_weapon_left"
BONE 35 16 "j_wristtwist_le"
BONE 36 14 "j_shouldertwist_le"
BONE 37 36 "tag_reflector_arm_le"
BONE 38 12 "j_clavicle_ri"
BONE 39 38 "j_shoulder_ri"
BONE 40 39 "j_elbow_bulge_ri"
BONE 41 39 "j_elbow_ri"
BONE 42 41 "j_wrist_ri"
BONE 43 42 "j_index_ri_1"
BONE 44 43 "j_index_ri_2"
BONE 45 44 "j_index_ri_3"
BONE 46 42 "j_mid_ri_1"
BONE 47 46 "j_mid_ri_2"
BONE 48 47 "j_mid_ri_3"
BONE 49 42 "j_pinky_ri_1"
BONE 50 49 "j_pinky_ri_2"
BONE 51 50 "j_pinky_ri_3"
BONE 52 42 "j_ring_ri_1"
BONE 53 52 "j_ring_ri_2"
BONE 54 53 "j_ring_ri_3"
BONE 55 42 "j_thumb_ri_1"
BONE 56 55 "j_thumb_ri_2"
BONE 57 56 "j_thumb_ri_3"
BONE 58 42 "j_wrist_ri1"
BONE 59 58 "j_gun"
BONE 60 58 "tag_weapon_right"
BONE 61 41 "j_wristtwist_ri"
BONE 62 39 "j_shouldertwist_ri"
BONE 63 62 "tag_reflector_arm_ri"
BONE 64 12 "j_neck"
BONE 65 64 "j_head"
BONE 66 65 "Joint3"
BONE 67 66 "Joint4"
BONE 68 67 "Joint5"
BONE 69 68 "Joint6"
BONE 70 12 "j_shoulderraise_le"
BONE 71 12 "j_shoulderraise_ri"
BONE 72 12 "tag_bipod"
BONE 73 12 "tag_inhand"
BONE 74 12 "tag_shield_back"
BONE 75 12 "tag_stowed_back"
BONE 76 12 "tag_weapon_chest"
BONE 77 1 "tag_stowed_hip_rear"
BONE 78 0 "tag_sync"

BONE 0
OFFSET 0.000000 0.000000 0.000000
SCALE 1.000000 1.000000 1.000000
X 1.000000 0.000000 0.000000
Y 0.000000 1.000000 0.000000
Z 0.000000 0.000000 1.000000

BONE 1
OFFSET -3.351013 -0.000167 38.353252
SCALE 1.000000 1.000000 1.000000
X -0.024720 -0.000056 0.999694
Y 0.999694 0.000059 0.024720
Z -0.000060 1.000000 0.000054

BONE 2
OFFSET -2.435894 3.256428 38.369164
SCALE 1.000000 1.000000 1.000000
X -0.033730 0.000194 -0.999431
Y 0.999421 -0.004516 -0.033730
Z -0.004520 -0.999990 -0.000042

BONE 3
OFFSET -3.044227 3.259840 20.356550
SCALE 1.000000 1.000000 1.000000
X -0.068343 0.000343 -0.997662
Y 0.997652 -0.004502 -0.068343
Z -0.004515 -0.999990 -0.000035

BONE 4
OFFSET -4.137314 3.265369 4.410245
SCALE 1.000000 1.000000 1.000000
X 0.008698 0.007014 -0.999938
Y 0.999811 0.017344 0.008819
Z 0.017404 -0.999825 -0.006862

BONE 5
OFFSET 0.430777 3.427557 0.770990
SCALE 1.000000 1.000000 1.000000
X 0.983118 0.015869 0.182284
Y -0.182143 -0.009923 0.983222
Z 0.017411 -0.999825 -0.006865

BONE 6
OFFSET -2.435806 -3.255834 38.369671
SCALE 1.000000 1.000000 1.000000
X 0.033718 -0.009151 0.999415
Y -0.999432 -0.000325 0.033714
Z 0.000016 -0.999958 -0.009157

BONE 7
OFFSET -3.044216 -3.090945 20.355923
SCALE 1.000000 1.000000 1.000000
X 0.068355 -0.009130 0.997645
Y -0.997661 -0.000640 0.068350
Z 0.000014 -0.999958 -0.009152

BONE 8
OFFSET -4.137009 -2.945039 4.408585
SCALE 1.000000 1.000000 1.000000
X -0.008661 -0.002138 0.999986
Y -0.999723 0.021923 -0.008615
Z -0.021904 -0.999757 -0.002327

BONE 9
OFFSET 0.429933 -3.094328 0.767451
SCALE 1.000000 1.000000 1.000000
X -0.983043 0.021961 -0.182064
Y 0.182063 -0.001699 -0.983310
Z -0.021903 -0.999757 -0.002328

BONE 10
OFFSET -3.257833 -0.000370 41.937073
SCALE 1.000000 1.000000 1.000000
X -0.029903 -0.000053 0.999553
Y 0.999553 0.000059 0.029903
Z -0.000060 1.000000 0.000052

BONE 11
OFFSET -2.973594 -0.000712 48.077503
SCALE 1.000000 1.000000 1.000000
X 0.020443 -0.000062 0.999791
Y 0.999791 0.000062 -0.020443
Z -0.000060 1.000000 0.000063

BONE 12
OFFSET -2.912875 -0.000934 51.991886
SCALE 1.000000 1.000000 1.000000
X 0.046993 -0.000058 0.998895
Y 0.998895 0.000063 -0.046993
Z -0.000060 1.000000 0.000061

BONE 13
OFFSET -2.193579 0.724685 55.928585
SCALE 1.000000 1.000000 1.000000
X 0.022164 0.997156 0.072290
Y -0.999643 0.021026 0.016474
Z 0.014907 -0.072654 0.997254

BONE 14
OFFSET -2.787956 4.299882 55.422428
SCALE 1.000000 1.000000 1.000000
X 0.012602 0.999869 -0.012034
Y -0.996216 0.011522 -0.086150
Z -0.085998 0.013050 0.996216

BONE 15
OFFSET -3.182345 14.282580 55.409729
SCALE 1.000000 1.000000 1.000000
X 0.692501 0.719661 0.050477
Y -0.716261 0.694234 -0.070943
Z -0.086095 0.012950 0.996209

BONE 16
OFFSET -3.014110 14.219776 55.425091
SCALE 1.000000 1.000000 1.000000
X -0.010687 0.999838 0.015813
Y -0.996251 -0.009286 -0.086008
Z -0.085844 -0.016696 0.996176

BONE 17
OFFSET -3.051689 23.239445 55.412991
SCALE 1.000000 1.000000 1.000000
X -0.105224 0.991671 -0.074565
Y -0.069453 -0.082104 -0.994206
Z -0.992020 -0.099438 0.077515

BONE 18
OFFSET -2.363172 25.362823 55.466644
SCALE 1.000000 1.000000 1.000000
X 0.085938 0.992777 -0.083979
Y -0.214235 -0.063883 -0.974696
Z -0.972994 0.101752 0.207193

BONE 19
OFFSET -2.262103 26.530273 55.367687
SCALE 1.000000 1.000000 1.000000
X 0.086358 0.992871 -0.082418
Y -0.214118 -0.062275 -0.974826
Z -0.972983 0.101828 0.207209

BONE 20
OFFSET -2.194159 27.311916 55.302692
SCALE 1.000000 1.000000 1.000000
X 0.091515 0.994066 -0.059165
Y -0.211992 -0.038581 -0.976516
Z -0.972977 0.101905 0.207198

BONE 21
OFFSET -2.938638 25.457106 55.562572
SCALE 1.000000 1.000000 1.000000
X 0.001614 0.996377 -0.085290
Y -0.051050 -0.085074 -0.995071
Z -0.998695 0.005960 0.050727

BONE 22
OFFSET -2.936511 26.745899 55.452095
SCALE 1.000000 1.000000 1.000000
X 0.001563 0.996184 -0.087517
Y -0.050986 -0.087301 -0.994881
Z -0.998698 0.006016 0.050654

BONE 23
OFFSET -2.935276 27.604420 55.376625
SCALE 1.000000 1.000000 1.000000
X 0.000586 0.994281 -0.107005
Y -0.050930 -0.106815 -0.992978
Z -0.998702 0.006031 0.050575

BONE 24
OFFSET -3.969941 25.009705 55.223804
SCALE 1.000000 1.000000 1.000000
X -0.132967 0.987447 -0.085505
Y -0.031028 -0.090354 -0.995431
Z -0.990635 -0.129709 0.042655

BONE 25
OFFSET -4.112688 26.069826 55.131863
SCALE 1.000000 1.000000 1.000000
X -0.132841 0.987392 -0.086334
Y -0.030831 -0.091158 -0.995364
Z -0.990658 -0.129566 0.042554

BONE 26
OFFSET -4.191255 26.653095 55.080841
SCALE 1.000000 1.000000 1.000000
X -0.132828 0.987288 -0.087542
Y -0.030541 -0.092337 -0.995264
Z -0.990668 -0.129528 0.042421

BONE 27
OFFSET -3.482880 25.282049 55.454288
SCALE 1.000000 1.000000 1.000000
X -0.067927 0.994031 -0.085628
Y 0.011282 -0.085033 -0.996319
Z -0.997626 -0.068644 -0.005437

BONE 28
OFFSET -3.566744 26.509363 55.348339
SCALE 1.000000 1.000000 1.000000
X -0.067787 0.993609 -0.090507
Y 0.011746 -0.089892 -0.995887
Z -0.997631 -0.068571 -0.005576

BONE 29
OFFSET -3.622456 27.324333 55.274113
SCALE 1.000000 1.000000 1.000000
X -0.068742 0.992109 0.105019
Y -0.001619 0.105182 -0.994461
Z -0.997633 -0.068531 -0.005623

BONE 30
OFFSET -2.262158 23.328211 55.074223
SCALE 1.000000 1.000000 1.000000
X 0.568822 0.811053 -0.136625
Y -0.813846 0.579035 0.048852
Z 0.118729 0.083381 0.989425

BONE 31
OFFSET -1.533009 24.368528 54.898991
SCALE 1.000000 1.000000 1.000000
X 0.564284 0.812876 -0.144390
Y -0.816325 0.575485 0.049439
Z 0.123279 0.089949 0.988292

BONE 32
OFFSET -1.002961 25.132519 54.763329
SCALE 1.000000 1.000000 1.000000
X 0.643679 0.758539 -0.101600
Y -0.759616 0.649403 0.035716
Z 0.093069 0.054164 0.994191

BONE 33
OFFSET -0.725953 21.901342 53.971928
SCALE 1.000000 1.000000 1.000000
X -0.105224 0.991670 -0.074581
Y -0.069453 -0.082120 -0.994205
Z -0.992020 -0.099437 0.077517

BONE 34
OFFSET 12.399124 15.563923 28.858351
SCALE 1.000000 1.000000 1.000000
X 0.532936 0.846122 0.009219
Y -0.503793 0.308519 0.806852
Z 0.679832 -0.434665 0.590694

BONE 35
OFFSET -3.040610 20.598778 55.416321
SCALE 1.000000 1.000000 1.000000
X -0.010705 0.999838 0.015810
Y -0.996254 -0.009305 -0.085973
Z -0.085809 -0.016695 0.996179

BONE 36
OFFSET -2.782983 4.690612 55.417744
SCALE 1.000000 1.000000 1.000000
X 0.012587 0.999871 -0.011898
Y -0.996216 0.011519 -0.086151
Z -0.086000 0.012914 0.996218

BONE 37
OFFSET -2.630769 5.377540 57.246635
SCALE 1.000000 1.000000 1.000000
X 0.031812 -0.293579 0.955421
Y -0.946473 -0.316051 -0.065591
Z 0.321210 -0.902199 -0.287893

BONE 38
OFFSET -2.193974 -0.725379 55.928116
SCALE 1.000000 1.000000 1.000000
X -0.019467 0.997196 -0.072256
Y 0.999656 0.018144 -0.018921
Z -0.017557 -0.072600 -0.997206

BONE 39
OFFSET -2.787750 -4.297576 55.421471
SCALE 1.000000 1.000000 1.000000
X -0.009655 0.999881 0.012055
Y 0.996437 0.008610 0.083891
Z 0.083777 0.012822 -0.996402

BONE 40
OFFSET -3.212803 -14.279325 55.409298
SCALE 1.000000 1.000000 1.000000
X -0.690403 0.721784 -0.048694
Y 0.718568 0.692000 0.069259
Z 0.083686 0.012827 -0.996409

BONE 41
OFFSET -3.044371 -14.217001 55.424248
SCALE 1.000000 1.000000 1.000000
X 0.013721 0.999781 -0.015766
Y 0.996430 -0.012358 0.083514
Z 0.083301 -0.016855 -0.996382

BONE 42
OFFSET -3.109673 -23.236528 55.412151
SCALE 1.000000 1.000000 1.000000
X 0.073101 0.987711 0.138138
Y -0.085192 -0.131818 0.987606
Z 0.993679 -0.083964 0.074509

BONE 43
OFFSET -2.348490 -25.362835 55.465580
SCALE 1.000000 1.000000 1.000000
X -0.086431 0.993217 0.077780
Y 0.053970 -0.073290 0.995849
Z 0.994794 0.090270 -0.047270

BONE 44
OFFSET -2.246278 -26.537874 55.373455
SCALE 1.000000 1.000000 1.000000
X -0.095885 0.990760 0.095918
Y 0.055685 -0.090872 0.994304
Z 0.993833 0.100680 -0.046457

BONE 45
OFFSET -2.171238 -27.312618 55.298576
SCALE 1.000000 1.000000 1.000000
X -0.095136 0.989449 0.109272
Y 0.056992 -0.104176 0.992925
Z 0.993831 0.100690 -0.046480

BONE 46
OFFSET -2.923962 -25.457150 55.561523
SCALE 1.000000 1.000000 1.000000
X -0.003104 0.996205 0.086987
Y -0.104070 -0.086837 0.990771
Z 0.994565 -0.005977 0.103944

BONE 47
OFFSET -2.919986 -26.749805 55.448692
SCALE 1.000000 1.000000 1.000000
X -0.002817 0.996473 0.083868
Y -0.104037 -0.083705 0.991044
Z 0.994569 -0.005934 0.103906

BONE 48
OFFSET -2.917505 -27.609091 55.376411
SCALE 1.000000 1.000000 1.000000
X -0.012224 0.984812 0.173193
Y -0.103396 -0.173522 0.979387
Z 0.994565 -0.005936 0.103947

BONE 49
OFFSET -3.955236 -25.009808 55.222698
SCALE 1.000000 1.000000 1.000000
X 0.136402 0.987100 0.083836
Y -0.121067 -0.067383 0.990354
Z 0.983228 -0.145236 0.110314

BONE 50
OFFSET -4.102282 -26.074352 55.132332
SCALE 1.000000 1.000000 1.000000
X 0.136052 0.986933 0.086335
Y -0.121411 -0.069879 0.990139
Z 0.983234 -0.145193 0.110317

BONE 51
OFFSET -4.182562 -26.656122 55.081478
SCALE 1.000000 1.000000 1.000000
X 0.183655 0.976957 0.108748
Y -0.123734 -0.086774 0.988514
Z 0.975172 -0.195002 0.104946

BONE 52
OFFSET -3.468196 -25.282091 55.453304
SCALE 1.000000 1.000000 1.000000
X 0.067039 0.994022 0.086168
Y -0.162818 -0.074306 0.983854
Z 0.984376 -0.079986 0.156863

BONE 53
OFFSET -3.551141 -26.510365 55.346855
SCALE 1.000000 1.000000 1.000000
X 0.067344 0.994194 0.083927
Y -0.162618 -0.072056 0.984054
Z 0.984388 -0.079919 0.156821

BONE 54
OFFSET -3.606337 -27.326599 55.277927
SCALE 1.000000 1.000000 1.000000
X 0.082384 0.996556 -0.009414
Y -0.155537 0.022187 0.987581
Z 0.984388 -0.079896 0.156829

BONE 55
OFFSET -2.247343 -23.328217 55.073231
SCALE 1.000000 1.000000 1.000000
X -0.566693 0.811807 0.140814
Y 0.822721 0.548286 0.150040
Z 0.044597 0.200877 -0.978601

BONE 56
OFFSET -1.522467 -24.367031 54.892982
SCALE 1.000000 1.000000 1.000000
X -0.567200 0.811468 0.140725
Y 0.822370 0.548779 0.150166
Z 0.044627 0.200902 -0.978594

BONE 57
OFFSET -0.986819 -25.133501 54.760098
SCALE 1.000000 1.000000 1.000000
X -0.531557 0.834167 0.147012
Y 0.845844 0.513609 0.144059
Z 0.044662 0.200925 -0.978588

BONE 58
OFFSET -5.605735 -24.672852 56.403542
SCALE 1.000000 1.000000 1.000000
X 0.073100 0.987709 0.138154
Y -0.085189 -0.131835 0.987604
Z 0.993679 -0.083963 0.074505

BONE 59
OFFSET -10.401607 -29.308981 58.502052
SCALE 1.000000 1.000000 1.000000
X 0.540910 -0.839498 0.051561
Y 0.617918 0.355055 -0.701507
Z 0.570607 0.411314 0.710794

BONE 60
OFFSET -10.401607 -29.308981 58.502052
SCALE 1.000000 1.000000 1.000000
X 0.541165 -0.839377 0.050862
Y 0.590028 0.335917 -0.734184
Z 0.599171 0.427325 0.677043

BONE 61
OFFSET -3.090565 -20.595898 55.415718
SCALE 1.000000 1.000000 1.000000
X 0.013705 0.999782 -0.015767
Y 0.996430 -0.012342 0.083513
Z 0.083300 -0.016856 -0.996382

BONE 62
OFFSET -2.784363 -4.649302 55.417225
SCALE 1.000000 1.000000 1.000000
X -0.009661 0.999881 0.012054
Y 0.996437 0.008616 0.083891
Z 0.083777 0.012822 -0.996402

BONE 63
OFFSET -2.629658 -5.337224 57.245502
SCALE 1.000000 1.000000 1.000000
X -0.047319 0.244214 0.968566
Y 0.931720 -0.338754 0.130932
Z 0.360081 0.908628 -0.211510

BONE 64
OFFSET -2.986243 -0.000731 57.033127
SCALE 1.000000 1.000000 1.000000
X 0.309753 -0.000041 0.950817
Y 0.950817 0.000075 -0.309753
Z -0.000059 1.000000 0.000062

BONE 65
OFFSET -2.331713 -0.000829 59.437824
SCALE 1.000000 1.000000 1.000000
X 0.216382 -0.000040 0.976309
Y 0.976309 0.000072 -0.216382
Z -0.000061 1.000000 0.000054

BONE 66
OFFSET 1.067702 -2.253664 54.710358
SCALE 1.000000 1.000000 1.000000
X 0.027497 0.999129 -0.031373
Y 0.897892 -0.010892 0.440081
Z 0.439356 -0.040271 -0.897410

BONE 67
OFFSET 2.914740 -2.361905 53.048176
SCALE 1.000000 1.000000 1.000000
X -0.000001 1.000000 0.000000
Y 0.899056 0.000001 0.437834
Z 0.437834 0.000001 -0.899056

BONE 68
OFFSET 3.058797 -2.438691 50.701012
SCALE 1.000000 1.000000 1.000000
X -0.048638 0.998718 -0.014060
Y 0.962197 0.050627 0.267608
Z 0.267976 -0.000513 -0.963425

BONE 69
OFFSET 3.198808 -2.361897 47.543312
SCALE 1.000000 1.000000 1.000000
X -0.000001 1.000000 0.000002
Y 0.884754 -0.000000 0.466059
Z 0.466059 0.000002 -0.884754

BONE 70
OFFSET -2.772962 3.835545 58.760990
SCALE 1.000000 1.000000 1.000000
X -0.019306 -0.997191 -0.072368
Y 0.999659 -0.017982 -0.018903
Z 0.017549 -0.072709 0.997199

BONE 71
OFFSET -2.772498 -3.838158 58.760685
SCALE 1.000000 1.000000 1.000000
X 0.022414 -0.997064 0.072421
Y -0.999638 -0.021272 0.016489
Z -0.014901 -0.072686 -0.997215

BONE 72
OFFSET 15.668052 -27.184008 32.559586
SCALE 1.000000 1.000000 1.000000
X 1.000000 -0.000039 0.000089
Y 0.000039 1.000000 -0.000004
Z -0.000089 0.000004 1.000000

BONE 73
OFFSET 10.224235 -27.184891 39.766708
SCALE 1.000000 1.000000 1.000000
X -0.000122 1.000000 0.000174
Y 0.764299 0.000205 -0.644861
Z -0.644861 0.000054 -0.764299

BONE 74
OFFSET -10.941387 0.762357 52.370583
SCALE 1.000000 1.000000 1.000000
X -0.989754 -0.000186 0.142780
Y 0.000187 -1.000000 -0.000000
Z 0.142780 0.000027 0.989754

BONE 75
OFFSET -9.180412 -4.383080 50.346252
SCALE 1.000000 1.000000 1.000000
X -0.006997 0.025920 -0.999639
Y -0.984168 -0.177225 0.002293
Z -0.177102 0.983830 0.026749

BONE 76
OFFSET 10.224235 -27.184891 39.766708
SCALE 1.000000 1.000000 1.000000
X 1.000000 -0.000031 0.000089
Y 0.000031 1.000000 -0.000003
Z -0.000089 0.000003 1.000000

BONE 77
OFFSET -8.969725 -2.499130 35.262463
SCALE 1.000000 1.000000 1.000000
X -0.188083 0.137963 0.972415
Y 0.149135 -0.974593 0.167117
Z 0.970764 0.176453 0.162730

BONE 78
OFFSET -0.002173 0.000000 -0.000000
SCALE 1.000000 1.000000 1.000000
X -1.000000 0.000000 0.000000
Y 0.000000 -1.000000 0.000000
Z 0.000000 0.000000 1.000000


NUMVERTS 978
VERT 0
OFFSET 0.727829 2.660428 54.179310
BONES 2
BONE 11 0.994153
BONE 13 0.005847

VERT 1
OFFSET -2.673096 2.670999 57.160763
BONES 4
BONE 14 0.058121
BONE 11 0.350269
BONE 13 0.568209
BONE 64 0.023401

VERT 2
OFFSET -2.346369 4.063912 57.342556
BONES 3
BONE 13 0.557187
BONE 14 0.368958
BONE 11 0.073855

VERT 3
OFFSET -4.332701 3.695430 57.849903
BONES 3
BONE 14 0.242183
BONE 11 0.157114
BONE 13 0.600704

VERT 4
OFFSET -6.395316 0.714062 51.096447
BONES 3
BONE 11 0.420506
BONE 13 0.019972
BONE 10 0.559521

VERT 5
OFFSET -5.185303 3.863960 55.781197
BONES 3
BONE 13 0.613788
BONE 14 0.181177
BONE 11 0.205036

VERT 6
OFFSET -5.272052 2.190951 52.273148
BONES 4
BONE 14 0.008868
BONE 10 0.370233
BONE 11 0.515134
BONE 13 0.105765

VERT 7
OFFSET -4.699481 1.071482 56.531799
BONES 4
BONE 14 0.000416
BONE 64 0.098651
BONE 13 0.201564
BONE 11 0.699368

VERT 8
OFFSET -4.833415 -0.994047 56.524426
BONES 3
BONE 38 0.187714
BONE 64 0.103072
BONE 11 0.709215

VERT 9
OFFSET -4.032768 2.204940 57.129456
BONES 3
BONE 13 0.449001
BONE 11 0.401340
BONE 64 0.149658

VERT 10
OFFSET -4.327838 -13.981207 55.433670
BONES 2
BONE 41 0.670551
BONE 39 0.329449

VERT 11
OFFSET -3.245806 -21.516054 54.885155
BONES 1
BONE 41 1.000000

VERT 12
OFFSET -2.390016 -21.547512 55.340534
BONES 1
BONE 41 1.000000

VERT 13
OFFSET -2.051728 -21.326544 54.697067
BONES 2
BONE 39 0.017813
BONE 41 0.982187

VERT 14
OFFSET -2.454713 -16.204788 54.171913
BONES 2
BONE 41 0.930227
BONE 39 0.069773

VERT 15
OFFSET -3.570606 -13.984065 54.283905
BONES 2
BONE 39 0.490501
BONE 41 0.509499

VERT 16
OFFSET -2.313324 -20.738949 56.173355
BONES 2
BONE 41 0.953795
BONE 39 0.046205

VERT 17
OFFSET -1.475234 -4.706837 56.380630
BONES 4
BONE 41 0.000026
BONE 39 0.522412
BONE 38 0.476101
BONE 11 0.001461

VERT 18
OFFSET -2.724694 -8.158087 56.699364
BONES 3
BONE 41 0.110666
BONE 39 0.796956
BONE 38 0.092377

VERT 19
OFFSET -3.610588 -14.507476 56.497669
BONES 2
BONE 39 0.271558
BONE 41 0.728442

VERT 20
OFFSET -3.492455 -21.506624 55.490635
BONES 1
BONE 41 1.000000

VERT 21
OFFSET -1.959855 -23.825766 55.829346
BONES 1
BONE 41 1.000000

VERT 22
OFFSET -1.836274 -21.573620 55.323185
BONES 1
BONE 41 1.000000

VERT 23
OFFSET -1.704360 -23.569471 54.514774
BONES 1
BONE 41 1.000000

VERT 24
OFFSET -3.754517 -23.838978 55.989853
BONES 1
BONE 41 1.000000

VERT 25
OFFSET -4.052562 -23.642988 54.717319
BONES 1
BONE 41 1.000000

VERT 26
OFFSET -4.134959 -21.486029 55.388229
BONES 1
BONE 41 1.000000

VERT 27
OFFSET -2.047555 21.342739 54.698250
BONES 2
BONE 14 0.016608
BONE 16 0.983392

VERT 28
OFFSET -2.449389 16.208801 54.173016
BONES 2
BONE 16 0.930519
BONE 14 0.069481

VERT 29
OFFSET -2.719507 8.149157 56.701138
BONES 3
BONE 16 0.110470
BONE 14 0.796908
BONE 13 0.092622

VERT 30
OFFSET -4.221242 4.755174 56.608582
BONES 3
BONE 11 0.006769
BONE 14 0.480651
BONE 13 0.512580

VERT 31
OFFSET -1.283524 4.761716 56.156834
BONES 4
BONE 11 0.006609
BONE 16 0.000016
BONE 14 0.531032
BONE 13 0.462343

VERT 32
OFFSET -1.584061 4.930129 54.138676
BONES 4
BONE 11 0.217429
BONE 13 0.324541
BONE 14 0.457797
BONE 16 0.000233

VERT 33
OFFSET -2.968577 4.604455 57.287170
BONES 3
BONE 13 0.516286
BONE 14 0.469235
BONE 11 0.014479

VERT 34
OFFSET -2.309212 20.767868 56.172489
BONES 2
BONE 14 0.044740
BONE 16 0.955260

VERT 35
OFFSET -3.604326 14.502616 56.498516
BONES 2
BONE 14 0.273452
BONE 16 0.726548

VERT 36
OFFSET -1.835344 21.574131 55.324276
BONES 1
BONE 16 1.000000

VERT 37
OFFSET -3.244780 21.515629 54.886105
BONES 1
BONE 16 1.000000

VERT 38
OFFSET -1.960438 23.826187 55.830414
BONES 1
BONE 16 1.000000

VERT 39
OFFSET -3.755134 23.838200 55.990753
BONES 1
BONE 16 1.000000

VERT 40
OFFSET -1.704636 23.570080 54.515881
BONES 1
BONE 16 1.000000

VERT 41
OFFSET -3.491500 21.506023 55.491566
BONES 1
BONE 16 1.000000

VERT 42
OFFSET -2.389067 21.547653 55.341587
BONES 1
BONE 16 1.000000

VERT 43
OFFSET -4.133972 21.484947 55.389095
BONES 1
BONE 16 1.000000

VERT 44
OFFSET -4.052899 23.642017 54.718201
BONES 1
BONE 16 1.000000

VERT 45
OFFSET -2.983451 -4.954691 53.608555
BONES 5
BONE 41 0.000092
BONE 39 0.396444
BONE 38 0.312836
BONE 11 0.283270
BONE 10 0.007358

VERT 46
OFFSET -1.372461 -4.893869 54.318600
BONES 4
BONE 41 0.000204
BONE 39 0.543913
BONE 38 0.324905
BONE 11 0.130978

VERT 47
OFFSET -0.424114 -3.895233 54.013103
BONES 3
BONE 39 0.028079
BONE 11 0.894161
BONE 38 0.077760

VERT 48
OFFSET -1.789499 -3.185210 56.208282
BONES 3
BONE 11 0.285996
BONE 38 0.564135
BONE 39 0.149869

VERT 49
OFFSET -2.493704 -3.115685 57.011196
BONES 7
BONE 38 0.600000
BONE 11 0.250000
BONE 39 0.150000
BONE 6 0.000000
BONE 2 0.000000
BONE 10 0.000000
BONE 1 0.000000

VERT 50
OFFSET -1.010372 -4.226082 52.685364
BONES 3
BONE 38 0.004635
BONE 10 0.055735
BONE 11 0.939630

VERT 51
OFFSET 0.421971 -4.488816 52.186172
BONES 1
BONE 11 1.000000

VERT 52
OFFSET 1.121262 -3.862474 53.165020
BONES 1
BONE 11 1.000000

VERT 53
OFFSET 2.399950 -2.896790 52.295250
BONES 2
BONE 11 0.999995
BONE 10 0.000005

VERT 54
OFFSET 1.216416 -3.251474 49.545013
BONES 2
BONE 11 0.639531
BONE 10 0.360469

VERT 55
OFFSET 1.302213 -2.703157 48.745762
BONES 2
BONE 10 0.746219
BONE 11 0.253781

VERT 56
OFFSET -2.968110 -4.594480 57.286163
BONES 3
BONE 38 0.516344
BONE 39 0.469162
BONE 11 0.014494

VERT 57
OFFSET -4.219907 -4.746119 56.607582
BONES 3
BONE 11 0.006818
BONE 39 0.480807
BONE 38 0.512375

VERT 58
OFFSET -4.032685 -2.196646 57.129078
BONES 3
BONE 38 0.448981
BONE 11 0.401357
BONE 64 0.149661

VERT 59
OFFSET -2.383553 -2.685651 57.074688
BONES 4
BONE 39 0.000524
BONE 38 0.550095
BONE 11 0.399473
BONE 64 0.049908

VERT 60
OFFSET -4.860832 -0.971298 56.533058
BONES 3
BONE 64 0.103305
BONE 38 0.186779
BONE 11 0.709916

VERT 61
OFFSET -4.027507 -4.831021 53.585327
BONES 3
BONE 39 0.381168
BONE 38 0.380875
BONE 11 0.237956

VERT 62
OFFSET -5.406555 0.918994 53.521587
BONES 5
BONE 14 0.028655
BONE 38 0.006398
BONE 10 0.241240
BONE 11 0.538932
BONE 13 0.184774

VERT 63
OFFSET -4.841501 -4.521243 55.266361
BONES 4
BONE 39 0.343351
BONE 11 0.113125
BONE 10 0.005908
BONE 38 0.537616

VERT 64
OFFSET -2.289452 -3.913111 49.216091
BONES 3
BONE 11 0.152848
BONE 10 0.838301
BONE 38 0.008851

VERT 65
OFFSET -3.218830 -3.915679 47.191341
BONES 2
BONE 10 0.906623
BONE 1 0.093377

VERT 66
OFFSET -4.955386 -1.168864 46.913788
BONES 2
BONE 10 0.904208
BONE 1 0.095792

VERT 67
OFFSET -4.177835 -2.870702 49.255733
BONES 3
BONE 10 0.852372
BONE 11 0.145962
BONE 38 0.001666

VERT 68
OFFSET -5.098948 -2.848769 55.221561
BONES 6
BONE 10 0.005164
BONE 13 0.001273
BONE 64 0.001753
BONE 39 0.097470
BONE 38 0.553705
BONE 11 0.340636

VERT 69
OFFSET -5.222235 -2.477176 52.774845
BONES 4
BONE 39 0.014372
BONE 11 0.538629
BONE 10 0.286002
BONE 38 0.160997

VERT 70
OFFSET -5.364861 -3.859499 56.047100
BONES 3
BONE 39 0.200637
BONE 11 0.183630
BONE 38 0.615733

VERT 71
OFFSET -2.347027 -4.051642 57.342236
BONES 3
BONE 11 0.074091
BONE 39 0.368891
BONE 38 0.557018

VERT 72
OFFSET -4.145442 -3.670641 57.603168
BONES 3
BONE 39 0.237404
BONE 11 0.142523
BONE 38 0.620073

VERT 73
OFFSET -2.675036 -2.659853 57.159737
BONES 4
BONE 38 0.568227
BONE 11 0.350280
BONE 39 0.058040
BONE 64 0.023453

VERT 74
OFFSET -6.978863 -1.322584 55.139862
BONES 4
BONE 39 0.007645
BONE 10 0.042185
BONE 38 0.189823
BONE 11 0.760346

VERT 75
OFFSET -6.323209 -1.590219 52.228355
BONES 3
BONE 38 0.069812
BONE 10 0.384431
BONE 11 0.545757

VERT 76
OFFSET -5.655164 -0.610243 50.790085
BONES 3
BONE 10 0.635917
BONE 11 0.362456
BONE 38 0.001627

VERT 77
OFFSET -5.397968 -2.790522 54.965752
BONES 5
BONE 64 0.000680
BONE 11 0.461116
BONE 38 0.442319
BONE 39 0.060944
BONE 10 0.034942

VERT 78
OFFSET -3.969908 -2.226268 57.025646
BONES 3
BONE 64 0.149882
BONE 11 0.400353
BONE 38 0.449765

VERT 79
OFFSET -3.851020 -2.209677 57.995281
BONES 4
BONE 64 0.177902
BONE 38 0.401650
BONE 11 0.410000
BONE 39 0.010448

VERT 80
OFFSET -1.285891 -2.400663 56.722103
BONES 4
BONE 11 0.522933
BONE 38 0.432289
BONE 64 0.041270
BONE 39 0.003509

VERT 81
OFFSET -1.607435 -3.400840 57.467541
BONES 3
BONE 38 0.588898
BONE 39 0.274370
BONE 11 0.136732

VERT 82
OFFSET -2.821775 -2.595119 57.125202
BONES 3
BONE 38 0.516457
BONE 11 0.371288
BONE 64 0.112255

VERT 83
OFFSET -0.474113 -2.642457 55.025883
BONES 2
BONE 11 0.857425
BONE 38 0.142575

VERT 84
OFFSET 0.728789 -2.662881 54.178558
BONES 2
BONE 11 0.993780
BONE 38 0.006220

VERT 85
OFFSET -4.321066 13.967940 55.434284
BONES 2
BONE 16 0.666353
BONE 14 0.333647

VERT 86
OFFSET -1.697147 3.217720 56.196342
BONES 3
BONE 14 0.153758
BONE 11 0.286269
BONE 13 0.559973

VERT 87
OFFSET -2.493969 3.127509 57.011940
BONES 7
BONE 13 0.600000
BONE 11 0.250000
BONE 14 0.150000
BONE 6 0.000000
BONE 2 0.000000
BONE 10 0.000000
BONE 1 0.000000

VERT 88
OFFSET -0.421530 3.894767 54.011444
BONES 3
BONE 11 0.897459
BONE 14 0.027039
BONE 13 0.075502

VERT 89
OFFSET -1.012788 4.225970 52.690208
BONES 3
BONE 13 0.004803
BONE 11 0.939845
BONE 10 0.055353

VERT 90
OFFSET 0.421791 4.488647 52.187183
BONES 1
BONE 11 1.000000

VERT 91
OFFSET 1.138565 3.855544 50.246933
BONES 2
BONE 10 0.166058
BONE 11 0.833942

VERT 92
OFFSET 1.216307 3.251999 49.546005
BONES 2
BONE 11 0.639658
BONE 10 0.360342

VERT 93
OFFSET 1.302035 2.703831 48.746132
BONES 2
BONE 10 0.746260
BONE 11 0.253740

VERT 94
OFFSET -4.028468 4.839237 53.586624
BONES 3
BONE 14 0.381723
BONE 13 0.380780
BONE 11 0.237497

VERT 95
OFFSET -4.793736 4.676679 55.242573
BONES 4
BONE 14 0.411972
BONE 11 0.031282
BONE 10 0.005176
BONE 13 0.551570

VERT 96
OFFSET -4.817570 1.884674 46.986752
BONES 2
BONE 10 0.905334
BONE 1 0.094666

VERT 97
OFFSET -0.047064 3.796946 46.790318
BONES 5
BONE 10 0.905564
BONE 1 0.094436
BONE 6 0.000000
BONE 2 0.000000
BONE 11 0.000000

VERT 98
OFFSET 0.593393 3.418738 46.690128
BONES 2
BONE 10 0.919295
BONE 1 0.080705

VERT 99
OFFSET 0.895528 2.964344 46.682335
BONES 2
BONE 10 0.937041
BONE 1 0.062959

VERT 100
OFFSET 0.490640 3.446302 46.683525
BONES 2
BONE 1 0.083385
BONE 10 0.916615

VERT 101
OFFSET -3.563833 13.969718 54.284698
BONES 2
BONE 16 0.505347
BONE 14 0.494653

VERT 102
OFFSET -4.178925 2.870641 49.263020
BONES 3
BONE 11 0.146707
BONE 10 0.851568
BONE 13 0.001725

VERT 103
OFFSET -2.271791 3.929759 49.320072
BONES 3
BONE 10 0.814829
BONE 13 0.010225
BONE 11 0.174946

VERT 104
OFFSET -2.984973 4.962902 53.610077
BONES 5
BONE 16 0.000092
BONE 14 0.397267
BONE 11 0.282925
BONE 13 0.312344
BONE 10 0.007371

VERT 105
OFFSET -4.062392 3.501472 57.404251
BONES 4
BONE 64 0.015559
BONE 13 0.614934
BONE 14 0.209624
BONE 11 0.159883

VERT 106
OFFSET -1.607567 3.413200 57.468166
BONES 3
BONE 13 0.589141
BONE 14 0.274542
BONE 11 0.136317

VERT 107
OFFSET -1.287408 2.409054 56.723999
BONES 4
BONE 14 0.003519
BONE 11 0.522431
BONE 13 0.432446
BONE 64 0.041605

VERT 108
OFFSET -3.359810 2.337046 57.999031
BONES 4
BONE 14 0.007277
BONE 64 0.200675
BONE 11 0.402925
BONE 13 0.389123

VERT 109
OFFSET -4.742631 0.972447 56.503445
BONES 3
BONE 13 0.183254
BONE 64 0.105388
BONE 11 0.711358

VERT 110
OFFSET -5.321561 0.070108 56.766716
BONES 4
BONE 38 0.032280
BONE 64 0.146155
BONE 13 0.055076
BONE 11 0.766490

VERT 111
OFFSET -3.970113 2.234700 57.025707
BONES 3
BONE 64 0.149878
BONE 13 0.449757
BONE 11 0.400365

VERT 112
OFFSET -2.821536 2.605653 57.122120
BONES 3
BONE 64 0.111872
BONE 11 0.371386
BONE 13 0.516742

VERT 113
OFFSET -0.475805 2.643628 55.025810
BONES 2
BONE 11 0.857417
BONE 13 0.142583

VERT 114
OFFSET 1.299558 2.617139 53.805237
BONES 1
BONE 11 1.000000

VERT 115
OFFSET -4.815809 1.040556 56.554070
BONES 7
BONE 11 0.700000
BONE 13 0.200000
BONE 64 0.100000
BONE 6 0.000000
BONE 2 0.000000
BONE 10 0.000000
BONE 1 0.000000

VERT 116
OFFSET -2.358852 2.705459 57.115505
BONES 4
BONE 64 0.049910
BONE 13 0.550123
BONE 14 0.000488
BONE 11 0.399480

VERT 117
OFFSET -5.493549 3.117369 55.163757
BONES 4
BONE 13 0.488927
BONE 11 0.431057
BONE 14 0.069845
BONE 10 0.010171

VERT 118
OFFSET -7.088102 0.819367 54.821304
BONES 4
BONE 14 0.005579
BONE 11 0.800039
BONE 10 0.074877
BONE 13 0.119506

VERT 119
OFFSET -4.882709 -0.863729 56.763935
BONES 3
BONE 11 0.711974
BONE 38 0.138637
BONE 64 0.149390

VERT 120
OFFSET 0.372782 -3.557757 53.845284
BONES 2
BONE 38 0.000716
BONE 11 0.999284

VERT 121
OFFSET -0.306391 -2.660926 54.955578
BONES 3
BONE 39 0.020308
BONE 11 0.809902
BONE 38 0.169790

VERT 122
OFFSET 1.367544 -4.028371 52.229004
BONES 1
BONE 11 1.000000

VERT 123
OFFSET 1.138729 -3.855229 50.246006
BONES 2
BONE 10 0.166079
BONE 11 0.833921

VERT 124
OFFSET -5.846961 1.743530 51.846260
BONES 3
BONE 11 0.567632
BONE 10 0.364135
BONE 13 0.068234

VERT 125
OFFSET 0.918049 -2.978401 46.687160
BONES 5
BONE 10 0.934855
BONE 1 0.065145
BONE 6 0.000000
BONE 2 0.000000
BONE 11 0.000000

VERT 126
OFFSET 0.467959 -3.366794 46.684364
BONES 2
BONE 1 0.080184
BONE 10 0.919816

VERT 127
OFFSET 0.490233 -3.445539 46.683723
BONES 2
BONE 1 0.083410
BONE 10 0.916590

VERT 128
OFFSET 0.819922 -2.959841 46.675854
BONES 2
BONE 10 0.934792
BONE 1 0.065208

VERT 129
OFFSET -0.438701 -3.978026 46.859203
BONES 2
BONE 10 0.902562
BONE 1 0.097438

VERT 130
OFFSET 0.643437 -3.512646 48.865166
BONES 2
BONE 11 0.275463
BONE 10 0.724537

VERT 131
OFFSET 0.365539 3.551365 53.846626
BONES 2
BONE 11 0.999619
BONE 13 0.000381

VERT 132
OFFSET -0.149517 2.652492 54.866184
BONES 3
BONE 14 0.001283
BONE 11 0.962129
BONE 13 0.036588

VERT 133
OFFSET 2.399820 2.896647 52.295898
BONES 2
BONE 10 0.000005
BONE 11 0.999995

VERT 134
OFFSET 1.121093 3.862112 53.165882
BONES 1
BONE 11 1.000000

VERT 135
OFFSET 1.367379 4.028216 52.229912
BONES 1
BONE 11 1.000000

VERT 136
OFFSET 0.643265 3.513168 48.865570
BONES 2
BONE 11 0.275420
BONE 10 0.724580

VERT 137
OFFSET -6.057286 -0.464532 50.822720
BONES 4
BONE 13 0.000029
BONE 11 0.403798
BONE 10 0.592125
BONE 38 0.004047

VERT 138
OFFSET -6.156208 -2.740927 54.423389
BONES 4
BONE 39 0.043505
BONE 11 0.524622
BONE 10 0.061108
BONE 38 0.370765

VERT 139
OFFSET 1.299686 -2.617648 53.804657
BONES 1
BONE 11 1.000000

VERT 140
OFFSET 1.628463 -3.217013 53.625195
BONES 1
BONE 11 1.000000

VERT 141
OFFSET 2.244385 -3.207060 51.314880
BONES 1
BONE 11 1.000000

VERT 142
OFFSET 0.943913 -2.993914 54.173420
BONES 1
BONE 11 1.000000

VERT 143
OFFSET 1.006654 -3.002366 54.218323
BONES 1
BONE 11 1.000000

VERT 144
OFFSET -0.450326 -2.866614 55.229408
BONES 2
BONE 38 0.183280
BONE 11 0.816720

VERT 145
OFFSET -0.413215 -2.982519 55.253784
BONES 2
BONE 11 0.797906
BONE 38 0.202094

VERT 146
OFFSET -0.499479 -2.860683 55.182117
BONES 2
BONE 38 0.184345
BONE 11 0.815655

VERT 147
OFFSET 1.628071 3.216065 53.626385
BONES 1
BONE 11 1.000000

VERT 148
OFFSET 2.244240 3.207139 51.315609
BONES 1
BONE 11 1.000000

VERT 149
OFFSET -0.413368 2.986196 55.254448
BONES 2
BONE 11 0.797910
BONE 13 0.202090

VERT 150
OFFSET 1.006520 3.001753 54.218998
BONES 1
BONE 11 1.000000

VERT 151
OFFSET 0.943802 2.993313 54.174080
BONES 1
BONE 11 1.000000

VERT 152
OFFSET -0.450432 2.869721 55.229939
BONES 2
BONE 13 0.183310
BONE 11 0.816690

VERT 153
OFFSET -0.499590 2.864176 55.182671
BONES 2
BONE 13 0.184361
BONE 11 0.815639

VERT 154
OFFSET -7.374530 -6.762851 35.810802
BONES 2
BONE 6 0.849785
BONE 1 0.150215

VERT 155
OFFSET -8.054502 -3.536012 41.149662
BONES 3
BONE 2 0.033077
BONE 6 0.039311
BONE 1 0.927611

VERT 156
OFFSET -6.344198 -7.421909 33.618603
BONES 1
BONE 6 1.000000

VERT 157
OFFSET -9.305559 -4.120796 33.208652
BONES 3
BONE 1 0.001978
BONE 6 0.792266
BONE 2 0.205755

VERT 158
OFFSET -9.039143 -0.002024 32.876595
BONES 5
BONE 10 0.000000
BONE 11 0.000000
BONE 1 0.000000
BONE 6 0.500000
BONE 2 0.500000

VERT 159
OFFSET -1.258065 -8.376851 32.850765
BONES 1
BONE 6 1.000000

VERT 160
OFFSET -3.386101 -8.577336 35.568619
BONES 2
BONE 6 0.892264
BONE 1 0.107737

VERT 161
OFFSET -4.212097 -6.523787 41.723736
BONES 2
BONE 6 0.024066
BONE 1 0.975934

VERT 162
OFFSET -3.785705 -4.706099 44.661251
BONES 2
BONE 10 0.205853
BONE 1 0.794147

VERT 163
OFFSET -5.113049 -0.200002 46.895973
BONES 2
BONE 1 0.102676
BONE 10 0.897324

VERT 164
OFFSET -5.978174 -2.166181 44.562061
BONES 2
BONE 10 0.259962
BONE 1 0.740038

VERT 165
OFFSET -4.234317 -2.898069 47.088753
BONES 2
BONE 10 0.900375
BONE 1 0.099625

VERT 166
OFFSET 1.603171 -5.889321 32.016430
BONES 1
BONE 6 1.000000

VERT 167
OFFSET 1.844248 -6.039206 33.982384
BONES 1
BONE 6 1.000000

VERT 168
OFFSET 1.093110 -5.129219 40.015640
BONES 3
BONE 2 0.001165
BONE 6 0.034701
BONE 1 0.964134

VERT 169
OFFSET 0.817135 -4.221073 43.228954
BONES 2
BONE 1 0.799253
BONE 10 0.200747

VERT 170
OFFSET 0.429408 -3.445380 46.677589
BONES 2
BONE 1 0.084765
BONE 10 0.915235

VERT 171
OFFSET -0.326328 -6.788225 40.005775
BONES 2
BONE 6 0.098388
BONE 1 0.901612

VERT 172
OFFSET 1.708380 -3.824096 41.427212
BONES 4
BONE 2 0.004193
BONE 6 0.004503
BONE 1 0.917415
BONE 10 0.073888

VERT 173
OFFSET 0.101406 -8.146404 34.669022
BONES 2
BONE 1 0.011617
BONE 6 0.988383

VERT 174
OFFSET 2.146268 -5.918317 31.913050
BONES 1
BONE 6 1.000000

VERT 175
OFFSET 2.398024 -4.679070 31.619400
BONES 3
BONE 1 0.000426
BONE 2 0.002063
BONE 6 0.997511

VERT 176
OFFSET -0.043588 -3.802128 46.791428
BONES 5
BONE 10 0.904785
BONE 1 0.095215
BONE 6 0.000000
BONE 2 0.000000
BONE 11 0.000000

VERT 177
OFFSET -0.726627 -4.611021 44.762470
BONES 2
BONE 10 0.373711
BONE 1 0.626289

VERT 178
OFFSET -1.381751 -4.129832 47.013306
BONES 2
BONE 10 0.899663
BONE 1 0.100337

VERT 179
OFFSET -2.514540 4.144141 47.162441
BONES 2
BONE 1 0.100890
BONE 10 0.899110

VERT 180
OFFSET -3.634233 3.517634 47.103825
BONES 2
BONE 1 0.178807
BONE 10 0.821193

VERT 181
OFFSET -7.436614 2.422699 42.288918
BONES 2
BONE 10 0.036733
BONE 1 0.963267

VERT 182
OFFSET -6.550339 5.320133 41.501808
BONES 2
BONE 2 0.007273
BONE 1 0.992727

VERT 183
OFFSET -0.444491 3.809719 46.821075
BONES 2
BONE 1 0.101610
BONE 10 0.898390

VERT 184
OFFSET -9.339129 3.938002 35.839516
BONES 3
BONE 1 0.138007
BONE 2 0.690115
BONE 6 0.171879

VERT 185
OFFSET -0.008313 6.669745 39.702736
BONES 2
BONE 2 0.105382
BONE 1 0.894619

VERT 186
OFFSET -2.365369 7.078414 40.740139
BONES 2
BONE 2 0.046342
BONE 1 0.953658

VERT 187
OFFSET -3.316587 8.592556 35.553097
BONES 2
BONE 1 0.108417
BONE 2 0.891583

VERT 188
OFFSET -6.748313 7.139083 36.270901
BONES 2
BONE 2 0.723333
BONE 1 0.276667

VERT 189
OFFSET 1.368728 3.405558 43.669003
BONES 4
BONE 1 0.608697
BONE 6 0.002157
BONE 2 0.002157
BONE 10 0.386990

VERT 190
OFFSET 2.210295 4.646972 33.511169
BONES 3
BONE 2 0.873305
BONE 6 0.102219
BONE 1 0.024475

VERT 191
OFFSET 2.057508 5.992997 31.954056
BONES 5
BONE 10 0.000000
BONE 1 0.000000
BONE 11 0.000000
BONE 6 0.000000
BONE 2 1.000000

VERT 192
OFFSET 0.278437 8.150062 32.492016
BONES 1
BONE 2 1.000000

VERT 193
OFFSET -7.131409 6.751497 33.512890
BONES 1
BONE 2 1.000000

VERT 194
OFFSET -4.543164 8.371080 33.460056
BONES 1
BONE 2 1.000000

VERT 195
OFFSET -9.000307 3.690804 33.227371
BONES 2
BONE 2 0.819341
BONE 6 0.180659

VERT 196
OFFSET 2.127376 6.041608 31.977287
BONES 1
BONE 2 1.000000

VERT 197
OFFSET 2.160423 4.687894 31.633177
BONES 1
BONE 2 1.000000

VERT 198
OFFSET 1.687300 5.902374 35.152828
BONES 3
BONE 2 0.969618
BONE 6 0.012602
BONE 1 0.017780

VERT 199
OFFSET 1.158533 5.087763 40.293095
BONES 1
BONE 1 1.000000

VERT 200
OFFSET 0.322036 3.367860 46.661198
BONES 2
BONE 10 0.915258
BONE 1 0.084742

VERT 201
OFFSET 0.747719 3.211725 46.681316
BONES 5
BONE 10 0.927188
BONE 1 0.072812
BONE 6 0.000000
BONE 2 0.000000
BONE 11 0.000000

VERT 202
OFFSET -1.483215 -6.003396 42.324661
BONES 2
BONE 10 0.001474
BONE 1 0.998526

VERT 203
OFFSET -2.391637 -5.289433 43.121658
BONES 2
BONE 1 0.879333
BONE 10 0.120667

VERT 204
OFFSET -0.036310 -2.745734 45.520519
BONES 2
BONE 10 0.737977
BONE 1 0.262023

VERT 205
OFFSET 2.307995 -1.772498 51.909237
BONES 2
BONE 11 0.971428
BONE 10 0.028572

VERT 206
OFFSET 1.691373 -1.985443 53.610485
BONES 1
BONE 11 1.000000

VERT 207
OFFSET 1.188732 0.049409 53.111095
BONES 2
BONE 10 0.003158
BONE 11 0.996842

VERT 208
OFFSET -2.289636 -21.639267 55.714226
BONES 1
BONE 41 1.000000

VERT 209
OFFSET -2.825629 -21.604282 54.626518
BONES 1
BONE 41 1.000000

VERT 210
OFFSET -2.416573 -23.135218 54.524242
BONES 1
BONE 41 1.000000

VERT 211
OFFSET -3.906171 -21.593840 55.613846
BONES 1
BONE 41 1.000000

VERT 212
OFFSET -4.076702 -23.239061 55.281143
BONES 1
BONE 41 1.000000

VERT 213
OFFSET -3.504388 -22.173964 55.811989
BONES 1
BONE 41 1.000000

VERT 214
OFFSET -3.370229 -22.515476 55.612663
BONES 1
BONE 41 1.000000

VERT 215
OFFSET -3.452187 -19.480856 55.606968
BONES 1
BONE 41 1.000000

VERT 216
OFFSET -3.629536 -19.843000 55.791187
BONES 1
BONE 41 1.000000

VERT 217
OFFSET -2.091295 -23.138462 55.823849
BONES 1
BONE 41 1.000000

VERT 218
OFFSET -2.756699 -21.596834 54.385662
BONES 1
BONE 41 1.000000

VERT 219
OFFSET -4.076824 23.238102 55.282021
BONES 1
BONE 16 1.000000

VERT 220
OFFSET -3.905272 21.592968 55.614727
BONES 1
BONE 16 1.000000

VERT 221
OFFSET -2.091420 23.138805 55.824909
BONES 1
BONE 16 1.000000

VERT 222
OFFSET -2.416556 23.135345 54.525280
BONES 1
BONE 16 1.000000

VERT 223
OFFSET -2.755677 21.596741 54.386665
BONES 1
BONE 16 1.000000

VERT 224
OFFSET -2.199677 21.601879 56.070053
BONES 1
BONE 16 1.000000

VERT 225
OFFSET -3.852464 23.165970 55.807484
BONES 1
BONE 16 1.000000

VERT 226
OFFSET -3.931746 1.057197 57.000233
BONES 4
BONE 65 0.001511
BONE 11 0.525507
BONE 64 0.311898
BONE 13 0.161085

VERT 227
OFFSET -2.246555 1.584106 56.736492
BONES 3
BONE 11 0.665966
BONE 64 0.176447
BONE 13 0.157587

VERT 228
OFFSET -1.410366 -0.225127 56.003941
BONES 1
BONE 11 1.000000

VERT 229
OFFSET -1.389939 -0.201675 56.710258
BONES 2
BONE 11 0.847085
BONE 64 0.152915

VERT 230
OFFSET -1.482172 0.018547 57.579716
BONES 4
BONE 11 0.486551
BONE 64 0.465874
BONE 65 0.047557
BONE 13 0.000018

VERT 231
OFFSET -1.842287 1.125749 58.074711
BONES 4
BONE 13 0.001787
BONE 65 0.249302
BONE 64 0.530015
BONE 11 0.218896

VERT 232
OFFSET -3.281533 1.442474 58.720158
BONES 4
BONE 13 0.000721
BONE 11 0.104769
BONE 65 0.337680
BONE 64 0.556830

VERT 233
OFFSET -2.116889 -1.372936 58.288490
BONES 4
BONE 38 0.001514
BONE 64 0.538242
BONE 65 0.279105
BONE 11 0.181139

VERT 234
OFFSET -3.170386 -1.381045 57.005859
BONES 3
BONE 64 0.269212
BONE 38 0.196530
BONE 11 0.534258

VERT 235
OFFSET -1.360776 -0.475384 56.936817
BONES 3
BONE 65 0.046156
BONE 64 0.309943
BONE 11 0.643901

VERT 236
OFFSET -1.513255 -0.215664 56.776901
BONES 6
BONE 11 0.820670
BONE 64 0.179330
BONE 6 0.000000
BONE 2 0.000000
BONE 10 0.000000
BONE 1 0.000000

VERT 237
OFFSET -1.528442 -0.249990 56.165924
BONES 2
BONE 38 0.000662
BONE 11 0.999338

VERT 238
OFFSET -4.302046 1.398254 57.776382
BONES 4
BONE 65 0.013366
BONE 13 0.143805
BONE 64 0.441328
BONE 11 0.401502

VERT 239
OFFSET -4.102067 -1.542452 57.775711
BONES 4
BONE 65 0.004539
BONE 11 0.395555
BONE 64 0.433888
BONE 38 0.166017

VERT 240
OFFSET -1.715554 -1.877431 57.100025
BONES 3
BONE 11 0.675885
BONE 38 0.214817
BONE 64 0.109298

VERT 241
OFFSET -1.457828 0.016517 57.514660
BONES 3
BONE 65 0.039776
BONE 64 0.426283
BONE 11 0.533941

VERT 242
OFFSET -4.175637 0.751540 58.861710
BONES 3
BONE 11 0.073986
BONE 65 0.338214
BONE 64 0.587800

VERT 243
OFFSET -3.981170 -1.116493 58.849213
BONES 4
BONE 38 0.000056
BONE 11 0.079513
BONE 65 0.334889
BONE 64 0.585542

VERT 244
OFFSET -1.360515 1.682071 56.825069
BONES 4
BONE 65 0.000161
BONE 64 0.081216
BONE 11 0.758603
BONE 13 0.160019

VERT 245
OFFSET -4.313612 0.928785 57.912781
BONES 5
BONE 38 0.003142
BONE 65 0.120430
BONE 11 0.357607
BONE 64 0.443885
BONE 13 0.074937

VERT 246
OFFSET -1.952022 2.369202 56.888977
BONES 5
BONE 14 0.042705
BONE 13 0.418122
BONE 65 0.007072
BONE 64 0.085788
BONE 11 0.446313

VERT 247
OFFSET -1.490463 -0.122364 56.917595
BONES 2
BONE 64 0.194103
BONE 11 0.805897

VERT 248
OFFSET -1.481096 -0.047008 57.236656
BONES 3
BONE 65 0.050000
BONE 64 0.221396
BONE 11 0.728604

VERT 249
OFFSET -1.370155 0.195987 57.062572
BONES 3
BONE 11 0.764822
BONE 64 0.185178
BONE 65 0.050000

VERT 250
OFFSET -1.861386 1.186397 58.042770
BONES 3
BONE 64 0.532874
BONE 11 0.219536
BONE 65 0.247590

VERT 251
OFFSET -3.930779 1.293179 58.832298
BONES 3
BONE 64 0.574811
BONE 65 0.330114
BONE 11 0.095075

VERT 252
OFFSET -1.873264 -1.188837 57.981270
BONES 4
BONE 38 0.004852
BONE 64 0.498362
BONE 65 0.224218
BONE 11 0.272568

VERT 253
