// Export time: Fri Oct 09 11:14:59 2020

// Exported using Blender v2.90.1
// Export filename: 'E:/blackops3/mod_xmodel/iw4/m16a1/ch_body_gk_m16a1_lod2.XMODEL_EXPORT'
// Source filename: 'E:/blackops3/mod_xmodel/iw4/m16a1/m16a1.blend'
MODEL
VERSION 6

NUMBONES 79
BONE 0 -1 "tag_origin"
BONE 1 0 "j_mainroot"
BONE 2 1 "j_hip_le"
BONE 3 2 "j_knee_le"
BONE 4 3 "j_ankle_le"
BONE 5 4 "j_ball_le"
BONE 6 1 "j_hip_ri"
BONE 7 6 "j_knee_ri"
BONE 8 7 "j_ankle_ri"
BONE 9 8 "j_ball_ri"
BONE 10 1 "j_spinelower"
BONE 11 10 "j_spineupper"
BONE 12 11 "j_spine4"
BONE 13 12 "j_clavicle_le"
BONE 14 13 "j_shoulder_le"
BONE 15 14 "j_elbow_bulge_le"
BONE 16 14 "j_elbow_le"
BONE 17 16 "j_wrist_le"
BONE 18 17 "j_index_le_1"
BONE 19 18 "j_index_le_2"
BONE 20 19 "j_index_le_3"
BONE 21 17 "j_mid_le_1"
BONE 22 21 "j_mid_le_2"
BONE 23 22 "j_mid_le_3"
BONE 24 17 "j_pinky_le_1"
BONE 25 24 "j_pinky_le_2"
BONE 26 25 "j_pinky_le_3"
BONE 27 17 "j_ring_le_1"
BONE 28 27 "j_ring_le_2"
BONE 29 28 "j_ring_le_3"
BONE 30 17 "j_thumb_le_1"
BONE 31 30 "j_thumb_le_2"
BONE 32 31 "j_thumb_le_3"
BONE 33 17 "j_wrist_le1"
BONE 34 33 "tag_weapon_left"
BONE 35 16 "j_wristtwist_le"
BONE 36 14 "j_shouldertwist_le"
BONE 37 36 "tag_reflector_arm_le"
BONE 38 12 "j_clavicle_ri"
BONE 39 38 "j_shoulder_ri"
BONE 40 39 "j_elbow_bulge_ri"
BONE 41 39 "j_elbow_ri"
BONE 42 41 "j_wrist_ri"
BONE 43 42 "j_index_ri_1"
BONE 44 43 "j_index_ri_2"
BONE 45 44 "j_index_ri_3"
BONE 46 42 "j_mid_ri_1"
BONE 47 46 "j_mid_ri_2"
BONE 48 47 "j_mid_ri_3"
BONE 49 42 "j_pinky_ri_1"
BONE 50 49 "j_pinky_ri_2"
BONE 51 50 "j_pinky_ri_3"
BONE 52 42 "j_ring_ri_1"
BONE 53 52 "j_ring_ri_2"
BONE 54 53 "j_ring_ri_3"
BONE 55 42 "j_thumb_ri_1"
BONE 56 55 "j_thumb_ri_2"
BONE 57 56 "j_thumb_ri_3"
BONE 58 42 "j_wrist_ri1"
BONE 59 58 "j_gun"
BONE 60 58 "tag_weapon_right"
BONE 61 41 "j_wristtwist_ri"
BONE 62 39 "j_shouldertwist_ri"
BONE 63 62 "tag_reflector_arm_ri"
BONE 64 12 "j_neck"
BONE 65 64 "j_head"
BONE 66 65 "Joint3"
BONE 67 66 "Joint4"
BONE 68 67 "Joint5"
BONE 69 68 "Joint6"
BONE 70 12 "j_shoulderraise_le"
BONE 71 12 "j_shoulderraise_ri"
BONE 72 12 "tag_bipod"
BONE 73 12 "tag_inhand"
BONE 74 12 "tag_shield_back"
BONE 75 12 "tag_stowed_back"
BONE 76 12 "tag_weapon_chest"
BONE 77 1 "tag_stowed_hip_rear"
BONE 78 0 "tag_sync"

BONE 0
OFFSET 0.000000 0.000000 0.000000
SCALE 1.000000 1.000000 1.000000
X 1.000000 0.000000 0.000000
Y 0.000000 1.000000 0.000000
Z 0.000000 0.000000 1.000000

BONE 1
OFFSET -3.351013 -0.000167 38.353252
SCALE 1.000000 1.000000 1.000000
X -0.024720 -0.000056 0.999694
Y 0.999694 0.000059 0.024720
Z -0.000060 1.000000 0.000054

BONE 2
OFFSET -2.435894 3.256428 38.369164
SCALE 1.000000 1.000000 1.000000
X -0.033730 0.000194 -0.999431
Y 0.999421 -0.004516 -0.033730
Z -0.004520 -0.999990 -0.000042

BONE 3
OFFSET -3.044227 3.259840 20.356550
SCALE 1.000000 1.000000 1.000000
X -0.068343 0.000343 -0.997662
Y 0.997652 -0.004502 -0.068343
Z -0.004515 -0.999990 -0.000035

BONE 4
OFFSET -4.137314 3.265369 4.410245
SCALE 1.000000 1.000000 1.000000
X 0.008698 0.007014 -0.999938
Y 0.999811 0.017344 0.008819
Z 0.017404 -0.999825 -0.006862

BONE 5
OFFSET 0.430777 3.427557 0.770990
SCALE 1.000000 1.000000 1.000000
X 0.983118 0.015869 0.182284
Y -0.182143 -0.009923 0.983222
Z 0.017411 -0.999825 -0.006865

BONE 6
OFFSET -2.435806 -3.255834 38.369671
SCALE 1.000000 1.000000 1.000000
X 0.033718 -0.009151 0.999415
Y -0.999432 -0.000325 0.033714
Z 0.000016 -0.999958 -0.009157

BONE 7
OFFSET -3.044216 -3.090945 20.355923
SCALE 1.000000 1.000000 1.000000
X 0.068355 -0.009130 0.997645
Y -0.997661 -0.000640 0.068350
Z 0.000014 -0.999958 -0.009152

BONE 8
OFFSET -4.137009 -2.945039 4.408585
SCALE 1.000000 1.000000 1.000000
X -0.008661 -0.002138 0.999986
Y -0.999723 0.021923 -0.008615
Z -0.021904 -0.999757 -0.002327

BONE 9
OFFSET 0.429933 -3.094328 0.767451
SCALE 1.000000 1.000000 1.000000
X -0.983043 0.021961 -0.182064
Y 0.182063 -0.001699 -0.983310
Z -0.021903 -0.999757 -0.002328

BONE 10
OFFSET -3.257833 -0.000370 41.937073
SCALE 1.000000 1.000000 1.000000
X -0.029903 -0.000053 0.999553
Y 0.999553 0.000059 0.029903
Z -0.000060 1.000000 0.000052

BONE 11
OFFSET -2.973594 -0.000712 48.077503
SCALE 1.000000 1.000000 1.000000
X 0.020443 -0.000062 0.999791
Y 0.999791 0.000062 -0.020443
Z -0.000060 1.000000 0.000063

BONE 12
OFFSET -2.912875 -0.000934 51.991886
SCALE 1.000000 1.000000 1.000000
X 0.046993 -0.000058 0.998895
Y 0.998895 0.000063 -0.046993
Z -0.000060 1.000000 0.000061

BONE 13
OFFSET -2.193579 0.724685 55.928585
SCALE 1.000000 1.000000 1.000000
X 0.022164 0.997156 0.072290
Y -0.999643 0.021026 0.016474
Z 0.014907 -0.072654 0.997254

BONE 14
OFFSET -2.787956 4.299882 55.422428
SCALE 1.000000 1.000000 1.000000
X 0.012602 0.999869 -0.012034
Y -0.996216 0.011522 -0.086150
Z -0.085998 0.013050 0.996216

BONE 15
OFFSET -3.182345 14.282580 55.409729
SCALE 1.000000 1.000000 1.000000
X 0.692501 0.719661 0.050477
Y -0.716261 0.694234 -0.070943
Z -0.086095 0.012950 0.996209

BONE 16
OFFSET -3.014110 14.219776 55.425091
SCALE 1.000000 1.000000 1.000000
X -0.010687 0.999838 0.015813
Y -0.996251 -0.009286 -0.086008
Z -0.085844 -0.016696 0.996176

BONE 17
OFFSET -3.051689 23.239445 55.412991
SCALE 1.000000 1.000000 1.000000
X -0.105224 0.991671 -0.074565
Y -0.069453 -0.082104 -0.994206
Z -0.992020 -0.099438 0.077515

BONE 18
OFFSET -2.363172 25.362823 55.466644
SCALE 1.000000 1.000000 1.000000
X 0.085938 0.992777 -0.083979
Y -0.214235 -0.063883 -0.974696
Z -0.972994 0.101752 0.207193

BONE 19
OFFSET -2.262103 26.530273 55.367687
SCALE 1.000000 1.000000 1.000000
X 0.086358 0.992871 -0.082418
Y -0.214118 -0.062275 -0.974826
Z -0.972983 0.101828 0.207209

BONE 20
OFFSET -2.194159 27.311916 55.302692
SCALE 1.000000 1.000000 1.000000
X 0.091515 0.994066 -0.059165
Y -0.211992 -0.038581 -0.976516
Z -0.972977 0.101905 0.207198

BONE 21
OFFSET -2.938638 25.457106 55.562572
SCALE 1.000000 1.000000 1.000000
X 0.001614 0.996377 -0.085290
Y -0.051050 -0.085074 -0.995071
Z -0.998695 0.005960 0.050727

BONE 22
OFFSET -2.936511 26.745899 55.452095
SCALE 1.000000 1.000000 1.000000
X 0.001563 0.996184 -0.087517
Y -0.050986 -0.087301 -0.994881
Z -0.998698 0.006016 0.050654

BONE 23
OFFSET -2.935276 27.604420 55.376625
SCALE 1.000000 1.000000 1.000000
X 0.000586 0.994281 -0.107005
Y -0.050930 -0.106815 -0.992978
Z -0.998702 0.006031 0.050575

BONE 24
OFFSET -3.969941 25.009705 55.223804
SCALE 1.000000 1.000000 1.000000
X -0.132967 0.987447 -0.085505
Y -0.031028 -0.090354 -0.995431
Z -0.990635 -0.129709 0.042655

BONE 25
OFFSET -4.112688 26.069826 55.131863
SCALE 1.000000 1.000000 1.000000
X -0.132841 0.987392 -0.086334
Y -0.030831 -0.091158 -0.995364
Z -0.990658 -0.129566 0.042554

BONE 26
OFFSET -4.191255 26.653095 55.080841
SCALE 1.000000 1.000000 1.000000
X -0.132828 0.987288 -0.087542
Y -0.030541 -0.092337 -0.995264
Z -0.990668 -0.129528 0.042421

BONE 27
OFFSET -3.482880 25.282049 55.454288
SCALE 1.000000 1.000000 1.000000
X -0.067927 0.994031 -0.085628
Y 0.011282 -0.085033 -0.996319
Z -0.997626 -0.068644 -0.005437

BONE 28
OFFSET -3.566744 26.509363 55.348339
SCALE 1.000000 1.000000 1.000000
X -0.067787 0.993609 -0.090507
Y 0.011746 -0.089892 -0.995887
Z -0.997631 -0.068571 -0.005576

BONE 29
OFFSET -3.622456 27.324333 55.274113
SCALE 1.000000 1.000000 1.000000
X -0.068742 0.992109 0.105019
Y -0.001619 0.105182 -0.994461
Z -0.997633 -0.068531 -0.005623

BONE 30
OFFSET -2.262158 23.328211 55.074223
SCALE 1.000000 1.000000 1.000000
X 0.568822 0.811053 -0.136625
Y -0.813846 0.579035 0.048852
Z 0.118729 0.083381 0.989425

BONE 31
OFFSET -1.533009 24.368528 54.898991
SCALE 1.000000 1.000000 1.000000
X 0.564284 0.812876 -0.144390
Y -0.816325 0.575485 0.049439
Z 0.123279 0.089949 0.988292

BONE 32
OFFSET -1.002961 25.132519 54.763329
SCALE 1.000000 1.000000 1.000000
X 0.643679 0.758539 -0.101600
Y -0.759616 0.649403 0.035716
Z 0.093069 0.054164 0.994191

BONE 33
OFFSET -0.725953 21.901342 53.971928
SCALE 1.000000 1.000000 1.000000
X -0.105224 0.991670 -0.074581
Y -0.069453 -0.082120 -0.994205
Z -0.992020 -0.099437 0.077517

BONE 34
OFFSET 12.399124 15.563923 28.858351
SCALE 1.000000 1.000000 1.000000
X 0.532936 0.846122 0.009219
Y -0.503793 0.308519 0.806852
Z 0.679832 -0.434665 0.590694

BONE 35
OFFSET -3.040610 20.598778 55.416321
SCALE 1.000000 1.000000 1.000000
X -0.010705 0.999838 0.015810
Y -0.996254 -0.009305 -0.085973
Z -0.085809 -0.016695 0.996179

BONE 36
OFFSET -2.782983 4.690612 55.417744
SCALE 1.000000 1.000000 1.000000
X 0.012587 0.999871 -0.011898
Y -0.996216 0.011519 -0.086151
Z -0.086000 0.012914 0.996218

BONE 37
OFFSET -2.630769 5.377540 57.246635
SCALE 1.000000 1.000000 1.000000
X 0.031812 -0.293579 0.955421
Y -0.946473 -0.316051 -0.065591
Z 0.321210 -0.902199 -0.287893

BONE 38
OFFSET -2.193974 -0.725379 55.928116
SCALE 1.000000 1.000000 1.000000
X -0.019467 0.997196 -0.072256
Y 0.999656 0.018144 -0.018921
Z -0.017557 -0.072600 -0.997206

BONE 39
OFFSET -2.787750 -4.297576 55.421471
SCALE 1.000000 1.000000 1.000000
X -0.009655 0.999881 0.012055
Y 0.996437 0.008610 0.083891
Z 0.083777 0.012822 -0.996402

BONE 40
OFFSET -3.212803 -14.279325 55.409298
SCALE 1.000000 1.000000 1.000000
X -0.690403 0.721784 -0.048694
Y 0.718568 0.692000 0.069259
Z 0.083686 0.012827 -0.996409

BONE 41
OFFSET -3.044371 -14.217001 55.424248
SCALE 1.000000 1.000000 1.000000
X 0.013721 0.999781 -0.015766
Y 0.996430 -0.012358 0.083514
Z 0.083301 -0.016855 -0.996382

BONE 42
OFFSET -3.109673 -23.236528 55.412151
SCALE 1.000000 1.000000 1.000000
X 0.073101 0.987711 0.138138
Y -0.085192 -0.131818 0.987606
Z 0.993679 -0.083964 0.074509

BONE 43
OFFSET -2.348490 -25.362835 55.465580
SCALE 1.000000 1.000000 1.000000
X -0.086431 0.993217 0.077780
Y 0.053970 -0.073290 0.995849
Z 0.994794 0.090270 -0.047270

BONE 44
OFFSET -2.246278 -26.537874 55.373455
SCALE 1.000000 1.000000 1.000000
X -0.095885 0.990760 0.095918
Y 0.055685 -0.090872 0.994304
Z 0.993833 0.100680 -0.046457

BONE 45
OFFSET -2.171238 -27.312618 55.298576
SCALE 1.000000 1.000000 1.000000
X -0.095136 0.989449 0.109272
Y 0.056992 -0.104176 0.992925
Z 0.993831 0.100690 -0.046480

BONE 46
OFFSET -2.923962 -25.457150 55.561523
SCALE 1.000000 1.000000 1.000000
X -0.003104 0.996205 0.086987
Y -0.104070 -0.086837 0.990771
Z 0.994565 -0.005977 0.103944

BONE 47
OFFSET -2.919986 -26.749805 55.448692
SCALE 1.000000 1.000000 1.000000
X -0.002817 0.996473 0.083868
Y -0.104037 -0.083705 0.991044
Z 0.994569 -0.005934 0.103906

BONE 48
OFFSET -2.917505 -27.609091 55.376411
SCALE 1.000000 1.000000 1.000000
X -0.012224 0.984812 0.173193
Y -0.103396 -0.173522 0.979387
Z 0.994565 -0.005936 0.103947

BONE 49
OFFSET -3.955236 -25.009808 55.222698
SCALE 1.000000 1.000000 1.000000
X 0.136402 0.987100 0.083836
Y -0.121067 -0.067383 0.990354
Z 0.983228 -0.145236 0.110314

BONE 50
OFFSET -4.102282 -26.074352 55.132332
SCALE 1.000000 1.000000 1.000000
X 0.136052 0.986933 0.086335
Y -0.121411 -0.069879 0.990139
Z 0.983234 -0.145193 0.110317

BONE 51
OFFSET -4.182562 -26.656122 55.081478
SCALE 1.000000 1.000000 1.000000
X 0.183655 0.976957 0.108748
Y -0.123734 -0.086774 0.988514
Z 0.975172 -0.195002 0.104946

BONE 52
OFFSET -3.468196 -25.282091 55.453304
SCALE 1.000000 1.000000 1.000000
X 0.067039 0.994022 0.086168
Y -0.162818 -0.074306 0.983854
Z 0.984376 -0.079986 0.156863

BONE 53
OFFSET -3.551141 -26.510365 55.346855
SCALE 1.000000 1.000000 1.000000
X 0.067344 0.994194 0.083927
Y -0.162618 -0.072056 0.984054
Z 0.984388 -0.079919 0.156821

BONE 54
OFFSET -3.606337 -27.326599 55.277927
SCALE 1.000000 1.000000 1.000000
X 0.082384 0.996556 -0.009414
Y -0.155537 0.022187 0.987581
Z 0.984388 -0.079896 0.156829

BONE 55
OFFSET -2.247343 -23.328217 55.073231
SCALE 1.000000 1.000000 1.000000
X -0.566693 0.811807 0.140814
Y 0.822721 0.548286 0.150040
Z 0.044597 0.200877 -0.978601

BONE 56
OFFSET -1.522467 -24.367031 54.892982
SCALE 1.000000 1.000000 1.000000
X -0.567200 0.811468 0.140725
Y 0.822370 0.548779 0.150166
Z 0.044627 0.200902 -0.978594

BONE 57
OFFSET -0.986819 -25.133501 54.760098
SCALE 1.000000 1.000000 1.000000
X -0.531557 0.834167 0.147012
Y 0.845844 0.513609 0.144059
Z 0.044662 0.200925 -0.978588

BONE 58
OFFSET -5.605735 -24.672852 56.403542
SCALE 1.000000 1.000000 1.000000
X 0.073100 0.987709 0.138154
Y -0.085189 -0.131835 0.987604
Z 0.993679 -0.083963 0.074505

BONE 59
OFFSET -10.401607 -29.308981 58.502052
SCALE 1.000000 1.000000 1.000000
X 0.540910 -0.839498 0.051561
Y 0.617918 0.355055 -0.701507
Z 0.570607 0.411314 0.710794

BONE 60
OFFSET -10.401607 -29.308981 58.502052
SCALE 1.000000 1.000000 1.000000
X 0.541165 -0.839377 0.050862
Y 0.590028 0.335917 -0.734184
Z 0.599171 0.427325 0.677043

BONE 61
OFFSET -3.090565 -20.595898 55.415718
SCALE 1.000000 1.000000 1.000000
X 0.013705 0.999782 -0.015767
Y 0.996430 -0.012342 0.083513
Z 0.083300 -0.016856 -0.996382

BONE 62
OFFSET -2.784363 -4.649302 55.417225
SCALE 1.000000 1.000000 1.000000
X -0.009661 0.999881 0.012054
Y 0.996437 0.008616 0.083891
Z 0.083777 0.012822 -0.996402

BONE 63
OFFSET -2.629658 -5.337224 57.245502
SCALE 1.000000 1.000000 1.000000
X -0.047319 0.244214 0.968566
Y 0.931720 -0.338754 0.130932
Z 0.360081 0.908628 -0.211510

BONE 64
OFFSET -2.986243 -0.000731 57.033127
SCALE 1.000000 1.000000 1.000000
X 0.309753 -0.000041 0.950817
Y 0.950817 0.000075 -0.309753
Z -0.000059 1.000000 0.000062

BONE 65
OFFSET -2.331713 -0.000829 59.437824
SCALE 1.000000 1.000000 1.000000
X 0.216382 -0.000040 0.976309
Y 0.976309 0.000072 -0.216382
Z -0.000061 1.000000 0.000054

BONE 66
OFFSET 1.067702 -2.253664 54.710358
SCALE 1.000000 1.000000 1.000000
X 0.027497 0.999129 -0.031373
Y 0.897892 -0.010892 0.440081
Z 0.439356 -0.040271 -0.897410

BONE 67
OFFSET 2.914740 -2.361905 53.048176
SCALE 1.000000 1.000000 1.000000
X -0.000001 1.000000 0.000000
Y 0.899056 0.000001 0.437834
Z 0.437834 0.000001 -0.899056

BONE 68
OFFSET 3.058797 -2.438691 50.701012
SCALE 1.000000 1.000000 1.000000
X -0.048638 0.998718 -0.014060
Y 0.962197 0.050627 0.267608
Z 0.267976 -0.000513 -0.963425

BONE 69
OFFSET 3.198808 -2.361897 47.543312
SCALE 1.000000 1.000000 1.000000
X -0.000001 1.000000 0.000002
Y 0.884754 -0.000000 0.466059
Z 0.466059 0.000002 -0.884754

BONE 70
OFFSET -2.772962 3.835545 58.760990
SCALE 1.000000 1.000000 1.000000
X -0.019306 -0.997191 -0.072368
Y 0.999659 -0.017982 -0.018903
Z 0.017549 -0.072709 0.997199

BONE 71
OFFSET -2.772498 -3.838158 58.760685
SCALE 1.000000 1.000000 1.000000
X 0.022414 -0.997064 0.072421
Y -0.999638 -0.021272 0.016489
Z -0.014901 -0.072686 -0.997215

BONE 72
OFFSET 15.668052 -27.184008 32.559586
SCALE 1.000000 1.000000 1.000000
X 1.000000 -0.000039 0.000089
Y 0.000039 1.000000 -0.000004
Z -0.000089 0.000004 1.000000

BONE 73
OFFSET 10.224235 -27.184891 39.766708
SCALE 1.000000 1.000000 1.000000
X -0.000122 1.000000 0.000174
Y 0.764299 0.000205 -0.644861
Z -0.644861 0.000054 -0.764299

BONE 74
OFFSET -10.941387 0.762357 52.370583
SCALE 1.000000 1.000000 1.000000
X -0.989754 -0.000186 0.142780
Y 0.000187 -1.000000 -0.000000
Z 0.142780 0.000027 0.989754

BONE 75
OFFSET -9.180412 -4.383080 50.346252
SCALE 1.000000 1.000000 1.000000
X -0.006997 0.025920 -0.999639
Y -0.984168 -0.177225 0.002293
Z -0.177102 0.983830 0.026749

BONE 76
OFFSET 10.224235 -27.184891 39.766708
SCALE 1.000000 1.000000 1.000000
X 1.000000 -0.000031 0.000089
Y 0.000031 1.000000 -0.000003
Z -0.000089 0.000003 1.000000

BONE 77
OFFSET -8.969725 -2.499130 35.262463
SCALE 1.000000 1.000000 1.000000
X -0.188083 0.137963 0.972415
Y 0.149135 -0.974593 0.167117
Z 0.970764 0.176453 0.162730

BONE 78
OFFSET -0.002173 0.000000 -0.000000
SCALE 1.000000 1.000000 1.000000
X -1.000000 0.000000 0.000000
Y 0.000000 -1.000000 0.000000
Z 0.000000 0.000000 1.000000


NUMVERTS 1844
VERT 0
OFFSET 0.973329 2.781425 54.057114
BONES 1
BONE 11 1.000000

VERT 1
OFFSET -0.253710 2.670635 54.917755
BONES 2
BONE 13 0.103359
BONE 11 0.896641

VERT 2
OFFSET 0.762232 2.653331 54.258404
BONES 1
BONE 11 1.000000

VERT 3
OFFSET 0.167165 2.972758 54.687092
BONES 2
BONE 11 0.957710
BONE 13 0.042290

VERT 4
OFFSET -2.105682 2.686937 56.864494
BONES 4
BONE 64 0.033239
BONE 13 0.545634
BONE 11 0.419289
BONE 14 0.001837

VERT 5
OFFSET -1.675027 3.696357 57.454792
BONES 3
BONE 13 0.589438
BONE 14 0.301545
BONE 11 0.109017

VERT 6
OFFSET -2.346369 4.063912 57.342556
BONES 3
BONE 13 0.557187
BONE 14 0.368958
BONE 11 0.073855

VERT 7
OFFSET -3.800666 3.721719 57.933590
BONES 3
BONE 11 0.108547
BONE 14 0.287998
BONE 13 0.603455

VERT 8
OFFSET -6.526164 1.963550 55.681053
BONES 4
BONE 11 0.576668
BONE 13 0.381848
BONE 14 0.026650
BONE 10 0.014834

VERT 9
OFFSET -5.138419 3.283240 57.250340
BONES 3
BONE 13 0.594823
BONE 11 0.260928
BONE 14 0.144249

VERT 10
OFFSET -5.775144 3.435184 55.399303
BONES 3
BONE 13 0.574112
BONE 11 0.304003
BONE 14 0.121885

VERT 11
OFFSET -7.261763 0.498109 54.845596
BONES 3
BONE 11 0.867890
BONE 13 0.056280
BONE 10 0.075830

VERT 12
OFFSET -6.238122 2.038283 52.880070
BONES 3
BONE 10 0.237373
BONE 13 0.149446
BONE 11 0.613182

VERT 13
OFFSET -6.987413 0.192286 54.075718
BONES 3
BONE 13 0.030804
BONE 10 0.122350
BONE 11 0.846846

VERT 14
OFFSET -4.952737 3.983037 56.449837
BONES 3
BONE 13 0.643144
BONE 14 0.252029
BONE 11 0.104827

VERT 15
OFFSET -5.367643 2.810743 53.340118
BONES 4
BONE 13 0.250422
BONE 11 0.541153
BONE 14 0.026664
BONE 10 0.181760

VERT 16
OFFSET -6.208217 0.801395 51.088337
BONES 3
BONE 13 0.002019
BONE 10 0.599601
BONE 11 0.398380

VERT 17
OFFSET -5.419529 -0.000448 51.238926
BONES 2
BONE 11 0.388011
BONE 10 0.611989

VERT 18
OFFSET -4.988579 3.093004 55.497353
BONES 3
BONE 14 0.108696
BONE 11 0.285043
BONE 13 0.606261

VERT 19
OFFSET -5.285767 1.729575 51.848644
BONES 3
BONE 13 0.033679
BONE 11 0.502168
BONE 10 0.464153

VERT 20
OFFSET -3.813576 3.214794 56.816620
BONES 3
BONE 13 0.621908
BONE 14 0.191998
BONE 11 0.186094

VERT 21
OFFSET -4.043772 2.226758 57.157791
BONES 3
BONE 11 0.402277
BONE 13 0.447740
BONE 64 0.149983

VERT 22
OFFSET -4.699481 1.071482 56.531799
BONES 4
BONE 14 0.000416
BONE 64 0.098651
BONE 13 0.201564
BONE 11 0.699368

VERT 23
OFFSET -4.833415 -0.994047 56.524426
BONES 3
BONE 38 0.187714
BONE 64 0.103072
BONE 11 0.709215

VERT 24
OFFSET -3.907341 2.156118 57.052338
BONES 3
BONE 64 0.148112
BONE 11 0.396885
BONE 13 0.455003

VERT 25
OFFSET -4.243031 -14.366549 55.065388
BONES 2
BONE 41 0.810812
BONE 39 0.189188

VERT 26
OFFSET -2.945583 -12.806997 54.231949
BONES 2
BONE 41 0.274077
BONE 39 0.725923

VERT 27
OFFSET -4.229078 -12.635468 55.111443
BONES 2
BONE 39 0.762451
BONE 41 0.237549

VERT 28
OFFSET -3.846955 -12.925900 54.580738
BONES 2
BONE 41 0.305294
BONE 39 0.694706

VERT 29
OFFSET -4.260058 -14.080101 55.753540
BONES 2
BONE 41 0.671461
BONE 39 0.328539

VERT 30
OFFSET -2.323895 -21.528044 56.164906
BONES 1
BONE 41 1.000000

VERT 31
OFFSET -3.245806 -21.516054 54.885155
BONES 1
BONE 41 1.000000

VERT 32
OFFSET -2.437579 -21.529497 55.076839
BONES 1
BONE 41 1.000000

VERT 33
OFFSET -2.535091 -21.526728 55.599823
BONES 1
BONE 41 1.000000

VERT 34
OFFSET -2.439569 -21.617445 54.526184
BONES 1
BONE 41 1.000000

VERT 35
OFFSET -2.454713 -16.204788 54.171913
BONES 2
BONE 41 0.930227
BONE 39 0.069773

VERT 36
OFFSET -3.630052 -15.823962 54.271339
BONES 2
BONE 41 0.897509
BONE 39 0.102491

VERT 37
OFFSET -1.722421 -14.620495 54.978149
BONES 2
BONE 41 0.629890
BONE 39 0.370110

VERT 38
OFFSET -1.910879 -14.193714 56.037884
BONES 2
BONE 39 0.430705
BONE 41 0.569295

VERT 39
OFFSET -1.312744 -4.708044 55.987057
BONES 3
BONE 11 0.003296
BONE 38 0.467037
BONE 39 0.529667

VERT 40
OFFSET -2.631061 -14.321419 56.547222
BONES 2
BONE 41 0.595066
BONE 39 0.404934

VERT 41
OFFSET -2.951735 -6.760833 56.797581
BONES 2
BONE 38 0.113482
BONE 39 0.886518

VERT 42
OFFSET -3.301971 -14.744830 56.568573
BONES 2
BONE 41 0.750183
BONE 39 0.249817

VERT 43
OFFSET -4.665654 -4.742193 55.677494
BONES 3
BONE 11 0.001178
BONE 39 0.419511
BONE 38 0.579311

VERT 44
OFFSET -4.101137 -6.608684 56.411411
BONES 2
BONE 38 0.137751
BONE 39 0.862249

VERT 45
OFFSET -3.878466 -14.211408 56.282154
BONES 2
BONE 41 0.703404
BONE 39 0.296597

VERT 46
OFFSET -3.492455 -21.506624 55.490635
BONES 1
BONE 41 1.000000

VERT 47
OFFSET -3.188364 -23.891520 56.067745
BONES 1
BONE 41 1.000000

VERT 48
OFFSET -2.266677 -23.810688 56.027607
BONES 1
BONE 41 1.000000

VERT 49
OFFSET -1.787787 -23.783844 55.607906
BONES 1
BONE 41 1.000000

VERT 50
OFFSET -1.915759 -21.517782 55.615627
BONES 1
BONE 41 1.000000

VERT 51
OFFSET -1.977116 -21.529184 54.945332
BONES 6
BONE 41 1.000000
BONE 6 0.000000
BONE 2 0.000000
BONE 11 0.000000
BONE 10 0.000000
BONE 1 0.000000

VERT 52
OFFSET -2.222029 -23.569611 54.407600
BONES 1
BONE 41 1.000000

VERT 53
OFFSET -1.625902 -23.592794 54.727448
BONES 1
BONE 41 1.000000

VERT 54
OFFSET -3.586087 -21.436144 56.184376
BONES 1
BONE 41 1.000000

VERT 55
OFFSET -3.999479 -23.816700 55.707912
BONES 1
BONE 41 1.000000

VERT 56
OFFSET -3.725022 -21.478943 54.594063
BONES 1
BONE 41 1.000000

VERT 57
OFFSET -4.188200 -23.722940 55.105064
BONES 1
BONE 41 1.000000

VERT 58
OFFSET -3.963106 -23.678732 54.666546
BONES 1
BONE 41 1.000000

VERT 59
OFFSET -4.134959 -21.486029 55.388229
BONES 1
BONE 41 1.000000

VERT 60
OFFSET -2.438577 21.617542 54.527225
BONES 1
BONE 16 1.000000

VERT 61
OFFSET -3.625327 15.830187 54.272335
BONES 2
BONE 14 0.101810
BONE 16 0.898190

VERT 62
OFFSET -1.718011 14.683608 54.978493
BONES 2
BONE 14 0.357926
BONE 16 0.642074

VERT 63
OFFSET -2.449389 16.208801 54.173016
BONES 2
BONE 16 0.930519
BONE 14 0.069481

VERT 64
OFFSET -2.937943 12.805487 54.232910
BONES 2
BONE 16 0.274009
BONE 14 0.725991

VERT 65
OFFSET -4.236953 14.364510 55.066414
BONES 2
BONE 14 0.189363
BONE 16 0.810637

VERT 66
OFFSET -4.253088 14.070872 55.754192
BONES 2
BONE 14 0.332347
BONE 16 0.667653

VERT 67
OFFSET -3.103921 7.771888 53.924892
BONES 3
BONE 13 0.039770
BONE 16 0.001421
BONE 14 0.958809

VERT 68
OFFSET -2.951650 6.760844 56.798664
BONES 2
BONE 13 0.113575
BONE 14 0.886425

VERT 69
OFFSET -4.101638 6.605994 56.412552
BONES 2
BONE 13 0.138097
BONE 14 0.861903

VERT 70
OFFSET -2.624511 14.335736 56.548031
BONES 2
BONE 16 0.598812
BONE 14 0.401189

VERT 71
OFFSET -1.800686 6.414288 56.419537
BONES 3
BONE 16 0.000614
BONE 14 0.844470
BONE 13 0.154915

VERT 72
OFFSET -1.320892 4.646804 56.073112
BONES 3
BONE 11 0.010182
BONE 13 0.474484
BONE 14 0.515334

VERT 73
OFFSET -1.249709 4.902115 55.161133
BONES 3
BONE 11 0.009680
BONE 13 0.395751
BONE 14 0.594569

VERT 74
OFFSET -1.676570 5.999532 54.226273
BONES 3
BONE 16 0.000944
BONE 14 0.814381
BONE 13 0.184675

VERT 75
OFFSET -2.616329 5.112081 53.604240
BONES 3
BONE 11 0.155235
BONE 14 0.500588
BONE 13 0.344177

VERT 76
OFFSET -2.968577 4.604455 57.287170
BONES 3
BONE 13 0.516286
BONE 14 0.469235
BONE 11 0.014479

VERT 77
OFFSET -4.666474 4.753521 55.678478
BONES 3
BONE 11 0.001182
BONE 14 0.419307
BONE 13 0.579511

VERT 78
OFFSET -1.903185 14.183482 56.038952
BONES 2
BONE 16 0.566674
BONE 14 0.433326

VERT 79
OFFSET -2.323442 21.528206 56.166039
BONES 1
BONE 16 1.000000

VERT 80
OFFSET -3.295653 14.736543 56.569546
BONES 2
BONE 16 0.748340
BONE 14 0.251660

VERT 81
OFFSET -3.872068 14.207442 56.282875
BONES 2
BONE 16 0.701355
BONE 14 0.298645

VERT 82
OFFSET -3.585136 21.435513 56.185295
BONES 1
BONE 16 1.000000

VERT 83
OFFSET -1.914828 21.518227 55.616718
BONES 1
BONE 16 1.000000

VERT 84
OFFSET -3.723955 21.478184 54.594963
BONES 1
BONE 16 1.000000

VERT 85
OFFSET -1.976110 21.529613 54.946419
BONES 6
BONE 16 1.000000
BONE 6 0.000000
BONE 2 0.000000
BONE 11 0.000000
BONE 10 0.000000
BONE 1 0.000000

VERT 86
OFFSET -3.244780 21.515629 54.886105
BONES 1
BONE 16 1.000000

VERT 87
OFFSET -4.188649 23.721886 55.105930
BONES 1
BONE 16 1.000000

VERT 88
OFFSET -4.000077 23.815765 55.708786
BONES 1
BONE 16 1.000000

VERT 89
OFFSET -1.788317 23.784382 55.608994
BONES 1
BONE 16 1.000000

VERT 90
OFFSET -3.189037 23.891125 56.068710
BONES 1
BONE 16 1.000000

VERT 91
OFFSET -1.626213 23.593452 54.728565
BONES 1
BONE 16 1.000000

VERT 92
OFFSET -2.534130 21.526772 55.600842
BONES 1
BONE 16 1.000000

VERT 93
OFFSET -3.491500 21.506023 55.491566
BONES 1
BONE 16 1.000000

VERT 94
OFFSET -2.436585 21.529602 55.077866
BONES 1
BONE 16 1.000000

VERT 95
OFFSET -2.222300 23.569870 54.408657
BONES 1
BONE 16 1.000000

VERT 96
OFFSET -2.267288 23.810905 56.028652
BONES 1
BONE 16 1.000000

VERT 97
OFFSET -4.133972 21.484947 55.389095
BONES 1
BONE 16 1.000000

VERT 98
OFFSET -3.963472 23.677830 54.667439
BONES 1
BONE 16 1.000000

VERT 99
OFFSET -2.615916 -5.104736 53.602688
BONES 3
BONE 39 0.500114
BONE 38 0.344426
BONE 11 0.155460

VERT 100
OFFSET -1.947888 -6.091583 54.070686
BONES 3
BONE 41 0.001611
BONE 39 0.819020
BONE 38 0.179369

VERT 101
OFFSET -1.296407 -5.013234 54.720470
BONES 3
BONE 11 0.006082
BONE 38 0.320858
BONE 39 0.673060

VERT 102
OFFSET -3.104656 -7.777996 53.924343
BONES 3
BONE 38 0.039562
BONE 41 0.001434
BONE 39 0.959004

VERT 103
OFFSET -1.800173 -6.413997 56.418373
BONES 3
BONE 41 0.000616
BONE 39 0.844435
BONE 38 0.154949

VERT 104
OFFSET -1.354692 -4.671762 53.896740
BONES 3
BONE 11 0.289716
BONE 38 0.370354
BONE 39 0.339930

VERT 105
OFFSET -0.424114 -3.895233 54.013103
BONES 3
BONE 39 0.028079
BONE 11 0.894161
BONE 38 0.077760

VERT 106
OFFSET -0.175421 -3.271086 54.475178
BONES 3
BONE 39 0.003189
BONE 38 0.061185
BONE 11 0.935627

VERT 107
OFFSET -1.120136 -3.390923 55.786335
BONES 3
BONE 39 0.179281
BONE 38 0.520675
BONE 11 0.300045

VERT 108
OFFSET -1.751960 -3.088527 56.553787
BONES 7
BONE 38 0.578676
BONE 11 0.281296
BONE 39 0.140028
BONE 6 0.000000
BONE 2 0.000000
BONE 10 0.000000
BONE 1 0.000000

VERT 109
OFFSET -2.493704 -3.115685 57.011196
BONES 7
BONE 38 0.600000
BONE 11 0.250000
BONE 39 0.150000
BONE 6 0.000000
BONE 2 0.000000
BONE 10 0.000000
BONE 1 0.000000

VERT 110
OFFSET -2.391836 -2.663305 57.043812
BONES 4
BONE 39 0.000524
BONE 38 0.550095
BONE 11 0.399473
BONE 64 0.049908

VERT 111
OFFSET -0.797392 -2.681224 55.500771
BONES 3
BONE 39 0.040798
BONE 38 0.299879
BONE 11 0.659323

VERT 112
OFFSET -1.746057 -4.558714 56.783356
BONES 2
BONE 38 0.510801
BONE 39 0.489199

VERT 113
OFFSET -2.511394 -4.703516 53.136417
BONES 4
BONE 10 0.018016
BONE 38 0.315049
BONE 39 0.174058
BONE 11 0.492876

VERT 114
OFFSET -0.945431 -4.228620 52.978344
BONES 3
BONE 38 0.005845
BONE 11 0.968789
BONE 10 0.025366

VERT 115
OFFSET -0.783708 -4.095951 51.632347
BONES 2
BONE 11 0.827962
BONE 10 0.172038

VERT 116
OFFSET 0.421971 -4.488816 52.186172
BONES 1
BONE 11 1.000000

VERT 117
OFFSET 1.121262 -3.862474 53.165020
BONES 1
BONE 11 1.000000

VERT 118
OFFSET 1.308579 -3.978482 50.997826
BONES 2
BONE 10 0.000164
BONE 11 0.999836

VERT 119
OFFSET 2.244181 -2.850709 51.491692
BONES 2
BONE 10 0.000009
BONE 11 0.999991

VERT 120
OFFSET 1.328170 -3.433142 50.063881
BONES 2
BONE 10 0.101589
BONE 11 0.898411

VERT 121
OFFSET 1.302213 -2.703157 48.745762
BONES 2
BONE 10 0.746219
BONE 11 0.253781

VERT 122
OFFSET 0.375122 -3.622221 48.886055
BONES 2
BONE 11 0.320672
BONE 10 0.679328

VERT 123
OFFSET -4.760902 -4.739361 54.863529
BONES 3
BONE 11 0.028308
BONE 39 0.428697
BONE 38 0.542995

VERT 124
OFFSET -2.968110 -4.594480 57.286163
BONES 3
BONE 38 0.516344
BONE 39 0.469162
BONE 11 0.014494

VERT 125
OFFSET -4.257999 -4.574989 56.787449
BONES 3
BONE 38 0.553082
BONE 39 0.439359
BONE 11 0.007558

VERT 126
OFFSET -4.043581 -2.218558 57.157310
BONES 3
BONE 64 0.149983
BONE 11 0.402299
BONE 38 0.447718

VERT 127
OFFSET -3.180593 -2.502037 57.181801
BONES 4
BONE 64 0.149937
BONE 38 0.500060
BONE 11 0.349934
BONE 39 0.000069

VERT 128
OFFSET -4.860832 -0.971298 56.533058
BONES 3
BONE 64 0.103305
BONE 38 0.186779
BONE 11 0.709916

VERT 129
OFFSET -5.073462 -3.128890 55.207748
BONES 4
BONE 10 0.011813
BONE 38 0.485588
BONE 11 0.420951
BONE 39 0.081648

VERT 130
OFFSET -4.338148 -4.727949 53.945442
BONES 3
BONE 11 0.187002
BONE 38 0.385124
BONE 39 0.427874

VERT 131
OFFSET -3.483963 -4.867363 53.361732
BONES 3
BONE 11 0.300346
BONE 38 0.375674
BONE 39 0.323980

VERT 132
OFFSET -5.331358 -0.519197 53.011406
BONES 4
BONE 13 0.024407
BONE 11 0.624639
BONE 10 0.339874
BONE 38 0.011080

VERT 133
OFFSET -4.887654 -3.038089 52.638683
BONES 4
BONE 39 0.041491
BONE 11 0.489310
BONE 10 0.262436
BONE 38 0.206763

VERT 134
OFFSET -3.247052 -4.231066 51.593800
BONES 3
BONE 11 0.525665
BONE 10 0.399062
BONE 38 0.075273

VERT 135
OFFSET -2.519155 -3.865564 48.656471
BONES 2
BONE 10 0.936884
BONE 11 0.063116

VERT 136
OFFSET -2.023712 -4.137743 50.660675
BONES 2
BONE 11 0.421390
BONE 10 0.578610

VERT 137
OFFSET -3.901654 -3.285273 47.127304
BONES 2
BONE 1 0.078902
BONE 10 0.921098

VERT 138
OFFSET -2.709410 -4.054863 47.164028
BONES 2
BONE 10 0.898689
BONE 1 0.101311

VERT 139
OFFSET -5.063770 -0.169924 46.889008
BONES 2
BONE 1 0.101259
BONE 10 0.898741

VERT 140
OFFSET -4.747548 -1.839386 46.980228
BONES 2
BONE 1 0.091970
BONE 10 0.908029

VERT 141
OFFSET -4.177835 -2.870702 49.255733
BONES 3
BONE 10 0.852372
BONE 11 0.145962
BONE 38 0.001666

VERT 142
OFFSET -4.988048 -3.079842 55.497318
BONES 3
BONE 11 0.285005
BONE 38 0.606279
BONE 39 0.108716

VERT 143
OFFSET -5.222235 -2.477176 52.774845
BONES 4
BONE 39 0.014372
BONE 11 0.538629
BONE 10 0.286002
BONE 38 0.160997

VERT 144
OFFSET -5.127415 -0.756009 55.255112
BONES 6
BONE 64 0.015509
BONE 39 0.009222
BONE 13 0.011261
BONE 10 0.045685
BONE 38 0.141154
BONE 11 0.777170

VERT 145
OFFSET -4.952378 -3.968451 56.449242
BONES 3
BONE 38 0.643121
BONE 11 0.104832
BONE 39 0.252047

VERT 146
OFFSET -3.813107 -3.201077 56.815845
BONES 3
BONE 38 0.621913
BONE 11 0.186282
BONE 39 0.191805

VERT 147
OFFSET -3.906307 -2.147384 57.051937
BONES 3
BONE 38 0.455053
BONE 11 0.396832
BONE 64 0.148114

VERT 148
OFFSET -2.347027 -4.051642 57.342236
BONES 3
BONE 11 0.074091
BONE 39 0.368891
BONE 38 0.557018

VERT 149
OFFSET -5.138967 -3.270928 57.249046
BONES 3
BONE 39 0.144228
BONE 11 0.260980
BONE 38 0.594791

VERT 150
OFFSET -0.249942 -2.669177 54.912601
BONES 2
BONE 11 0.897386
BONE 38 0.102614

VERT 151
OFFSET -3.800543 -3.709785 57.932808
BONES 3
BONE 11 0.108543
BONE 39 0.287994
BONE 38 0.603463

VERT 152
OFFSET -2.107926 -2.676374 56.865452
BONES 4
BONE 64 0.033327
BONE 39 0.001724
BONE 11 0.419325
BONE 38 0.545624

VERT 153
OFFSET 0.167791 -2.973270 54.685860
BONES 2
BONE 11 0.957459
BONE 38 0.042541

VERT 154
OFFSET 0.762354 -2.653958 54.257801
BONES 1
BONE 11 1.000000

VERT 155
OFFSET 0.973586 -2.782076 54.056431
BONES 1
BONE 11 1.000000

VERT 156
OFFSET -1.676485 -3.684503 57.455795
BONES 3
BONE 38 0.589194
BONE 11 0.109288
BONE 39 0.301519

VERT 157
OFFSET -5.775555 -3.421167 55.397724
BONES 3
BONE 11 0.304487
BONE 38 0.573726
BONE 39 0.121787

VERT 158
OFFSET -6.978863 -1.322584 55.139862
BONES 4
BONE 39 0.007645
BONE 10 0.042185
BONE 38 0.189823
BONE 11 0.760346

VERT 159
OFFSET -6.323209 -1.590219 52.228355
BONES 3
BONE 38 0.069812
BONE 10 0.384431
BONE 11 0.545757

VERT 160
OFFSET -5.810926 -1.295694 51.361706
BONES 3
BONE 38 0.006885
BONE 11 0.436034
BONE 10 0.557081

VERT 161
OFFSET -5.851884 -0.203513 50.730865
BONES 2
BONE 10 0.668425
BONE 11 0.331575

VERT 162
OFFSET -6.458923 0.091119 51.096836
BONES 2
BONE 10 0.612298
BONE 11 0.387702

VERT 163
OFFSET -5.396569 -1.441355 55.715710
BONES 5
BONE 10 0.009535
BONE 39 0.024976
BONE 38 0.337470
BONE 11 0.617045
BONE 64 0.010974

VERT 164
OFFSET -5.864215 -0.000790 52.937733
BONES 4
BONE 13 0.010574
BONE 38 0.006685
BONE 10 0.307590
BONE 11 0.675151

VERT 165
OFFSET -5.413050 -2.785800 54.781551
BONES 4
BONE 39 0.063318
BONE 38 0.449239
BONE 10 0.036619
BONE 11 0.450823

VERT 166
OFFSET -5.987559 0.449524 51.075409
BONES 2
BONE 11 0.380159
BONE 10 0.619841

VERT 167
OFFSET -5.445392 0.045287 56.604023
BONES 4
BONE 13 0.043534
BONE 64 0.137061
BONE 38 0.037432
BONE 11 0.781972

VERT 168
OFFSET -4.903302 -0.548076 56.912884
BONES 3
BONE 38 0.080776
BONE 64 0.196521
BONE 11 0.722703

VERT 169
OFFSET -3.121658 -2.491277 57.217426
BONES 7
BONE 38 0.500000
BONE 11 0.350000
BONE 64 0.150000
BONE 6 0.000000
BONE 2 0.000000
BONE 10 0.000000
BONE 1 0.000000

VERT 170
OFFSET -3.969908 -2.226268 57.025646
BONES 3
BONE 64 0.149882
BONE 11 0.400353
BONE 38 0.449765

VERT 171
OFFSET -1.648153 -2.362648 56.645664
BONES 3
BONE 38 0.422114
BONE 11 0.533236
BONE 64 0.044650

VERT 172
OFFSET -3.961245 -1.917542 57.763874
BONES 3
BONE 64 0.278743
BONE 38 0.286844
BONE 11 0.434413

VERT 173
OFFSET -1.423306 -2.620528 57.166916
BONES 4
BONE 39 0.010405
BONE 64 0.034626
BONE 38 0.452286
BONE 11 0.502683

VERT 174
OFFSET -2.902382 -2.766296 57.923450
BONES 4
BONE 39 0.013220
BONE 11 0.377063
BONE 38 0.473190
BONE 64 0.136527

VERT 175
OFFSET -1.985142 -3.370643 57.601063
BONES 3
BONE 11 0.145774
BONE 39 0.234691
BONE 38 0.619534

VERT 176
OFFSET -4.285379 -2.283791 57.660690
BONES 4
BONE 64 0.152875
BONE 39 0.013963
BONE 11 0.417891
BONE 38 0.415271

VERT 177
OFFSET -4.008844 -3.614758 57.377857
BONES 3
BONE 38 0.636927
BONE 11 0.129913
BONE 39 0.233160

VERT 178
OFFSET -1.007040 -3.134895 56.699268
BONES 3
BONE 38 0.561422
BONE 11 0.292190
BONE 39 0.146388

VERT 179
OFFSET -2.225296 -2.683604 56.921783
BONES 3
BONE 64 0.039184
BONE 11 0.412499
BONE 38 0.548317

VERT 180
OFFSET -0.474113 -2.642457 55.025883
BONES 2
BONE 11 0.857425
BONE 38 0.142575

VERT 181
OFFSET 0.188663 -2.629659 54.849888
BONES 2
BONE 38 0.035318
BONE 11 0.964682

VERT 182
OFFSET -4.222283 12.639120 55.112778
BONES 2
BONE 16 0.237806
BONE 14 0.762194

VERT 183
OFFSET -1.746524 4.567880 56.784428
BONES 2
BONE 14 0.489260
BONE 13 0.510740

VERT 184
OFFSET -1.166397 3.388231 55.780212
BONES 3
BONE 14 0.181016
BONE 11 0.296149
BONE 13 0.522835

VERT 185
OFFSET -1.752201 3.099717 56.554554
BONES 7
BONE 13 0.578678
BONE 11 0.281293
BONE 14 0.140029
BONE 6 0.000000
BONE 2 0.000000
BONE 10 0.000000
BONE 1 0.000000

VERT 186
OFFSET -1.559068 2.701351 56.422138
BONES 3
BONE 14 0.000884
BONE 13 0.502858
BONE 11 0.496258

VERT 187
OFFSET -2.493969 3.127509 57.011940
BONES 7
BONE 13 0.600000
BONE 11 0.250000
BONE 14 0.150000
BONE 6 0.000000
BONE 2 0.000000
BONE 10 0.000000
BONE 1 0.000000

VERT 188
OFFSET -2.420158 2.664855 56.994293
BONES 4
BONE 64 0.049910
BONE 13 0.550123
BONE 14 0.000488
BONE 11 0.399480

VERT 189
OFFSET -0.421530 3.894767 54.011444
BONES 3
BONE 11 0.897459
BONE 14 0.027039
BONE 13 0.075502

VERT 190
OFFSET -0.945540 4.228156 52.982555
BONES 3
BONE 11 0.968858
BONE 13 0.006048
BONE 10 0.025094

VERT 191
OFFSET -0.783899 4.095868 51.633308
BONES 2
BONE 10 0.172032
BONE 11 0.827968

VERT 192
OFFSET 0.421791 4.488647 52.187183
BONES 1
BONE 11 1.000000

VERT 193
OFFSET -2.023902 4.137942 50.662739
BONES 2
BONE 11 0.422078
BONE 10 0.577922

VERT 194
OFFSET 1.308415 3.978612 50.998730
BONES 2
BONE 11 0.999836
BONE 10 0.000164

VERT 195
OFFSET 0.366997 3.837427 49.905300
BONES 2
BONE 10 0.349079
BONE 11 0.650921

VERT 196
OFFSET 1.328018 3.433492 50.064682
BONES 2
BONE 10 0.101579
BONE 11 0.898421

VERT 197
OFFSET 1.302035 2.703831 48.746132
BONES 2
BONE 10 0.746260
BONE 11 0.253740

VERT 198
OFFSET 0.374757 3.622750 48.886208
BONES 2
BONE 11 0.320656
BONE 10 0.679344

VERT 199
OFFSET -4.338698 4.737766 53.946861
BONES 3
BONE 11 0.186597
BONE 13 0.384924
BONE 14 0.428479

VERT 200
OFFSET -4.772002 4.523985 54.861237
BONES 4
BONE 13 0.526724
BONE 10 0.009779
BONE 11 0.058047
BONE 14 0.405450

VERT 201
OFFSET -5.181553 2.638593 54.660362
BONES 4
BONE 14 0.067821
BONE 10 0.106430
BONE 11 0.421789
BONE 13 0.403960

VERT 202
OFFSET -4.161823 2.970475 47.098915
BONES 2
BONE 1 0.097766
BONE 10 0.902234

VERT 203
OFFSET -4.893518 1.402893 48.178028
BONES 2
BONE 10 0.954036
BONE 11 0.045964

VERT 204
OFFSET -0.047064 3.796946 46.790318
BONES 5
BONE 10 0.905564
BONE 1 0.094436
BONE 6 0.000000
BONE 2 0.000000
BONE 11 0.000000

VERT 205
OFFSET 0.593393 3.418738 46.690128
BONES 2
BONE 10 0.919295
BONE 1 0.080705

VERT 206
OFFSET 0.895528 2.964344 46.682335
BONES 2
BONE 10 0.937041
BONE 1 0.062959

VERT 207
OFFSET 0.490640 3.446302 46.683525
BONES 2
BONE 1 0.083385
BONE 10 0.916615

VERT 208
OFFSET -3.839691 12.926942 54.581787
BONES 2
BONE 16 0.304992
BONE 14 0.695008

VERT 209
OFFSET -4.258509 4.587070 56.788353
BONES 3
BONE 13 0.552950
BONE 11 0.007499
BONE 14 0.439551

VERT 210
OFFSET -3.486334 4.874148 53.362999
BONES 3
BONE 14 0.324553
BONE 13 0.375713
BONE 11 0.299734

VERT 211
OFFSET -4.178925 2.870641 49.263020
BONES 3
BONE 11 0.146707
BONE 10 0.851568
BONE 13 0.001725

VERT 212
OFFSET -1.355577 4.679539 53.898598
BONES 3
BONE 13 0.370476
BONE 14 0.340686
BONE 11 0.288838

VERT 213
OFFSET -3.244358 4.226820 51.574097
BONES 3
BONE 10 0.403744
BONE 13 0.073517
BONE 11 0.522739

VERT 214
OFFSET -2.512638 4.708205 53.135868
BONES 4
BONE 14 0.173947
BONE 11 0.493395
BONE 13 0.314565
BONE 10 0.018093

VERT 215
OFFSET -2.468102 3.867696 48.667870
BONES 2
BONE 11 0.072368
BONE 10 0.927632

VERT 216
OFFSET -4.009429 3.627237 57.378510
BONES 3
BONE 11 0.129926
BONE 14 0.233147
BONE 13 0.636926

VERT 217
OFFSET -1.985739 3.382857 57.601994
BONES 3
BONE 11 0.145762
BONE 14 0.234720
BONE 13 0.619518

VERT 218
OFFSET -1.007670 3.145777 56.700603
BONES 3
BONE 14 0.146492
BONE 11 0.292005
BONE 13 0.561504

VERT 219
OFFSET -4.632815 2.598797 56.960598
BONES 4
BONE 14 0.040158
BONE 11 0.393648
BONE 13 0.506026
BONE 64 0.060168

VERT 220
OFFSET -1.649457 2.371339 56.647648
BONES 3
BONE 64 0.045072
BONE 13 0.422376
BONE 11 0.532553

VERT 221
OFFSET -4.238952 2.354419 57.694469
BONES 4
BONE 14 0.004638
BONE 11 0.414050
BONE 13 0.404292
BONE 64 0.177020

VERT 222
OFFSET -1.424286 2.629545 57.168152
BONES 4
BONE 64 0.034795
BONE 13 0.452224
BONE 11 0.502550
BONE 14 0.010430

VERT 223
OFFSET -3.961418 1.921413 57.764111
BONES 3
BONE 11 0.434434
BONE 13 0.286804
BONE 64 0.278762

VERT 224
OFFSET -2.902164 2.775532 57.924065
BONES 4
BONE 13 0.473306
BONE 11 0.377001
BONE 64 0.136429
BONE 14 0.013264

VERT 225
OFFSET -4.745219 0.302358 56.483891
BONES 3
BONE 11 0.803132
BONE 64 0.148922
BONE 13 0.047946

VERT 226
OFFSET -4.762981 0.824764 57.020599
BONES 3
BONE 11 0.669495
BONE 13 0.127377
BONE 64 0.203128

VERT 227
OFFSET -3.970113 2.234700 57.025707
BONES 3
BONE 64 0.149878
BONE 13 0.449757
BONE 11 0.400365

VERT 228
OFFSET -4.705510 1.053291 56.509895
BONES 7
BONE 11 0.700000
BONE 13 0.200000
BONE 64 0.100000
BONE 6 0.000000
BONE 2 0.000000
BONE 10 0.000000
BONE 1 0.000000

VERT 229
OFFSET -5.296469 2.926812 55.375053
BONES 4
BONE 10 0.000502
BONE 13 0.498019
BONE 11 0.425908
BONE 14 0.075572

VERT 230
OFFSET -3.121304 2.500499 57.217762
BONES 7
BONE 13 0.500000
BONE 11 0.350000
BONE 64 0.150000
BONE 6 0.000000
BONE 2 0.000000
BONE 10 0.000000
BONE 1 0.000000

VERT 231
OFFSET -2.235996 2.692627 56.923973
BONES 3
BONE 64 0.039758
BONE 11 0.411834
BONE 13 0.548407

VERT 232
OFFSET -0.475805 2.643628 55.025810
BONES 2
BONE 11 0.857417
BONE 13 0.142583

VERT 233
OFFSET 0.188187 2.629269 54.850830
BONES 2
BONE 13 0.035368
BONE 11 0.964632

VERT 234
OFFSET 1.299558 2.617139 53.805237
BONES 1
BONE 11 1.000000

VERT 235
OFFSET -4.815809 1.040556 56.554070
BONES 7
BONE 11 0.700000
BONE 13 0.200000
BONE 64 0.100000
BONE 6 0.000000
BONE 2 0.000000
BONE 10 0.000000
BONE 1 0.000000

VERT 236
OFFSET -3.180624 2.510942 57.182232
BONES 4
BONE 14 0.000082
BONE 64 0.149926
BONE 11 0.349922
BONE 13 0.500070

VERT 237
OFFSET -5.885746 3.001089 54.948494
BONES 4
BONE 10 0.023958
BONE 14 0.061680
BONE 11 0.438398
BONE 13 0.475963

VERT 238
OFFSET -6.192325 1.522441 52.294102
BONES 3
BONE 10 0.379840
BONE 11 0.566155
BONE 13 0.054004

VERT 239
OFFSET -6.840295 -0.168305 53.926262
BONES 3
BONE 13 0.020383
BONE 10 0.177287
BONE 11 0.802329

VERT 240
OFFSET -6.174238 -0.329606 51.014866
BONES 2
BONE 10 0.612354
BONE 11 0.387646

VERT 241
OFFSET -4.698146 -1.044220 56.513813
BONES 3
BONE 64 0.100771
BONE 38 0.198324
BONE 11 0.700905

VERT 242
OFFSET 1.822076 -2.786379 53.269024
BONES 1
BONE 11 1.000000

VERT 243
OFFSET 0.372782 -3.557757 53.845284
BONES 2
BONE 38 0.000716
BONE 11 0.999284

VERT 244
OFFSET 0.231359 -2.626726 54.563648
BONES 2
BONE 38 0.040645
BONE 11 0.959355

VERT 245
