// Export time: Thu Oct 08 20:23:10 2020

// Exported using Blender v2.90.1
// Export filename: 'E:/blackops3/mod_xmodel/iw4/m16a1/ch_head_gk_m16a1_lod2.XMODEL_EXPORT'
// Source filename: 'E:/blackops3/mod_xmodel/iw4/m16a1/m16a1.blend'
MODEL
VERSION 6

NUMBONES 33
BONE 0 -1 "tag_origin"
BONE 1 0 "j_spineupper"
BONE 2 1 "j_spine4"
BONE 3 2 "j_neck"
BONE 4 3 "j_head"
BONE 5 4 "j_brow_le"
BONE 6 4 "j_brow_ri"
BONE 7 4 "j_browouter_le"
BONE 8 4 "j_browouter_ri"
BONE 9 4 "j_cheek_le"
BONE 10 4 "j_cheek_ri"
BONE 11 4 "j_cheeklower_le"
BONE 12 4 "j_cheeklower_ri"
BONE 13 4 "j_eye_lid_bot_le"
BONE 14 4 "j_eye_lid_bot_ri"
BONE 15 4 "j_eye_lid_top_le"
BONE 16 4 "j_eye_lid_top_ri"
BONE 17 4 "j_eyeball_le"
BONE 18 4 "j_eyeball_ri"
BONE 19 4 "j_head_end"
BONE 20 19 "j_helmet"
BONE 21 4 "j_jaw"
BONE 22 21 "j_chin_skinroll"
BONE 23 21 "j_lip_bot_le"
BONE 24 21 "j_lip_bot_ri"
BONE 25 4 "j_levator_le"
BONE 26 4 "j_levator_ri"
BONE 27 4 "j_lip_top_le"
BONE 28 4 "j_lip_top_ri"
BONE 29 4 "j_mouth_le"
BONE 30 4 "j_mouth_ri"
BONE 31 4 "j_nvg"
BONE 32 4 "tag_eye"

BONE 0
OFFSET 0.000000 0.000000 0.000000
SCALE 1.000000 1.000000 1.000000
X 1.000000 0.000000 0.000000
Y 0.000000 1.000000 0.000000
Z 0.000000 0.000000 1.000000

BONE 1
OFFSET -2.973594 -0.000712 48.077503
SCALE 1.000000 1.000000 1.000000
X 0.020443 -0.000062 0.999791
Y 0.999791 0.000062 -0.020443
Z -0.000060 1.000000 0.000063

BONE 2
OFFSET -2.912875 -0.000934 51.991886
SCALE 1.000000 1.000000 1.000000
X 0.046993 -0.000058 0.998895
Y 0.998895 0.000063 -0.046993
Z -0.000060 1.000000 0.000061

BONE 3
OFFSET -2.986243 -0.000731 57.033127
SCALE 1.000000 1.000000 1.000000
X 0.309753 -0.000041 0.950817
Y 0.950817 0.000075 -0.309753
Z -0.000059 1.000000 0.000062

BONE 4
OFFSET -2.331713 -0.000829 59.437824
SCALE 1.000000 1.000000 1.000000
X 0.216384 -0.000040 0.976308
Y 0.976308 0.000072 -0.216384
Z -0.000061 1.000000 0.000054

BONE 5
OFFSET 0.885215 0.660192 62.754421
SCALE 1.000000 1.000000 1.000000
X 0.000650 1.000000 -0.000111
Y -0.998862 0.000645 -0.047683
Z -0.047683 0.000142 0.998863

BONE 6
OFFSET 0.882864 -0.632478 62.708824
SCALE 1.000000 1.000000 1.000000
X 0.000012 1.000000 0.000078
Y 0.998891 -0.000016 0.047082
Z 0.047082 0.000077 -0.998891

BONE 7
OFFSET 0.366935 1.537447 62.591812
SCALE 1.000000 1.000000 1.000000
X 0.000647 1.000000 -0.000126
Y -0.998862 0.000641 -0.047685
Z -0.047685 0.000157 0.998862

BONE 8
OFFSET 0.347200 -1.492210 62.563030
SCALE 1.000000 1.000000 1.000000
X 0.000014 1.000000 0.000072
Y 0.998895 -0.000017 0.046993
Z 0.046993 0.000071 -0.998895

BONE 9
OFFSET -0.000229 1.699495 61.531738
SCALE 1.000000 1.000000 1.000000
X 0.000647 1.000000 -0.000130
Y -0.998871 0.000641 -0.047511
Z -0.047511 0.000160 0.998871

BONE 10
OFFSET -0.018550 -1.632884 61.590935
SCALE 1.000000 1.000000 1.000000
X 0.000016 1.000000 0.000076
Y 0.998891 -0.000020 0.047081
Z 0.047081 0.000075 -0.998891

BONE 11
OFFSET -0.009423 1.526974 60.453594
SCALE 1.000000 1.000000 1.000000
X 0.170252 -0.000001 0.985400
Y 0.985400 -0.000006 -0.170252
Z 0.000006 1.000000 0.000000

BONE 12
OFFSET 0.031055 -1.526068 60.481033
SCALE 1.000000 1.000000 1.000000
X 0.170341 -0.000000 0.985385
Y 0.985385 0.000005 -0.170341
Z -0.000005 1.000000 0.000001

BONE 13
OFFSET -0.235392 1.033723 62.032127
SCALE 1.000000 1.000000 1.000000
X -0.065612 0.997122 0.038029
Y -0.996953 -0.063894 -0.044745
Z -0.042187 -0.040848 0.998275

BONE 14
OFFSET -0.235105 -0.987807 62.026089
SCALE 1.000000 1.000000 1.000000
X 0.066597 0.997041 -0.038398
Y 0.996923 -0.064896 0.043969
Z 0.041347 -0.041208 -0.998295

BONE 15
OFFSET -0.235000 1.032806 62.099262
SCALE 1.000000 1.000000 1.000000
X -0.065484 0.997132 0.037996
Y -0.996961 -0.063767 -0.044748
Z -0.042197 -0.040810 0.998276

BONE 16
OFFSET -0.234427 -0.989040 62.087135
SCALE 1.000000 1.000000 1.000000
X 0.066556 0.997044 -0.038388
Y 0.996936 -0.064866 0.043709
Z 0.041090 -0.041180 -0.998307

BONE 17
OFFSET -2.300420 1.537955 62.084587
SCALE 1.000000 1.000000 1.000000
X -0.205900 0.978521 -0.010108
Y -0.977367 -0.206148 -0.047513
Z -0.048576 0.000096 0.998819

BONE 18
OFFSET -2.300332 -1.539521 62.084595
SCALE 1.000000 1.000000 1.000000
X 0.207721 0.978139 0.009778
Y 0.977071 -0.207951 0.045698
Z 0.046732 0.000061 -0.998908

BONE 19
OFFSET -2.137963 -0.000782 64.591408
SCALE 1.000000 1.000000 1.000000
X 0.170343 0.000003 0.985385
Y 0.985385 -0.000000 -0.170343
Z -0.000000 1.000000 -0.000003

BONE 20
OFFSET -3.029091 -0.000780 65.709435
SCALE 1.000000 1.000000 1.000000
X 0.995887 -0.000058 0.090604
Y 0.000074 1.000000 -0.000173
Z -0.090604 0.000179 0.995887

BONE 21
OFFSET -1.880056 -0.000352 59.757816
SCALE 1.000000 1.000000 1.000000
X 0.000647 1.000000 -0.000098
Y -0.998858 0.000642 -0.047768
Z -0.047768 0.000128 0.998859

BONE 22
OFFSET 0.839529 -0.002271 58.150890
SCALE 1.000000 1.000000 1.000000
X 0.000647 1.000000 -0.000099
Y -0.998866 0.000642 -0.047598
Z -0.047598 0.000130 0.998867

BONE 23
OFFSET 0.958899 0.390629 59.820606
SCALE 1.000000 1.000000 1.000000
X 0.000646 1.000000 -0.000085
Y -0.998863 0.000642 -0.047682
Z -0.047682 0.000115 0.998863

BONE 24
OFFSET 0.948090 -0.389159 59.822144
SCALE 1.000000 1.000000 1.000000
X 0.000644 1.000000 -0.000088
Y 0.998858 -0.000639 0.047768
Z 0.047768 -0.000119 -0.998859

BONE 25
OFFSET 0.752116 0.510551 61.222950
SCALE 1.000000 1.000000 1.000000
X 0.000646 1.000000 -0.000080
Y -0.998862 0.000642 -0.047681
Z -0.047681 0.000111 0.998863

BONE 26
OFFSET 0.774544 -0.492204 61.228069
SCALE 1.000000 1.000000 1.000000
X 0.000010 1.000000 0.000068
Y 0.998892 -0.000014 0.047072
Z 0.047072 0.000067 -0.998892

BONE 27
OFFSET 0.994003 0.350220 59.914753
SCALE 1.000000 1.000000 1.000000
X 0.000647 1.000000 -0.000085
Y -0.998862 0.000642 -0.047681
Z -0.047681 0.000116 0.998863

BONE 28
OFFSET 0.984318 -0.354601 59.911419
SCALE 1.000000 1.000000 1.000000
X 0.000011 1.000000 0.000079
Y 0.998891 -0.000015 0.047078
Z 0.047078 0.000078 -0.998891

BONE 29
OFFSET 0.588432 0.815987 59.836315
SCALE 1.000000 1.000000 1.000000
X 0.000649 1.000000 -0.000114
Y -0.998862 0.000643 -0.047684
Z -0.047684 0.000145 0.998863

BONE 30
OFFSET 0.500262 -0.926627 59.826736
SCALE 1.000000 1.000000 1.000000
X 0.000010 1.000000 0.000082
Y 0.998891 -0.000014 0.047077
Z 0.047077 0.000081 -0.998891

BONE 31
OFFSET 2.123984 -0.000779 63.814423
SCALE 1.000000 1.000000 1.000000
X 0.985410 0.000006 -0.170195
Y -0.170195 0.000000 -0.985410
Z -0.000006 1.000000 0.000001

BONE 32
OFFSET 0.360895 -0.000349 61.892429
SCALE 1.000000 1.000000 1.000000
X 0.922504 -0.000055 0.385986
Y 0.000059 1.000000 0.000000
Z -0.385987 0.000023 0.922504


NUMVERTS 1386
VERT 0
OFFSET -4.652938 -0.512924 61.263451
BONES 1
BONE 4 1.000000

VERT 1
OFFSET -4.414746 -1.001258 61.375717
BONES 2
BONE 4 1.000000
BONE 1 0.000000

VERT 2
OFFSET -4.063605 -0.967372 60.912582
BONES 1
BONE 4 1.000000

VERT 3
OFFSET -4.172713 -1.437708 61.478447
BONES 2
BONE 4 1.000000
BONE 1 0.000000

VERT 4
OFFSET -0.454092 -0.101809 60.183834
BONES 1
BONE 4 1.000000

VERT 5
OFFSET -0.484138 -0.378972 60.140415
BONES 1
BONE 4 1.000000

VERT 6
OFFSET -0.988608 -0.431013 60.232269
BONES 1
BONE 4 1.000000

VERT 7
OFFSET -0.126445 0.173122 60.052116
BONES 1
BONE 4 1.000000

VERT 8
OFFSET -0.157017 0.261824 59.966015
BONES 1
BONE 4 1.000000

VERT 9
OFFSET -0.476891 0.346751 60.166378
BONES 1
BONE 4 1.000000

VERT 10
OFFSET -0.956609 -0.000795 60.247929
BONES 1
BONE 4 1.000000

VERT 11
OFFSET -1.012473 -0.222648 60.281494
BONES 1
BONE 4 1.000000

VERT 12
OFFSET -1.724519 -0.000795 60.133354
BONES 1
BONE 4 1.000000

VERT 13
OFFSET -1.655428 -0.200771 60.178322
BONES 1
BONE 4 1.000000

VERT 14
OFFSET -2.161659 0.140120 59.990490
BONES 1
BONE 4 1.000000

VERT 15
OFFSET -2.390105 0.222231 59.846420
BONES 1
BONE 4 1.000000

VERT 16
OFFSET -1.012473 0.221053 60.281494
BONES 1
BONE 4 1.000000

VERT 17
OFFSET -1.655445 0.199175 60.178314
BONES 1
BONE 4 1.000000

VERT 18
OFFSET -1.935723 0.409170 60.028488
BONES 1
BONE 4 1.000000

VERT 19
OFFSET -0.988612 0.429417 60.232269
BONES 1
BONE 4 1.000000

VERT 20
OFFSET -1.964412 0.469764 59.848068
BONES 1
BONE 4 1.000000

VERT 21
OFFSET -1.016142 0.492980 60.119709
BONES 1
BONE 4 1.000000

VERT 22
OFFSET -0.523447 0.432176 60.060429
BONES 1
BONE 4 1.000000

VERT 23
OFFSET -1.609224 -0.423524 60.126873
BONES 1
BONE 4 1.000000

VERT 24
OFFSET -2.128502 -0.344969 59.972935
BONES 1
BONE 4 1.000000

VERT 25
OFFSET -2.465706 -0.084850 59.749538
BONES 1
BONE 4 1.000000

VERT 26
OFFSET -2.449734 0.188248 59.685005
BONES 1
BONE 4 1.000000

VERT 27
OFFSET -2.382192 -0.248005 59.831505
BONES 1
BONE 4 1.000000

VERT 28
OFFSET -2.317758 -0.323306 59.621296
BONES 1
BONE 4 1.000000

VERT 29
OFFSET -1.964413 -0.471359 59.848068
BONES 1
BONE 4 1.000000

VERT 30
OFFSET -1.016141 -0.494575 60.119709
BONES 1
BONE 4 1.000000

VERT 31
OFFSET -0.523443 -0.433769 60.060429
BONES 1
BONE 4 1.000000

VERT 32
OFFSET -0.157016 -0.263417 59.966015
BONES 1
BONE 4 1.000000

VERT 33
OFFSET -0.083275 -0.148189 60.024036
BONES 1
BONE 4 1.000000

VERT 34
OFFSET -0.177373 -0.038210 60.085117
BONES 1
BONE 4 1.000000

VERT 35
OFFSET -0.027540 -0.000798 59.930729
BONES 1
BONE 4 1.000000

VERT 36
OFFSET -2.448448 0.007819 59.592777
BONES 1
BONE 4 1.000000

VERT 37
OFFSET -2.435494 -0.181564 59.615833
BONES 1
BONE 4 1.000000

VERT 38
OFFSET -2.003747 -0.375256 59.680798
BONES 1
BONE 4 1.000000

VERT 39
OFFSET -1.146732 -0.128756 59.928024
BONES 1
BONE 4 1.000000

VERT 40
OFFSET -2.263465 -0.130183 59.548588
BONES 1
BONE 4 1.000000

VERT 41
OFFSET -2.286505 -0.000668 59.577465
BONES 1
BONE 4 1.000000

VERT 42
OFFSET -1.644454 -0.000795 59.788769
BONES 1
BONE 4 1.000000

VERT 43
OFFSET -2.263859 0.127089 59.548496
BONES 1
BONE 4 1.000000

VERT 44
OFFSET -2.320704 0.322766 59.621052
BONES 1
BONE 4 1.000000

VERT 45
OFFSET -2.003748 0.373661 59.680798
BONES 1
BONE 4 1.000000

VERT 46
OFFSET -0.960001 0.402021 60.019424
BONES 1
BONE 4 1.000000

VERT 47
OFFSET -1.187967 0.170148 59.917828
BONES 1
BONE 4 1.000000

VERT 48
OFFSET -0.179575 0.197902 59.883457
BONES 1
BONE 4 1.000000

VERT 49
OFFSET -0.556033 -0.000801 59.971939
BONES 1
BONE 4 1.000000

VERT 50
OFFSET -0.762771 0.134856 59.978580
BONES 1
BONE 4 1.000000

VERT 51
OFFSET -0.714204 -0.162349 59.971485
BONES 1
BONE 4 1.000000

VERT 52
OFFSET -0.184663 -0.181156 59.874046
BONES 1
BONE 4 1.000000

VERT 53
OFFSET -0.960001 -0.403614 60.019424
BONES 1
BONE 4 1.000000

VERT 54
OFFSET -0.128591 0.002093 59.875072
BONES 1
BONE 4 1.000000

VERT 55
OFFSET 1.284955 0.188984 65.082657
BONES 1
BONE 4 1.000000

VERT 56
OFFSET 1.224343 -0.710572 65.085976
BONES 1
BONE 4 1.000000

VERT 57
OFFSET 1.318205 -0.709943 64.432808
BONES 1
BONE 4 1.000000

VERT 58
OFFSET 1.337631 -0.406723 63.841599
BONES 1
BONE 4 1.000000

VERT 59
OFFSET 1.292761 0.734139 63.853855
BONES 1
BONE 4 1.000000

VERT 60
OFFSET 1.220823 -0.025762 63.095127
BONES 1
BONE 4 1.000000

VERT 61
OFFSET 1.060604 -0.400588 62.746597
BONES 1
BONE 4 1.000000

VERT 62
OFFSET 1.113644 -1.017645 63.402443
BONES 1
BONE 4 1.000000

VERT 63
OFFSET 1.053619 -1.844972 63.893368
BONES 1
BONE 4 1.000000

VERT 64
OFFSET 1.054606 -1.988285 64.325462
BONES 1
BONE 4 1.000000

VERT 65
OFFSET 0.820417 -0.834027 62.563282
BONES 1
BONE 4 1.000000

VERT 66
OFFSET 1.342558 0.516100 64.451294
BONES 1
BONE 4 1.000000

VERT 67
OFFSET 0.862921 -0.328898 62.318119
BONES 1
BONE 4 1.000000

VERT 68
OFFSET 0.456469 0.977340 62.190109
BONES 1
BONE 4 1.000000

VERT 69
OFFSET 0.820470 0.831682 62.563293
BONES 1
BONE 4 1.000000

VERT 70
OFFSET 0.755149 -0.256079 61.970070
BONES 1
BONE 4 1.000000

VERT 71
OFFSET 1.052267 0.388403 62.721050
BONES 1
BONE 4 1.000000

VERT 72
OFFSET 0.862925 0.326989 62.318081
BONES 1
BONE 4 1.000000

VERT 73
OFFSET 0.784935 -0.326641 61.141697
BONES 1
BONE 4 1.000000

VERT 74
OFFSET 0.715188 -0.213345 61.664188
BONES 1
BONE 4 1.000000

VERT 75
OFFSET 0.640240 -0.533815 62.136066
BONES 1
BONE 4 1.000000

VERT 76
OFFSET 0.431689 -0.612628 61.863670
BONES 1
BONE 4 1.000000

VERT 77
OFFSET 0.469124 -0.548805 61.586052
BONES 1
BONE 4 1.000000

VERT 78
OFFSET 0.403734 -0.820456 61.453671
BONES 1
BONE 4 1.000000

VERT 79
OFFSET 0.782841 -1.291904 62.830467
BONES 1
BONE 4 1.000000

VERT 80
OFFSET 0.456403 -0.980289 62.190125
BONES 1
BONE 4 1.000000

VERT 81
OFFSET 0.447472 -1.234100 62.274796
BONES 1
BONE 4 1.000000

VERT 82
OFFSET 0.426796 -0.834678 62.035366
BONES 1
BONE 4 1.000000

VERT 83
OFFSET 0.362365 -0.937272 62.262268
BONES 2
BONE 4 1.000000
BONE 1 0.000000

VERT 84
OFFSET 0.883515 -1.938641 63.485401
BONES 1
BONE 4 1.000000

VERT 85
OFFSET 0.360484 -1.076325 62.331638
BONES 1
BONE 4 1.000000

VERT 86
OFFSET 0.669833 -2.361944 63.425560
BONES 2
BONE 4 1.000000
BONE 1 0.000000

VERT 87
OFFSET 0.394265 -2.493849 62.925671
BONES 1
BONE 4 1.000000

VERT 88
OFFSET 0.607335 -2.785409 63.755508
BONES 1
BONE 4 1.000000

VERT 89
OFFSET 0.156530 -3.182041 63.408943
BONES 1
BONE 4 1.000000

VERT 90
OFFSET -0.385918 -3.284220 62.733021
BONES 1
BONE 4 1.000000

VERT 91
OFFSET 0.124988 -2.969785 62.968845
BONES 1
BONE 4 1.000000

VERT 92
OFFSET -0.167500 -2.867239 62.327953
BONES 1
BONE 4 1.000000

VERT 93
OFFSET -0.134045 -2.622692 61.984943
BONES 1
BONE 4 1.000000

VERT 94
OFFSET 0.046145 -2.723229 62.585453
BONES 1
BONE 4 1.000000

VERT 95
OFFSET 0.391017 -2.092224 62.698044
BONES 1
BONE 4 1.000000

VERT 96
OFFSET -0.026345 -2.444645 62.093910
BONES 1
BONE 4 1.000000

VERT 97
OFFSET 0.045391 -2.428382 62.237015
BONES 1
BONE 4 1.000000

VERT 98
OFFSET 0.154547 -2.266854 62.333992
BONES 1
BONE 4 1.000000

VERT 99
OFFSET 0.353686 -1.752663 62.359970
BONES 1
BONE 4 1.000000

VERT 100
OFFSET -0.183153 -2.445635 62.079002
BONES 2
BONE 4 1.000000
BONE 1 0.000000

VERT 101
OFFSET -0.132272 -2.441623 62.211220
BONES 1
BONE 4 1.000000

VERT 102
OFFSET -0.033442 -2.354997 62.343513
BONES 1
BONE 4 1.000000

VERT 103
OFFSET 0.050429 -2.224523 62.368191
BONES 2
BONE 4 1.000000
BONE 1 0.000000

VERT 104
OFFSET 0.120028 -2.063967 62.395512
BONES 1
BONE 4 1.000000

VERT 105
OFFSET 0.268642 -1.602104 62.390507
BONES 1
BONE 4 1.000000

VERT 106
OFFSET -3.802586 -0.347192 59.775494
BONES 2
BONE 4 1.000000
BONE 1 0.000000

VERT 107
OFFSET -3.622861 -0.636616 59.722363
BONES 1
BONE 4 1.000000

VERT 108
OFFSET -3.877787 -0.000798 59.788494
BONES 2
BONE 4 1.000000
BONE 1 0.000000

VERT 109
OFFSET -4.078387 -0.441563 60.617481
BONES 1
BONE 4 1.000000

VERT 110
OFFSET -4.026421 -0.000797 60.196537
BONES 1
BONE 4 1.000000

VERT 111
OFFSET -4.334880 -0.000798 60.699444
BONES 1
BONE 4 1.000000

VERT 112
OFFSET -3.666964 -0.942538 60.560581
BONES 2
BONE 4 1.000000
BONE 1 0.000000

VERT 113
OFFSET 0.592021 -0.600519 59.852753
BONES 1
BONE 4 1.000000

VERT 114
OFFSET 0.552942 -0.615402 59.861767
BONES 1
BONE 4 1.000000

VERT 115
OFFSET 0.622820 -0.230779 59.862373
BONES 1
BONE 4 1.000000

VERT 116
OFFSET 0.802231 0.170454 59.879036
BONES 1
BONE 4 1.000000

VERT 117
OFFSET 0.720796 -0.000802 59.820091
BONES 1
BONE 4 1.000000

VERT 118
OFFSET 0.627401 0.207409 59.855968
BONES 1
BONE 4 1.000000

VERT 119
OFFSET 0.802252 0.571187 60.156406
BONES 1
BONE 4 1.000000

VERT 120
OFFSET 0.748739 0.591058 60.000282
BONES 1
BONE 4 1.000000

VERT 121
OFFSET 0.692735 0.669802 59.942425
BONES 1
BONE 4 1.000000

VERT 122
OFFSET 0.608729 0.630786 59.821640
BONES 1
BONE 4 1.000000

VERT 123
OFFSET 0.552941 0.613809 59.861763
BONES 1
BONE 4 1.000000

VERT 124
OFFSET 0.592021 0.598924 59.852753
BONES 1
BONE 4 1.000000

VERT 125
OFFSET 0.618841 0.242361 59.830872
BONES 1
BONE 4 1.000000

VERT 126
OFFSET 0.489686 0.716616 59.708767
BONES 1
BONE 4 1.000000

VERT 127
OFFSET 0.555528 0.445215 59.649090
BONES 1
BONE 4 1.000000

VERT 128
OFFSET 0.727813 0.080065 59.792202
BONES 1
BONE 4 1.000000

VERT 129
OFFSET 0.715030 0.102147 59.723362
BONES 1
BONE 4 1.000000

VERT 130
OFFSET 0.543046 -0.000798 59.561005
BONES 1
BONE 4 1.000000

VERT 131
OFFSET 0.409718 -0.380749 59.410069
BONES 1
BONE 4 1.000000

VERT 132
OFFSET 0.905143 -0.000797 59.983875
BONES 1
BONE 4 1.000000

VERT 133
OFFSET 0.813504 -0.122503 59.875500
BONES 1
BONE 4 1.000000

VERT 134
OFFSET 0.692726 -0.671393 59.942413
BONES 1
BONE 4 1.000000

VERT 135
OFFSET 0.748737 -0.592666 60.000294
BONES 1
BONE 4 1.000000

VERT 136
OFFSET 0.906293 -0.000797 60.055485
BONES 1
BONE 4 1.000000

VERT 137
OFFSET 0.991192 -0.000797 60.264828
BONES 1
BONE 4 1.000000

VERT 138
OFFSET 0.802264 -0.572706 60.156387
BONES 1
BONE 4 1.000000

VERT 139
OFFSET -4.414746 0.999662 61.375717
BONES 2
BONE 4 1.000000
BONE 1 0.000000

VERT 140
OFFSET -4.172713 1.436113 61.478447
BONES 2
BONE 4 1.000000
BONE 1 0.000000

VERT 141
OFFSET -3.802586 0.345596 59.775494
BONES 2
BONE 4 1.000000
BONE 1 0.000000

VERT 142
OFFSET -3.622862 0.635020 59.722363
BONES 1
BONE 4 1.000000

VERT 143
OFFSET -4.078388 0.439967 60.617481
BONES 1
BONE 4 1.000000

VERT 144
OFFSET -3.666965 0.940942 60.560581
BONES 2
BONE 4 1.000000
BONE 1 0.000000

VERT 145
OFFSET -4.063608 0.965765 60.912579
BONES 1
BONE 4 1.000000

VERT 146
OFFSET -4.652938 0.511327 61.263451
BONES 1
BONE 4 1.000000

VERT 147
OFFSET -0.344008 -0.147336 58.630634
BONES 1
BONE 4 1.000000

VERT 148
OFFSET -0.135504 -0.430705 58.771481
BONES 1
BONE 4 1.000000

VERT 149
OFFSET -0.037217 -0.286380 58.775303
BONES 1
BONE 4 1.000000

VERT 150
OFFSET 0.104512 -0.460887 59.033669
BONES 1
BONE 4 1.000000

VERT 151
OFFSET -0.294692 -0.741455 58.940456
BONES 1
BONE 4 1.000000

VERT 152
OFFSET -0.439995 -0.513282 58.780758
BONES 1
BONE 4 1.000000

VERT 153
OFFSET -1.037436 -0.115237 58.807110
BONES 1
BONE 4 1.000000

VERT 154
OFFSET -0.899707 -0.474351 58.847702
BONES 1
BONE 4 1.000000

VERT 155
OFFSET -1.145864 -0.812635 59.050186
BONES 1
BONE 4 1.000000

VERT 156
OFFSET -0.914604 -1.246322 59.261642
BONES 1
BONE 4 1.000000

VERT 157
OFFSET -1.294964 -0.437280 58.901211
BONES 1
BONE 4 1.000000

VERT 158
OFFSET -0.045129 -1.683258 59.897247
BONES 1
BONE 4 1.000000

VERT 159
OFFSET -0.347397 -1.968301 60.034702
BONES 1
BONE 4 1.000000

VERT 160
OFFSET -0.579867 -1.492065 59.491257
BONES 1
BONE 4 1.000000

VERT 161
OFFSET -0.887037 -1.863929 59.837345
BONES 1
BONE 4 1.000000

VERT 162
OFFSET -1.348061 -1.509339 59.563274
BONES 1
BONE 4 1.000000

VERT 163
OFFSET -0.719321 -2.117958 60.148178
BONES 1
BONE 4 1.000000

VERT 164
OFFSET -1.753440 -2.782965 61.147240
BONES 1
BONE 4 1.000000

VERT 165
OFFSET -1.994629 -2.795200 61.071198
BONES 1
BONE 4 1.000000

VERT 166
OFFSET -2.051411 -2.523132 60.754219
BONES 1
BONE 4 1.000000

VERT 167
OFFSET -1.509427 -2.356497 60.510368
BONES 1
BONE 4 1.000000

VERT 168
OFFSET -1.051487 -3.187165 62.148293
BONES 1
BONE 4 1.000000

VERT 169
OFFSET -1.405384 -3.114260 61.836575
BONES 1
BONE 4 1.000000

VERT 170
OFFSET -1.721665 -3.199117 62.042934
BONES 2
BONE 4 1.000000
BONE 1 0.000000

VERT 171
OFFSET -1.821378 -3.077344 61.553471
BONES 1
BONE 4 1.000000

VERT 172
OFFSET -1.472904 -3.007030 61.557281
BONES 1
BONE 4 1.000000

VERT 173
OFFSET -0.451022 -2.286965 60.429176
BONES 1
BONE 4 1.000000

VERT 174
OFFSET -0.793685 -2.711809 61.196033
BONES 1
BONE 4 1.000000

VERT 175
OFFSET -0.455176 -3.085569 62.244778
BONES 1
BONE 4 1.000000

VERT 176
OFFSET -0.642384 -3.350448 62.871429
BONES 1
BONE 4 1.000000

VERT 177
OFFSET -0.833913 -3.183206 62.171841
BONES 1
BONE 4 1.000000

VERT 178
OFFSET -0.935341 -3.315850 63.306854
BONES 1
BONE 4 1.000000

VERT 179
OFFSET -1.509391 2.354805 60.510254
BONES 1
BONE 4 1.000000

VERT 180
OFFSET -2.054271 2.520396 60.753216
BONES 1
BONE 4 1.000000

VERT 181
OFFSET -1.678675 2.863124 61.285439
BONES 1
BONE 4 1.000000

VERT 182
OFFSET -1.994627 2.793589 61.071186
BONES 1
BONE 4 1.000000

VERT 183
OFFSET -1.304580 2.898361 61.419754
BONES 1
BONE 4 1.000000

VERT 184
OFFSET -1.678542 3.152197 61.746277
BONES 1
BONE 4 1.000000

VERT 185
OFFSET -0.593492 2.857698 61.706432
BONES 1
BONE 4 1.000000

VERT 186
OFFSET -0.897340 3.253717 62.142693
BONES 1
BONE 4 1.000000

VERT 187
OFFSET -0.502231 3.156835 62.288109
BONES 1
BONE 4 1.000000

VERT 188
OFFSET -0.336925 3.355389 62.818516
BONES 1
BONE 4 1.000000

VERT 189
OFFSET -0.143713 2.868397 62.380634
BONES 1
BONE 4 1.000000

VERT 190
OFFSET 0.210362 3.151906 63.380173
BONES 1
BONE 4 1.000000

VERT 191
OFFSET -0.286563 3.427650 63.388340
BONES 1
BONE 4 1.000000

VERT 192
OFFSET -0.689402 3.449157 62.724377
BONES 1
BONE 4 1.000000

VERT 193
OFFSET -1.797490 3.339992 62.134304
BONES 1
BONE 4 1.000000

VERT 194
OFFSET -1.160492 3.573184 63.253284
BONES 1
BONE 4 1.000000

VERT 195
OFFSET -1.439555 3.399431 62.291721
BONES 1
BONE 4 1.000000

VERT 196
OFFSET -1.201474 3.487600 62.661247
BONES 1
BONE 4 1.000000

VERT 197
OFFSET 1.072271 1.766935 63.870926
BONES 1
BONE 4 1.000000

VERT 198
OFFSET 0.679679 2.654335 63.766060
BONES 1
BONE 4 1.000000

VERT 199
OFFSET 1.054609 1.986682 64.325462
BONES 1
BONE 4 1.000000

VERT 200
OFFSET 0.549277 2.865977 64.082184
BONES 1
BONE 4 1.000000

VERT 201
OFFSET 0.097958 3.252108 63.785175
BONES 1
BONE 4 1.000000

VERT 202
OFFSET 0.893600 1.947930 63.516735
BONES 1
BONE 4 1.000000

VERT 203
OFFSET 0.782803 1.289362 62.830254
BONES 1
BONE 4 1.000000

VERT 204
OFFSET 0.447529 1.231117 62.274647
BONES 1
BONE 4 1.000000

VERT 205
OFFSET 0.353640 1.749982 62.359680
BONES 1
BONE 4 1.000000

VERT 206
OFFSET 0.154479 2.264209 62.333729
BONES 1
BONE 4 1.000000

VERT 207
OFFSET 0.268627 1.599355 62.390228
BONES 1
BONE 4 1.000000

VERT 208
OFFSET 0.120017 2.061209 62.395252
BONES 1
BONE 4 1.000000

VERT 209
OFFSET 0.362413 0.934456 62.262188
BONES 2
BONE 4 1.000000
BONE 1 0.000000

VERT 210
OFFSET 0.360546 1.073353 62.331512
BONES 1
BONE 4 1.000000

VERT 211
OFFSET 0.302090 1.096397 61.643764
BONES 1
BONE 4 1.000000

VERT 212
OFFSET 0.426841 0.831811 62.035305
BONES 1
BONE 4 1.000000

VERT 213
OFFSET 0.143756 0.904347 61.674339
BONES 1
BONE 4 1.000000

VERT 214
OFFSET 0.168186 0.810007 61.789841
BONES 2
BONE 4 1.000000
BONE 1 0.000000

VERT 215
OFFSET 0.223850 0.778654 61.958214
BONES 1
BONE 4 1.000000

VERT 216
OFFSET 0.315952 0.813692 62.144371
BONES 1
BONE 4 1.000000

VERT 217
OFFSET -0.160938 2.191863 61.710251
BONES 1
BONE 4 1.000000

VERT 218
OFFSET -0.035111 1.815909 61.564041
BONES 1
BONE 4 1.000000

VERT 219
OFFSET 0.086972 1.934779 61.624809
BONES 1
BONE 4 1.000000

VERT 220
OFFSET 0.124855 1.181273 61.548203
BONES 1
BONE 4 1.000000

VERT 221
OFFSET 0.216060 1.530153 61.569519
BONES 1
BONE 4 1.000000

VERT 222
OFFSET 0.404206 1.035925 61.332077
BONES 1
BONE 4 1.000000

VERT 223
OFFSET -0.046396 2.418112 61.660957
BONES 1
BONE 4 1.000000

VERT 224
OFFSET 0.662730 0.606555 61.037422
BONES 1
BONE 4 1.000000

VERT 225
OFFSET 0.709175 0.812084 60.814919
BONES 1
BONE 4 1.000000

VERT 226
OFFSET 0.508645 1.414046 60.882027
BONES 1
BONE 4 1.000000

VERT 227
OFFSET 0.301011 1.787195 61.282604
BONES 1
BONE 4 1.000000

VERT 228
OFFSET 0.302600 2.043812 61.071812
BONES 1
BONE 4 1.000000

VERT 229
OFFSET 0.381751 1.886415 60.711937
BONES 1
BONE 4 1.000000

VERT 230
OFFSET 0.103396 2.333148 61.116711
BONES 1
BONE 4 1.000000

VERT 231
OFFSET -0.085910 2.414845 60.903324
BONES 1
BONE 4 1.000000

VERT 232
OFFSET 0.427972 1.588444 60.303223
BONES 1
BONE 4 1.000000

VERT 233
OFFSET 0.199885 2.136173 60.707653
BONES 1
BONE 4 1.000000

VERT 234
OFFSET 0.035222 2.161289 60.510670
BONES 1
BONE 4 1.000000

VERT 235
OFFSET 0.570996 1.145168 60.191322
BONES 1
BONE 4 1.000000

VERT 236
OFFSET 0.256049 1.761919 60.237167
BONES 1
BONE 4 1.000000

VERT 237
OFFSET 0.130086 1.324784 59.717232
BONES 1
BONE 4 1.000000

VERT 238
OFFSET -0.045093 1.681637 59.897171
BONES 1
BONE 4 1.000000

VERT 239
OFFSET -0.294731 0.739874 58.940453
BONES 1
BONE 4 1.000000

VERT 240
OFFSET -0.347369 1.966658 60.034618
BONES 1
BONE 4 1.000000

VERT 241
OFFSET -0.451014 2.285249 60.429119
BONES 1
BONE 4 1.000000

VERT 242
OFFSET -0.719298 2.116296 60.148090
BONES 1
BONE 4 1.000000

VERT 243
OFFSET -0.886987 1.862451 59.837406
BONES 1
BONE 4 1.000000

VERT 244
OFFSET -0.579852 1.490539 59.491287
BONES 1
BONE 4 1.000000

VERT 245
OFFSET -0.914596 1.244710 59.261623
BONES 1
BONE 4 1.000000

VERT 246
OFFSET -0.907890 0.488179 58.855843
BONES 1
BONE 4 1.000000

VERT 247
OFFSET -1.145864 0.811031 59.050182
BONES 1
BONE 4 1.000000

VERT 248
OFFSET -1.348049 1.507779 59.563274
BONES 1
BONE 4 1.000000

VERT 249
OFFSET -1.294964 0.435686 58.901211
BONES 1
BONE 4 1.000000

VERT 250
OFFSET -1.117735 0.138093 58.819595
BONES 1
BONE 4 1.000000

VERT 251
OFFSET -1.381360 -0.178998 58.819866
BONES 1
BONE 4 1.000000

VERT 252
OFFSET -1.402699 0.217422 58.818638
BONES 1
BONE 4 1.000000

VERT 253
OFFSET -0.135508 0.429107 58.771481
BONES 1
BONE 4 1.000000

VERT 254
OFFSET -0.339738 0.157818 58.632732
BONES 1
BONE 4 1.000000

VERT 255
OFFSET -0.439986 0.511664 58.780746
BONES 1
BONE 4 1.000000

VERT 256
OFFSET -0.041446 0.283262 58.770565
BONES 1
BONE 4 1.000000

VERT 257
OFFSET 0.147379 0.013407 59.032665
BONES 1
BONE 4 1.000000

VERT 258
OFFSET 0.104562 0.143976 58.927376
BONES 1
BONE 4 1.000000

VERT 259
OFFSET 0.104562 -0.145570 58.927376
BONES 1
BONE 4 1.000000

VERT 260
OFFSET -0.089265 -0.050304 58.738342
BONES 1
BONE 4 1.000000

VERT 261
OFFSET -0.287446 0.002936 58.598438
BONES 1
BONE 4 1.000000

VERT 262
OFFSET 0.130064 -1.326389 59.717278
BONES 1
BONE 4 1.000000

VERT 263
OFFSET 0.489707 -0.718161 59.708778
BONES 1
BONE 4 1.000000

VERT 264
OFFSET 0.104513 0.459322 59.033688
BONES 1
BONE 4 1.000000

VERT 265
OFFSET 1.067694 0.296362 60.578506
BONES 1
BONE 4 1.000000

VERT 266
OFFSET 0.776394 0.813412 60.429138
BONES 1
BONE 4 1.000000

VERT 267
OFFSET 1.092818 -0.265458 60.608669
BONES 1
BONE 4 1.000000

VERT 268
OFFSET 1.274805 -0.001424 60.680519
BONES 1
BONE 4 1.000000

VERT 269
OFFSET 0.987558 0.396683 60.720051
BONES 1
BONE 4 1.000000

VERT 270
OFFSET 1.337455 -0.000919 60.884701
BONES 1
BONE 4 1.000000

VERT 271
OFFSET 0.784937 0.324876 61.141602
BONES 1
BONE 4 1.000000

VERT 272
OFFSET 0.947175 -0.000808 61.184261
BONES 1
BONE 4 1.000000

VERT 273
OFFSET 0.821400 0.001994 61.734741
BONES 1
BONE 4 1.000000

VERT 274
OFFSET 0.734163 0.207254 61.552956
BONES 1
BONE 4 1.000000

VERT 275
OFFSET 0.733844 0.234975 61.869793
BONES 1
BONE 4 1.000000

VERT 276
OFFSET 0.851071 0.003115 62.094189
BONES 1
BONE 4 1.000000

VERT 277
OFFSET 0.403050 0.819065 61.452007
BONES 1
BONE 4 1.000000

VERT 278
OFFSET 0.468764 0.546790 61.585327
BONES 1
BONE 4 1.000000

VERT 279
OFFSET 0.640228 0.531485 62.136017
BONES 1
BONE 4 1.000000

VERT 280
OFFSET 0.320005 0.820265 61.802174
BONES 1
BONE 4 1.000000

VERT 281
OFFSET 0.431783 0.609781 61.863487
BONES 1
BONE 4 1.000000

VERT 282
OFFSET -0.645738 -0.650788 59.641151
BONES 2
BONE 4 1.000000
BONE 1 0.000000

VERT 283
OFFSET -0.537784 -0.600897 59.410126
BONES 1
BONE 4 1.000000

VERT 284
OFFSET -0.572235 -0.195911 59.197807
BONES 1
BONE 4 1.000000

VERT 285
OFFSET -0.789297 -0.443725 59.509613
BONES 1
BONE 4 1.000000

VERT 286
OFFSET -0.588151 -0.502574 59.970436
BONES 1
BONE 4 1.000000

VERT 287
OFFSET -0.229104 -0.576748 59.381477
BONES 1
BONE 4 1.000000

VERT 288
OFFSET 0.051595 -0.000798 59.228218
BONES 1
BONE 4 1.000000

VERT 289
OFFSET 0.114943 -0.534970 59.513092
BONES 1
BONE 4 1.000000

VERT 290
OFFSET -0.666042 -0.299639 59.978954
BONES 1
BONE 4 1.000000

VERT 291
OFFSET -0.157670 -0.393576 60.427475
BONES 1
BONE 4 1.000000

VERT 292
OFFSET -0.044372 -0.640712 60.147144
BONES 1
BONE 4 1.000000

VERT 293
OFFSET -0.154299 -0.760609 59.845188
BONES 1
BONE 4 1.000000

VERT 294
OFFSET 0.353401 -0.710978 59.888813
BONES 1
BONE 4 1.000000

VERT 295
OFFSET 0.361037 -0.339583 60.417622
BONES 1
BONE 4 1.000000

VERT 296
OFFSET -0.156310 -0.082192 60.510155
BONES 1
BONE 4 1.000000

VERT 297
OFFSET 0.374826 -0.068660 60.504044
BONES 1
BONE 4 1.000000

VERT 298
OFFSET 0.674999 0.091572 60.345871
BONES 1
BONE 4 1.000000

VERT 299
OFFSET 0.613231 -0.306755 60.333225
BONES 1
BONE 4 1.000000

VERT 300
OFFSET 0.460730 -0.574680 60.213337
BONES 1
BONE 4 1.000000

VERT 301
OFFSET -0.645739 0.649192 59.641151
BONES 2
BONE 4 1.000000
BONE 1 0.000000

VERT 302
OFFSET -0.154297 0.759014 59.845192
BONES 1
BONE 4 1.000000

VERT 303
OFFSET 0.353405 0.709383 59.888809
BONES 1
BONE 4 1.000000

VERT 304
OFFSET -0.030505 0.629148 60.166290
BONES 1
BONE 4 1.000000

VERT 305
OFFSET -0.588153 0.500978 59.970436
BONES 1
BONE 4 1.000000

VERT 306
OFFSET -0.537784 0.599304 59.410126
BONES 1
BONE 4 1.000000

VERT 307
OFFSET -0.229104 0.575153 59.381477
BONES 1
BONE 4 1.000000

VERT 308
OFFSET 0.114952 0.533381 59.513100
BONES 1
BONE 4 1.000000

VERT 309
OFFSET 0.506341 0.522482 60.259876
BONES 1
BONE 4 1.000000

VERT 310
OFFSET 0.349799 0.268380 60.459496
BONES 1
BONE 4 1.000000

VERT 311
OFFSET -0.156253 0.359096 60.455467
BONES 1
BONE 4 1.000000

VERT 312
OFFSET -0.665293 0.275740 59.976055
BONES 1
BONE 4 1.000000

VERT 313
OFFSET -0.802382 0.405701 59.492123
BONES 1
BONE 4 1.000000

VERT 314
OFFSET -0.572858 0.127114 59.175049
BONES 1
BONE 4 1.000000

VERT 315
OFFSET -0.223792 -0.000797 59.125107
BONES 1
BONE 4 1.000000

VERT 316
OFFSET 0.627449 -0.208314 59.829887
BONES 1
BONE 4 1.000000

VERT 317
OFFSET -0.071473 -2.474109 61.705139
BONES 1
BONE 4 1.000000

VERT 318
OFFSET 0.281329 -1.839074 61.304493
BONES 1
BONE 4 1.000000

VERT 319
OFFSET -0.307865 -2.691268 61.715473
BONES 1
BONE 4 1.000000

VERT 320
OFFSET -0.035380 -2.289944 61.769119
BONES 1
BONE 4 1.000000

VERT 321
OFFSET 0.080345 -1.957078 61.631531
BONES 1
BONE 4 1.000000

VERT 322
OFFSET 0.204080 -1.572683 61.569714
BONES 1
BONE 4 1.000000

VERT 323
OFFSET 0.508542 -1.416893 60.881836
BONES 1
BONE 4 1.000000

VERT 324
OFFSET -0.201055 -2.397626 61.957306
BONES 2
BONE 4 1.000000
BONE 1 0.000000

VERT 325
OFFSET 0.103423 -2.335400 61.116840
BONES 1
BONE 4 1.000000

VERT 326
OFFSET -0.553185 -2.754949 61.538628
BONES 1
BONE 4 1.000000

VERT 327
OFFSET -0.085999 -2.416940 60.903568
BONES 1
BONE 4 1.000000

VERT 328
OFFSET 0.381722 -1.888422 60.712147
BONES 1
BONE 4 1.000000

VERT 329
OFFSET 0.035160 -2.163089 60.510784
BONES 1
BONE 4 1.000000

VERT 330
OFFSET 0.199861 -2.138146 60.707867
BONES 1
BONE 4 1.000000

VERT 331
OFFSET 0.427985 -1.590013 60.303288
BONES 1
BONE 4 1.000000

VERT 332
OFFSET 0.255995 -1.763500 60.237160
BONES 1
BONE 4 1.000000

VERT 333
OFFSET 0.570986 -1.146784 60.191364
BONES 1
BONE 4 1.000000

VERT 334
OFFSET 0.663033 -0.608483 61.037231
BONES 1
BONE 4 1.000000

VERT 335
OFFSET 0.709237 -0.814183 60.814709
BONES 1
BONE 4 1.000000

VERT 336
OFFSET 0.987520 -0.398473 60.720055
BONES 1
BONE 4 1.000000

VERT 337
OFFSET 0.779366 -0.811549 60.440205
BONES 1
BONE 4 1.000000

VERT 338
OFFSET 0.405003 -1.038127 61.332275
BONES 1
BONE 4 1.000000

VERT 339
OFFSET 0.295319 -1.158675 61.631603
BONES 1
BONE 4 1.000000

VERT 340
OFFSET 0.302593 -2.046142 61.072018
BONES 1
BONE 4 1.000000

VERT 341
OFFSET 0.716339 -0.194182 59.763592
BONES 1
BONE 4 1.000000

VERT 342
OFFSET 0.608728 -0.632384 59.821640
BONES 1
BONE 4 1.000000

VERT 343
OFFSET 0.124617 -1.191662 61.542965
BONES 1
BONE 4 1.000000

VERT 344
OFFSET -0.034977 -1.818083 61.564007
BONES 1
BONE 4 1.000000

VERT 345
OFFSET -0.160988 -2.194705 61.710342
BONES 1
BONE 4 1.000000

VERT 346
OFFSET -0.194646 -2.313400 61.816208
BONES 2
BONE 4 1.000000
BONE 1 0.000000

VERT 347
OFFSET 0.141230 -0.989039 61.611767
BONES 1
BONE 4 1.000000

VERT 348
OFFSET 0.320510 -0.822856 61.803959
BONES 1
BONE 4 1.000000

VERT 349
OFFSET 0.157802 -0.829486 61.746712
BONES 1
BONE 4 1.000000

VERT 350
OFFSET 0.223804 -0.781461 61.958355
BONES 1
BONE 4 1.000000

VERT 351
OFFSET 0.315944 -0.816545 62.144535
BONES 1
BONE 4 1.000000

VERT 352
OFFSET -0.232400 2.743561 61.971207
BONES 1
BONE 4 1.000000

VERT 353
OFFSET -0.155975 2.570008 61.679367
BONES 1
BONE 4 1.000000

VERT 354
OFFSET -0.364270 2.650147 61.455292
BONES 1
BONE 4 1.000000

VERT 355
OFFSET -0.809790 2.731648 61.239384
BONES 1
BONE 4 1.000000

VERT 356
OFFSET -0.034969 2.442327 62.073158
BONES 1
BONE 4 1.000000

VERT 357
OFFSET -0.037203 2.278970 61.757271
BONES 1
BONE 4 1.000000

VERT 358
OFFSET 0.045413 2.425479 62.236996
BONES 1
BONE 4 1.000000

VERT 359
OFFSET 0.050430 2.221752 62.367950
BONES 2
BONE 4 1.000000
BONE 1 0.000000

VERT 360
OFFSET -0.033492 2.352319 62.343288
BONES 1
BONE 4 1.000000

VERT 361
OFFSET -0.132201 2.438788 62.211082
BONES 1
BONE 4 1.000000

VERT 362
OFFSET -0.183123 2.442850 62.078880
BONES 2
BONE 4 1.000000
BONE 1 0.000000

VERT 363
OFFSET -0.201028 2.394841 61.957188
BONES 2
BONE 4 1.000000
BONE 1 0.000000

VERT 364
OFFSET -0.194614 2.310614 61.816109
BONES 2
BONE 4 1.000000
BONE 1 0.000000

VERT 365
OFFSET 0.391037 2.089435 62.697834
BONES 1
BONE 4 1.000000

VERT 366
OFFSET 0.052484 2.705928 62.583912
BONES 1
BONE 4 1.000000

VERT 367
OFFSET 0.400557 2.482277 62.928566
BONES 1
BONE 4 1.000000

VERT 368
OFFSET 0.546233 -2.871707 64.080917
BONES 1
BONE 4 1.000000

VERT 369
OFFSET -2.590794 -3.565676 61.514229
BONES 1
BONE 4 1.000000

VERT 370
OFFSET -2.570396 -3.406953 61.164337
BONES 1
BONE 4 1.000000

VERT 371
OFFSET -2.557126 -3.313064 61.346695
BONES 2
BONE 4 1.000000
BONE 1 0.000000

VERT 372
OFFSET -2.427333 -3.024888 61.485683
BONES 1
BONE 4 1.000000

VERT 373
OFFSET -2.309817 -3.184223 61.771843
BONES 1
BONE 4 1.000000

VERT 374
OFFSET -2.355342 -3.318820 61.715626
BONES 1
BONE 4 1.000000

VERT 375
OFFSET -2.028057 -3.310992 61.883877
BONES 1
BONE 4 1.000000

VERT 376
OFFSET -2.315281 -3.540888 61.803959
BONES 1
BONE 4 1.000000

VERT 377
OFFSET -2.432878 -3.024805 61.214973
BONES 1
BONE 4 1.000000

VERT 378
OFFSET -2.158024 -2.901048 61.206059
BONES 1
BONE 4 1.000000

VERT 379
OFFSET -2.183498 -2.954206 61.511772
BONES 1
BONE 4 1.000000

VERT 380
OFFSET -2.079795 -3.038720 61.632103
BONES 1
BONE 4 1.000000

VERT 381
OFFSET -2.155070 -3.090368 61.454082
BONES 1
BONE 4 1.000000

VERT 382
OFFSET -2.773392 -3.433505 61.081543
BONES 1
BONE 4 1.000000

VERT 383
OFFSET -2.415253 -3.024154 60.922634
BONES 2
BONE 4 1.000000
BONE 1 0.000000

VERT 384
OFFSET -2.252460 -2.885476 60.687408
BONES 1
BONE 4 1.000000

VERT 385
OFFSET -2.028528 -2.920208 61.252956
BONES 1
BONE 4 1.000000

VERT 386
OFFSET -2.826555 -3.471895 60.977962
BONES 1
BONE 4 1.000000

VERT 387
OFFSET -2.514351 -3.053323 60.674423
BONES 1
BONE 4 1.000000

VERT 388
OFFSET -2.131727 -2.714571 60.640942
BONES 1
BONE 4 1.000000

VERT 389
OFFSET -1.766163 -3.222000 61.816475
BONES 1
BONE 4 1.000000

VERT 390
OFFSET -1.967139 -3.193851 61.662899
BONES 2
BONE 4 1.000000
BONE 1 0.000000

VERT 391
OFFSET -2.206496 -2.530355 60.697800
BONES 2
BONE 4 1.000000
BONE 1 0.000000

VERT 392
OFFSET -2.075152 -2.655887 60.877110
BONES 1
BONE 4 1.000000

VERT 393
OFFSET -1.974366 -3.361802 61.916676
BONES 1
BONE 4 1.000000

VERT 394
OFFSET -2.003349 -3.455351 62.283947
BONES 1
BONE 4 1.000000

VERT 395
OFFSET -1.720949 -3.292868 62.043526
BONES 2
BONE 4 1.000000
BONE 1 0.000000

VERT 396
OFFSET -1.848240 -3.357741 62.171055
BONES 2
BONE 4 1.000000
BONE 1 0.000000

VERT 397
OFFSET -2.252456 -3.392405 62.297024
BONES 1
BONE 4 1.000000

VERT 398
OFFSET -2.514836 -3.955475 62.330429
BONES 1
BONE 4 1.000000

VERT 399
OFFSET -2.485094 -3.971133 62.257835
BONES 1
BONE 4 1.000000

VERT 400
OFFSET -2.198505 -3.771694 62.398148
BONES 1
BONE 4 1.000000

VERT 401
OFFSET -2.273144 -3.650475 62.397736
BONES 1
BONE 4 1.000000

VERT 402
OFFSET -2.143078 -3.538396 62.131229
BONES 1
BONE 4 1.000000

VERT 403
OFFSET -2.118312 -3.747283 62.321465
BONES 1
BONE 4 1.000000

VERT 404
OFFSET -2.081316 -3.592396 62.152401
BONES 1
BONE 4 1.000000

VERT 405
OFFSET -2.297573 -3.664222 62.229332
BONES 1
BONE 4 1.000000

VERT 406
OFFSET -2.314705 -3.833712 62.245060
BONES 1
BONE 4 1.000000

VERT 407
OFFSET -2.565883 -3.929971 62.079937
BONES 1
BONE 4 1.000000

VERT 408
OFFSET -2.518141 -3.794276 62.183102
BONES 1
BONE 4 1.000000

VERT 409
OFFSET -2.767554 -3.825628 61.971008
BONES 1
BONE 4 1.000000

VERT 410
OFFSET -2.865148 -3.793331 61.692764
BONES 1
BONE 4 1.000000

VERT 411
OFFSET -2.880919 -3.767985 61.406662
BONES 1
BONE 4 1.000000

VERT 412
OFFSET -2.771540 -3.966750 61.851734
BONES 1
BONE 4 1.000000

VERT 413
OFFSET -2.592834 -3.449421 62.253960
BONES 1
BONE 4 1.000000

VERT 414
OFFSET -2.658512 -3.890712 62.321655
BONES 1
BONE 4 1.000000

VERT 415
OFFSET -2.851283 -4.033229 62.006798
BONES 1
BONE 4 1.000000

VERT 416
OFFSET -2.974916 -3.862938 61.521618
BONES 1
BONE 4 1.000000

VERT 417
OFFSET -2.936897 -3.606082 61.139141
BONES 1
BONE 4 1.000000

VERT 418
OFFSET -2.882772 -3.627615 61.753613
BONES 1
BONE 4 1.000000

VERT 419
OFFSET -2.920647 -3.325120 61.713158
BONES 1
BONE 4 1.000000

VERT 420
OFFSET -2.929947 -3.322197 61.964798
BONES 2
BONE 4 1.000000
BONE 1 0.000000

VERT 421
OFFSET -2.689327 -3.657974 62.076431
BONES 1
BONE 4 1.000000

VERT 422
OFFSET -2.509811 -3.599313 62.205891
BONES 1
BONE 4 1.000000

VERT 423
OFFSET -2.955408 -3.882421 61.983017
BONES 1
BONE 4 1.000000

VERT 424
OFFSET -3.024351 -3.758907 61.569180
BONES 1
BONE 4 1.000000

VERT 425
OFFSET -2.889907 -3.250273 61.361279
BONES 1
BONE 4 1.000000

VERT 426
OFFSET -2.975395 -3.517536 61.162724
BONES 1
BONE 4 1.000000

VERT 427
OFFSET -2.813640 -3.126420 61.078613
BONES 1
BONE 4 1.000000

VERT 428
OFFSET -2.683652 -3.021196 60.788532
BONES 1
BONE 4 1.000000

VERT 429
OFFSET -2.363811 -2.507616 60.686287
BONES 1
BONE 4 1.000000

VERT 430
OFFSET -2.343709 -2.804621 60.563229
BONES 1
BONE 4 1.000000

VERT 431
OFFSET -2.256817 -2.649884 60.584721
BONES 1
BONE 4 1.000000

VERT 432
OFFSET -2.821457 -3.700581 61.524200
BONES 1
BONE 4 1.000000

VERT 433
OFFSET -2.473702 -3.680636 61.780479
BONES 1
BONE 4 1.000000

VERT 434
OFFSET -2.652444 -3.750971 61.835045
BONES 1
BONE 4 1.000000

VERT 435
OFFSET -2.073627 2.654066 60.881538
BONES 1
BONE 4 1.000000

VERT 436
OFFSET -2.363811 2.506020 60.686287
BONES 1
BONE 4 1.000000

VERT 437
OFFSET -2.411619 1.350122 59.689606
BONES 1
BONE 4 1.000000

VERT 438
OFFSET -1.800172 2.082726 60.235592
BONES 1
BONE 4 1.000000

VERT 439
OFFSET -2.274429 2.392948 60.657074
BONES 1
BONE 4 1.000000

VERT 440
OFFSET -2.256181 1.642062 59.981102
BONES 1
BONE 4 1.000000

VERT 441
OFFSET -2.789716 2.560713 61.056328
BONES 1
BONE 4 1.000000

VERT 442
OFFSET -3.055910 2.874274 61.498184
BONES 1
BONE 4 1.000000

VERT 443
OFFSET -2.182658 1.066251 59.013592
BONES 1
BONE 4 1.000000

VERT 444
OFFSET -2.431767 1.244207 59.445709
BONES 1
BONE 4 1.000000

VERT 445
OFFSET -2.754954 1.335628 59.767170
BONES 1
BONE 4 1.000000

VERT 446
OFFSET -2.649817 1.587629 60.121750
BONES 1
BONE 4 1.000000

VERT 447
OFFSET -2.579962 2.084261 60.623440
BONES 1
BONE 4 1.000000

VERT 448
OFFSET -3.408589 1.996192 61.264973
BONES 1
BONE 4 1.000000

VERT 449
OFFSET -3.186750 1.380724 60.471443
BONES 1
BONE 4 1.000000

VERT 450
OFFSET -3.076200 1.239910 59.975994
BONES 1
BONE 4 1.000000

VERT 451
OFFSET -2.519306 1.196588 59.210129
BONES 1
BONE 4 1.000000

VERT 452
OFFSET -2.798770 1.206104 59.350212
BONES 2
BONE 4 1.000000
BONE 1 0.000000

VERT 453
OFFSET -3.111971 1.113925 59.520153
BONES 1
BONE 4 1.000000

VERT 454
OFFSET -3.379078 0.920974 59.630497
BONES 1
BONE 4 1.000000

VERT 455
OFFSET -1.685332 1.116110 59.364738
BONES 1
BONE 4 1.000000

VERT 456
OFFSET -1.495594 0.767738 59.061989
BONES 1
BONE 4 1.000000

VERT 457
OFFSET -1.561432 0.602720 58.904205
BONES 1
BONE 4 1.000000

VERT 458
OFFSET -1.901568 1.031552 59.261723
BONES 1
BONE 4 1.000000

VERT 459
OFFSET -1.550262 -0.252611 58.649956
BONES 1
BONE 4 1.000000

VERT 460
OFFSET -1.512308 -0.000798 58.622990
BONES 2
BONE 4 1.000000
BONE 1 0.000000

VERT 461
OFFSET -1.795994 0.672696 58.791843
BONES 1
BONE 4 1.000000

VERT 462
OFFSET -1.561432 -0.604317 58.904205
BONES 1
BONE 4 1.000000

VERT 463
OFFSET -2.649817 -1.589223 60.121750
BONES 1
BONE 4 1.000000

VERT 464
OFFSET -2.411619 -1.351718 59.689606
BONES 1
BONE 4 1.000000

VERT 465
OFFSET -1.901570 -1.033146 59.261719
BONES 1
BONE 4 1.000000

VERT 466
OFFSET -1.795995 -0.674293 58.791847
BONES 1
BONE 4 1.000000

VERT 467
OFFSET -2.431765 -1.245803 59.445709
BONES 1
BONE 4 1.000000

VERT 468
OFFSET -3.186746 -1.382325 60.471443
BONES 1
BONE 4 1.000000

VERT 469
