// Export time: Wed Oct 21 19:06:42 2020

// Exported using Blender v2.90.1
// Export filename: 'E:/blackops3/mod_xmodel/iw4/commander/ch_body_gk_commander_lod1.XMODEL_EXPORT'
// Source filename: 'E:/blackops3/mod_xmodel/iw4/commander/commander.blend'
MODEL
VERSION 6

NUMBONES 77
BONE 0 -1 "tag_origin"
BONE 1 0 "j_mainroot"
BONE 2 1 "j_hip_le"
BONE 3 2 "j_knee_le"
BONE 4 3 "j_ankle_le"
BONE 5 4 "j_ball_le"
BONE 6 2 "Skirt10_B_Yure_Skirt_H_"
BONE 7 1 "j_hip_ri"
BONE 8 7 "j_knee_ri"
BONE 9 8 "j_ankle_ri"
BONE 10 9 "j_ball_ri"
BONE 11 7 "Skirt04_B_Yure_Skirt_H_"
BONE 12 1 "j_spinelower"
BONE 13 12 "j_spineupper"
BONE 14 13 "j_spine4"
BONE 15 14 "j_clavicle_le"
BONE 16 15 "j_shoulder_le"
BONE 17 16 "j_elbow_bulge_le"
BONE 18 16 "j_elbow_le"
BONE 19 18 "j_wrist_le"
BONE 20 19 "j_index_le_1"
BONE 21 20 "j_index_le_2"
BONE 22 21 "j_index_le_3"
BONE 23 19 "j_mid_le_1"
BONE 24 23 "j_mid_le_2"
BONE 25 24 "j_mid_le_3"
BONE 26 19 "j_pinky_le_1"
BONE 27 26 "j_pinky_le_2"
BONE 28 27 "j_pinky_le_3"
BONE 29 19 "j_ring_le_1"
BONE 30 29 "j_ring_le_2"
BONE 31 30 "j_ring_le_3"
BONE 32 19 "j_thumb_le_1"
BONE 33 32 "j_thumb_le_2"
BONE 34 33 "j_thumb_le_3"
BONE 35 19 "j_wrist_le1"
BONE 36 35 "tag_weapon_left"
BONE 37 18 "j_wristtwist_le"
BONE 38 16 "j_shouldertwist_le"
BONE 39 38 "tag_reflector_arm_le"
BONE 40 14 "j_clavicle_ri"
BONE 41 40 "j_shoulder_ri"
BONE 42 41 "j_elbow_bulge_ri"
BONE 43 41 "j_elbow_ri"
BONE 44 43 "j_wrist_ri"
BONE 45 44 "j_index_ri_1"
BONE 46 45 "j_index_ri_2"
BONE 47 46 "j_index_ri_3"
BONE 48 44 "j_mid_ri_1"
BONE 49 48 "j_mid_ri_2"
BONE 50 49 "j_mid_ri_3"
BONE 51 44 "j_pinky_ri_1"
BONE 52 51 "j_pinky_ri_2"
BONE 53 52 "j_pinky_ri_3"
BONE 54 44 "j_ring_ri_1"
BONE 55 54 "j_ring_ri_2"
BONE 56 55 "j_ring_ri_3"
BONE 57 44 "j_thumb_ri_1"
BONE 58 57 "j_thumb_ri_2"
BONE 59 58 "j_thumb_ri_3"
BONE 60 44 "j_wrist_ri1"
BONE 61 60 "j_gun"
BONE 62 60 "tag_weapon_right"
BONE 63 43 "j_wristtwist_ri"
BONE 64 41 "j_shouldertwist_ri"
BONE 65 64 "tag_reflector_arm_ri"
BONE 66 14 "j_shoulderraise_le"
BONE 67 14 "j_shoulderraise_ri"
BONE 68 14 "tag_bipod"
BONE 69 14 "tag_inhand"
BONE 70 14 "tag_shield_back"
BONE 71 14 "tag_stowed_back"
BONE 72 14 "tag_weapon_chest"
BONE 73 14 "j_neck"
BONE 74 73 "j_head"
BONE 75 1 "tag_stowed_hip_rear"
BONE 76 0 "tag_sync"

BONE 0
OFFSET 0.000000 0.000000 0.000000
SCALE 1.000000 1.000000 1.000000
X 1.000000 0.000000 0.000000
Y 0.000000 1.000000 0.000000
Z 0.000000 0.000000 1.000000

BONE 1
OFFSET -2.942110 -0.000272 34.989143
SCALE 1.000000 1.000000 1.000000
X -0.024710 -0.000057 0.999695
Y 0.999695 0.000059 0.024710
Z -0.000061 1.000000 0.000055

BONE 2
OFFSET -2.032058 3.155489 33.298893
SCALE 1.000000 1.000000 1.000000
X -0.021520 -0.006708 -0.999746
Y 0.999757 -0.005012 -0.021487
Z -0.004866 -0.999965 0.006815

BONE 3
OFFSET -2.341508 3.059134 18.950306
SCALE 1.000000 1.000000 1.000000
X -0.113576 0.003193 -0.993524
Y 0.993495 -0.007952 -0.113598
Z -0.008264 -0.999963 -0.002269

BONE 4
OFFSET -3.997458 3.105696 4.467301
SCALE 1.000000 1.000000 1.000000
X 0.026363 0.010441 -0.999598
Y 0.998478 -0.048728 0.025824
Z -0.048439 -0.998757 -0.011710

BONE 5
OFFSET 0.002586 3.036901 -0.116981
SCALE 1.000000 1.000000 1.000000
X 0.978741 -0.049801 0.198963
Y -0.199299 -0.001818 0.979937
Z -0.048440 -0.998757 -0.011704

BONE 6
OFFSET -1.753266 6.270347 35.464283
SCALE 1.000000 1.000000 1.000000
X -0.999978 0.005280 -0.004013
Y 0.002068 0.823258 0.567663
Z 0.006301 0.567643 -0.823251

BONE 7
OFFSET -2.032066 -3.155486 33.298901
SCALE 1.000000 1.000000 1.000000
X 0.021518 -0.029972 0.999265
Y -0.999768 -0.000824 0.021506
Z 0.000179 -0.999550 -0.029983

BONE 8
OFFSET -2.341101 -2.725588 18.954899
SCALE 1.000000 1.000000 1.000000
X 0.113393 0.025013 0.993182
Y -0.993505 -0.006664 0.113590
Z 0.009460 -0.999665 0.024092

BONE 9
OFFSET -3.993416 -3.090457 4.474481
SCALE 1.000000 1.000000 1.000000
X -0.027339 -0.033992 0.998995
Y -0.998303 -0.050475 -0.029030
Z 0.051414 -0.998147 -0.032554

BONE 10
OFFSET 0.010337 -2.806230 -0.098220
SCALE 1.000000 1.000000 1.000000
X -0.978406 -0.043791 -0.201985
Y 0.200196 0.042323 -0.978790
Z 0.051414 -0.998144 -0.032642

BONE 11
OFFSET -1.714898 -6.272199 35.455025
SCALE 1.000000 1.000000 1.000000
X 0.671971 0.720301 -0.172104
Y 0.685570 -0.517134 0.512380
Z 0.280086 -0.462320 -0.841273

BONE 12
OFFSET -2.905391 0.000002 37.145824
SCALE 1.000000 1.000000 1.000000
X -0.029895 -0.000054 0.999553
Y 0.999553 0.000059 0.029895
Z -0.000060 1.000000 0.000052

BONE 13
OFFSET -2.731706 -0.000007 43.612446
SCALE 1.000000 1.000000 1.000000
X 0.020439 -0.000062 0.999791
Y 0.999791 0.000062 -0.020439
Z -0.000060 1.000000 0.000063

BONE 14
OFFSET -2.679413 -0.000197 46.983688
SCALE 1.000000 1.000000 1.000000
X 0.046997 -0.000058 0.998895
Y 0.998895 0.000063 -0.046997
Z -0.000060 1.000000 0.000061

BONE 15
OFFSET -2.915016 1.385696 51.085125
SCALE 1.000000 1.000000 1.000000
X 0.022188 0.996948 0.073471
Y -0.999643 0.021028 0.016485
Z 0.014890 -0.073675 0.997122

BONE 16
OFFSET -2.964381 3.898064 50.797375
SCALE 1.000000 1.000000 1.000000
X 0.081175 0.861493 -0.500941
Y -0.992816 0.114218 0.035599
Z 0.087898 0.494530 0.864704

BONE 17
OFFSET -2.691577 11.439034 46.598965
SCALE 1.000000 1.000000 1.000000
X 0.740020 0.548166 -0.389553
Y -0.666804 0.673722 -0.318281
Z 0.087993 0.495367 0.864216

BONE 18
OFFSET -2.550257 11.376993 46.620159
SCALE 1.000000 1.000000 1.000000
X 0.094738 0.871264 -0.481276
Y -0.991632 0.125188 0.031493
Z 0.087702 0.474346 0.875959

BONE 19
OFFSET -1.797040 18.001392 42.804451
SCALE 1.000000 1.000000 1.000000
X -0.034453 0.815321 -0.577725
Y 0.037740 -0.576659 -0.816112
Z -0.998693 -0.049921 -0.010909

BONE 20
OFFSET -0.827611 20.188364 41.595257
SCALE 1.000000 1.000000 1.000000
X 0.053119 0.865934 -0.497028
Y -0.099707 -0.490722 -0.865593
Z -0.993598 0.095536 0.060291

BONE 21
OFFSET -0.772459 21.088982 41.078335
SCALE 1.000000 1.000000 1.000000
X 0.053236 0.865214 -0.498268
Y -0.099856 -0.491939 -0.864885
Z -0.993577 0.095797 0.060226

BONE 22
OFFSET -0.739416 21.629295 40.767162
SCALE 1.000000 1.000000 1.000000
X 0.278608 0.786504 -0.550922
Y -0.082519 -0.551976 -0.829767
Z -0.956853 0.276607 -0.088852

BONE 23
OFFSET -1.485474 20.227921 41.568588
SCALE 1.000000 1.000000 1.000000
X 0.054976 0.866483 -0.495868
Y 0.053575 -0.498541 -0.865209
Z -0.997049 0.020986 -0.073831

BONE 24
OFFSET -1.424169 21.195669 41.014858
SCALE 1.000000 1.000000 1.000000
X 0.049920 0.866842 -0.495775
Y 0.053853 -0.498085 -0.865454
Z -0.997300 0.016491 -0.071548

BONE 25
OFFSET -1.385995 21.864332 40.632446
SCALE 1.000000 1.000000 1.000000
X 0.088856 0.811211 -0.577708
Y 0.048651 -0.582908 -0.811079
Z -0.994856 0.043945 -0.091260

BONE 26
OFFSET -2.598468 19.830271 41.538979
SCALE 1.000000 1.000000 1.000000
X 0.053452 0.865689 -0.497419
Y 0.084590 -0.500343 -0.861685
Z -0.994981 0.003967 -0.099978

BONE 27
OFFSET -2.547082 20.664103 41.059887
SCALE 1.000000 1.000000 1.000000
X 0.053664 0.866561 -0.495875
Y 0.084699 -0.498829 -0.862552
Z -0.994960 0.004272 -0.100171

BONE 28
OFFSET -2.517358 21.148077 40.782978
SCALE 1.000000 1.000000 1.000000
X 0.063246 0.801909 -0.593841
Y 0.077984 -0.597245 -0.798256
Z -0.994946 0.004161 -0.100315

BONE 29
OFFSET -2.068927 20.097647 41.595707
SCALE 1.000000 1.000000 1.000000
X 0.053060 0.866023 -0.496879
Y 0.107067 -0.499722 -0.859543
Z -0.992835 -0.007610 -0.119246

BONE 30
OFFSET -2.011652 21.034565 41.058113
SCALE 1.000000 1.000000 1.000000
X 0.052051 0.758049 -0.649894
Y 0.097246 -0.651583 -0.752312
Z -0.993898 -0.024055 -0.107642

BONE 31
OFFSET -1.979261 21.510923 40.649776
SCALE 1.000000 1.000000 1.000000
X 0.024343 0.740780 -0.671092
Y 0.098289 -0.669860 -0.735944
Z -0.994860 -0.048056 -0.089128

BONE 32
OFFSET -1.053112 18.149744 42.084656
SCALE 1.000000 1.000000 1.000000
X 0.499478 0.678890 -0.537969
Y -0.796363 0.604298 0.023456
Z 0.341069 0.416783 0.842593

BONE 33
OFFSET -0.422371 19.007923 41.403557
SCALE 1.000000 1.000000 1.000000
X 0.499021 0.677685 -0.539909
Y -0.797867 0.602467 0.019011
Z 0.338212 0.421369 0.841463

BONE 34
OFFSET 0.019609 19.608662 40.924786
SCALE 1.000000 1.000000 1.000000
X 0.582881 0.606872 -0.540156
Y -0.733438 0.679089 -0.028218
Z 0.349741 0.412699 0.841046

BONE 35
OFFSET 0.325616 16.332302 42.576210
SCALE 1.000000 1.000000 1.000000
X -0.034534 0.815315 -0.577729
Y 0.037739 -0.576662 -0.816110
Z -0.998691 -0.049986 -0.010861

BONE 36
OFFSET 18.163008 -4.661161 23.458935
SCALE 1.000000 1.000000 1.000000
X 0.580511 0.735026 -0.350069
Y -0.571189 0.674060 0.468348
Z 0.580301 -0.071813 0.811187

BONE 37
OFFSET -2.017523 16.061884 43.921410
SCALE 1.000000 1.000000 1.000000
X 0.094767 0.871347 -0.481121
Y -0.991630 0.125202 0.031491
Z 0.087690 0.474190 0.876045

BONE 38
OFFSET -2.936993 4.188941 50.627869
SCALE 1.000000 1.000000 1.000000
X 0.081082 0.860951 -0.501887
Y -0.992816 0.114222 0.035599
Z 0.087988 0.495472 0.864156

BONE 39
OFFSET -2.493611 5.434068 51.687031
SCALE 1.000000 1.000000 1.000000
X 0.174965 0.192814 0.965494
Y -0.963574 -0.167904 0.208124
Z 0.202268 -0.966647 0.156298

BONE 40
OFFSET -2.915016 -1.385699 51.085133
SCALE 1.000000 1.000000 1.000000
X -0.019466 0.997196 -0.072254
Y 0.999656 0.018143 -0.018932
Z -0.017568 -0.072598 -0.997207

BONE 41
OFFSET -2.949261 -3.880996 50.801228
SCALE 1.000000 1.000000 1.000000
X -0.086710 0.854464 0.512223
Y 0.991149 0.125869 -0.042185
Z -0.100518 0.504032 -0.857816

BONE 42
OFFSET -2.625233 -11.378967 46.510410
SCALE 1.000000 1.000000 1.000000
X -0.742850 0.535500 0.401764
Y 0.661853 0.677656 0.320519
Z -0.100619 0.504007 -0.857819

BONE 43
OFFSET -2.484329 -11.315479 46.531193
SCALE 1.000000 1.000000 1.000000
X -0.088726 0.884236 0.458535
Y 0.991228 0.123655 -0.046654
Z -0.097953 0.450373 -0.887451

BONE 44
OFFSET -1.781717 -18.005199 42.907261
SCALE 1.000000 1.000000 1.000000
X 0.044708 0.795845 0.603848
Y -0.024451 -0.603400 0.797064
Z 0.998701 -0.050399 -0.007518

BONE 45
OFFSET -0.827503 -20.188389 41.595192
SCALE 1.000000 1.000000 1.000000
X -0.049763 0.867564 0.494830
Y 0.110560 -0.487614 0.866030
Z 0.992623 0.097805 -0.071653

BONE 46
OFFSET -0.775783 -21.090588 41.080502
SCALE 1.000000 1.000000 1.000000
X -0.047518 0.866319 0.497227
Y 0.111029 -0.490124 0.864553
Z 0.992680 0.096288 -0.072897

BONE 47
OFFSET -0.745933 -21.633701 40.768902
SCALE 1.000000 1.000000 1.000000
X -0.142433 0.875340 0.462054
Y 0.108781 -0.450142 0.886306
Z 0.983809 0.176502 -0.031106

BONE 48
OFFSET -1.485368 -20.227936 41.568550
SCALE 1.000000 1.000000 1.000000
X -0.051895 0.865868 0.497573
Y -0.049177 -0.499856 0.864711
Z 0.997441 0.020405 0.068521

BONE 49
OFFSET -1.427488 -21.194199 41.013355
SCALE 1.000000 1.000000 1.000000
X -0.051980 0.865904 0.497503
Y -0.048497 -0.499778 0.864795
Z 0.997470 0.020825 0.067972

BONE 50
OFFSET -1.387419 -21.860693 40.630463
SCALE 1.000000 1.000000 1.000000
X -0.051424 0.871491 0.487708
Y -0.049133 -0.489970 0.870353
Z 0.997468 0.020794 0.068015

BONE 51
OFFSET -2.598357 -19.830301 41.538921
SCALE 1.000000 1.000000 1.000000
X -0.054368 0.866247 0.496649
Y -0.070558 -0.499474 0.863451
Z 0.996025 0.011901 0.088276

BONE 52
OFFSET -2.545908 -20.664890 41.060459
SCALE 1.000000 1.000000 1.000000
X -0.054237 0.867478 0.494511
Y -0.070692 -0.497333 0.864675
Z 0.996022 0.011939 0.088297

BONE 53
OFFSET -2.515423 -21.153614 40.781918
SCALE 1.000000 1.000000 1.000000
X -0.012030 0.866290 0.499396
Y -0.045193 -0.499393 0.865196
Z 0.998906 -0.012161 0.045158

BONE 54
OFFSET -2.068820 -20.097677 41.595654
SCALE 1.000000 1.000000 1.000000
X -0.052865 0.866350 0.496631
Y -0.104971 -0.499393 0.859993
Z 0.993069 -0.006668 0.117342

BONE 55
OFFSET -2.011750 -21.034180 41.058857
SCALE 1.000000 1.000000 1.000000
X -0.051279 0.865970 0.497460
Y -0.105529 -0.500026 0.859557
Z 0.993093 -0.008419 0.117025

BONE 56
OFFSET -1.979351 -21.579992 40.745285
SCALE 1.000000 1.000000 1.000000
X -0.051967 0.862769 0.502920
Y -0.105220 -0.505528 0.856370
Z 0.993090 -0.008414 0.117051

BONE 57
OFFSET -1.053008 -18.149761 42.084621
SCALE 1.000000 1.000000 1.000000
X -0.499968 0.682975 0.532519
Y 0.742072 0.020830 0.669996
Z 0.446499 0.730144 -0.517231

BONE 58
OFFSET -0.421833 -19.012125 41.412037
SCALE 1.000000 1.000000 1.000000
X -0.523919 0.666584 0.530259
Y 0.750768 0.067353 0.657123
Z 0.402313 0.742381 -0.535738

BONE 59
OFFSET 0.049481 -19.611923 40.934917
SCALE 1.000000 1.000000 1.000000
X -0.343820 0.715098 0.608624
Y 0.842495 -0.051335 0.536252
Z 0.414716 0.697137 -0.584817

BONE 60
OFFSET -4.123762 -19.856966 43.137199
SCALE 1.000000 1.000000 1.000000
X 0.044708 0.795845 0.603847
Y -0.024451 -0.603399 0.797064
Z 0.998701 -0.050399 -0.007518

BONE 61
OFFSET -9.406494 -26.135965 42.778652
SCALE 1.000000 1.000000 1.000000
X 0.573207 -0.723293 -0.385072
Y 0.563984 0.689163 -0.454946
Z 0.594436 0.043604 0.802960

BONE 62
OFFSET -9.406494 -26.135965 42.778652
SCALE 1.000000 1.000000 1.000000
X 0.573407 -0.722845 -0.385616
Y 0.534999 0.686841 -0.491961
Z 0.620468 0.075789 0.780561

BONE 63
OFFSET -1.987422 -16.046677 43.968239
SCALE 1.000000 1.000000 1.000000
X -0.088734 0.884236 0.458534
Y 0.991227 0.123663 -0.046652
Z -0.097955 0.450371 -0.887452

BONE 64
OFFSET -2.922872 -4.141078 50.645313
SCALE 1.000000 1.000000 1.000000
X -0.086714 0.854464 0.512223
Y 0.991149 0.125873 -0.042184
Z -0.100520 0.504032 -0.857816

BONE 65
OFFSET -2.456077 -5.394308 51.687656
SCALE 1.000000 1.000000 1.000000
X 0.110746 -0.263284 0.958341
Y 0.963901 -0.206476 -0.168113
Z 0.242135 0.942364 0.230913

BONE 66
OFFSET -2.558913 3.303948 52.813549
SCALE 1.000000 1.000000 1.000000
X -0.019311 -0.997191 -0.072369
Y 0.999659 -0.017985 -0.018929
Z 0.017574 -0.072710 0.997198

BONE 67
OFFSET -2.558514 -3.304986 52.813274
SCALE 1.000000 1.000000 1.000000
X 0.022409 -0.997171 0.072447
Y -0.999638 -0.021269 0.016487
Z -0.014899 -0.072858 -0.997256

BONE 68
OFFSET 13.323307 -23.411469 30.247723
SCALE 1.000000 1.000000 1.000000
X 1.000000 0.000023 0.000086
Y -0.000023 1.000000 -0.000000
Z -0.000086 0.000000 1.000000

BONE 69
OFFSET 8.634863 -23.412220 36.454826
SCALE 1.000000 1.000000 1.000000
X -0.000082 1.000000 0.000128
Y 0.764273 0.000145 -0.644893
Z -0.644893 0.000045 -0.764273

BONE 70
OFFSET -9.593933 0.657183 47.309837
SCALE 1.000000 1.000000 1.000000
X -0.989754 -0.000193 0.142783
Y 0.000195 -1.000000 -0.000000
Z 0.142783 0.000028 0.989754

BONE 71
OFFSET -8.077295 -3.774297 45.566391
SCALE 1.000000 1.000000 1.000000
X -0.006968 0.025923 -0.999640
Y -0.984168 -0.177222 0.002265
Z -0.177100 0.983830 0.026747

BONE 72
OFFSET 8.634863 -23.412220 36.454826
SCALE 1.000000 1.000000 1.000000
X 1.000000 0.000004 0.000086
Y -0.000004 1.000000 -0.000001
Z -0.000086 0.000001 1.000000

BONE 73
OFFSET -2.709356 -0.000018 52.903717
SCALE 1.000000 1.000000 1.000000
X 0.264624 0.000009 0.964352
Y 0.964352 -0.000000 -0.264624
Z -0.000002 1.000000 -0.000009

BONE 74
OFFSET -2.107826 -0.000017 55.611103
SCALE 1.000000 1.000000 1.000000
X 0.170425 0.000001 0.985371
Y 0.985371 -0.000000 -0.170425
Z 0.000000 1.000000 -0.000001

BONE 75
OFFSET -7.725121 -2.152361 30.059591
SCALE 1.000000 1.000000 1.000000
X -0.188046 0.137986 0.972419
Y 0.149146 -0.974588 0.167136
Z 0.970770 0.176462 0.162687

BONE 76
OFFSET -0.001872 -0.000000 -0.000000
SCALE 1.000000 1.000000 1.000000
X -1.000000 0.000000 0.000000
Y 0.000000 -1.000000 0.000000
Z 0.000000 0.000000 1.000000


NUMVERTS 4634
VERT 0
OFFSET -3.674367 6.137879 47.740959
BONES 1
BONE 16 1.000000

VERT 1
OFFSET -4.308058 6.415818 48.082558
BONES 1
BONE 16 1.000000

VERT 2
OFFSET -2.704740 7.775147 50.458210
BONES 1
BONE 16 1.000000

VERT 3
OFFSET -3.437085 7.816917 50.482800
BONES 1
BONE 16 1.000000

VERT 4
OFFSET -4.138689 7.608470 50.094704
BONES 1
BONE 16 1.000000

VERT 5
OFFSET -4.509848 7.267902 49.462513
BONES 1
BONE 16 1.000000

VERT 6
OFFSET -4.698023 6.935021 48.824963
BONES 1
BONE 16 1.000000

VERT 7
OFFSET -4.620610 6.681157 48.418659
BONES 1
BONE 16 1.000000

VERT 8
OFFSET -1.826058 7.584983 50.156120
BONES 1
BONE 16 1.000000

VERT 9
OFFSET -1.487427 7.403444 49.787888
BONES 2
BONE 16 1.000000
BONE 11 0.000000

VERT 10
OFFSET -1.317285 7.185993 49.372768
BONES 2
BONE 16 1.000000
BONE 11 0.000000

VERT 11
OFFSET -1.307541 6.908508 48.869175
BONES 2
BONE 16 1.000000
BONE 11 0.000000

VERT 12
OFFSET -1.881768 8.532371 49.280167
BONES 1
BONE 16 1.000000

VERT 13
OFFSET -1.613718 8.374331 48.941116
BONES 1
BONE 16 1.000000

VERT 14
OFFSET -1.565651 9.439546 48.603924
BONES 1
BONE 16 1.000000

VERT 15
OFFSET -1.996078 9.599121 48.919857
BONES 1
BONE 16 1.000000

VERT 16
OFFSET -1.916296 7.572435 50.108223
BONES 1
BONE 16 1.000000

VERT 17
OFFSET -2.845631 7.773070 50.385948
BONES 1
BONE 16 1.000000

VERT 18
OFFSET -1.560171 7.377818 49.739799
BONES 1
BONE 16 1.000000

VERT 19
OFFSET -1.277072 8.962962 47.675220
BONES 1
BONE 16 1.000000

VERT 20
OFFSET -1.458590 8.043958 48.634323
BONES 1
BONE 16 1.000000

VERT 21
OFFSET -1.401528 7.175364 49.352993
BONES 1
BONE 16 1.000000

VERT 22
OFFSET -1.402860 7.639096 48.328468
BONES 1
BONE 16 1.000000

VERT 23
OFFSET -1.386657 6.934966 48.911755
BONES 1
BONE 16 1.000000

VERT 24
OFFSET -1.473443 6.662897 48.421669
BONES 2
BONE 16 1.000000
BONE 11 0.000000

VERT 25
OFFSET -1.450533 7.578088 47.839722
BONES 1
BONE 16 1.000000

VERT 26
OFFSET -1.328276 8.651551 47.065311
BONES 1
BONE 16 1.000000

VERT 27
OFFSET -1.399012 6.613509 48.392704
BONES 1
BONE 16 1.000000

VERT 28
OFFSET -1.678785 6.477121 48.142979
BONES 2
BONE 16 1.000000
BONE 11 0.000000

VERT 29
OFFSET -1.550213 8.507100 46.833805
BONES 1
BONE 16 1.000000

VERT 30
OFFSET -2.464929 8.188057 46.379990
BONES 1
BONE 16 1.000000

VERT 31
OFFSET -2.955269 8.123620 46.296883
BONES 1
BONE 16 1.000000

VERT 32
OFFSET -1.962657 8.335899 46.567039
BONES 2
BONE 16 1.000000
BONE 11 0.000000

VERT 33
OFFSET -2.031454 6.300391 47.866138
BONES 1
BONE 16 1.000000

VERT 34
OFFSET -2.506418 6.929587 47.243397
BONES 1
BONE 16 1.000000

VERT 35
OFFSET -2.545150 6.117687 47.661858
BONES 2
BONE 16 1.000000
BONE 11 0.000000

VERT 36
OFFSET -2.995959 7.128442 47.075687
BONES 1
BONE 16 1.000000

VERT 37
OFFSET -3.128768 6.055577 47.658398
BONES 1
BONE 16 1.000000

VERT 38
OFFSET -2.535827 6.043337 47.600178
BONES 1
BONE 16 1.000000

VERT 39
OFFSET -2.008278 6.207310 47.801125
BONES 1
BONE 16 1.000000

VERT 40
OFFSET -2.492616 6.830424 47.218010
BONES 1
BONE 16 1.000000

VERT 41
OFFSET -3.021112 6.984568 47.088367
BONES 1
BONE 16 1.000000

VERT 42
OFFSET -2.428482 8.149462 46.314224
BONES 1
BONE 16 1.000000

VERT 43
OFFSET -2.962906 8.076260 46.219185
BONES 1
BONE 16 1.000000

VERT 44
OFFSET -2.850442 8.538999 49.854286
BONES 1
BONE 16 1.000000

VERT 45
OFFSET -2.446437 8.621609 49.725449
BONES 1
BONE 16 1.000000

VERT 46
OFFSET -2.110389 8.661019 49.517426
BONES 1
BONE 16 1.000000

VERT 47
OFFSET -2.872791 8.747752 49.660351
BONES 1
BONE 16 1.000000

VERT 48
OFFSET -3.200101 9.765255 49.201878
BONES 1
BONE 16 1.000000

VERT 49
OFFSET -3.712157 9.728400 49.010647
BONES 2
BONE 16 1.000000
BONE 11 0.000000

VERT 50
OFFSET -3.345961 8.514855 49.763622
BONES 1
BONE 16 1.000000

VERT 51
OFFSET -3.777876 8.610179 49.498646
BONES 1
BONE 16 1.000000

VERT 52
OFFSET -4.046245 9.629942 48.690121
BONES 1
BONE 16 1.000000

VERT 53
OFFSET -4.455353 9.355371 47.865807
BONES 1
BONE 16 1.000000

VERT 54
OFFSET -4.291343 8.180994 48.901165
BONES 1
BONE 16 1.000000

VERT 55
OFFSET -4.124842 8.211987 49.371689
BONES 1
BONE 16 1.000000

VERT 56
OFFSET -3.999677 8.533003 46.691174
BONES 1
BONE 16 1.000000

VERT 57
OFFSET -4.285243 8.784793 46.989799
BONES 1
BONE 16 1.000000

VERT 58
OFFSET -4.452851 9.104318 47.426403
BONES 1
BONE 16 1.000000

VERT 59
OFFSET -4.396958 8.167744 48.449646
BONES 1
BONE 16 1.000000

VERT 60
OFFSET -4.339059 7.797103 47.690109
BONES 2
BONE 16 1.000000
BONE 11 0.000000

VERT 61
OFFSET -3.429648 7.790636 50.388397
BONES 1
BONE 16 1.000000

VERT 62
OFFSET -3.875928 7.659781 50.179329
BONES 1
BONE 16 1.000000

VERT 63
OFFSET -4.463925 7.803791 48.207718
BONES 1
BONE 16 1.000000

VERT 64
OFFSET -4.059517 7.502151 47.445553
BONES 1
BONE 16 1.000000

VERT 65
OFFSET -4.468020 7.225510 49.319054
BONES 1
BONE 16 1.000000

VERT 66
OFFSET -4.230999 6.464992 48.111340
BONES 2
BONE 16 1.000000
BONE 11 0.000000

VERT 67
OFFSET -4.212409 7.490671 49.878651
BONES 1
BONE 16 1.000000

VERT 68
OFFSET -4.609226 6.934838 48.828648
BONES 1
BONE 16 1.000000

VERT 69
OFFSET -4.530879 6.693221 48.440521
BONES 1
BONE 16 1.000000

VERT 70
OFFSET -3.631014 6.182673 47.806755
BONES 1
BONE 16 1.000000

VERT 71
OFFSET -3.503135 7.373345 47.102966
BONES 1
BONE 16 1.000000

VERT 72
OFFSET -3.456991 8.279566 46.431015
BONES 1
BONE 16 1.000000

VERT 73
OFFSET -1.613233 6.434521 48.104034
BONES 1
BONE 16 1.000000

VERT 74
OFFSET -1.245704 8.633486 47.031834
BONES 1
BONE 16 1.000000

VERT 75
OFFSET -1.808409 8.574256 49.281647
BONES 1
BONE 16 1.000000

VERT 76
OFFSET -1.566712 8.291640 49.040424
BONES 1
BONE 16 1.000000

VERT 77
OFFSET -1.191984 8.986726 47.713711
BONES 1
BONE 16 1.000000

VERT 78
OFFSET -1.381593 7.562526 47.816769
BONES 1
BONE 16 1.000000

VERT 79
OFFSET -1.500997 8.497099 46.756527
BONES 1
BONE 16 1.000000

VERT 80
OFFSET -1.388355 8.049340 48.647896
BONES 1
BONE 16 1.000000

VERT 81
OFFSET -1.316874 7.881985 48.155087
BONES 1
BONE 16 1.000000

VERT 82
OFFSET -3.552371 7.086382 47.206310
BONES 1
BONE 16 1.000000

VERT 83
OFFSET -4.359657 8.765610 46.943073
BONES 1
BONE 16 1.000000

VERT 84
OFFSET -4.068873 8.508369 46.635887
BONES 1
BONE 16 1.000000

VERT 85
OFFSET -4.535737 9.090585 47.385513
BONES 1
BONE 16 1.000000

VERT 86
OFFSET -4.552387 9.344190 47.814548
BONES 1
BONE 16 1.000000

VERT 87
OFFSET -4.360201 9.522622 48.281189
BONES 1
BONE 16 1.000000

VERT 88
OFFSET -4.111876 9.683705 48.720852
BONES 1
BONE 16 1.000000

VERT 89
OFFSET -3.759245 9.786713 49.065418
BONES 1
BONE 16 1.000000

VERT 90
OFFSET -3.504387 8.248260 46.371822
BONES 1
BONE 16 1.000000

VERT 91
OFFSET -4.096139 7.596970 47.322811
BONES 1
BONE 16 1.000000

VERT 92
OFFSET -1.956015 6.859219 47.484180
BONES 1
BONE 16 1.000000

VERT 93
OFFSET -1.930441 8.302889 46.489132
BONES 1
BONE 16 1.000000

VERT 94
OFFSET -4.399974 7.817407 47.649067
BONES 1
BONE 16 1.000000

VERT 95
OFFSET -4.176220 8.210138 49.429581
BONES 1
BONE 16 1.000000

VERT 96
OFFSET -4.401276 7.976949 48.985039
BONES 1
BONE 16 1.000000

VERT 97
OFFSET -3.855834 8.388661 49.660259
BONES 1
BONE 16 1.000000

VERT 98
OFFSET -4.469363 8.176953 48.455429
BONES 1
BONE 16 1.000000

VERT 99
OFFSET -4.511453 7.964890 48.085464
BONES 1
BONE 16 1.000000

VERT 100
OFFSET -3.370980 8.496429 49.851719
BONES 1
BONE 16 1.000000

VERT 101
OFFSET -3.307242 9.822164 49.244995
BONES 1
BONE 16 1.000000

VERT 102
OFFSET -1.392923 9.376985 48.438541
BONES 1
BONE 16 1.000000

VERT 103
OFFSET -1.669627 9.570709 48.822510
BONES 1
BONE 16 1.000000

VERT 104
OFFSET -2.545605 9.760028 49.199200
BONES 1
BONE 16 1.000000

VERT 105
OFFSET -2.410946 9.671376 49.089565
BONES 2
BONE 16 1.000000
BONE 11 0.000000

VERT 106
OFFSET -2.333820 8.531001 49.671005
BONES 1
BONE 16 1.000000

VERT 107
OFFSET -1.124982 20.285259 41.528980
BONES 2
BONE 23 0.435806
BONE 20 0.564194

VERT 108
OFFSET -0.951187 20.276495 41.211109
BONES 1
BONE 20 1.000000

VERT 109
OFFSET -0.772854 20.226028 41.190861
BONES 1
BONE 20 1.000000

VERT 110
OFFSET -0.923097 21.004192 40.872154
BONES 2
BONE 21 0.587153
BONE 20 0.412847

VERT 111
OFFSET -1.092568 20.930862 41.189087
BONES 2
BONE 21 0.307901
BONE 20 0.692099

VERT 112
OFFSET -0.605432 20.274664 41.229710
BONES 1
BONE 20 1.000000

VERT 113
OFFSET -0.764690 20.911190 40.869064
BONES 2
BONE 20 0.743537
BONE 21 0.256463

VERT 114
OFFSET -0.608839 21.003466 40.890305
BONES 2
BONE 20 0.422876
BONE 21 0.577124

VERT 115
OFFSET -0.988318 21.852022 40.656490
BONES 2
BONE 21 0.051214
BONE 22 0.948786

VERT 116
OFFSET -0.875482 21.951210 40.421997
BONES 2
BONE 21 0.056659
BONE 22 0.943341

VERT 117
OFFSET -0.744781 22.000153 40.366478
BONES 1
BONE 22 1.000000

VERT 118
OFFSET -0.614204 21.810513 40.509205
BONES 2
BONE 21 0.116091
BONE 22 0.883909

VERT 119
OFFSET -0.752202 21.594034 40.550678
BONES 2
BONE 21 0.237467
BONE 22 0.762533

VERT 120
OFFSET -0.756006 22.283012 40.519314
BONES 1
BONE 22 1.000000

VERT 121
OFFSET -0.611843 22.181524 40.506340
BONES 1
BONE 22 1.000000

VERT 122
OFFSET -0.537005 21.855591 40.680466
BONES 2
BONE 21 0.060406
BONE 22 0.939594

VERT 123
OFFSET -0.457614 20.658936 41.374832
BONES 2
BONE 21 0.122548
BONE 20 0.877452

VERT 124
OFFSET -0.906515 22.206999 40.588879
BONES 1
BONE 22 1.000000

VERT 125
OFFSET -1.025470 20.402994 41.774296
BONES 2
BONE 19 0.067125
BONE 20 0.932875

VERT 126
OFFSET -0.569818 20.496981 41.739254
BONES 3
BONE 19 0.072815
BONE 20 0.909743
BONE 21 0.017443

VERT 127
OFFSET -0.801041 20.790915 41.634331
BONES 2
BONE 21 0.016842
BONE 20 0.983158

VERT 128
OFFSET -0.624426 21.910133 40.851143
BONES 2
BONE 21 0.051675
BONE 22 0.948325

VERT 129
OFFSET -0.637092 22.192326 40.645706
BONES 1
BONE 22 1.000000

VERT 130
OFFSET -0.772923 22.015564 40.834332
BONES 2
BONE 21 0.038264
BONE 22 0.961736

VERT 131
OFFSET -0.922493 21.906553 40.831284
BONES 3
BONE 20 0.007860
BONE 22 0.939552
BONE 21 0.052588

VERT 132
OFFSET -1.156747 20.072817 42.053005
BONES 2
BONE 19 1.000000
BONE 11 0.000000

VERT 133
OFFSET -0.878716 20.155807 42.105888
BONES 2
BONE 20 0.530231
BONE 19 0.469769

VERT 134
OFFSET -0.752507 19.228903 42.371250
BONES 1
BONE 19 1.000000

VERT 135
OFFSET -0.480136 20.002689 41.742584
BONES 2
BONE 20 0.580105
BONE 19 0.419895

VERT 136
OFFSET -0.383250 19.063745 41.910866
BONES 2
BONE 32 0.457637
BONE 19 0.542363

VERT 137
OFFSET -1.170798 18.900791 42.725517
BONES 2
BONE 18 0.034725
BONE 19 0.965275

VERT 138
OFFSET -1.489665 20.163946 42.080849
BONES 2
BONE 23 0.501544
BONE 19 0.498456

VERT 139
OFFSET -1.787423 20.183899 41.925282
BONES 2
BONE 19 1.000000
BONE 11 0.000000

VERT 140
OFFSET -2.070771 20.037350 42.083755
BONES 2
BONE 29 0.027753
BONE 19 0.972247

VERT 141
OFFSET -1.912403 19.097063 42.637341
BONES 1
BONE 19 1.000000

VERT 142
OFFSET -2.365747 19.813730 41.956501
BONES 2
BONE 19 1.000000
BONE 11 0.000000

VERT 143
OFFSET -2.571276 19.434343 42.160084
BONES 1
BONE 19 1.000000

VERT 144
OFFSET -2.841041 19.139505 42.039116
BONES 1
BONE 19 1.000000

VERT 145
OFFSET -2.561071 18.076870 42.609013
BONES 2
BONE 19 1.000000
BONE 11 0.000000

VERT 146
OFFSET -2.219335 18.516642 42.888653
BONES 2
BONE 18 0.100000
BONE 19 0.900000

VERT 147
OFFSET -2.343153 20.068817 41.532654
BONES 1
BONE 26 1.000000

VERT 148
OFFSET -1.673170 20.402060 41.765705
BONES 2
BONE 19 0.081768
BONE 23 0.918232

VERT 149
OFFSET -1.271890 20.394787 41.784039
BONES 2
BONE 19 0.082277
BONE 23 0.917723

VERT 150
OFFSET -2.266532 17.522554 42.339867
BONES 2
BONE 18 0.457852
BONE 19 0.542148

VERT 151
OFFSET -2.362349 17.929609 41.862919
BONES 2
BONE 19 1.000000
BONE 11 0.000000

VERT 152
OFFSET -2.622406 17.860426 42.348457
BONES 2
BONE 19 0.936639
BONE 18 0.063361

VERT 153
OFFSET -2.886407 19.017830 41.737152
BONES 1
BONE 19 1.000000

VERT 154
OFFSET -2.841534 19.923445 41.419121
BONES 2
BONE 19 0.103068
BONE 26 0.896932

VERT 155
OFFSET -2.069422 18.661512 41.568573
BONES 2
BONE 19 1.000000
BONE 11 0.000000

VERT 156
OFFSET -2.482751 18.668283 41.613754
BONES 2
BONE 19 1.000000
BONE 11 0.000000

VERT 157
OFFSET -2.739651 19.417473 41.401409
BONES 2
BONE 19 1.000000
BONE 11 0.000000

VERT 158
OFFSET -2.035798 20.096575 41.234119
BONES 2
BONE 29 0.966439
BONE 19 0.033561

VERT 159
OFFSET -2.203354 20.113867 41.310707
BONES 2
BONE 29 1.000000
BONE 11 0.000000

VERT 160
OFFSET -2.385937 19.899050 41.266251
BONES 3
BONE 19 0.053361
BONE 29 0.005929
BONE 26 0.940710

VERT 161
OFFSET -2.620551 19.807678 41.216667
BONES 2
BONE 26 0.825613
BONE 19 0.174387

VERT 162
OFFSET -2.491365 19.329649 41.379261
BONES 1
BONE 19 1.000000

VERT 163
OFFSET -1.596438 19.746016 41.269836
BONES 1
BONE 19 1.000000

VERT 164
OFFSET -1.563128 20.185389 41.272606
BONES 2
BONE 23 0.815782
BONE 19 0.184218

VERT 165
OFFSET -1.794668 18.632643 41.671902
BONES 1
BONE 19 1.000000

VERT 166
OFFSET -1.900965 17.819046 41.913177
BONES 2
BONE 19 0.972853
BONE 18 0.027147

VERT 167
OFFSET -1.530620 17.842772 41.852818
BONES 1
BONE 19 1.000000

VERT 168
OFFSET -1.070386 18.637508 41.411079
BONES 3
BONE 32 0.900000
BONE 19 0.100000
BONE 11 0.000000

VERT 169
OFFSET -1.005832 17.670078 41.776577
BONES 2
BONE 19 1.000000
BONE 11 0.000000

VERT 170
OFFSET -0.748649 18.919773 41.275635
BONES 2
BONE 33 0.004115
BONE 32 0.995885

VERT 171
OFFSET -0.787047 18.432457 41.309566
BONES 3
BONE 19 0.087243
BONE 32 0.889827
BONE 33 0.022930

VERT 172
OFFSET -1.093510 18.892975 41.598457
BONES 2
BONE 32 0.429127
BONE 19 0.570873

VERT 173
OFFSET -0.732422 19.628260 41.436329
BONES 1
BONE 19 1.000000

VERT 174
OFFSET -0.526418 19.201506 41.678696
BONES 3
BONE 33 0.191109
BONE 19 0.360754
BONE 32 0.448138

VERT 175
OFFSET -0.743629 19.078293 41.486397
BONES 2
BONE 32 1.000000
BONE 11 0.000000

VERT 176
OFFSET -0.588469 20.114773 41.458118
BONES 2
BONE 19 0.037389
BONE 20 0.962611

VERT 177
OFFSET -0.786386 20.108103 41.355125
BONES 2
BONE 19 0.422212
BONE 20 0.577788

VERT 178
OFFSET -1.266611 20.196655 41.318768
BONES 2
BONE 19 0.092625
BONE 23 0.907375

VERT 179
OFFSET -1.859662 20.153189 41.284473
BONES 1
BONE 29 1.000000

VERT 180
OFFSET -0.748615 -18.919743 41.275650
BONES 2
BONE 57 0.995901
BONE 58 0.004099

VERT 181
OFFSET -0.487598 -18.207483 41.417435
BONES 2
BONE 57 0.971194
BONE 58 0.028806

VERT 182
OFFSET 0.237580 -19.485533 40.657639
BONES 2
BONE 59 0.842476
BONE 58 0.157524

VERT 183
OFFSET -0.743593 -19.078268 41.486408
BONES 2
BONE 57 1.000000
BONE 11 0.000000

VERT 184
OFFSET -0.134155 -19.627058 40.780998
BONES 2
BONE 59 0.340511
BONE 58 0.659489

VERT 185
OFFSET -0.526388 -19.201483 41.678722
BONES 3
BONE 44 0.360742
BONE 57 0.448143
BONE 58 0.191115

VERT 186
OFFSET 0.268175 -20.124395 40.452412
BONES 1
BONE 59 1.000000

VERT 187
OFFSET 0.444520 -19.963379 40.403164
BONES 1
BONE 59 1.000000

VERT 188
OFFSET 0.004660 -19.554567 40.670067
BONES 2
BONE 58 0.424374
BONE 59 0.575626

VERT 189
OFFSET -0.100716 -19.786982 40.891727
BONES 2
BONE 58 0.439292
BONE 59 0.560708

VERT 190
OFFSET 0.049431 -19.919781 41.051186
BONES 2
BONE 58 0.152987
BONE 59 0.847013

VERT 191
OFFSET 0.518537 -20.148708 40.549564
BONES 1
BONE 59 1.000000

VERT 192
OFFSET 0.327818 -20.241774 40.669056
BONES 1
BONE 59 1.000000

VERT 193
OFFSET -0.875471 -21.951214 40.422039
BONES 2
BONE 46 0.056688
BONE 47 0.943312

VERT 194
OFFSET -0.744766 -22.000172 40.366528
BONES 1
BONE 47 1.000000

VERT 195
OFFSET -0.614184 -21.810514 40.509251
BONES 2
BONE 46 0.116021
BONE 47 0.883979

VERT 196
OFFSET -0.611825 -22.181538 40.506386
BONES 1
BONE 47 1.000000

VERT 197
OFFSET -0.755997 -22.283024 40.519356
BONES 1
BONE 47 1.000000

VERT 198
OFFSET -0.906501 -22.207012 40.588924
BONES 1
BONE 47 1.000000

VERT 199
OFFSET -0.988301 -21.852043 40.656525
BONES 2
BONE 46 0.051214
BONE 47 0.948786

VERT 200
OFFSET -1.092551 -20.930771 41.189171
BONES 2
BONE 46 0.307686
BONE 45 0.692314

VERT 201
OFFSET -0.951150 -20.276485 41.211147
BONES 1
BONE 45 1.000000

VERT 202
OFFSET -1.124959 -20.285257 41.529003
BONES 2
BONE 48 0.435828
BONE 45 0.564172

VERT 203
OFFSET -0.923072 -21.004210 40.872185
BONES 2
BONE 46 0.587211
BONE 45 0.412789

VERT 204
OFFSET -0.752186 -21.594036 40.550728
BONES 2
BONE 47 0.762505
BONE 46 0.237495

VERT 205
OFFSET -0.536987 -21.855551 40.680538
BONES 2
BONE 46 0.060479
BONE 47 0.939521

VERT 206
OFFSET -0.457586 -20.658897 41.374886
BONES 2
BONE 46 0.122551
BONE 45 0.877449

VERT 207
OFFSET -0.605410 -20.274662 41.229744
BONES 1
BONE 45 1.000000

VERT 208
OFFSET -0.772837 -20.226030 41.190887
BONES 1
BONE 45 1.000000

VERT 209
OFFSET -0.764660 -20.911180 40.869106
BONES 2
BONE 46 0.256414
BONE 45 0.743586

VERT 210
OFFSET -0.608817 -21.003460 40.890350
BONES 2
BONE 45 0.422931
BONE 46 0.577069

VERT 211
OFFSET -0.637087 -22.192341 40.645760
BONES 1
BONE 47 1.000000

VERT 212
OFFSET -0.624408 -21.910139 40.851192
BONES 2
BONE 46 0.051684
BONE 47 0.948316

VERT 213
OFFSET -0.569797 -20.496864 41.739357
BONES 3
BONE 44 0.072832
BONE 45 0.909713
BONE 46 0.017456

VERT 214
OFFSET -0.772910 -22.015589 40.834366
BONES 2
BONE 47 0.961755
BONE 46 0.038245

VERT 215
OFFSET -0.801013 -20.790834 41.634415
BONES 2
BONE 46 0.016775
BONE 45 0.983225

VERT 216
OFFSET -0.878719 -20.155785 42.105942
BONES 2
BONE 44 0.469729
BONE 45 0.530271

VERT 217
OFFSET -1.025442 -20.402998 41.774315
BONES 2
BONE 44 0.067118
BONE 45 0.932882

VERT 218
OFFSET -0.922476 -21.906574 40.831314
BONES 3
BONE 46 0.052562
BONE 45 0.007864
BONE 47 0.939575

VERT 219
OFFSET -2.533081 -21.461676 40.855686
BONES 2
BONE 52 0.049601
BONE 53 0.950399

VERT 220
OFFSET -2.410862 -21.372370 40.897095
BONES 3
BONE 51 0.024335
BONE 53 0.909305
BONE 52 0.066360

VERT 221
OFFSET -2.662139 -21.370527 40.827858
BONES 2
BONE 53 0.928150
BONE 52 0.071850

VERT 222
OFFSET -2.686652 -21.305138 40.667694
BONES 2
BONE 52 0.029278
BONE 53 0.970722

VERT 223
OFFSET -2.592487 -21.635435 40.601898
BONES 1
BONE 53 1.000000

VERT 224
OFFSET -2.451544 -21.701223 40.566639
BONES 1
BONE 53 1.000000

VERT 225
OFFSET -2.348311 -21.639551 40.671307
BONES 1
BONE 53 1.000000

VERT 226
OFFSET -2.307412 -21.194363 40.854671
BONES 3
BONE 51 0.117022
BONE 53 0.782473
BONE 52 0.100504

VERT 227
OFFSET -2.635950 -20.320059 41.546043
BONES 3
BONE 44 0.030413
BONE 51 0.932125
BONE 52 0.037462

VERT 228
OFFSET -2.801496 -20.218708 41.476486
BONES 3
BONE 44 0.057306
BONE 51 0.905567
BONE 52 0.037127

VERT 229
OFFSET -2.808853 -20.581348 41.045280
BONES 2
BONE 52 0.274051
BONE 51 0.725949

VERT 230
OFFSET -2.841519 -19.923424 41.419140
BONES 2
BONE 44 0.103157
BONE 51 0.896843

VERT 231
OFFSET -2.449833 -20.024178 41.684338
BONES 2
BONE 44 0.092178
BONE 51 0.907822

VERT 232
OFFSET -2.126487 -21.614603 40.587757
BONES 2
BONE 55 0.325255
BONE 56 0.674745

VERT 233
OFFSET -1.985944 -21.584766 40.546467
BONES 2
BONE 56 0.787654
BONE 55 0.212346

VERT 234
OFFSET -2.183562 -20.955229 40.878437
BONES 2
BONE 54 0.576951
BONE 55 0.423049

VERT 235
OFFSET -1.853016 -21.626766 40.598816
BONES 2
BONE 55 0.260876
BONE 56 0.739124

VERT 236
OFFSET -1.925170 -22.035053 40.339931
BONES 1
BONE 56 1.000000

VERT 237
OFFSET -2.103646 -22.047068 40.399834
BONES 1
BONE 56 1.000000

VERT 238
OFFSET -2.223550 -21.825256 40.650200
BONES 2
BONE 55 0.097603
BONE 56 0.902397

VERT 239
OFFSET -1.747723 -21.828402 40.677692
BONES 2
BONE 55 0.073038
BONE 56 0.926962

VERT 240
OFFSET -2.017910 -20.868830 40.868050
BONES 2
BONE 55 0.110941
BONE 54 0.889059

VERT 241
OFFSET -1.848920 -20.863987 40.941723
BONES 2
BONE 55 0.247573
BONE 54 0.752427

VERT 242
OFFSET -2.033040 -20.268219 41.095810
BONES 1
BONE 54 1.000000

VERT 243
OFFSET -2.205853 -20.298216 41.127308
BONES 1
BONE 54 1.000000

VERT 244
OFFSET -1.859643 -20.153187 41.284500
BONES 1
BONE 54 1.000000

VERT 245
OFFSET -1.711558 -20.784351 41.251686
BONES 2
BONE 55 0.029657
BONE 54 0.970343

VERT 246
OFFSET -2.343534 -20.080282 41.533779
BONES 1
BONE 51 1.000000

VERT 247
OFFSET -2.341458 -20.920473 41.131210
BONES 2
BONE 54 0.854619
BONE 55 0.145381

VERT 248
OFFSET 0.007119 -18.718502 41.391434
BONES 2
BONE 58 0.191280
BONE 57 0.808720

VERT 249
OFFSET -0.024142 -18.866997 41.640476
BONES 2
BONE 57 0.760907
BONE 58 0.239093

VERT 250
OFFSET -0.383230 -19.063721 41.910885
BONES 2
BONE 44 0.542359
BONE 57 0.457641

VERT 251
OFFSET -0.349071 -18.206020 41.662560
BONES 2
BONE 57 1.000000
BONE 11 0.000000

VERT 252
OFFSET 0.314258 -19.889523 41.042732
BONES 2
BONE 59 0.909150
BONE 58 0.090850

VERT 253
OFFSET -0.218637 -19.055632 41.820297
BONES 2
BONE 58 0.011055
BONE 57 0.988945

VERT 254
OFFSET 0.254336 -19.320351 40.987259
BONES 3
BONE 58 0.500000
BONE 59 0.500000
BONE 11 0.000000

VERT 255
OFFSET 0.388395 -19.662884 41.014790
BONES 2
BONE 59 0.867344
BONE 58 0.132656

VERT 256
OFFSET 0.463400 -20.155207 40.770416
BONES 1
BONE 59 1.000000

VERT 257
OFFSET 0.528826 -19.940166 40.779865
BONES 1
BONE 59 1.000000

VERT 258
OFFSET 0.564077 -19.924778 40.558922
BONES 1
BONE 59 1.000000

VERT 259
OFFSET 0.451693 -19.635929 40.761482
BONES 2
BONE 58 0.050920
BONE 59 0.949080

VERT 260
OFFSET -2.356638 -21.487444 40.403458
BONES 1
BONE 53 1.000000

VERT 261
OFFSET -2.457034 -21.078573 40.594540
BONES 2
BONE 52 0.311815
BONE 53 0.688185

VERT 262
OFFSET -2.359475 -21.083420 40.680428
BONES 2
BONE 53 0.447978
BONE 52 0.552022

VERT 263
OFFSET -2.536334 -21.445400 40.422436
BONES 2
BONE 53 0.970124
BONE 52 0.029876

VERT 264
OFFSET -2.357535 -20.518019 40.930408
BONES 2
BONE 52 0.337757
BONE 51 0.662243

VERT 265
OFFSET -2.488492 -20.517141 40.835964
BONES 2
BONE 51 0.788011
BONE 52 0.211989

VERT 266
OFFSET -2.482410 -19.999023 41.067631
BONES 1
BONE 51 1.000000

VERT 267
OFFSET -2.642214 -20.466990 40.866135
BONES 2
BONE 51 0.631673
BONE 52 0.368327

VERT 268
OFFSET -2.159665 -21.888498 40.830574
BONES 3
BONE 54 0.019674
BONE 56 0.931749
BONE 55 0.048577

VERT 269
OFFSET -2.128399 -22.202732 40.576416
BONES 1
BONE 56 1.000000

VERT 270
OFFSET -1.971779 -22.275780 40.506100
BONES 1
BONE 56 1.000000

VERT 271
OFFSET -1.995898 -22.009512 40.829117
BONES 2
BONE 55 0.039674
BONE 56 0.960326

VERT 272
OFFSET -1.825555 -22.200949 40.594826
BONES 1
BONE 56 1.000000

VERT 273
OFFSET -1.839510 -21.895035 40.849289
BONES 3
BONE 54 0.011780
BONE 56 0.944445
BONE 55 0.043775

VERT 274
OFFSET -1.861434 -20.275965 41.772160
BONES 2
BONE 44 0.091321
BONE 54 0.908679

VERT 275
OFFSET -2.280039 -20.420279 41.659805
BONES 2
BONE 44 0.047812
BONE 54 0.952188

VERT 276
OFFSET -2.058776 -20.824697 41.548519
BONES 2
BONE 55 0.036534
BONE 54 0.963466

VERT 277
OFFSET -1.244436 -22.154823 40.725391
BONES 2
BONE 49 0.041932
BONE 50 0.958068

VERT 278
OFFSET -1.397265 -22.264345 40.705383
BONES 2
BONE 49 0.034277
BONE 50 0.965724

VERT 279
OFFSET -1.527933 -22.458986 40.452251
BONES 1
BONE 50 1.000000

VERT 280
OFFSET -1.374036 -22.534500 40.378117
BONES 1
BONE 50 1.000000

VERT 281
OFFSET -1.229973 -22.457211 40.468178
BONES 1
BONE 50 1.000000

VERT 282
OFFSET -1.153348 -22.071760 40.564209
BONES 2
BONE 49 0.063486
BONE 50 0.936514

VERT 283
OFFSET -1.108015 -20.989286 41.203762
BONES 2
BONE 49 0.198266
BONE 48 0.801734

VERT 284
OFFSET -1.221214 -21.208294 41.327038
BONES 2
BONE 48 0.980841
BONE 49 0.019159

VERT 285
OFFSET -1.448303 -21.001505 41.522396
BONES 2
BONE 48 0.927616
BONE 49 0.072384

VERT 286
OFFSET -1.661312 -21.171215 41.321072
BONES 2
BONE 49 0.012187
BONE 48 0.987813

VERT 287
OFFSET -1.673147 -20.402056 41.765739
BONES 2
BONE 44 0.081770
BONE 48 0.918230

VERT 288
OFFSET -1.271869 -20.394779 41.784069
BONES 2
BONE 44 0.082277
BONE 48 0.917723

VERT 289
OFFSET -1.757886 -20.977726 41.170921
BONES 2
BONE 49 0.169226
BONE 48 0.830774

VERT 290
OFFSET -1.750653 -20.316149 41.519707
BONES 2
BONE 54 0.793958
BONE 48 0.206042

VERT 291
OFFSET -1.551796 -22.156242 40.706390
BONES 2
BONE 49 0.040173
BONE 50 0.959827

VERT 292
OFFSET -1.623378 -22.071737 40.538643
BONES 2
BONE 49 0.072573
BONE 50 0.927427

VERT 293
OFFSET -1.258979 -21.879919 40.489510
BONES 2
BONE 50 0.731908
BONE 49 0.268092

VERT 294
OFFSET -1.511090 -22.258656 40.271591
BONES 2
BONE 49 0.030031
BONE 50 0.969969

VERT 295
OFFSET -1.390356 -21.845058 40.435513
BONES 2
BONE 49 0.185729
BONE 50 0.814270

VERT 296
OFFSET -1.328838 -22.308884 40.210793
BONES 1
BONE 50 1.000000

VERT 297
OFFSET -1.421250 -21.019730 40.841534
BONES 2
BONE 49 0.047708
BONE 48 0.952292

VERT 298
OFFSET -1.438805 -20.359076 41.094120
BONES 1
BONE 48 1.000000

VERT 299
OFFSET -1.604039 -21.023405 40.894440
BONES 2
BONE 49 0.190811
BONE 48 0.809189

VERT 300
OFFSET -1.248325 -21.030380 40.912098
BONES 2
BONE 49 0.190816
BONE 48 0.809184

VERT 301
OFFSET -1.266588 -20.196657 41.318802
BONES 2
BONE 44 0.092518
BONE 48 0.907482

VERT 302
OFFSET -1.563094 -20.185379 41.272640
BONES 2
BONE 44 0.184031
BONE 48 0.815969

VERT 303
OFFSET -1.596477 -19.745998 41.269863
BONES 1
