// Export time: Wed Oct 21 22:15:21 2020

// Exported using Blender v2.90.1
// Export filename: 'E:/blackops3/mod_xmodel/iw4/commander/ch_head_gk_commander.XMODEL_EXPORT'
// Source filename: 'E:/blackops3/mod_xmodel/iw4/commander/commander.blend'
MODEL
VERSION 6

NUMBONES 32
BONE 0 -1 "tag_origin"
BONE 1 0 "j_spineupper"
BONE 2 1 "j_neck"
BONE 3 2 "j_head"
BONE 4 3 "j_brow_le"
BONE 5 3 "j_brow_ri"
BONE 6 3 "j_browouter_le"
BONE 7 3 "j_browouter_ri"
BONE 8 3 "j_cheek_le"
BONE 9 3 "j_cheek_ri"
BONE 10 3 "j_cheeklower_le"
BONE 11 3 "j_cheeklower_ri"
BONE 12 3 "j_eye_lid_bot_le"
BONE 13 3 "j_eye_lid_bot_ri"
BONE 14 3 "j_eye_lid_top_le"
BONE 15 3 "j_eye_lid_top_ri"
BONE 16 3 "j_eyeball_le"
BONE 17 3 "j_eyeball_ri"
BONE 18 3 "j_head_end"
BONE 19 18 "j_helmet"
BONE 20 3 "j_jaw"
BONE 21 20 "j_chin_skinroll"
BONE 22 20 "j_lip_bot_le"
BONE 23 20 "j_lip_bot_ri"
BONE 24 3 "j_levator_le"
BONE 25 3 "j_levator_ri"
BONE 26 3 "j_lip_top_le"
BONE 27 3 "j_lip_top_ri"
BONE 28 3 "j_mouth_le"
BONE 29 3 "j_mouth_ri"
BONE 30 3 "j_nvg"
BONE 31 3 "tag_eye"

BONE 0
OFFSET 0.000000 0.000000 0.000000
SCALE 1.000000 1.000000 1.000000
X 1.000000 0.000000 0.000000
Y 0.000000 1.000000 0.000000
Z 0.000000 0.000000 1.000000

BONE 1
OFFSET -2.731706 -0.000007 43.612446
SCALE 1.000000 1.000000 1.000000
X 0.020439 -0.000062 0.999791
Y 0.999791 0.000062 -0.020439
Z -0.000060 1.000000 0.000063

BONE 2
OFFSET -2.709356 -0.000018 52.903717
SCALE 1.000000 1.000000 1.000000
X 0.264616 0.000009 0.964354
Y 0.964354 -0.000000 -0.264616
Z -0.000002 1.000000 -0.000009

BONE 3
OFFSET -2.107826 -0.000017 55.611103
SCALE 1.000000 1.000000 1.000000
X 0.170433 0.000001 0.985369
Y 0.985369 -0.000000 -0.170433
Z 0.000000 1.000000 -0.000001

BONE 4
OFFSET 0.928562 1.366535 59.289280
SCALE 1.000000 1.000000 1.000000
X 0.000651 0.999995 -0.000114
Y -0.998860 0.000643 -0.047722
Z -0.047722 0.000145 0.998861

BONE 5
OFFSET 0.927071 -1.348568 59.260391
SCALE 1.000000 1.000000 1.000000
X 0.000008 1.000000 0.000097
Y 0.998880 -0.000013 0.047323
Z 0.047323 0.000096 -0.998880

BONE 6
OFFSET 0.739898 2.175025 59.455826
SCALE 1.000000 1.000000 1.000000
X 0.000637 1.000000 -0.000132
Y -0.998867 0.000631 -0.047582
Z -0.047582 0.000162 0.998868

BONE 7
OFFSET 0.725924 -2.171779 59.455162
SCALE 1.000000 1.000000 1.000000
X 0.000014 1.000000 0.000071
Y 0.998892 -0.000017 0.047050
Z 0.047050 0.000070 -0.998893

BONE 8
OFFSET -0.346619 1.076898 56.910873
SCALE 1.000000 1.000000 1.000000
X 0.000651 0.999995 -0.000126
Y -0.998867 0.000643 -0.047586
Z -0.047586 0.000157 0.998867

BONE 9
OFFSET -0.358226 -1.034288 56.948372
SCALE 1.000000 1.000000 1.000000
X 0.000022 1.000000 0.000080
Y 0.998887 -0.000026 0.047177
Z 0.047177 0.000079 -0.998887

BONE 10
OFFSET -0.352444 0.967599 56.227829
SCALE 1.000000 1.000000 1.000000
X 0.170296 -0.000002 0.985393
Y 0.985393 -0.000000 -0.170297
Z 0.000001 1.000000 0.000002

BONE 11
OFFSET -0.326800 -0.966617 56.245213
SCALE 1.000000 1.000000 1.000000
X 0.170162 0.000002 0.985416
Y 0.985416 -0.000000 -0.170162
Z -0.000000 1.000000 -0.000002

BONE 12
OFFSET -0.153278 1.595610 57.673115
SCALE 1.000000 1.000000 1.000000
X -0.065596 0.997127 0.038049
Y -0.996961 -0.063883 -0.044580
Z -0.042022 -0.040854 0.998282

BONE 13
OFFSET -0.167225 -1.591473 57.672489
SCALE 1.000000 1.000000 1.000000
X 0.066593 0.997041 -0.038391
Y 0.996931 -0.064901 0.043771
Z 0.041150 -0.041188 -0.998304

BONE 14
OFFSET -0.153278 1.595610 57.973839
SCALE 1.000000 1.000000 1.000000
X -0.065476 0.997122 0.037996
Y -0.996962 -0.063763 -0.044727
Z -0.042175 -0.040814 0.998276

BONE 15
OFFSET -0.167224 -1.591461 57.973225
SCALE 1.000000 1.000000 1.000000
X 0.066550 0.997045 -0.038385
Y 0.996934 -0.064858 0.043770
Z 0.041151 -0.041181 -0.998304

BONE 16
OFFSET -2.458130 1.051019 58.077866
SCALE 1.000000 1.000000 1.000000
X -0.205891 0.978522 -0.010059
Y -0.977359 -0.206138 -0.047718
Z -0.048766 0.000005 0.998810

BONE 17
OFFSET -2.465192 -1.034137 58.084671
SCALE 1.000000 1.000000 1.000000
X 0.207722 0.978140 0.009739
Y 0.977066 -0.207950 0.045816
Z 0.046839 -0.000001 -0.998903

BONE 18
OFFSET -1.700953 -0.000291 58.849285
SCALE 1.000000 1.000000 1.000000
X 0.170164 -0.000001 0.985416
Y 0.985416 -0.000000 -0.170164
Z 0.000000 1.000000 0.000001

BONE 19
OFFSET -2.265516 -0.000290 59.557590
SCALE 1.000000 1.000000 1.000000
X 0.995877 -0.000077 0.090712
Y 0.000078 1.000000 -0.000002
Z -0.090712 0.000009 0.995877

BONE 20
OFFSET -0.966326 -0.000019 55.573433
SCALE 1.000000 1.000000 1.000000
X 0.000647 1.000000 -0.000099
Y -0.998867 0.000642 -0.047584
Z -0.047584 0.000129 0.998867

BONE 21
OFFSET 0.159741 -0.001235 54.405643
SCALE 1.000000 1.000000 1.000000
X 0.000647 1.000000 -0.000095
Y -0.998861 0.000642 -0.047721
Z -0.047721 0.000126 0.998861

BONE 22
OFFSET 0.611243 0.229596 55.459785
SCALE 1.000000 1.000000 1.000000
X 0.000648 1.000000 -0.000085
Y -0.998861 0.000644 -0.047721
Z -0.047721 0.000116 0.998861

BONE 23
OFFSET 0.597270 -0.226342 55.459118
SCALE 1.000000 1.000000 1.000000
X 0.000676 1.000000 -0.000409
Y 0.998848 -0.000637 0.047995
Z 0.047995 -0.000441 -0.998848

BONE 24
OFFSET 0.130018 0.323657 56.715248
SCALE 1.000000 1.000000 1.000000
X 0.000646 0.999998 -0.000080
Y -0.998854 0.000641 -0.047862
Z -0.047862 0.000111 0.998854

BONE 25
OFFSET 0.144228 -0.311625 56.718487
SCALE 1.000000 1.000000 1.000000
X 0.000011 1.000000 0.000095
Y 0.998887 -0.000015 0.047176
Z 0.047176 0.000095 -0.998887

BONE 26
OFFSET 0.707416 0.227693 55.579029
SCALE 1.000000 1.000000 1.000000
X 0.000645 1.000000 -0.000084
Y -0.998861 0.000640 -0.047723
Z -0.047723 0.000115 0.998861

BONE 27
OFFSET 0.693442 -0.224448 55.578373
SCALE 1.000000 1.000000 1.000000
X 0.000009 1.000000 0.000089
Y 0.998893 -0.000013 0.047038
Z 0.047038 0.000089 -0.998893

BONE 28
OFFSET 0.580679 0.507594 55.571548
SCALE 1.000000 1.000000 1.000000
X 0.000648 0.999997 -0.000113
Y -0.998854 0.000641 -0.047858
Z -0.047858 0.000143 0.998854

BONE 29
OFFSET 0.580679 -0.507594 55.571545
SCALE 1.000000 1.000000 1.000000
X 0.000009 1.000000 0.000093
Y 0.998899 -0.000013 0.046904
Z 0.046904 0.000092 -0.998899

BONE 30
OFFSET 0.999150 -0.000289 58.357040
SCALE 1.000000 1.000000 1.000000
X 0.985407 -0.000008 -0.170214
Y -0.170215 0.000000 -0.985407
Z 0.000008 1.000000 -0.000001

BONE 31
OFFSET -0.117835 -0.000017 57.139385
SCALE 1.000000 1.000000 1.000000
X 0.922576 -0.000066 0.385816
Y 0.000070 1.000000 0.000004
Z -0.385816 0.000023 0.922576


NUMVERTS 3639
VERT 0
OFFSET 0.276003 1.275749 58.567955
BONES 2
BONE 16 0.500000
BONE 3 0.500000

VERT 1
OFFSET 0.302986 1.124290 58.492294
BONES 2
BONE 16 0.500000
BONE 3 0.500000

VERT 2
OFFSET 0.278154 1.329255 58.430172
BONES 2
BONE 16 0.500000
BONE 3 0.500000

VERT 3
OFFSET 0.300741 1.202478 58.366833
BONES 2
BONE 16 0.500000
BONE 3 0.500000

VERT 4
OFFSET 0.320365 0.988930 58.388615
BONES 2
BONE 16 0.500000
BONE 3 0.500000

VERT 5
OFFSET 0.315288 1.089176 58.280048
BONES 2
BONE 16 0.500000
BONE 3 0.500000

VERT 6
OFFSET 0.327474 0.874870 58.260899
BONES 2
BONE 16 0.500000
BONE 3 0.500000

VERT 7
OFFSET 0.321235 0.993703 58.173153
BONES 2
BONE 16 0.500000
BONE 3 0.500000

VERT 8
OFFSET 0.324035 0.786492 58.114071
BONES 2
BONE 16 0.500000
BONE 3 0.500000

VERT 9
OFFSET 0.318359 0.919727 58.050247
BONES 2
BONE 16 0.500000
BONE 3 0.500000

VERT 10
OFFSET 0.310183 0.727195 57.953758
BONES 2
BONE 16 0.500000
BONE 3 0.500000

VERT 11
OFFSET 0.306764 0.870093 57.916058
BONES 2
BONE 16 0.500000
BONE 3 0.500000

VERT 12
OFFSET 0.286450 0.699255 57.786118
BONES 2
BONE 16 0.500000
BONE 3 0.500000

VERT 13
OFFSET 0.286899 0.846707 57.775745
BONES 2
BONE 16 0.500000
BONE 3 0.500000

VERT 14
OFFSET 0.253748 0.703749 57.617619
BONES 2
BONE 16 0.500000
BONE 3 0.500000

VERT 15
OFFSET 0.259525 0.850468 57.634689
BONES 2
BONE 16 0.500000
BONE 3 0.500000

VERT 16
OFFSET 0.213334 0.740501 57.454697
BONES 2
BONE 16 0.500000
BONE 3 0.500000

VERT 17
OFFSET 0.225698 0.881231 57.498322
BONES 2
BONE 16 0.500000
BONE 3 0.500000

VERT 18
OFFSET 0.166760 0.808100 57.303646
BONES 2
BONE 16 0.500000
BONE 3 0.500000

VERT 19
OFFSET 0.186714 0.937814 57.371883
BONES 2
BONE 16 0.500000
BONE 3 0.500000

VERT 20
OFFSET 0.241693 1.266992 58.249641
BONES 2
BONE 16 0.500000
BONE 3 0.500000

VERT 21
OFFSET 0.258151 1.099366 58.094128
BONES 2
BONE 16 0.500000
BONE 3 0.500000

VERT 22
OFFSET 0.253373 1.176021 58.179962
BONES 2
BONE 16 0.500000
BONE 3 0.500000

VERT 23
OFFSET 0.191564 1.334590 58.129665
BONES 2
BONE 16 0.500000
BONE 3 0.500000

VERT 24
OFFSET 0.200349 1.266168 58.077259
BONES 2
BONE 16 0.500000
BONE 3 0.500000

VERT 25
OFFSET 0.142514 1.403054 58.008564
BONES 2
BONE 16 0.500000
BONE 3 0.500000

VERT 26
OFFSET 0.255839 1.039970 57.995453
BONES 2
BONE 16 0.500000
BONE 3 0.500000

VERT 27
OFFSET 0.203942 1.208515 58.012711
BONES 2
BONE 16 0.500000
BONE 3 0.500000

VERT 28
OFFSET 0.148382 1.357347 57.973549
BONES 2
BONE 16 0.500000
BONE 3 0.500000

VERT 29
OFFSET 0.092558 1.471677 57.886990
BONES 2
BONE 16 0.500000
BONE 3 0.500000

VERT 30
OFFSET 0.087996 1.497279 57.899784
BONES 2
BONE 16 0.500000
BONE 3 0.500000

VERT 31
OFFSET 0.133402 1.454195 58.034111
BONES 2
BONE 16 0.500000
BONE 3 0.500000

VERT 32
OFFSET 0.177925 1.411148 58.167919
BONES 2
BONE 16 0.500000
BONE 3 0.500000

VERT 33
OFFSET 0.223558 1.368782 58.300499
BONES 2
BONE 16 0.500000
BONE 3 0.500000

VERT 34
OFFSET 0.081987 1.524618 57.907345
BONES 2
BONE 16 0.500000
BONE 3 0.500000

VERT 35
OFFSET 0.045545 1.541256 57.764587
BONES 2
BONE 16 0.500000
BONE 3 0.500000

VERT 36
OFFSET 0.095496 1.448797 57.869461
BONES 2
BONE 16 0.500000
BONE 3 0.500000

VERT 37
OFFSET 0.150780 1.318835 57.930431
BONES 2
BONE 16 0.500000
BONE 3 0.500000

VERT 38
OFFSET 0.202203 1.163843 57.938484
BONES 2
BONE 16 0.500000
BONE 3 0.500000

VERT 39
OFFSET 0.246530 1.000118 57.887718
BONES 2
BONE 16 0.500000
BONE 3 0.500000

VERT 40
OFFSET 0.230580 0.981342 57.775051
BONES 2
BONE 16 0.500000
BONE 3 0.500000

VERT 41
OFFSET 0.208602 0.984362 57.661800
BONES 2
BONE 16 0.500000
BONE 3 0.500000

VERT 42
OFFSET 0.181440 1.009060 57.552307
BONES 2
BONE 16 0.500000
BONE 3 0.500000

VERT 43
OFFSET 0.150140 1.054491 57.450794
BONES 2
BONE 16 0.500000
BONE 3 0.500000

VERT 44
OFFSET 0.018638 1.560355 57.620182
BONES 2
BONE 16 0.500000
BONE 3 0.500000

VERT 45
OFFSET 0.012626 1.587693 57.627758
BONES 2
BONE 16 0.500000
BONE 3 0.500000

VERT 46
OFFSET 0.008066 1.613295 57.640541
BONES 2
BONE 16 0.500000
BONE 3 0.500000

VERT 47
OFFSET 0.005128 1.636175 57.658062
BONES 2
BONE 16 0.500000
BONE 3 0.500000

VERT 48
OFFSET 0.003927 1.655455 57.679649
BONES 2
BONE 16 0.500000
BONE 3 0.500000

VERT 49
OFFSET 0.004509 1.670394 57.704468
BONES 2
BONE 16 0.500000
BONE 3 0.500000

VERT 50
OFFSET 0.006851 1.680416 57.731567
BONES 2
BONE 16 0.500000
BONE 3 0.500000

VERT 51
OFFSET 0.010862 1.685138 57.759907
BONES 2
BONE 16 0.500000
BONE 3 0.500000

VERT 52
OFFSET 0.016389 1.684380 57.788383
BONES 2
BONE 16 0.500000
BONE 3 0.500000

VERT 53
OFFSET 0.023222 1.678167 57.815918
BONES 2
BONE 16 0.500000
BONE 3 0.500000

VERT 54
OFFSET 0.031092 1.666740 57.841461
BONES 2
BONE 16 0.500000
BONE 3 0.500000

VERT 55
OFFSET 0.048723 1.630185 57.882698
BONES 2
BONE 16 0.500000
BONE 3 0.500000

VERT 56
OFFSET 0.057803 1.606460 57.896816
BONES 2
BONE 16 0.500000
BONE 3 0.500000

VERT 57
OFFSET 0.039703 1.650538 57.864010
BONES 2
BONE 16 0.500000
BONE 3 0.500000

VERT 58
OFFSET 0.036933 1.760345 57.962654
BONES 2
BONE 16 0.500000
BONE 3 0.500000

VERT 59
OFFSET 0.019733 1.792710 57.917614
BONES 2
BONE 16 0.500000
BONE 3 0.500000

VERT 60
OFFSET 0.004007 1.815536 57.866608
BONES 2
BONE 16 0.500000
BONE 3 0.500000

VERT 61
OFFSET -0.009639 1.827946 57.811600
BONES 2
BONE 16 0.500000
BONE 3 0.500000

VERT 62
OFFSET -0.020682 1.829463 57.754700
BONES 2
BONE 16 0.500000
BONE 3 0.500000

VERT 63
OFFSET -0.028695 1.820030 57.698097
BONES 2
BONE 16 0.500000
BONE 3 0.500000

VERT 64
OFFSET -0.033373 1.800008 57.643970
BONES 2
BONE 16 0.500000
BONE 3 0.500000

VERT 65
OFFSET -0.034533 1.770166 57.594379
BONES 2
BONE 16 0.500000
BONE 3 0.500000

VERT 66
OFFSET 0.054948 1.719686 58.000000
BONES 2
BONE 16 0.500000
BONE 3 0.500000

VERT 67
OFFSET -0.071735 1.928825 57.583866
BONES 2
BONE 16 0.500000
BONE 3 0.500000

VERT 68
OFFSET -0.064734 1.958798 57.664898
BONES 2
BONE 16 0.500000
BONE 3 0.500000

VERT 69
OFFSET -0.052734 1.972921 57.749638
BONES 2
BONE 16 0.500000
BONE 3 0.500000

VERT 70
OFFSET -0.036209 1.970650 57.834820
BONES 2
BONE 16 0.500000
BONE 3 0.500000

VERT 71
OFFSET -0.015778 1.952072 57.917168
BONES 2
BONE 16 0.500000
BONE 3 0.500000

VERT 72
OFFSET 0.007763 1.917903 57.993519
BONES 2
BONE 16 0.500000
BONE 3 0.500000

VERT 73
OFFSET 0.033514 1.869452 58.060944
BONES 2
BONE 16 0.500000
BONE 3 0.500000

VERT 74
OFFSET 0.060483 1.808585 58.116840
BONES 2
BONE 16 0.500000
BONE 3 0.500000

VERT 75
OFFSET 0.087636 1.737641 58.159081
BONES 2
BONE 16 0.500000
BONE 3 0.500000

VERT 76
OFFSET 0.073085 1.672295 58.028214
BONES 2
BONE 16 0.500000
BONE 3 0.500000

VERT 77
OFFSET 0.090650 1.619992 58.046207
BONES 2
BONE 16 0.500000
BONE 3 0.500000

VERT 78
OFFSET 0.113925 1.659345 58.186024
BONES 2
BONE 16 0.500000
BONE 3 0.500000

VERT 79
OFFSET 0.138465 1.698781 58.324581
BONES 2
BONE 16 0.500000
BONE 3 0.500000

VERT 80
OFFSET 0.103509 1.802881 58.288750
BONES 2
BONE 16 0.500000
BONE 3 0.500000

VERT 81
OFFSET 0.067408 1.897209 58.232601
BONES 2
BONE 16 0.500000
BONE 3 0.500000

VERT 82
OFFSET 0.031552 1.978136 58.158268
BONES 2
BONE 16 0.500000
BONE 3 0.500000

VERT 83
OFFSET -0.002686 2.042554 58.068623
BONES 2
BONE 16 0.500000
BONE 3 0.500000

VERT 84
OFFSET -0.033988 2.087986 57.967098
BONES 2
BONE 16 0.500000
BONE 3 0.500000

VERT 85
OFFSET -0.061148 2.112686 57.857613
BONES 2
BONE 16 0.500000
BONE 3 0.500000

VERT 86
OFFSET -0.083126 2.115705 57.744358
BONES 2
BONE 16 0.500000
BONE 3 0.500000

VERT 87
OFFSET 0.074761 1.552643 57.909393
BONES 2
BONE 16 0.500000
BONE 3 0.500000

VERT 88
OFFSET 0.066596 1.580279 57.905838
BONES 2
BONE 16 0.500000
BONE 3 0.500000

VERT 89
OFFSET 0.106961 1.564790 58.053310
BONES 2
BONE 16 0.500000
BONE 3 0.500000

VERT 90
OFFSET 0.138344 1.576708 58.196648
BONES 2
BONE 16 0.500000
BONE 3 0.500000

VERT 91
OFFSET 0.170934 1.588908 58.338699
BONES 2
BONE 16 0.500000
BONE 3 0.500000

VERT 92
OFFSET 0.083673 1.987398 58.345600
BONES 2
BONE 16 0.500000
BONE 3 0.500000

VERT 93
OFFSET 0.128636 1.869917 58.415554
BONES 2
BONE 16 0.500000
BONE 3 0.500000

VERT 94
OFFSET 0.172171 1.740260 58.460175
BONES 2
BONE 16 0.500000
BONE 3 0.500000

VERT 95
OFFSET 0.212610 1.603416 58.477741
BONES 2
BONE 16 0.500000
BONE 3 0.500000

VERT 96
OFFSET 0.248395 1.464635 58.467625
BONES 2
BONE 16 0.500000
BONE 3 0.500000

VERT 97
OFFSET 0.199666 1.477481 58.330566
BONES 2
BONE 16 0.500000
BONE 3 0.500000

VERT 98
OFFSET 0.159954 1.492900 58.190529
BONES 2
BONE 16 0.500000
BONE 3 0.500000

VERT 99
OFFSET 0.121398 1.508807 58.049217
BONES 2
BONE 16 0.500000
BONE 3 0.500000

VERT 100
OFFSET 0.043661 2.062021 58.466927
BONES 2
BONE 16 0.500000
BONE 3 0.500000

VERT 101
OFFSET 0.097377 1.921669 58.550488
BONES 2
BONE 16 0.500000
BONE 3 0.500000

VERT 102
OFFSET 0.149390 1.766769 58.603783
BONES 2
BONE 16 0.500000
BONE 3 0.500000

VERT 103
OFFSET 0.197699 1.603285 58.624802
BONES 2
BONE 16 0.500000
BONE 3 0.500000

VERT 104
OFFSET 0.240451 1.437486 58.612698
BONES 2
BONE 16 0.500000
BONE 3 0.500000

VERT 105
OFFSET 0.096515 1.296289 57.607204
BONES 2
BONE 16 0.500000
BONE 3 0.500000

VERT 106
OFFSET 0.079314 1.328653 57.562160
BONES 2
BONE 16 0.500000
BONE 3 0.500000

VERT 107
OFFSET 0.069532 1.418231 57.686062
BONES 2
BONE 16 0.500000
BONE 3 0.500000

VERT 108
OFFSET 0.077403 1.406804 57.711597
BONES 2
BONE 16 0.500000
BONE 3 0.500000

VERT 109
OFFSET 0.112241 1.273463 57.658207
BONES 2
BONE 16 0.500000
BONE 3 0.500000

VERT 110
OFFSET 0.084236 1.400591 57.739140
BONES 2
BONE 16 0.500000
BONE 3 0.500000

VERT 111
OFFSET 0.125885 1.261055 57.713226
BONES 2
BONE 16 0.500000
BONE 3 0.500000

VERT 112
OFFSET 0.089763 1.399833 57.767628
BONES 2
BONE 16 0.500000
BONE 3 0.500000

VERT 113
OFFSET 0.136929 1.259537 57.770123
BONES 2
BONE 16 0.500000
BONE 3 0.500000

VERT 114
OFFSET 0.093775 1.404555 57.795959
BONES 2
BONE 16 0.500000
BONE 3 0.500000

VERT 115
OFFSET 0.060921 1.434432 57.663521
BONES 2
BONE 16 0.500000
BONE 3 0.500000

VERT 116
OFFSET 0.051902 1.454787 57.644821
BONES 2
BONE 16 0.500000
BONE 3 0.500000

VERT 117
OFFSET 0.042821 1.478511 57.630699
BONES 2
BONE 16 0.500000
BONE 3 0.500000

VERT 118
OFFSET 0.034031 1.504694 57.621689
BONES 2
BONE 16 0.500000
BONE 3 0.500000

VERT 119
OFFSET 0.025862 1.532328 57.618137
BONES 2
BONE 16 0.500000
BONE 3 0.500000

VERT 120
OFFSET 0.149621 1.288993 57.880856
BONES 2
BONE 16 0.500000
BONE 3 0.500000

VERT 121
OFFSET 0.096696 1.429517 57.847878
BONES 2
BONE 16 0.500000
BONE 3 0.500000

VERT 122
OFFSET 0.096116 1.414578 57.823051
BONES 2
BONE 16 0.500000
BONE 3 0.500000

VERT 123
OFFSET 0.144942 1.268971 57.826729
BONES 2
BONE 16 0.500000
BONE 3 0.500000

VERT 124
OFFSET 0.183206 1.119747 57.772713
BONES 2
BONE 16 0.500000
BONE 3 0.500000

VERT 125
OFFSET 0.166676 1.122018 57.687542
BONES 2
BONE 16 0.500000
BONE 3 0.500000

VERT 126
OFFSET 0.146248 1.140595 57.605198
BONES 2
BONE 16 0.500000
BONE 3 0.500000

VERT 127
OFFSET 0.122706 1.174764 57.528839
BONES 2
BONE 16 0.500000
BONE 3 0.500000

VERT 128
OFFSET 0.096955 1.223214 57.461418
BONES 2
BONE 16 0.500000
BONE 3 0.500000

VERT 129
OFFSET 0.069988 1.284078 57.405506
BONES 2
BONE 16 0.500000
BONE 3 0.500000

VERT 130
OFFSET 0.061297 1.369312 57.524822
BONES 2
BONE 16 0.500000
BONE 3 0.500000

VERT 131
OFFSET 0.195202 1.133869 57.857449
BONES 2
BONE 16 0.500000
BONE 3 0.500000

VERT 132
OFFSET 0.043944 1.294161 57.230667
BONES 2
BONE 16 0.500000
BONE 3 0.500000

VERT 133
OFFSET 0.008990 1.398263 57.194828
BONES 2
BONE 16 0.500000
BONE 3 0.500000

VERT 134
OFFSET 0.042835 1.355024 57.363277
BONES 2
BONE 16 0.500000
BONE 3 0.500000

VERT 135
OFFSET 0.080046 1.199834 57.286816
BONES 2
BONE 16 0.500000
BONE 3 0.500000

VERT 136
OFFSET 0.115903 1.118908 57.361141
BONES 2
BONE 16 0.500000
BONE 3 0.500000

VERT 137
OFFSET 0.144073 1.018043 57.260231
BONES 2
BONE 16 0.500000
BONE 3 0.500000

VERT 138
OFFSET 0.099414 1.118834 57.167656
BONES 2
BONE 16 0.500000
BONE 3 0.500000

VERT 139
OFFSET 0.054451 1.236316 57.097713
BONES 2
BONE 16 0.500000
BONE 3 0.500000

VERT 140
OFFSET 0.010914 1.365972 57.053089
BONES 2
BONE 16 0.500000
BONE 3 0.500000

VERT 141
OFFSET -0.029525 1.502819 57.035507
BONES 2
BONE 16 0.500000
BONE 3 0.500000

VERT 142
OFFSET -0.023479 1.508139 57.180717
BONES 2
BONE 16 0.500000
BONE 3 0.500000

VERT 143
OFFSET -0.065311 1.641600 57.045631
BONES 2
BONE 16 0.500000
BONE 3 0.500000

VERT 144
OFFSET -0.052212 1.619567 57.188843
BONES 2
BONE 16 0.500000
BONE 3 0.500000

VERT 145
OFFSET -0.095068 1.776981 57.083088
BONES 2
BONE 16 0.500000
BONE 3 0.500000

VERT 146
OFFSET -0.076107 1.728264 57.218918
BONES 2
BONE 16 0.500000
BONE 3 0.500000

VERT 147
OFFSET -0.117656 1.903759 57.146427
BONES 2
BONE 16 0.500000
BONE 3 0.500000

VERT 148
OFFSET -0.094239 1.830055 57.269768
BONES 2
BONE 16 0.500000
BONE 3 0.500000

VERT 149
OFFSET -0.132205 2.017061 57.233208
BONES 2
BONE 16 0.500000
BONE 3 0.500000

VERT 150
OFFSET -0.105920 1.921027 57.339451
BONES 2
BONE 16 0.500000
BONE 3 0.500000

VERT 151
OFFSET 0.115817 0.903948 57.170258
BONES 2
BONE 16 0.500000
BONE 3 0.500000

VERT 152
OFFSET 0.062464 1.024362 57.059647
BONES 2
BONE 16 0.500000
BONE 3 0.500000

VERT 153
OFFSET 0.008748 1.164715 56.976089
BONES 2
BONE 16 0.500000
BONE 3 0.500000

VERT 154
OFFSET -0.043266 1.319613 56.922783
BONES 2
BONE 16 0.500000
BONE 3 0.500000

VERT 155
OFFSET -0.091577 1.483103 56.901772
BONES 2
BONE 16 0.500000
BONE 3 0.500000

VERT 156
OFFSET -0.134330 1.648903 56.913872
BONES 2
BONE 16 0.500000
BONE 3 0.500000

VERT 157
OFFSET -0.169881 1.810640 56.958622
BONES 2
BONE 16 0.500000
BONE 3 0.500000

VERT 158
OFFSET -0.196866 1.962100 57.034279
BONES 2
BONE 16 0.500000
BONE 3 0.500000

VERT 159
OFFSET -0.214245 2.097461 57.137959
BONES 2
BONE 16 0.500000
BONE 3 0.500000

VERT 160
OFFSET -0.221354 2.211521 57.265678
BONES 2
BONE 16 0.500000
BONE 3 0.500000

VERT 161
OFFSET -0.138152 2.112535 57.340107
BONES 2
BONE 16 0.500000
BONE 3 0.500000

VERT 162
OFFSET -0.217914 2.299898 57.412514
BONES 2
BONE 16 0.500000
BONE 3 0.500000

VERT 163
OFFSET -0.135274 2.186511 57.463013
BONES 2
BONE 16 0.500000
BONE 3 0.500000

VERT 164
OFFSET -0.204063 2.359196 57.572823
BONES 2
BONE 16 0.500000
BONE 3 0.500000

VERT 165
OFFSET -0.123678 2.236144 57.597202
BONES 2
BONE 16 0.500000
BONE 3 0.500000

VERT 166
OFFSET -0.173755 2.387051 57.741089
BONES 2
BONE 16 0.500000
BONE 3 0.500000

VERT 167
OFFSET -0.103814 2.259531 57.737514
BONES 2
BONE 16 0.500000
BONE 3 0.500000

VERT 168
OFFSET -0.147628 2.382641 57.908978
BONES 2
BONE 16 0.500000
BONE 3 0.500000

VERT 169
OFFSET -0.076442 2.255769 57.878578
BONES 2
BONE 16 0.500000
BONE 3 0.500000

VERT 170
OFFSET -0.107212 2.345888 58.071884
BONES 2
BONE 16 0.500000
BONE 3 0.500000

VERT 171
OFFSET -0.042613 2.225005 58.014931
BONES 2
BONE 16 0.500000
BONE 3 0.500000

VERT 172
OFFSET -0.060638 2.278286 58.222942
BONES 2
BONE 16 0.500000
BONE 3 0.500000

VERT 173
OFFSET -0.003630 2.168421 58.141384
BONES 2
BONE 16 0.500000
BONE 3 0.500000

VERT 174
OFFSET -0.009696 2.182437 58.356331
BONES 2
BONE 16 0.500000
BONE 3 0.500000

VERT 175
OFFSET 0.039013 2.088192 58.253033
BONES 2
BONE 16 0.500000
BONE 3 0.500000

VERT 176
OFFSET -0.110698 1.997683 57.425282
BONES 2
BONE 16 0.500000
BONE 3 0.500000

VERT 177
OFFSET -0.108386 2.057078 57.523960
BONES 2
BONE 16 0.500000
BONE 3 0.500000

VERT 178
OFFSET -0.099077 2.096931 57.631699
BONES 2
BONE 16 0.500000
BONE 3 0.500000

VERT 179
OFFSET -0.073472 1.884154 57.509644
BONES 2
BONE 16 0.500000
BONE 3 0.500000

VERT 180
OFFSET -0.069880 1.826500 57.445091
BONES 2
BONE 16 0.500000
BONE 3 0.500000

VERT 181
OFFSET -0.061097 1.758079 57.392689
BONES 2
BONE 16 0.500000
BONE 3 0.500000

VERT 182
OFFSET -0.047459 1.681520 57.354443
BONES 2
BONE 16 0.500000
BONE 3 0.500000

VERT 183
OFFSET -0.029486 1.599766 57.331821
BONES 2
BONE 16 0.500000
BONE 3 0.500000

VERT 184
OFFSET -0.007875 1.515959 57.325706
BONES 2
BONE 16 0.500000
BONE 3 0.500000

VERT 185
OFFSET 0.016545 1.433320 57.336323
BONES 2
BONE 16 0.500000
BONE 3 0.500000

VERT 186
OFFSET 0.043161 1.416704 57.496609
BONES 2
BONE 16 0.500000
BONE 3 0.500000

VERT 187
OFFSET 0.025598 1.469006 57.478607
BONES 2
BONE 16 0.500000
BONE 3 0.500000

VERT 188
OFFSET 0.009285 1.524209 57.471508
BONES 2
BONE 16 0.500000
BONE 3 0.500000

VERT 189
OFFSET -0.005151 1.580193 57.475597
BONES 2
BONE 16 0.500000
BONE 3 0.500000

VERT 190
OFFSET -0.017155 1.634805 57.490704
BONES 2
BONE 16 0.500000
BONE 3 0.500000

VERT 191
OFFSET -0.026267 1.685946 57.516251
BONES 2
BONE 16 0.500000
BONE 3 0.500000

VERT 192
OFFSET -0.032134 1.731652 57.551258
BONES 2
BONE 16 0.500000
BONE 3 0.500000

VERT 193
OFFSET 0.122519 -1.813156 58.618301
BONES 2
BONE 17 0.500000
BONE 3 0.500000

VERT 194
OFFSET 0.146049 -1.788458 58.474464
BONES 2
BONE 17 0.500000
BONE 3 0.500000

VERT 195
OFFSET 0.175068 -1.650817 58.637962
BONES 2
BONE 17 0.500000
BONE 3 0.500000

VERT 196
OFFSET 0.099166 -1.917305 58.430893
BONES 2
BONE 17 0.500000
BONE 3 0.500000

VERT 197
OFFSET 0.066505 -1.967088 58.566269
BONES 2
BONE 17 0.500000
BONE 3 0.500000

VERT 198
OFFSET 0.051184 -2.034157 58.361916
BONES 2
BONE 17 0.500000
BONE 3 0.500000

VERT 199
OFFSET 0.009179 -2.106690 58.483856
BONES 2
BONE 17 0.500000
BONE 3 0.500000

VERT 200
OFFSET 0.003948 -2.134527 58.270164
BONES 2
BONE 17 0.500000
BONE 3 0.500000

VERT 201
OFFSET -0.047248 -2.226598 58.374229
BONES 2
BONE 17 0.500000
BONE 3 0.500000

VERT 202
OFFSET -0.040723 -2.214553 58.159164
BONES 2
BONE 17 0.500000
BONE 3 0.500000

VERT 203
OFFSET -0.100618 -2.322206 58.241623
BONES 2
BONE 17 0.500000
BONE 3 0.500000

VERT 204
OFFSET -0.081113 -2.271163 58.033173
BONES 2
BONE 17 0.500000
BONE 3 0.500000

VERT 205
OFFSET -0.148872 -2.389837 58.091110
BONES 2
BONE 17 0.500000
BONE 3 0.500000

VERT 206
OFFSET -0.115672 -2.302181 57.897057
BONES 2
BONE 17 0.500000
BONE 3 0.500000

VERT 207
OFFSET -0.190160 -2.426892 57.928490
BONES 2
BONE 17 0.500000
BONE 3 0.500000

VERT 208
OFFSET -0.143072 -2.306414 57.756020
BONES 2
BONE 17 0.500000
BONE 3 0.500000

VERT 209
OFFSET -0.216320 -2.432030 57.760612
BONES 2
BONE 17 0.500000
BONE 3 0.500000

VERT 210
OFFSET -0.162259 -2.283699 57.615501
BONES 2
BONE 17 0.500000
BONE 3 0.500000

VERT 211
OFFSET -0.245813 -2.404813 57.592110
BONES 2
BONE 17 0.500000
BONE 3 0.500000

VERT 212
OFFSET -0.172493 -2.234911 57.480888
BONES 2
BONE 17 0.500000
BONE 3 0.500000

VERT 213
OFFSET -0.036464 -2.089372 58.085358
BONES 2
BONE 17 0.500000
BONE 3 0.500000

VERT 214
OFFSET -0.000597 -2.025117 58.174492
BONES 2
BONE 17 0.500000
BONE 3 0.500000

VERT 215
OFFSET -0.022730 -1.965673 58.009224
BONES 2
BONE 17 0.500000
BONE 3 0.500000

VERT 216
OFFSET 0.037329 -1.944532 58.248154
BONES 2
BONE 17 0.500000
BONE 3 0.500000

VERT 217
OFFSET 0.004245 -1.917346 58.076256
BONES 2
BONE 17 0.500000
BONE 3 0.500000

VERT 218
OFFSET -0.007464 -1.841479 57.932274
BONES 2
BONE 17 0.500000
BONE 3 0.500000

VERT 219
OFFSET -0.068895 -2.134825 57.984207
BONES 2
BONE 17 0.500000
BONE 3 0.500000

VERT 220
OFFSET -0.047122 -1.999858 57.933144
BONES 2
BONE 17 0.500000
BONE 3 0.500000

VERT 221
OFFSET -0.023758 -1.864316 57.881454
BONES 2
BONE 17 0.500000
BONE 3 0.500000

VERT 222
OFFSET -0.000942 -1.727926 57.829628
BONES 2
BONE 17 0.500000
BONE 3 0.500000

VERT 223
OFFSET 0.007214 -1.716494 57.855072
BONES 2
BONE 17 0.500000
BONE 3 0.500000

VERT 224
OFFSET 0.010556 -1.809196 57.977058
BONES 2
BONE 17 0.500000
BONE 3 0.500000

VERT 225
OFFSET 0.032769 -1.856734 58.131660
BONES 2
BONE 17 0.500000
BONE 3 0.500000

VERT 226
OFFSET 0.075854 -1.850709 58.303543
BONES 2
BONE 17 0.500000
BONE 3 0.500000

VERT 227
OFFSET 0.016235 -1.700333 57.877495
BONES 2
BONE 17 0.500000
BONE 3 0.500000

VERT 228
OFFSET 0.024970 -1.592081 57.777161
BONES 2
BONE 17 0.500000
BONE 3 0.500000

VERT 229
OFFSET -0.007921 -1.734190 57.802139
BONES 2
BONE 17 0.500000
BONE 3 0.500000

VERT 230
OFFSET -0.037700 -1.876827 57.826546
BONES 2
BONE 17 0.500000
BONE 3 0.500000

VERT 231
OFFSET -0.067993 -2.018588 57.850945
BONES 2
BONE 17 0.500000
BONE 3 0.500000

VERT 232
OFFSET -0.096642 -2.159729 57.874908
BONES 2
BONE 17 0.500000
BONE 3 0.500000

VERT 233
OFFSET -0.118640 -2.163127 57.761673
BONES 2
BONE 17 0.500000
BONE 3 0.500000

VERT 234
OFFSET -0.134046 -2.144890 57.648857
BONES 2
BONE 17 0.500000
BONE 3 0.500000

VERT 235
OFFSET -0.142263 -2.105717 57.540771
BONES 2
BONE 17 0.500000
BONE 3 0.500000

VERT 236
OFFSET -0.142980 -2.047115 57.441589
BONES 2
BONE 17 0.500000
BONE 3 0.500000

VERT 237
OFFSET 0.043174 -1.486550 57.675209
BONES 2
BONE 17 0.500000
BONE 3 0.500000

VERT 238
OFFSET 0.052193 -1.470388 57.697632
BONES 2
BONE 17 0.500000
BONE 3 0.500000

VERT 239
OFFSET 0.060351 -1.458957 57.723061
BONES 2
BONE 17 0.500000
BONE 3 0.500000

VERT 240
OFFSET 0.067329 -1.452694 57.750557
BONES 2
BONE 17 0.500000
BONE 3 0.500000

VERT 241
OFFSET 0.072864 -1.451839 57.779037
BONES 2
BONE 17 0.500000
BONE 3 0.500000

VERT 242
OFFSET 0.076737 -1.456427 57.807411
BONES 2
BONE 17 0.500000
BONE 3 0.500000

VERT 243
OFFSET 0.078804 -1.466279 57.834595
BONES 2
BONE 17 0.500000
BONE 3 0.500000

VERT 244
OFFSET 0.078986 -1.481018 57.859535
BONES 2
BONE 17 0.500000
BONE 3 0.500000

VERT 245
OFFSET 0.077270 -1.500078 57.881287
BONES 2
BONE 17 0.500000
BONE 3 0.500000

VERT 246
OFFSET 0.073729 -1.522726 57.899002
BONES 2
BONE 17 0.500000
BONE 3 0.500000

VERT 247
OFFSET 0.068495 -1.548091 57.912003
BONES 2
BONE 17 0.500000
BONE 3 0.500000

VERT 248
OFFSET 0.053814 -1.603008 57.922073
BONES 2
BONE 17 0.500000
BONE 3 0.500000

VERT 249
OFFSET 0.044931 -1.630449 57.918747
BONES 2
BONE 17 0.500000
BONE 3 0.500000

VERT 250
OFFSET 0.061769 -1.575198 57.919800
BONES 2
BONE 17 0.500000
BONE 3 0.500000

VERT 251
OFFSET 0.114950 -1.505077 58.045998
BONES 2
BONE 17 0.500000
BONE 3 0.500000

VERT 252
OFFSET 0.125404 -1.454408 58.020027
BONES 2
BONE 17 0.500000
BONE 3 0.500000

VERT 253
OFFSET 0.132478 -1.409167 57.984642
BONES 2
BONE 17 0.500000
BONE 3 0.500000

VERT 254
OFFSET 0.135902 -1.371094 57.941200
BONES 2
BONE 17 0.500000
BONE 3 0.500000

VERT 255
OFFSET 0.135542 -1.341650 57.891373
BONES 2
BONE 17 0.500000
BONE 3 0.500000

VERT 256
OFFSET 0.131412 -1.321969 57.837074
BONES 2
BONE 17 0.500000
BONE 3 0.500000

VERT 257
OFFSET 0.123672 -1.312806 57.780388
BONES 2
BONE 17 0.500000
BONE 3 0.500000

VERT 258
OFFSET 0.112621 -1.314514 57.723495
BONES 2
BONE 17 0.500000
BONE 3 0.500000

VERT 259
OFFSET 0.101518 -1.559227 58.061569
BONES 2
BONE 17 0.500000
BONE 3 0.500000

VERT 260
OFFSET 0.173582 -1.174255 57.781845
BONES 2
BONE 17 0.500000
BONE 3 0.500000

VERT 261
OFFSET 0.157037 -1.176810 57.696678
BONES 2
BONE 17 0.500000
BONE 3 0.500000

VERT 262
OFFSET 0.185168 -1.187972 57.866699
BONES 2
BONE 17 0.500000
BONE 3 0.500000

VERT 263
OFFSET 0.191350 -1.217435 57.947975
BONES 2
BONE 17 0.500000
BONE 3 0.500000

VERT 264
OFFSET 0.191888 -1.261511 58.022583
BONES 2
BONE 17 0.500000
BONE 3 0.500000

VERT 265
OFFSET 0.186762 -1.318505 58.087608
BONES 2
BONE 17 0.500000
BONE 3 0.500000

VERT 266
OFFSET 0.176171 -1.386230 58.140594
BONES 2
BONE 17 0.500000
BONE 3 0.500000

VERT 267
OFFSET 0.160521 -1.462082 58.179466
BONES 2
BONE 17 0.500000
BONE 3 0.500000

VERT 268
OFFSET 0.140413 -1.543144 58.202759
BONES 2
BONE 17 0.500000
BONE 3 0.500000

VERT 269
OFFSET 0.085622 -1.614779 58.066116
BONES 2
BONE 17 0.500000
BONE 3 0.500000

VERT 270
OFFSET 0.067878 -1.669595 58.059479
BONES 2
BONE 17 0.500000
BONE 3 0.500000

VERT 271
OFFSET 0.116620 -1.626304 58.209572
BONES 2
BONE 17 0.500000
BONE 3 0.500000

VERT 272
OFFSET 0.180449 -1.527587 58.342690
BONES 2
BONE 17 0.500000
BONE 3 0.500000

VERT 273
OFFSET 0.207184 -1.419807 58.311722
BONES 2
BONE 17 0.500000
BONE 3 0.500000

VERT 274
OFFSET 0.227994 -1.318957 58.260025
BONES 2
BONE 17 0.500000
BONE 3 0.500000

VERT 275
OFFSET 0.242075 -1.228911 58.189598
BONES 2
BONE 17 0.500000
BONE 3 0.500000

VERT 276
OFFSET 0.248890 -1.153131 58.103127
BONES 2
BONE 17 0.500000
BONE 3 0.500000

VERT 277
OFFSET 0.248173 -1.094528 58.003952
BONES 2
BONE 17 0.500000
BONE 3 0.500000

VERT 278
OFFSET 0.239955 -1.055356 57.895874
BONES 2
BONE 17 0.500000
BONE 3 0.500000

VERT 279
OFFSET 0.224551 -1.037117 57.783051
BONES 2
BONE 17 0.500000
BONE 3 0.500000

VERT 280
OFFSET 0.148816 -1.638155 58.351738
BONES 2
BONE 17 0.500000
BONE 3 0.500000

VERT 281
OFFSET 0.090057 -1.708362 58.199623
BONES 2
BONE 17 0.500000
BONE 3 0.500000

VERT 282
OFFSET 0.048965 -1.721570 58.041901
BONES 2
BONE 17 0.500000
BONE 3 0.500000

VERT 283
OFFSET 0.035463 -1.656468 57.909950
BONES 2
BONE 17 0.500000
BONE 3 0.500000

VERT 284
OFFSET 0.025774 -1.680065 57.896019
BONES 2
BONE 17 0.500000
BONE 3 0.500000

VERT 285
OFFSET 0.288653 -1.255020 58.376701
BONES 2
BONE 17 0.500000
BONE 3 0.500000

VERT 286
OFFSET 0.306191 -1.142870 58.288979
BONES 2
BONE 17 0.500000
BONE 3 0.500000

VERT 287
OFFSET 0.262737 -1.380627 58.441078
BONES 2
BONE 17 0.500000
BONE 3 0.500000

VERT 288
OFFSET 0.229439 -1.514864 58.479652
BONES 2
BONE 17 0.500000
BONE 3 0.500000

VERT 289
OFFSET 0.190038 -1.652573 58.490921
BONES 2
BONE 17 0.500000
BONE 3 0.500000

VERT 290
OFFSET 0.113498 -1.747257 58.338516
BONES 2
BONE 17 0.500000
BONE 3 0.500000

VERT 291
OFFSET 0.061744 -1.786170 58.173317
BONES 2
BONE 17 0.500000
BONE 3 0.500000

VERT 292
OFFSET 0.029609 -1.768708 58.014069
BONES 2
BONE 17 0.500000
BONE 3 0.500000

VERT 293
OFFSET 0.313835 -1.041881 58.396706
BONES 2
BONE 17 0.500000
BONE 3 0.500000

VERT 294
OFFSET 0.323975 -0.929125 58.268044
BONES 2
BONE 17 0.500000
BONE 3 0.500000

VERT 295
OFFSET 0.292881 -1.175864 58.501511
BONES 2
BONE 17 0.500000
BONE 3 0.500000

VERT 296
OFFSET 0.261919 -1.325926 58.578430
BONES 2
BONE 17 0.500000
BONE 3 0.500000

VERT 297
OFFSET 0.222138 -1.486298 58.624504
BONES 2
BONE 17 0.500000
BONE 3 0.500000

VERT 298
OFFSET -0.040028 -1.686264 57.504028
BONES 2
BONE 17 0.500000
BONE 3 0.500000

VERT 299
OFFSET -0.009087 -1.638793 57.640694
BONES 2
BONE 17 0.500000
BONE 3 0.500000

VERT 300
OFFSET -0.050481 -1.736933 57.529999
BONES 2
BONE 17 0.500000
BONE 3 0.500000

VERT 301
OFFSET -0.014319 -1.664159 57.653694
BONES 2
BONE 17 0.500000
BONE 3 0.500000

VERT 302
OFFSET -0.057556 -1.782174 57.565384
BONES 2
BONE 17 0.500000
BONE 3 0.500000

VERT 303
OFFSET -0.017862 -1.686806 57.671410
BONES 2
BONE 17 0.500000
BONE 3 0.500000

VERT 304
OFFSET -0.060979 -1.820248 57.608833
BONES 2
BONE 17 0.500000
BONE 3 0.500000

VERT 305
OFFSET -0.019576 -1.705866 57.693153
BONES 2
BONE 17 0.500000
BONE 3 0.500000

VERT 306
OFFSET -0.060620 -1.849691 57.658669
BONES 2
BONE 17 0.500000
BONE 3 0.500000

VERT 307
OFFSET -0.019395 -1.720605 57.718102
BONES 2
BONE 17 0.500000
BONE 3 0.500000

VERT 308
OFFSET -0.002363 -1.611686 57.632912
BONES 2
BONE 17 0.500000
BONE 3 0.500000

VERT 309
OFFSET 0.005593 -1.583876 57.630630
BONES 2
BONE 17 0.500000
BONE 3 0.500000

VERT 310
OFFSET 0.014478 -1.556434 57.633949
BONES 2
BONE 17 0.500000
BONE 3 0.500000

VERT 311
OFFSET 0.023946 -1.530415 57.642746
BONES 2
BONE 17 0.500000
BONE 3 0.500000

VERT 312
OFFSET 0.033635 -1.506818 57.656685
BONES 2
BONE 17 0.500000
BONE 3 0.500000

VERT 313
OFFSET -0.048752 -1.878535 57.769661
BONES 2
BONE 17 0.500000
BONE 3 0.500000

VERT 314
OFFSET -0.013454 -1.735044 57.773666
BONES 2
BONE 17 0.500000
BONE 3 0.500000

VERT 315
OFFSET -0.017328 -1.730458 57.745285
BONES 2
BONE 17 0.500000
BONE 3 0.500000

VERT 316
OFFSET -0.056492 -1.869372 57.712967
BONES 2
BONE 17 0.500000
BONE 3 0.500000

VERT 317
OFFSET -0.096123 -2.007427 57.680908
BONES 2
BONE 17 0.500000
BONE 3 0.500000

VERT 318
OFFSET -0.102304 -1.977965 57.599617
BONES 2
BONE 17 0.500000
BONE 3 0.500000

VERT 319
OFFSET -0.102843 -1.933889 57.525024
BONES 2
BONE 17 0.500000
BONE 3 0.500000

VERT 320
OFFSET -0.097719 -1.876893 57.459999
BONES 2
BONE 17 0.500000
BONE 3 0.500000

VERT 321
OFFSET -0.087127 -1.809169 57.407028
BONES 2
BONE 17 0.500000
BONE 3 0.500000

VERT 322
OFFSET -0.071477 -1.733317 57.368141
BONES 2
BONE 17 0.500000
BONE 3 0.500000

VERT 323
OFFSET -0.026595 -1.632114 57.488480
BONES 2
BONE 17 0.500000
BONE 3 0.500000

VERT 324
OFFSET -0.084537 -2.021145 57.765770
BONES 2
BONE 17 0.500000
BONE 3 0.500000

VERT 325
OFFSET -0.074540 -1.672657 57.202034
BONES 2
BONE 17 0.500000
BONE 3 0.500000

VERT 326
OFFSET -0.051370 -1.652254 57.344856
BONES 2
BONE 17 0.500000
BONE 3 0.500000

VERT 327
OFFSET -0.101275 -1.780437 57.232994
BONES 2
BONE 17 0.500000
BONE 3 0.500000

VERT 328
OFFSET -0.122083 -1.881288 57.284683
BONES 2
BONE 17 0.500000
BONE 3 0.500000

VERT 329
OFFSET -0.136164 -1.971334 57.355118
BONES 2
BONE 17 0.500000
BONE 3 0.500000

VERT 330
OFFSET -0.173384 -2.161922 57.357353
BONES 2
BONE 17 0.500000
BONE 3 0.500000

VERT 331
OFFSET -0.164899 -2.067540 57.249664
BONES 2
BONE 17 0.500000
BONE 3 0.500000

VERT 332
OFFSET -0.147360 -1.955390 57.161949
BONES 2
BONE 17 0.500000
BONE 3 0.500000

VERT 333
OFFSET -0.121443 -1.829782 57.097549
BONES 2
BONE 17 0.500000
BONE 3 0.500000

VERT 334
OFFSET -0.088145 -1.695545 57.058983
BONES 2
BONE 17 0.500000
BONE 3 0.500000

VERT 335
OFFSET -0.042906 -1.562089 57.192986
BONES 2
BONE 17 0.500000
BONE 3 0.500000

VERT 336
OFFSET -0.048746 -1.557835 57.047722
BONES 2
BONE 17 0.500000
BONE 3 0.500000

VERT 337
OFFSET -0.007587 -1.452983 57.206200
BONES 2
BONE 17 0.500000
BONE 3 0.500000

VERT 338
OFFSET -0.004756 -1.421946 57.064178
BONES 2
BONE 17 0.500000
BONE 3 0.500000

VERT 339
OFFSET 0.030058 -1.349531 57.241173
BONES 2
BONE 17 0.500000
BONE 3 0.500000

VERT 340
OFFSET 0.042130 -1.293099 57.107735
BONES 2
BONE 17 0.500000
BONE 3 0.500000

VERT 341
OFFSET 0.068584 -1.255709 57.296555
BONES 2
BONE 17 0.500000
BONE 3 0.500000

VERT 342
OFFSET 0.090113 -1.176247 57.176720
BONES 2
BONE 17 0.500000
BONE 3 0.500000

VERT 343
OFFSET 0.106509 -1.175123 57.370232
BONES 2
BONE 17 0.500000
BONE 3 0.500000

VERT 344
OFFSET -0.258042 -2.346525 57.431290
BONES 2
BONE 17 0.500000
BONE 3 0.500000

VERT 345
OFFSET -0.259106 -2.259329 57.283714
BONES 2
BONE 17 0.500000
BONE 3 0.500000

VERT 346
OFFSET -0.248967 -2.146571 57.155052
BONES 2
BONE 17 0.500000
BONE 3 0.500000

VERT 347
OFFSET -0.228015 -2.012587 57.050255
BONES 2
BONE 17 0.500000
BONE 3 0.500000

VERT 348
OFFSET -0.197052 -1.862525 56.973335
BONES 2
BONE 17 0.500000
BONE 3 0.500000

VERT 349
OFFSET -0.157272 -1.702154 56.927254
BONES 2
BONE 17 0.500000
BONE 3 0.500000

VERT 350
OFFSET -0.110202 -1.537633 56.913795
BONES 2
BONE 17 0.500000
BONE 3 0.500000

VERT 351
OFFSET -0.057649 -1.375289 56.933464
BONES 2
BONE 17 0.500000
BONE 3 0.500000

VERT 352
OFFSET -0.001635 -1.221358 56.985504
BONES 2
BONE 17 0.500000
BONE 3 0.500000

VERT 353
OFFSET 0.055689 -1.081756 57.067917
BONES 2
BONE 17 0.500000
BONE 3 0.500000

VERT 354
OFFSET 0.137348 -1.075880 57.268478
BONES 2
BONE 17 0.500000
BONE 3 0.500000

VERT 355
OFFSET 0.112118 -0.961849 57.177536
BONES 2
BONE 17 0.500000
BONE 3 0.500000

VERT 356
OFFSET 0.182014 -0.995854 57.379494
BONES 2
BONE 17 0.500000
BONE 3 0.500000

VERT 357
OFFSET 0.165486 -0.866243 57.310150
BONES 2
BONE 17 0.500000
BONE 3 0.500000

VERT 358
OFFSET 0.222407 -0.939245 57.505478
BONES 2
BONE 17 0.500000
BONE 3 0.500000

VERT 359
OFFSET 0.213740 -0.798613 57.460663
BONES 2
BONE 17 0.500000
BONE 3 0.500000

VERT 360
OFFSET 0.256967 -0.908229 57.641594
BONES 2
BONE 17 0.500000
BONE 3 0.500000

VERT 361
OFFSET 0.255027 -0.761559 57.623299
BONES 2
BONE 17 0.500000
BONE 3 0.500000

VERT 362
OFFSET 0.284366 -0.903996 57.782623
BONES 2
BONE 17 0.500000
BONE 3 0.500000

VERT 363
OFFSET 0.287760 -0.756503 57.791779
BONES 2
BONE 17 0.500000
BONE 3 0.500000

VERT 364
OFFSET 0.303550 -0.926711 57.923149
BONES 2
BONE 17 0.500000
BONE 3 0.500000

VERT 365
OFFSET 0.310680 -0.783640 57.959656
BONES 2
BONE 17 0.500000
BONE 3 0.500000

VERT 366
OFFSET 0.313786 -0.975500 58.057755
BONES 2
BONE 17 0.500000
BONE 3 0.500000

VERT 367
OFFSET 0.322909 -0.841928 58.120483
BONES 2
BONE 17 0.500000
BONE 3 0.500000

VERT 368
OFFSET 0.314676 -1.048488 58.181290
BONES 2
BONE 17 0.500000
BONE 3 0.500000

VERT 369
OFFSET 0.142376 -1.110870 57.459358
BONES 2
BONE 17 0.500000
BONE 3 0.500000

VERT 370
OFFSET 0.174806 -1.065419 57.560509
BONES 2
BONE 17 0.500000
BONE 3 0.500000

VERT 371
OFFSET 0.202555 -1.040516 57.669800
BONES 2
BONE 17 0.500000
BONE 3 0.500000

VERT 372
OFFSET 0.136167 -1.195540 57.614471
BONES 2
BONE 17 0.500000
BONE 3 0.500000

VERT 373
OFFSET 0.111777 -1.229726 57.538391
BONES 2
BONE 17 0.500000
BONE 3 0.500000

VERT 374
OFFSET 0.084801 -1.278051 57.471359
BONES 2
BONE 17 0.500000
BONE 3 0.500000

VERT 375
OFFSET 0.056278 -1.338661 57.415947
BONES 2
BONE 17 0.500000
BONE 3 0.500000

VERT 376
OFFSET 0.027303 -1.409226 57.374298
BONES 2
BONE 17 0.500000
BONE 3 0.500000

VERT 377
OFFSET -0.001012 -1.487033 57.347992
BONES 2
BONE 17 0.500000
BONE 3 0.500000

VERT 378
OFFSET -0.027576 -1.569094 57.338051
BONES 2
BONE 17 0.500000
BONE 3 0.500000

VERT 379
OFFSET -0.010700 -1.576562 57.483925
BONES 2
BONE 17 0.500000
BONE 3 0.500000

VERT 380
OFFSET 0.007044 -1.521744 57.490570
BONES 2
BONE 17 0.500000
BONE 3 0.500000

VERT 381
OFFSET 0.025958 -1.469769 57.508141
BONES 2
BONE 17 0.500000
BONE 3 0.500000

VERT 382
OFFSET 0.045312 -1.422631 57.535973
BONES 2
BONE 17 0.500000
BONE 3 0.500000

VERT 383
OFFSET 0.064366 -1.382143 57.572975
BONES 2
BONE 17 0.500000
BONE 3 0.500000

VERT 384
OFFSET 0.082388 -1.349862 57.617760
BONES 2
BONE 17 0.500000
BONE 3 0.500000

VERT 385
OFFSET 0.098680 -1.327025 57.668579
BONES 2
BONE 17 0.500000
BONE 3 0.500000

VERT 386
OFFSET 0.104559 -1.806275 58.613319
BONES 2
BONE 17 0.500000
BONE 3 0.500000

VERT 387
OFFSET 0.127983 -1.781707 58.470200
