// Export time: Fri Nov 13 11:05:15 2020

// Exported using Blender v2.90.1
// Export filename: 'E:/blackops3/mod_xmodel/iw4/hk416/ch_body_gk_hk416_lod3.XMODEL_EXPORT'
// Source filename: 'E:/blackops3/mod_xmodel/iw4/hk416/hk416.blend'
MODEL
VERSION 6

NUMBONES 76
BONE 0 -1 "tag_origin"
BONE 1 0 "j_mainroot"
BONE 2 1 "j_hip_le"
BONE 3 2 "j_knee_le"
BONE 4 3 "j_ankle_le"
BONE 5 4 "j_ball_le"
BONE 6 2 "Skirt_1_3"
BONE 7 1 "j_hip_ri"
BONE 8 7 "j_knee_ri"
BONE 9 8 "j_ankle_ri"
BONE 10 9 "j_ball_ri"
BONE 11 7 "Skirt_1_9"
BONE 12 1 "j_spinelower"
BONE 13 12 "j_spineupper"
BONE 14 13 "j_spine4"
BONE 15 14 "j_clavicle_le"
BONE 16 15 "j_shoulder_le"
BONE 17 16 "j_elbow_le"
BONE 18 17 "j_wrist_le"
BONE 19 18 "j_index_le_1"
BONE 20 19 "j_index_le_2"
BONE 21 20 "j_index_le_3"
BONE 22 18 "j_mid_le_1"
BONE 23 22 "j_mid_le_2"
BONE 24 23 "j_mid_le_3"
BONE 25 18 "j_pinky_le_1"
BONE 26 25 "j_pinky_le_2"
BONE 27 26 "j_pinky_le_3"
BONE 28 18 "j_ring_le_1"
BONE 29 28 "j_ring_le_2"
BONE 30 29 "j_ring_le_3"
BONE 31 18 "j_thumb_le_1"
BONE 32 31 "j_thumb_le_2"
BONE 33 32 "j_thumb_le_3"
BONE 34 18 "j_wrist_le1"
BONE 35 34 "tag_weapon_left"
BONE 36 17 "j_wristtwist_le"
BONE 37 16 "j_shouldertwist_le"
BONE 38 37 "tag_reflector_arm_le"
BONE 39 14 "j_clavicle_ri"
BONE 40 39 "j_shoulder_ri"
BONE 41 40 "j_elbow_ri"
BONE 42 41 "j_wrist_ri"
BONE 43 42 "j_index_ri_1"
BONE 44 43 "j_index_ri_2"
BONE 45 44 "j_index_ri_3"
BONE 46 42 "j_mid_ri_1"
BONE 47 46 "j_mid_ri_2"
BONE 48 47 "j_mid_ri_3"
BONE 49 42 "j_pinky_ri_1"
BONE 50 49 "j_pinky_ri_2"
BONE 51 50 "j_pinky_ri_3"
BONE 52 42 "j_ring_ri_1"
BONE 53 52 "j_ring_ri_2"
BONE 54 53 "j_ring_ri_3"
BONE 55 42 "j_thumb_ri_1"
BONE 56 55 "j_thumb_ri_2"
BONE 57 56 "j_thumb_ri_3"
BONE 58 42 "j_wrist_ri1"
BONE 59 58 "j_gun"
BONE 60 58 "tag_weapon_right"
BONE 61 41 "j_wristtwist_ri"
BONE 62 40 "j_shouldertwist_ri"
BONE 63 62 "tag_reflector_arm_ri"
BONE 64 14 "j_shoulderraise_le"
BONE 65 14 "j_shoulderraise_ri"
BONE 66 14 "tag_bipod"
BONE 67 14 "tag_inhand"
BONE 68 14 "tag_shield_back"
BONE 69 14 "tag_stowed_back"
BONE 70 14 "tag_weapon_chest"
BONE 71 14 "j_neck"
BONE 72 71 "j_head"
BONE 73 1 "tag_stowed_hip_rear"
BONE 74 1 "WaistBelt"
BONE 75 0 "tag_sync"

BONE 0
OFFSET 0.000000 0.000000 0.000000
SCALE 1.000000 1.000000 1.000000
X 1.000000 0.000000 0.000000
Y 0.000000 1.000000 0.000000
Z 0.000000 0.000000 1.000000

BONE 1
OFFSET -2.991319 -0.000276 35.889549
SCALE 1.000000 1.000000 1.000000
X -0.024713 -0.000056 0.999694
Y 0.999694 0.000059 0.024714
Z -0.000061 1.000000 0.000055

BONE 2
OFFSET -2.272403 3.364089 33.774212
SCALE 1.000000 1.000000 1.000000
X -0.047782 -0.030987 -0.998377
Y 0.998845 -0.006506 -0.047603
Z -0.005020 -0.999499 0.031262

BONE 3
OFFSET -2.917050 2.946359 20.317781
SCALE 1.000000 1.000000 1.000000
X -0.068277 0.000979 -0.997666
Y 0.997579 -0.013182 -0.068284
Z -0.013218 -0.999913 -0.000077

BONE 4
OFFSET -3.977298 2.961541 4.827625
SCALE 1.000000 1.000000 1.000000
X 0.007619 0.016644 -0.999832
Y 0.997070 -0.076239 0.006329
Z -0.076121 -0.996951 -0.017176

BONE 5
OFFSET 1.043333 2.731288 0.139228
SCALE 1.000000 1.000000 1.000000
X 0.980602 -0.077969 0.179836
Y -0.180626 -0.003147 0.983547
Z -0.076120 -0.996951 -0.017169

BONE 6
OFFSET -1.728110 7.175275 34.735138
SCALE 1.000000 1.000000 1.000000
X 0.358748 0.874882 0.325394
Y -0.028630 0.358748 -0.932996
Z -0.932995 0.325394 0.153747

BONE 7
OFFSET -2.272403 -3.364080 33.774303
SCALE 1.000000 1.000000 1.000000
X 0.047633 -0.031660 0.998390
Y -0.998864 -0.002963 0.047560
Z 0.001452 -0.999494 -0.031767

BONE 8
OFFSET -2.914912 -2.937479 20.316620
SCALE 1.000000 1.000000 1.000000
X 0.068219 0.001987 0.997696
Y -0.997623 -0.009590 0.068232
Z 0.009703 -0.999952 0.001327

BONE 9
OFFSET -3.973252 -2.968386 4.834065
SCALE 1.000000 1.000000 1.000000
X -0.008022 -0.054509 0.998508
Y -0.999725 -0.021551 -0.009214
Z 0.022020 -0.998281 -0.054323

BONE 10
OFFSET 1.055121 -2.675361 0.163630
SCALE 1.000000 1.000000 1.000000
X -0.983157 -0.011749 -0.182397
Y 0.181435 0.057468 -0.981748
Z 0.022016 -0.998278 -0.054370

BONE 11
OFFSET -2.272851 -7.230427 34.735138
SCALE 1.000000 1.000000 1.000000
X -0.353672 0.871206 -0.340476
Y 0.028791 -0.353679 -0.934949
Z -0.934927 -0.340458 0.100001

BONE 12
OFFSET -1.381842 0.014895 39.940948
SCALE 1.000000 1.000000 1.000000
X -0.029891 -0.000054 0.999553
Y 0.999553 0.000059 0.029891
Z -0.000060 1.000000 0.000052

BONE 13
OFFSET -1.594902 0.014895 45.653309
SCALE 1.000000 1.000000 1.000000
X 0.020435 -0.000062 0.999791
Y 0.999791 0.000062 -0.020435
Z -0.000060 1.000000 0.000063

BONE 14
OFFSET -1.889590 0.014678 48.562267
SCALE 1.000000 1.000000 1.000000
X 0.047002 -0.000058 0.998895
Y 0.998895 0.000063 -0.047002
Z -0.000060 1.000000 0.000061

BONE 15
OFFSET -2.908890 1.362064 50.992466
SCALE 1.000000 1.000000 1.000000
X 0.022178 0.996932 0.072708
Y -0.999642 0.021027 0.016496
Z 0.014918 -0.072815 0.997150

BONE 16
OFFSET -3.053507 3.970519 50.344925
SCALE 1.000000 1.000000 1.000000
X 0.024337 0.793376 -0.607828
Y -0.995123 0.077370 0.061182
Z 0.095593 0.603478 0.791624

BONE 17
OFFSET -3.123597 10.717821 45.369137
SCALE 1.000000 1.000000 1.000000
X -0.030523 0.810480 -0.584533
Y -0.995310 0.029069 0.092267
Z 0.091797 0.584717 0.806024

BONE 18
OFFSET -3.321783 16.543968 41.006477
SCALE 1.000000 1.000000 1.000000
X -0.090897 0.829756 -0.550212
Y -0.055463 -0.555978 -0.829343
Z -0.994314 -0.044845 0.096562

BONE 19
OFFSET -2.320187 19.728638 39.262840
SCALE 1.000000 1.000000 1.000000
X 0.106512 0.881965 -0.458570
Y -0.184484 -0.435797 -0.880933
Z -0.977047 0.178429 0.116347

BONE 20
OFFSET -2.164356 21.018253 38.592205
SCALE 1.000000 1.000000 1.000000
X 0.109371 0.863563 -0.491721
Y -0.187660 -0.467986 -0.863581
Z -0.976126 0.186724 0.110930

BONE 21
OFFSET -2.085106 21.644354 38.235664
SCALE 1.000000 1.000000 1.000000
X 0.106763 0.880150 -0.461985
Y -0.139553 -0.446916 -0.883622
Z -0.984442 0.158803 0.075161

BONE 22
OFFSET -3.027608 19.867203 39.232811
SCALE 1.000000 1.000000 1.000000
X -0.000700 0.883324 -0.468213
Y -0.044638 -0.467915 -0.882645
Z -0.999003 0.020285 0.039769

BONE 23
OFFSET -3.028533 21.198826 38.527008
SCALE 1.000000 1.000000 1.000000
X 0.005441 0.879129 -0.476012
Y -0.045717 -0.475441 -0.878558
Z -0.998939 0.026543 0.037617

BONE 24
OFFSET -3.024157 21.916651 38.138374
SCALE 1.000000 1.000000 1.000000
X 0.034340 0.821681 -0.568462
Y -0.046238 -0.566997 -0.822419
Z -0.998340 0.054520 0.018539

BONE 25
OFFSET -4.397079 19.409922 39.305477
SCALE 1.000000 1.000000 1.000000
X -0.263490 0.767912 -0.583446
Y 0.001928 -0.604502 -0.796597
Z -0.964660 -0.210962 0.157774

BONE 26
OFFSET -4.759540 20.466747 38.502586
SCALE 1.000000 1.000000 1.000000
X -0.259619 0.756115 -0.600345
Y 0.007513 -0.620160 -0.784433
Z -0.965682 -0.208107 0.155299

BONE 27
OFFSET -4.919396 20.932375 38.132977
SCALE 1.000000 1.000000 1.000000
X -0.258584 0.714730 -0.649486
Y 0.024239 -0.667424 -0.744269
Z -0.965685 -0.208142 0.155236

BONE 28
OFFSET -3.728427 19.700706 39.267818
SCALE 1.000000 1.000000 1.000000
X -0.167168 0.843046 -0.510712
Y 0.012440 -0.516284 -0.856327
Z -0.985850 -0.149472 0.075797

BONE 29
OFFSET -4.002329 21.082628 38.430603
SCALE 1.000000 1.000000 1.000000
X -0.170152 0.864510 -0.472408
Y 0.005329 -0.478723 -0.877950
Z -0.985403 -0.151870 0.076826

BONE 30
OFFSET -4.140279 21.783415 38.047764
SCALE 1.000000 1.000000 1.000000
X -0.199702 0.898227 -0.390919
Y -0.010705 -0.401089 -0.915972
Z -0.979798 -0.178698 0.089687

BONE 31
OFFSET -2.412811 16.978474 40.285419
SCALE 1.000000 1.000000 1.000000
X 0.328248 0.652105 -0.683074
Y -0.804619 0.571869 0.159572
Z 0.494814 0.497335 0.712611

BONE 32
OFFSET -1.763505 18.270535 38.932102
SCALE 1.000000 1.000000 1.000000
X 0.436491 0.684848 -0.583144
Y -0.774284 0.616072 0.144319
Z 0.458214 0.388658 0.799364

BONE 33
OFFSET -1.234596 19.101345 38.224922
SCALE 1.000000 1.000000 1.000000
X 0.427222 0.732436 -0.529721
Y -0.781110 0.594108 0.191862
Z 0.455355 0.331948 0.826107

BONE 34
OFFSET -0.541267 14.298884 40.337711
SCALE 1.000000 1.000000 1.000000
X -0.090913 0.829757 -0.550206
Y -0.055463 -0.555974 -0.829346
Z -0.994313 -0.044859 0.096570

BONE 35
OFFSET 22.197386 -15.914328 8.856302
SCALE 1.000000 1.000000 1.000000
X 0.544211 0.740777 -0.393352
Y -0.511815 0.664766 0.544136
Z 0.664740 -0.094620 0.740984

BONE 36
OFFSET -3.263728 14.838155 42.283581
SCALE 1.000000 1.000000 1.000000
X -0.030528 0.810504 -0.584501
Y -0.995308 0.029072 0.092286
Z 0.091815 0.584684 0.806045

BONE 37
OFFSET -3.045464 4.232521 50.144135
SCALE 1.000000 1.000000 1.000000
X 0.024315 0.793235 -0.608013
Y -0.995122 0.077371 0.061182
Z 0.095600 0.603663 0.791482

BONE 38
OFFSET -2.631713 5.587201 51.001419
SCALE 1.000000 1.000000 1.000000
X 0.199750 0.320026 0.926101
Y -0.947076 -0.179287 0.266199
Z 0.251289 -0.930084 0.267100

BONE 39
OFFSET -2.908890 -1.362064 50.992493
SCALE 1.000000 1.000000 1.000000
X -0.019468 0.997197 -0.072243
Y 0.999656 0.018145 -0.018928
Z -0.017564 -0.072587 -0.997207

BONE 40
OFFSET -3.053504 -3.970500 50.344810
SCALE 1.000000 1.000000 1.000000
X -0.024257 0.792998 0.608741
Y 0.993852 0.084927 -0.071030
Z -0.108025 0.603276 -0.790183

BONE 41
OFFSET -3.122703 -10.722189 45.361694
SCALE 1.000000 1.000000 1.000000
X 0.029676 0.810701 0.584707
Y 0.993643 0.039624 -0.105369
Z -0.108591 0.584118 -0.804372

BONE 42
OFFSET -3.316163 -16.541420 41.002991
SCALE 1.000000 1.000000 1.000000
X 0.082405 0.799240 0.595335
Y 0.015708 -0.598334 0.801092
Z 0.996475 -0.056662 -0.061860

BONE 43
OFFSET -2.320169 -19.728603 39.262783
SCALE 1.000000 1.000000 1.000000
X -0.106755 0.881355 0.460235
Y 0.141190 -0.444753 0.884455
Z 0.984209 0.159401 -0.076958

BONE 44
OFFSET -2.164315 -21.015759 38.590496
SCALE 1.000000 1.000000 1.000000
X -0.108667 0.869811 0.481269
Y 0.143497 -0.465340 0.873422
Z 0.983666 0.163973 -0.074247

BONE 45
OFFSET -2.085339 -21.647419 38.241119
SCALE 1.000000 1.000000 1.000000
X -0.203920 0.871540 0.445909
Y 0.138431 -0.425233 0.894435
Z 0.969151 0.244121 -0.033935

BONE 46
OFFSET -3.024194 -19.868244 39.232609
SCALE 1.000000 1.000000 1.000000
X 0.000292 0.884420 0.466691
Y -0.007430 -0.466677 0.884397
Z 0.999972 -0.003725 0.006435

BONE 47
OFFSET -3.024687 -21.200245 38.529835
SCALE 1.000000 1.000000 1.000000
X -0.002210 0.877016 0.480455
Y -0.006931 -0.480458 0.876990
Z 0.999973 -0.001392 0.007140

BONE 48
OFFSET -3.022821 -21.917463 38.136932
SCALE 1.000000 1.000000 1.000000
X -0.002719 0.838905 0.544271
Y -0.006802 -0.544276 0.838878
Z 0.999973 -0.001421 0.007186

BONE 49
OFFSET -4.397062 -19.409893 39.305374
SCALE 1.000000 1.000000 1.000000
X 0.262064 0.768528 0.583684
Y -0.027769 -0.598566 0.800592
Z 0.964650 -0.226015 -0.135521

BONE 50
OFFSET -4.757465 -20.467112 38.502506
SCALE 1.000000 1.000000 1.000000
X 0.260427 0.754547 0.602359
Y -0.031847 -0.616834 0.786448
Z 0.964968 -0.223996 -0.136610

BONE 51
OFFSET -4.917636 -20.930975 38.132271
SCALE 1.000000 1.000000 1.000000
X 0.299886 0.699733 0.648414
Y -0.028211 -0.672895 0.739199
Z 0.953558 -0.239968 -0.182051

BONE 52
OFFSET -3.728410 -19.700676 39.267872
SCALE 1.000000 1.000000 1.000000
X 0.166915 0.841844 0.513262
Y -0.064723 -0.510087 0.857684
Z 0.983844 -0.176381 -0.030654

BONE 53
OFFSET -4.002380 -21.081839 38.425850
SCALE 1.000000 1.000000 1.000000
X 0.172123 0.870789 0.460543
Y -0.054063 -0.458466 0.887066
Z 0.983590 -0.177583 -0.031835

BONE 54
OFFSET -4.141193 -21.784557 38.054157
SCALE 1.000000 1.000000 1.000000
X 0.174609 0.892751 0.415340
Y -0.045360 -0.414079 0.909110
Z 0.983592 -0.177578 -0.031807

BONE 55
OFFSET -2.412796 -16.978443 40.285480
SCALE 1.000000 1.000000 1.000000
X -0.329787 0.652048 0.682696
Y 0.867550 -0.075852 0.491530
Z 0.372285 0.754374 -0.540669

BONE 56
OFFSET -1.760517 -18.268673 38.934319
SCALE 1.000000 1.000000 1.000000
X -0.437642 0.686020 0.581244
Y 0.824130 0.047549 0.564401
Z 0.359553 0.726027 -0.586179

BONE 57
OFFSET -1.228925 -19.102177 38.228146
SCALE 1.000000 1.000000 1.000000
X -0.443261 0.727457 0.523761
Y 0.818823 0.090833 0.566814
Z 0.364759 0.680114 -0.635921

BONE 58
OFFSET -6.113362 -18.738791 41.445648
SCALE 1.000000 1.000000 1.000000
X 0.082405 0.799240 0.595336
Y 0.015708 -0.598335 0.801091
Z 0.996475 -0.056662 -0.061860

BONE 59
OFFSET -13.819828 -27.770340 41.404881
SCALE 1.000000 1.000000 1.000000
X 0.546977 -0.729205 -0.411188
Y 0.542245 0.682824 -0.489613
Z 0.637797 0.044843 0.768898

BONE 60
OFFSET -13.819828 -27.770340 41.404881
SCALE 1.000000 1.000000 1.000000
X 0.547157 -0.728749 -0.411757
Y 0.511265 0.680471 -0.524944
Z 0.662741 0.076710 0.744909

BONE 61
OFFSET -3.259527 -14.837749 42.279095
SCALE 1.000000 1.000000 1.000000
X 0.029673 0.810701 0.584707
Y 0.993643 0.039629 -0.105372
Z -0.108597 0.584117 -0.804372

BONE 62
OFFSET -3.046293 -4.206409 50.163712
SCALE 1.000000 1.000000 1.000000
X -0.024260 0.792998 0.608741
Y 0.993851 0.084931 -0.071030
Z -0.108028 0.603275 -0.790183

BONE 63
OFFSET -2.613070 -5.559577 51.016678
SCALE 1.000000 1.000000 1.000000
X 0.134086 -0.376380 0.916711
Y 0.945245 -0.229178 -0.232355
Z 0.297544 0.897672 0.325041

BONE 64
OFFSET -1.799050 2.497322 52.942657
SCALE 1.000000 1.000000 1.000000
X -0.019310 -0.997191 -0.072368
Y 0.999659 -0.017986 -0.018900
Z 0.017545 -0.072709 0.997199

BONE 65
OFFSET -1.798749 -2.468448 52.942459
SCALE 1.000000 1.000000 1.000000
X 0.022408 -0.997221 0.072404
Y -0.999638 -0.021270 0.016492
Z -0.014905 -0.072878 -0.997276

BONE 66
OFFSET 10.134416 -17.575897 35.987324
SCALE 1.000000 1.000000 1.000000
X 1.000000 -0.000029 0.000078
Y 0.000029 1.000000 -0.000003
Z -0.000078 0.000003 1.000000

BONE 67
OFFSET 6.611639 -17.576466 40.651169
SCALE 1.000000 1.000000 1.000000
X -0.000088 1.000000 0.000130
Y 0.764286 0.000151 -0.644877
Z -0.644877 0.000042 -0.764286

BONE 68
OFFSET -7.084966 0.508616 48.807327
SCALE 1.000000 1.000000 1.000000
X -0.989753 -0.000190 0.142791
Y 0.000192 -1.000000 -0.000000
Z 0.142791 0.000028 0.989753

BONE 69
OFFSET -5.945412 -2.821075 47.497353
SCALE 1.000000 1.000000 1.000000
X -0.006978 0.025927 -0.999639
Y -0.984168 -0.177223 0.002273
Z -0.177099 0.983826 0.026755

BONE 70
OFFSET 6.611639 -17.576466 40.651169
SCALE 1.000000 1.000000 1.000000
X 1.000000 -0.000036 0.000078
Y 0.000036 1.000000 -0.000000
Z -0.000078 0.000000 1.000000

BONE 71
OFFSET -3.024690 0.014893 51.916519
SCALE 1.000000 1.000000 1.000000
X 0.264535 0.000018 0.964376
Y 0.964376 -0.000000 -0.264535
Z -0.000004 1.000000 -0.000017

BONE 72
OFFSET -2.354981 0.014893 54.930786
SCALE 1.000000 1.000000 1.000000
X 0.170333 -0.000001 0.985386
Y 0.985386 -0.000000 -0.170333
Z 0.000000 1.000000 0.000001

BONE 73
OFFSET -7.854332 -2.188361 30.877542
SCALE 1.000000 1.000000 1.000000
X -0.188070 0.137961 0.972418
Y 0.149138 -0.974593 0.167113
Z 0.970766 0.176454 0.162716

BONE 74
OFFSET -1.381842 0.014895 40.987228
SCALE 1.000000 1.000000 1.000000
X -0.000000 1.000000 -0.000000
Y -0.000000 -0.000000 1.000000
Z 1.000000 0.000000 0.000000

BONE 75
OFFSET -0.001903 0.000000 -0.000000
SCALE 1.000000 1.000000 1.000000
X -1.000000 0.000000 0.000000
Y 0.000000 -1.000000 0.000000
Z 0.000000 0.000000 1.000000


NUMVERTS 788
VERT 0
OFFSET -3.580980 -5.703228 23.347431
BONES 1
BONE 7 1.000000

VERT 1
OFFSET 0.099505 -5.747600 27.697124
BONES 1
BONE 7 1.000000

VERT 2
OFFSET -0.901725 -6.852314 27.404165
BONES 1
BONE 7 1.000000

VERT 3
OFFSET -1.452595 -6.065715 22.614361
BONES 1
BONE 7 1.000000

VERT 4
OFFSET 0.335807 -6.472490 27.478054
BONES 1
BONE 7 1.000000

VERT 5
OFFSET 0.145166 -5.480617 27.582794
BONES 1
BONE 7 1.000000

VERT 6
OFFSET -3.634493 -6.352153 28.267454
BONES 1
BONE 7 1.000000

VERT 7
OFFSET -2.186419 -7.065538 28.283714
BONES 1
BONE 7 1.000000

VERT 8
OFFSET -3.455034 -6.678405 27.443031
BONES 1
BONE 7 1.000000

VERT 9
OFFSET -1.853986 -6.893934 29.188610
BONES 1
BONE 7 1.000000

VERT 10
OFFSET -2.418984 -5.680969 27.107008
BONES 1
BONE 7 1.000000

VERT 11
OFFSET -1.822384 -6.970853 29.225706
BONES 1
BONE 7 1.000000

VERT 12
OFFSET 0.029473 -6.751777 25.642948
BONES 1
BONE 7 1.000000

VERT 13
OFFSET -0.352569 -2.758184 25.207197
BONES 1
BONE 7 1.000000

VERT 14
OFFSET -0.304017 -3.374183 24.956217
BONES 2
BONE 8 0.000523
BONE 7 0.999477

VERT 15
OFFSET -0.302170 -3.463411 24.957235
BONES 2
BONE 8 0.000445
BONE 7 0.999555

VERT 16
OFFSET -0.325688 -3.349195 24.973156
BONES 2
BONE 8 0.000406
BONE 7 0.999594

VERT 17
OFFSET -0.137380 -3.545856 25.493265
BONES 1
BONE 7 1.000000

VERT 18
OFFSET -0.234818 -3.528397 25.482113
BONES 1
BONE 7 1.000000

VERT 19
OFFSET -0.286175 -3.208049 25.253607
BONES 2
BONE 8 0.000398
BONE 7 0.999602

VERT 20
OFFSET -0.226696 -2.258175 25.690239
BONES 1
BONE 7 1.000000

VERT 21
OFFSET -0.345482 -2.208514 25.152323
BONES 1
BONE 7 1.000000

VERT 22
OFFSET -0.759942 -4.770085 24.807875
BONES 2
BONE 7 0.998976
BONE 8 0.001024

VERT 23
OFFSET -0.883390 -4.831398 24.733784
BONES 2
BONE 8 0.001199
BONE 7 0.998801

VERT 24
OFFSET -0.515907 -4.276367 24.849749
BONES 1
BONE 7 1.000000

VERT 25
OFFSET -0.546738 -4.570859 25.317280
BONES 1
BONE 7 1.000000

VERT 26
OFFSET -0.707624 -4.837066 25.302420
BONES 1
BONE 7 1.000000

VERT 27
OFFSET -0.658343 -4.405529 24.859499
BONES 2
BONE 8 0.000000
BONE 7 1.000000

VERT 28
OFFSET -0.503854 -4.596931 25.300392
BONES 1
BONE 7 1.000000

VERT 29
OFFSET -0.381352 -4.341121 25.323135
BONES 1
BONE 7 1.000000

VERT 30
OFFSET -2.819800 -0.695967 26.573610
BONES 2
BONE 7 0.997397
BONE 1 0.002603

VERT 31
OFFSET -4.937558 -1.933952 27.245169
BONES 2
BONE 1 0.006029
BONE 7 0.993971

VERT 32
OFFSET -5.230762 -2.560274 26.933062
BONES 2
BONE 7 0.996105
BONE 1 0.003895

VERT 33
OFFSET -4.196478 -1.427287 26.585829
BONES 2
BONE 1 0.002274
BONE 7 0.997726

VERT 34
OFFSET -0.789726 -1.633312 25.852268
BONES 1
BONE 7 1.000000

VERT 35
OFFSET -0.236746 -2.172097 25.162098
BONES 1
BONE 7 1.000000

VERT 36
OFFSET -0.433889 -2.161721 25.210705
BONES 1
BONE 7 1.000000

VERT 37
OFFSET -0.324291 -2.336590 25.164062
BONES 1
BONE 7 1.000000

VERT 38
OFFSET -0.303849 -2.264627 25.167501
BONES 1
BONE 7 1.000000

VERT 39
OFFSET -3.045977 -6.174015 26.637909
BONES 1
BONE 7 1.000000

VERT 40
OFFSET -3.040601 -6.271807 26.621119
BONES 1
BONE 7 1.000000

VERT 41
OFFSET -0.289206 -3.397131 24.989128
BONES 1
BONE 7 1.000000

VERT 42
OFFSET -0.271114 -3.546593 25.470118
BONES 1
BONE 7 1.000000

VERT 43
OFFSET -0.401857 -3.401708 25.023146
BONES 1
BONE 7 1.000000

VERT 44
OFFSET -0.212203 -3.470459 25.463755
BONES 1
BONE 7 1.000000

VERT 45
OFFSET -0.690455 -4.526211 24.849354
BONES 1
BONE 7 1.000000

VERT 46
OFFSET -0.669026 -4.500349 24.849272
BONES 1
BONE 7 1.000000

VERT 47
OFFSET -0.515422 -4.598374 25.296654
BONES 1
BONE 7 1.000000

VERT 48
OFFSET -0.452392 -4.455648 25.176291
BONES 2
BONE 7 1.000000
BONE 8 0.000000

VERT 49
OFFSET -1.003982 -5.585130 37.699352
BONES 2
BONE 1 0.964089
BONE 7 0.035911

VERT 50
OFFSET -1.237981 -6.172354 37.848152
BONES 2
BONE 1 0.977155
BONE 7 0.022845

VERT 51
OFFSET -0.907353 -5.260245 37.647152
BONES 2
BONE 7 0.005841
BONE 1 0.994159

VERT 52
OFFSET -2.835806 -7.122441 23.023098
BONES 1
BONE 7 1.000000

VERT 53
OFFSET -3.437972 -7.521196 28.170061
BONES 1
BONE 7 1.000000

VERT 54
OFFSET -2.089319 -7.389199 27.209791
BONES 1
BONE 7 1.000000

VERT 55
OFFSET -1.550083 -6.317837 29.151501
BONES 1
BONE 7 1.000000

VERT 56
OFFSET -2.035535 -6.232666 29.153582
BONES 1
BONE 7 1.000000

VERT 57
OFFSET -0.521307 -5.467786 23.435734
BONES 1
BONE 7 1.000000

VERT 58
OFFSET -2.670617 -5.642337 26.543766
BONES 1
BONE 7 1.000000

VERT 59
OFFSET -0.362789 -5.503908 25.815136
BONES 1
BONE 7 1.000000

VERT 60
OFFSET -0.984197 -6.670361 23.467983
BONES 1
BONE 7 1.000000

VERT 61
OFFSET -3.141782 -7.305367 26.415749
BONES 1
BONE 7 1.000000

VERT 62
OFFSET -2.744872 -5.453788 24.147797
BONES 1
BONE 7 1.000000

VERT 63
OFFSET -1.251647 -5.593465 27.633154
BONES 2
BONE 7 0.999997
BONE 1 0.000003

VERT 64
OFFSET -0.613200 -5.469302 27.669121
BONES 2
BONE 7 0.999999
BONE 1 0.000001

VERT 65
OFFSET -0.157804 -3.327221 25.504589
BONES 1
BONE 7 1.000000

VERT 66
OFFSET -0.235655 -3.320783 25.548304
BONES 1
BONE 7 1.000000

VERT 67
OFFSET -0.156712 -3.461342 25.462555
BONES 1
BONE 7 1.000000

VERT 68
OFFSET -0.320793 -2.312534 25.723076
BONES 1
BONE 7 1.000000

VERT 69
OFFSET -0.126165 -2.318926 25.650402
BONES 1
BONE 7 1.000000

VERT 70
OFFSET -0.481707 -2.253234 25.186752
BONES 1
BONE 7 1.000000

VERT 71
OFFSET -0.126681 -2.251552 25.665640
BONES 1
BONE 7 1.000000

VERT 72
OFFSET -0.484784 -2.184564 25.193541
BONES 1
BONE 7 1.000000

VERT 73
OFFSET -0.384764 -2.177943 25.168938
BONES 1
BONE 7 1.000000

VERT 74
OFFSET -0.287074 -2.215308 25.125284
BONES 1
BONE 7 1.000000

VERT 75
OFFSET -0.224925 -2.325305 25.679373
BONES 1
BONE 7 1.000000

VERT 76
OFFSET -0.382993 -2.245076 25.158072
BONES 1
BONE 7 1.000000

VERT 77
OFFSET -0.187415 -2.289077 25.673573
BONES 1
BONE 7 1.000000

VERT 78
OFFSET -0.422315 -2.214504 25.174696
BONES 1
BONE 7 1.000000

VERT 79
OFFSET -0.264262 -2.294407 25.696045
BONES 1
BONE 7 1.000000

VERT 80
OFFSET -0.461366 -4.064025 24.787638
BONES 2
BONE 7 0.998923
BONE 8 0.001077

VERT 81
OFFSET -0.688027 -4.981388 25.359636
BONES 1
BONE 7 1.000000

VERT 82
OFFSET -0.320538 -4.188109 25.433424
BONES 1
BONE 7 1.000000

VERT 83
OFFSET -0.417271 -4.262115 25.349585
BONES 1
BONE 7 1.000000

VERT 84
OFFSET -0.799498 -4.694189 24.834604
BONES 2
BONE 7 0.998980
BONE 8 0.001020

VERT 85
OFFSET -4.858462 -2.008519 27.262426
BONES 2
BONE 1 0.006074
BONE 7 0.993926

VERT 86
OFFSET -5.236353 -3.523442 27.448143
BONES 2
BONE 1 0.008569
BONE 7 0.991431

VERT 87
OFFSET -0.353178 -2.134746 25.193945
BONES 1
BONE 7 1.000000

VERT 88
OFFSET -3.511676 -1.003253 26.316414
BONES 2
BONE 1 0.000804
BONE 7 0.999196

VERT 89
OFFSET -3.781569 -5.943706 26.838243
BONES 2
BONE 1 0.005615
BONE 7 0.994385

VERT 90
OFFSET -4.832233 -4.963202 27.223520
BONES 2
BONE 7 0.991668
BONE 1 0.008332

VERT 91
OFFSET -4.919052 -4.795473 26.808498
BONES 2
BONE 1 0.002467
BONE 7 0.997533

VERT 92
OFFSET -0.163748 -2.232133 25.636293
BONES 1
BONE 7 1.000000

VERT 93
OFFSET -0.341595 -2.210819 25.681219
BONES 1
BONE 7 1.000000

VERT 94
OFFSET -1.109287 -1.291777 25.507280
BONES 1
BONE 7 1.000000

VERT 95
OFFSET -0.236630 -2.376725 25.637033
BONES 1
BONE 7 1.000000

VERT 96
OFFSET -3.110145 -6.210282 26.137522
BONES 1
BONE 7 1.000000

VERT 97
OFFSET -0.295316 -3.510980 24.972702
BONES 1
BONE 7 1.000000

VERT 98
OFFSET -0.305697 -3.448377 24.985636
BONES 1
BONE 7 1.000000

VERT 99
OFFSET -0.141697 -3.532917 25.432232
BONES 1
BONE 7 1.000000

VERT 100
OFFSET -0.348312 -3.412138 25.004860
BONES 1
BONE 7 1.000000

VERT 101
OFFSET -0.525324 -4.490608 25.322435
BONES 1
BONE 7 1.000000

VERT 102
OFFSET -0.620683 -4.474172 24.843136
BONES 2
BONE 8 0.000027
BONE 7 0.999973

VERT 103
OFFSET -0.525414 -4.405208 25.340715
BONES 1
BONE 7 1.000000

VERT 104
OFFSET -0.496877 -4.028405 24.917442
BONES 2
BONE 8 0.000006
BONE 7 0.999994

VERT 105
OFFSET -0.569818 -4.619443 25.306456
BONES 1
BONE 7 1.000000

VERT 106
OFFSET -0.717945 -5.723126 27.850435
BONES 2
BONE 7 0.998957
BONE 1 0.001043

VERT 107
OFFSET -1.367198 1.841255 52.065250
BONES 1
BONE 13 1.000000

VERT 108
OFFSET -1.005911 1.023598 51.704910
BONES 1
BONE 13 1.000000

VERT 109
OFFSET -1.062233 -0.799766 52.269794
BONES 1
BONE 13 1.000000

VERT 110
OFFSET -1.152771 -1.482023 51.581566
BONES 1
BONE 13 1.000000

VERT 111
OFFSET -1.772998 -2.459710 52.625854
BONES 1
BONE 13 1.000000

VERT 112
OFFSET -2.127621 2.832175 52.762608
BONES 1
BONE 13 1.000000

VERT 113
OFFSET -2.883121 2.965562 52.847691
BONES 1
BONE 13 1.000000

VERT 114
OFFSET -4.514246 2.484106 52.652676
BONES 1
BONE 13 1.000000

VERT 115
OFFSET -4.344949 2.491495 52.482243
BONES 1
BONE 13 1.000000

VERT 116
OFFSET -1.902546 2.225959 52.321144
BONES 1
BONE 13 1.000000

VERT 117
OFFSET -2.078794 -2.128682 52.546059
BONES 1
BONE 13 1.000000

VERT 118
OFFSET -3.806486 -2.753063 52.821800
BONES 1
BONE 13 1.000000

VERT 119
OFFSET -1.902545 -2.225959 52.321144
BONES 1
BONE 13 1.000000

VERT 120
OFFSET -1.081054 0.986238 52.499062
BONES 1
BONE 13 1.000000

VERT 121
OFFSET -1.276859 -1.614470 52.506020
BONES 1
BONE 13 1.000000

VERT 122
OFFSET -0.950012 0.261957 52.520241
BONES 1
BONE 13 1.000000

VERT 123
OFFSET -1.477719 -1.592294 51.507320
BONES 1
BONE 13 1.000000

VERT 124
OFFSET -1.606224 1.728177 51.297146
BONES 1
BONE 13 1.000000

VERT 125
OFFSET -2.078795 2.128682 52.546059
BONES 1
BONE 13 1.000000

VERT 126
OFFSET -5.096158 -0.349567 52.004478
BONES 1
BONE 13 1.000000

VERT 127
OFFSET -1.822063 2.247499 52.365269
BONES 1
BONE 13 1.000000

VERT 128
OFFSET -2.883121 -2.965562 52.847691
BONES 1
BONE 13 1.000000

VERT 129
OFFSET -5.083622 -0.000002 52.111549
BONES 1
BONE 13 1.000000

VERT 130
OFFSET -1.822062 -2.247500 52.365265
BONES 1
BONE 13 1.000000

VERT 131
OFFSET -4.648245 -2.233668 52.321339
BONES 1
BONE 13 1.000000

VERT 132
OFFSET -2.960725 16.198328 42.617783
BONES 1
BONE 36 1.000000

VERT 133
OFFSET -3.266683 16.370844 42.200928
BONES 1
BONE 36 1.000000

VERT 134
OFFSET -3.209311 16.897840 41.944347
BONES 1
BONE 36 1.000000

VERT 135
OFFSET -3.281602 -16.321224 42.279282
BONES 1
BONE 61 1.000000

VERT 136
OFFSET -2.609047 -16.494425 42.179192
BONES 1
BONE 61 1.000000

VERT 137
OFFSET -1.506351 16.433506 41.558964
BONES 1
BONE 36 1.000000

VERT 138
OFFSET -1.814955 16.427259 41.835369
BONES 1
BONE 36 1.000000

VERT 139
OFFSET -1.604130 16.480974 41.477486
BONES 1
BONE 36 1.000000

VERT 140
OFFSET -1.893549 16.738802 41.562347
BONES 1
BONE 36 1.000000

VERT 141
OFFSET -1.594471 15.953656 42.083233
BONES 1
BONE 36 1.000000

VERT 142
OFFSET -1.934411 16.201372 42.130936
BONES 1
BONE 36 1.000000

VERT 143
OFFSET -1.921454 -16.846560 41.640793
BONES 1
BONE 61 1.000000

VERT 144
OFFSET -1.499093 -16.468521 41.430565
BONES 1
BONE 61 1.000000

VERT 145
OFFSET -1.862829 -16.862310 41.414215
BONES 1
BONE 61 1.000000

VERT 146
OFFSET -1.599588 -16.507740 41.447739
BONES 1
BONE 61 1.000000

VERT 147
OFFSET -1.495131 -15.800225 42.120537
BONES 1
BONE 61 1.000000

VERT 148
OFFSET -1.906891 -16.224010 42.072895
BONES 1
BONE 61 1.000000

VERT 149
OFFSET -1.840225 -15.712701 42.418056
BONES 1
BONE 61 1.000000

VERT 150
OFFSET 1.040194 0.159658 44.819706
BONES 2
BONE 12 0.050000
BONE 13 0.950000

VERT 151
OFFSET 1.054453 0.046220 45.181950
BONES 2
BONE 13 0.949999
BONE 12 0.050001

VERT 152
OFFSET 1.180502 0.227037 47.715961
BONES 1
BONE 13 1.000000

VERT 153
OFFSET 1.184176 -0.175382 47.605244
BONES 1
BONE 13 1.000000

VERT 154
OFFSET 1.178820 0.197615 41.790752
BONES 2
BONE 12 0.950000
BONE 1 0.050000

VERT 155
OFFSET -1.451549 0.524769 52.642460
BONES 1
BONE 13 1.000000

VERT 156
OFFSET -1.517771 0.853435 52.826397
BONES 1
BONE 13 1.000000

VERT 157
OFFSET -3.211446 16.700151 42.407272
BONES 1
BONE 36 1.000000

VERT 158
OFFSET -3.733525 16.586212 42.159733
BONES 1
BONE 36 1.000000

VERT 159
OFFSET -2.609052 16.494425 42.179195
BONES 1
BONE 36 1.000000

VERT 160
OFFSET -3.830925 -16.490860 42.174873
BONES 1
BONE 61 1.000000

VERT 161
OFFSET -3.197303 -16.854151 42.145515
BONES 1
BONE 61 1.000000

VERT 162
OFFSET -3.123971 -16.453777 42.518631
BONES 1
BONE 61 1.000000

VERT 163
OFFSET -3.268479 -16.632441 42.034580
BONES 1
BONE 61 1.000000

VERT 164
OFFSET -1.832678 16.785156 41.598450
BONES 1
BONE 36 1.000000

VERT 165
OFFSET -1.690138 16.460913 41.738556
BONES 1
BONE 36 1.000000

VERT 166
OFFSET -1.933549 16.884995 41.545475
BONES 1
BONE 36 1.000000

VERT 167
OFFSET -1.522138 16.566711 41.365707
BONES 1
BONE 36 1.000000

VERT 168
OFFSET -1.622026 16.340120 41.627316
BONES 1
BONE 36 1.000000

VERT 169
OFFSET -1.809181 15.810497 42.361767
BONES 1
BONE 36 1.000000

VERT 170
OFFSET -1.854863 16.113653 42.207878
BONES 1
BONE 36 1.000000

VERT 171
OFFSET -1.863737 15.799767 42.505432
BONES 1
BONE 36 1.000000

VERT 172
OFFSET -1.501482 15.768190 42.156582
BONES 1
BONE 36 1.000000

VERT 173
OFFSET -1.930362 15.796827 42.434803
BONES 1
BONE 36 1.000000

VERT 174
OFFSET -1.563237 15.970442 41.953617
BONES 1
BONE 36 1.000000

VERT 175
OFFSET -1.601123 15.720522 42.161476
BONES 1
BONE 36 1.000000

VERT 176
OFFSET -1.840217 16.078421 42.082142
BONES 1
BONE 36 1.000000

VERT 177
OFFSET -1.816928 -16.753830 41.536434
BONES 1
BONE 61 1.000000

VERT 178
OFFSET -1.752745 -16.490385 41.781170
BONES 1
BONE 61 1.000000

VERT 179
OFFSET -1.588896 -16.699339 41.405846
BONES 1
BONE 61 1.000000

VERT 180
OFFSET -1.775512 -16.361511 41.852036
BONES 1
BONE 61 1.000000

VERT 181
OFFSET -1.790007 -16.452187 41.711227
BONES 1
BONE 61 1.000000

VERT 182
OFFSET -1.900099 -15.864103 42.484264
BONES 1
BONE 61 1.000000

VERT 183
OFFSET -1.838739 -15.857507 42.354916
BONES 1
BONE 61 1.000000

VERT 184
OFFSET -1.602570 -15.823388 42.111351
BONES 1
BONE 61 1.000000

VERT 185
OFFSET -1.776295 -16.113995 42.125614
BONES 1
BONE 61 1.000000

VERT 186
OFFSET -1.537720 -15.732683 42.084175
BONES 1
BONE 61 1.000000

VERT 187
OFFSET -1.892274 -16.075220 42.139378
BONES 1
BONE 61 1.000000

VERT 188
OFFSET 1.032840 -0.227978 44.975388
BONES 2
BONE 13 0.950000
BONE 12 0.050000

VERT 189
OFFSET 1.052620 -0.108155 47.897831
BONES 1
BONE 13 1.000000

VERT 190
OFFSET 1.174388 -0.154734 41.791836
BONES 2
BONE 12 0.950000
BONE 1 0.050000

VERT 191
OFFSET 1.258824 0.013382 41.438515
BONES 2
BONE 1 0.050000
BONE 12 0.950000

VERT 192
OFFSET -1.580818 0.824282 52.441292
BONES 1
BONE 13 1.000000

VERT 193
OFFSET -2.471588 -2.963601 56.002743
BONES 1
BONE 72 1.000000

VERT 194
OFFSET -2.126167 -3.048078 56.850407
BONES 1
BONE 72 1.000000

VERT 195
OFFSET -2.949601 -2.135994 54.502129
BONES 3
BONE 13 0.179075
BONE 72 0.495930
BONE 71 0.324995

VERT 196
OFFSET -3.102574 -2.642649 55.880047
BONES 2
BONE 71 0.003363
BONE 72 0.996637

VERT 197
OFFSET -2.358177 -2.649052 56.104729
BONES 1
BONE 72 1.000000

VERT 198
OFFSET -2.164266 -3.030771 57.095333
BONES 1
BONE 72 1.000000

VERT 199
OFFSET -2.013591 -3.041812 56.822453
BONES 1
BONE 72 1.000000

VERT 200
OFFSET -3.072125 -2.569802 55.939583
BONES 3
BONE 71 0.021142
BONE 13 0.005370
BONE 72 0.973488

VERT 201
OFFSET -3.289176 -2.575142 56.001671
BONES 2
BONE 71 0.001301
BONE 72 0.998699

VERT 202
OFFSET -2.611955 -3.088262 57.237480
BONES 1
BONE 72 1.000000

VERT 203
OFFSET -2.795783 -3.093759 57.110672
BONES 1
BONE 72 1.000000

VERT 204
OFFSET -3.452688 -1.978041 51.958073
BONES 3
BONE 71 0.057179
BONE 13 0.928264
BONE 72 0.014557

VERT 205
OFFSET -5.597213 2.211422 0.344706
BONES 1
BONE 4 1.000000

VERT 206
OFFSET -4.959157 2.129720 5.504065
BONES 2
BONE 4 0.182605
BONE 3 0.817395

VERT 207
OFFSET -5.110321 3.585964 5.573853
BONES 2
BONE 4 0.081975
BONE 3 0.918025

VERT 208
OFFSET 0.036397 2.020296 2.246566
BONES 1
BONE 4 1.000000

VERT 209
OFFSET -1.065047 4.167729 2.365788
BONES 1
BONE 4 1.000000

VERT 210
OFFSET 3.431785 3.905507 1.246464
BONES 1
BONE 4 1.000000

VERT 211
OFFSET 1.765014 1.145581 -0.035424
BONES 1
BONE 4 1.000000

VERT 212
OFFSET -3.049222 1.619747 1.092570
BONES 1
BONE 4 1.000000

VERT 213
OFFSET -5.303273 3.513436 0.133392
BONES 1
BONE 4 1.000000

VERT 214
OFFSET 0.019186 2.277763 2.150181
BONES 1
BONE 4 1.000000

VERT 215
OFFSET -3.855956 3.938890 5.236333
BONES 2
BONE 4 0.376401
BONE 3 0.623599

VERT 216
OFFSET -3.350107 2.170676 4.951555
BONES 2
BONE 3 0.350512
BONE 4 0.649488

VERT 217
OFFSET 0.009974 3.504275 2.110154
BONES 1
BONE 4 1.000000

VERT 218
OFFSET -5.305094 2.981653 6.158885
BONES 2
BONE 3 0.963055
BONE 4 0.036946

VERT 219
OFFSET -3.095732 2.506798 4.861414
BONES 2
BONE 3 0.282391
BONE 4 0.717609

VERT 220
OFFSET -3.044141 3.436482 4.839043
BONES 2
BONE 4 0.702574
BONE 3 0.297426

VERT 221
OFFSET -0.088488 4.384543 1.782241
BONES 1
BONE 4 1.000000

VERT 222
OFFSET 0.550096 3.866904 1.956191
BONES 1
BONE 4 1.000000

VERT 223
OFFSET 0.596950 1.770505 2.071751
BONES 1
BONE 4 1.000000

VERT 224
OFFSET -0.090468 4.441234 1.812136
BONES 1
BONE 4 1.000000

VERT 225
OFFSET -1.066242 4.381591 1.259318
BONES 1
BONE 4 1.000000

VERT 226
OFFSET 0.943013 2.523010 2.184646
BONES 1
BONE 4 1.000000

VERT 227
OFFSET -0.752798 1.273997 1.416975
BONES 1
BONE 4 1.000000

VERT 228
OFFSET -1.175752 1.839093 2.848798
BONES 1
BONE 4 1.000000

VERT 229
OFFSET -2.284273 3.766080 3.810261
BONES 1
BONE 4 1.000000

VERT 230
OFFSET -0.499286 2.953723 2.891454
BONES 1
BONE 4 1.000000

VERT 231
OFFSET -2.938657 3.740839 4.597440
BONES 2
BONE 3 0.157046
BONE 4 0.842954

VERT 232
OFFSET -3.271178 2.139614 4.884880
BONES 2
BONE 3 0.264632
BONE 4 0.735368

VERT 233
OFFSET -3.214485 3.699613 4.799166
BONES 2
BONE 4 0.764833
BONE 3 0.235167

VERT 234
OFFSET -3.116264 3.785003 4.379690
BONES 2
BONE 3 0.115588
BONE 4 0.884412

VERT 235
OFFSET -2.905436 3.629879 4.687210
BONES 2
BONE 3 0.225478
BONE 4 0.774522

VERT 236
OFFSET -0.158759 4.575724 1.072761
BONES 1
BONE 4 1.000000

VERT 237
OFFSET -0.261548 4.498999 1.392108
BONES 1
BONE 4 1.000000

VERT 238
OFFSET 0.162366 4.506243 1.331678
BONES 1
BONE 4 1.000000

VERT 239
OFFSET -3.191328 2.188065 4.811169
BONES 2
BONE 4 0.769280
BONE 3 0.230720

VERT 240
OFFSET -3.036890 2.071725 4.416817
BONES 2
BONE 3 0.138322
BONE 4 0.861678

VERT 241
OFFSET -2.881700 2.284367 4.723053
BONES 2
BONE 3 0.210024
BONE 4 0.789976

VERT 242
OFFSET -0.251076 1.354528 1.058390
BONES 1
BONE 4 1.000000

VERT 243
OFFSET -0.274196 1.405404 1.397965
BONES 1
BONE 4 1.000000

VERT 244
OFFSET 0.121049 1.335690 1.248534
BONES 1
BONE 4 1.000000

VERT 245
OFFSET -5.305094 -2.981654 6.158885
BONES 2
BONE 8 0.963054
BONE 9 0.036946

VERT 246
OFFSET -4.959156 -2.129721 5.504064
BONES 2
BONE 9 0.182606
BONE 8 0.817394

VERT 247
OFFSET -5.110319 -3.585965 5.573853
BONES 2
BONE 9 0.081975
BONE 8 0.918025

VERT 248
OFFSET 0.036398 -2.020296 2.246566
BONES 1
BONE 9 1.000000

VERT 249
OFFSET -1.065045 -4.167729 2.365788
BONES 1
BONE 9 1.000000

VERT 250
OFFSET 4.043678 -1.942629 0.959231
BONES 1
BONE 9 1.000000

VERT 251
OFFSET 3.431785 -3.905505 1.246464
BONES 1
BONE 9 1.000000

VERT 252
OFFSET -3.294586 -1.599717 0.059142
BONES 1
BONE 9 1.000000

VERT 253
OFFSET 0.019187 -2.277763 2.150181
BONES 1
BONE 9 1.000000

VERT 254
OFFSET -3.855953 -3.938890 5.236332
BONES 2
BONE 9 0.376401
BONE 8 0.623599

VERT 255
OFFSET -3.350106 -2.170677 4.951555
BONES 2
BONE 8 0.350512
BONE 9 0.649488

VERT 256
OFFSET 0.009975 -3.504274 2.110154
BONES 1
BONE 9 1.000000

VERT 257
OFFSET -3.140516 -3.959160 0.679416
BONES 1
BONE 9 1.000000

VERT 258
OFFSET -3.049221 -1.619748 1.092570
BONES 1
BONE 9 1.000000

VERT 259
OFFSET -3.095731 -2.506798 4.861414
BONES 2
BONE 8 0.282391
BONE 9 0.717609

VERT 260
OFFSET -3.044139 -3.436482 4.839043
BONES 2
BONE 9 0.702574
BONE 8 0.297426

VERT 261
OFFSET 1.746421 -1.589664 1.588781
BONES 1
BONE 9 1.000000

VERT 262
OFFSET -0.090465 -4.441232 1.812136
BONES 1
BONE 9 1.000000

VERT 263
OFFSET 0.443120 -4.041783 1.963282
BONES 1
BONE 9 1.000000

VERT 264
OFFSET -0.752797 -1.273996 1.416975
BONES 1
BONE 9 1.000000

VERT 265
OFFSET -0.889565 -3.959334 2.635242
BONES 1
BONE 9 1.000000

VERT 266
OFFSET 0.473223 -2.512849 2.248442
BONES 1
BONE 9 1.000000

VERT 267
OFFSET -1.175751 -1.839093 2.848798
BONES 1
BONE 9 1.000000

VERT 268
OFFSET -2.284271 -3.766080 3.810261
BONES 1
BONE 9 1.000000

VERT 269
OFFSET -3.271177 -2.139614 4.884880
BONES 2
BONE 8 0.264632
BONE 9 0.735368

VERT 270
OFFSET -3.214483 -3.699614 4.799166
BONES 2
BONE 9 0.764833
BONE 8 0.235167

VERT 271
OFFSET -3.116262 -3.785004 4.379690
BONES 2
BONE 8 0.115588
BONE 9 0.884412

VERT 272
OFFSET -2.905435 -3.629880 4.687211
BONES 2
BONE 8 0.225478
BONE 9 0.774522

VERT 273
OFFSET -0.158758 -4.575723 1.072761
BONES 1
BONE 9 1.000000

VERT 274
OFFSET -0.261547 -4.498998 1.392108
BONES 1
BONE 9 1.000000

VERT 275
OFFSET 0.162368 -4.506242 1.331678
BONES 1
BONE 9 1.000000

VERT 276
OFFSET -3.191326 -2.188065 4.811169
BONES 2
BONE 9 0.769280
BONE 8 0.230720

VERT 277
OFFSET -3.036889 -2.071726 4.416817
BONES 2
BONE 8 0.138322
BONE 9 0.861678

VERT 278
OFFSET -2.881699 -2.284368 4.723052
BONES 2
BONE 8 0.210024
BONE 9 0.789976

VERT 279
OFFSET -0.251075 -1.354528 1.058390
BONES 1
BONE 9 1.000000

VERT 280
OFFSET -0.274195 -1.405404 1.397965
BONES 1
BONE 9 1.000000

VERT 281
OFFSET 0.121049 -1.335690 1.248534
BONES 1
BONE 9 1.000000

VERT 282
OFFSET 1.569512 4.861333 -0.111860
BONES 1
BONE 4 1.000000

VERT 283
OFFSET 4.043679 1.942631 0.959231
BONES 1
BONE 4 1.000000

VERT 284
OFFSET -3.294588 1.599717 0.059142
BONES 1
BONE 4 1.000000

VERT 285
OFFSET -3.140518 3.959160 0.679416
BONES 1
BONE 4 1.000000

VERT 286
OFFSET 0.029203 4.618263 0.911851
BONES 1
BONE 4 1.000000

VERT 287
OFFSET 0.011993 1.311079 0.905689
BONES 1
BONE 4 1.000000

VERT 288
OFFSET -1.065493 4.312836 1.264338
BONES 1
BONE 4 1.000000

VERT 289
OFFSET 1.501740 4.367937 1.471491
BONES 1
BONE 4 1.000000

VERT 290
OFFSET -1.073707 1.554425 1.240955
BONES 1
BONE 4 1.000000

VERT 291
OFFSET 1.746421 1.589666 1.588781
BONES 1
BONE 4 1.000000

VERT 292
OFFSET 0.443119 4.041784 1.963282
BONES 1
BONE 4 1.000000

VERT 293
OFFSET -0.889566 3.959334 2.635242
BONES 1
BONE 4 1.000000

VERT 294
OFFSET 0.473222 2.512850 2.248442
BONES 1
BONE 4 1.000000

VERT 295
OFFSET -2.223936 2.020570 3.853149
BONES 1
BONE 4 1.000000

VERT 296
OFFSET -2.142036 2.374561 4.139292
BONES 2
BONE 3 0.004523
BONE 4 0.995477

VERT 297
OFFSET -5.597211 -2.211423 0.344705
BONES 1
BONE 9 1.000000

VERT 298
OFFSET -5.303270 -3.513437 0.133392
BONES 1
BONE 9 1.000000

VERT 299
OFFSET 1.765014 -1.145580 -0.035424
BONES 1
BONE 9 1.000000

VERT 300
OFFSET 1.569514 -4.861331 -0.111860
BONES 1
BONE 9 1.000000

VERT 301
OFFSET 0.029204 -4.618262 0.911851
BONES 1
BONE 9 1.000000

VERT 302
OFFSET -1.073706 -1.554425 1.240955
BONES 1
BONE 9 1.000000

VERT 303
OFFSET -1.065491 -4.312836 1.264338
BONES 1
BONE 9 1.000000

VERT 304
OFFSET -0.088486 -4.384542 1.782241
BONES 1
BONE 9 1.000000

VERT 305
OFFSET 0.550097 -3.866904 1.956191
BONES 1
BONE 9 1.000000

VERT 306
OFFSET 1.501741 -4.367936 1.471491
BONES 1
BONE 9 1.000000

VERT 307
OFFSET 0.596950 -1.770504 2.071751
BONES 1
BONE 9 1.000000

VERT 308
OFFSET 0.011994 -1.311079 0.905689
BONES 1
BONE 9 1.000000

VERT 309
OFFSET -1.066240 -4.381591 1.259318
BONES 1
BONE 9 1.000000

VERT 310
OFFSET 0.943014 -2.523009 2.184646
BONES 1
BONE 9 1.000000

VERT 311
OFFSET -0.499285 -2.953723 2.891455
BONES 1
BONE 9 1.000000

VERT 312
OFFSET -2.223935 -2.020571 3.853149
BONES 1
BONE 9 1.000000

VERT 313
OFFSET -2.938656 -3.740839 4.597439
BONES 2
BONE 8 0.157046
BONE 9 0.842954

VERT 314
OFFSET -2.142035 -2.374561 4.139292
BONES 2
BONE 8 0.004523
BONE 9 0.995477

VERT 315
OFFSET 1.002295 0.022969 36.695061
BONES 2
BONE 12 0.041264
BONE 1 0.958736

VERT 316
OFFSET 1.026990 0.220561 36.717110
BONES 2
BONE 12 0.046230
BONE 1 0.953770

VERT 317
OFFSET 1.021513 0.294697 36.414227
BONES 2
BONE 12 0.035436
BONE 1 0.964564

VERT 318
OFFSET 1.002295 -0.022967 36.695061
BONES 2
BONE 12 0.041264
BONE 1 0.958736

VERT 319
OFFSET 1.026990 -0.220560 36.717110
BONES 2
BONE 12 0.046230
BONE 1 0.953770

VERT 320
OFFSET 1.021514 -0.294697 36.414227
BONES 2
BONE 12 0.035436
BONE 1 0.964564

VERT 321
OFFSET 1.002696 0.415266 36.573566
BONES 2
BONE 12 0.036141
BONE 1 0.963859

VERT 322
OFFSET 1.071337 -0.000539 36.804665
BONES 2
BONE 12 0.020959
BONE 1 0.979041

VERT 323
OFFSET 1.125764 0.397960 36.983711
BONES 2
BONE 1 0.982349
BONE 12 0.017651

VERT 324
OFFSET 1.002696 -0.415265 36.573566
BONES 2
BONE 12 0.036141
BONE 1 0.963859

VERT 325
OFFSET 1.071337 0.000540 36.804665
BONES 2
BONE 12 0.020959
BONE 1 0.979041

VERT 326
OFFSET 1.125764 -0.397959 36.983711
BONES 2
BONE 1 0.982349
BONE 12 0.017651

VERT 327
OFFSET 1.155017 -0.029394 36.883518
BONES 2
BONE 12 0.018738
BONE 1 0.981262

VERT 328
OFFSET 1.047573 0.034711 36.917694
BONES 2
BONE 12 0.036478
BONE 1 0.963522

VERT 329
OFFSET 0.998365 0.000001 36.618347
BONES 2
BONE 12 0.005217
BONE 1 0.994783

VERT 330
OFFSET 0.202473 4.059519 37.547562
BONES 2
BONE 12 0.000006
BONE 1 0.999994

VERT 331
OFFSET 0.824856 1.627234 36.985794
BONES 2
BONE 1 0.998621
BONE 12 0.001379

VERT 332
OFFSET -1.173661 4.734370 37.470695
BONES 2
BONE 2 0.003781
