// Export time: Fri Nov 13 11:03:59 2020

// Exported using Blender v2.90.1
// Export filename: 'E:/blackops3/mod_xmodel/iw4/hk416/ch_body_gk_hk416_lod1.XMODEL_EXPORT'
// Source filename: 'E:/blackops3/mod_xmodel/iw4/hk416/hk416.blend'
MODEL
VERSION 6

NUMBONES 76
BONE 0 -1 "tag_origin"
BONE 1 0 "j_mainroot"
BONE 2 1 "j_hip_le"
BONE 3 2 "j_knee_le"
BONE 4 3 "j_ankle_le"
BONE 5 4 "j_ball_le"
BONE 6 2 "Skirt_1_3"
BONE 7 1 "j_hip_ri"
BONE 8 7 "j_knee_ri"
BONE 9 8 "j_ankle_ri"
BONE 10 9 "j_ball_ri"
BONE 11 7 "Skirt_1_9"
BONE 12 1 "j_spinelower"
BONE 13 12 "j_spineupper"
BONE 14 13 "j_spine4"
BONE 15 14 "j_clavicle_le"
BONE 16 15 "j_shoulder_le"
BONE 17 16 "j_elbow_le"
BONE 18 17 "j_wrist_le"
BONE 19 18 "j_index_le_1"
BONE 20 19 "j_index_le_2"
BONE 21 20 "j_index_le_3"
BONE 22 18 "j_mid_le_1"
BONE 23 22 "j_mid_le_2"
BONE 24 23 "j_mid_le_3"
BONE 25 18 "j_pinky_le_1"
BONE 26 25 "j_pinky_le_2"
BONE 27 26 "j_pinky_le_3"
BONE 28 18 "j_ring_le_1"
BONE 29 28 "j_ring_le_2"
BONE 30 29 "j_ring_le_3"
BONE 31 18 "j_thumb_le_1"
BONE 32 31 "j_thumb_le_2"
BONE 33 32 "j_thumb_le_3"
BONE 34 18 "j_wrist_le1"
BONE 35 34 "tag_weapon_left"
BONE 36 17 "j_wristtwist_le"
BONE 37 16 "j_shouldertwist_le"
BONE 38 37 "tag_reflector_arm_le"
BONE 39 14 "j_clavicle_ri"
BONE 40 39 "j_shoulder_ri"
BONE 41 40 "j_elbow_ri"
BONE 42 41 "j_wrist_ri"
BONE 43 42 "j_index_ri_1"
BONE 44 43 "j_index_ri_2"
BONE 45 44 "j_index_ri_3"
BONE 46 42 "j_mid_ri_1"
BONE 47 46 "j_mid_ri_2"
BONE 48 47 "j_mid_ri_3"
BONE 49 42 "j_pinky_ri_1"
BONE 50 49 "j_pinky_ri_2"
BONE 51 50 "j_pinky_ri_3"
BONE 52 42 "j_ring_ri_1"
BONE 53 52 "j_ring_ri_2"
BONE 54 53 "j_ring_ri_3"
BONE 55 42 "j_thumb_ri_1"
BONE 56 55 "j_thumb_ri_2"
BONE 57 56 "j_thumb_ri_3"
BONE 58 42 "j_wrist_ri1"
BONE 59 58 "j_gun"
BONE 60 58 "tag_weapon_right"
BONE 61 41 "j_wristtwist_ri"
BONE 62 40 "j_shouldertwist_ri"
BONE 63 62 "tag_reflector_arm_ri"
BONE 64 14 "j_shoulderraise_le"
BONE 65 14 "j_shoulderraise_ri"
BONE 66 14 "tag_bipod"
BONE 67 14 "tag_inhand"
BONE 68 14 "tag_shield_back"
BONE 69 14 "tag_stowed_back"
BONE 70 14 "tag_weapon_chest"
BONE 71 14 "j_neck"
BONE 72 71 "j_head"
BONE 73 1 "tag_stowed_hip_rear"
BONE 74 1 "WaistBelt"
BONE 75 0 "tag_sync"

BONE 0
OFFSET 0.000000 0.000000 0.000000
SCALE 1.000000 1.000000 1.000000
X 1.000000 0.000000 0.000000
Y 0.000000 1.000000 0.000000
Z 0.000000 0.000000 1.000000

BONE 1
OFFSET -2.991319 -0.000276 35.889549
SCALE 1.000000 1.000000 1.000000
X -0.024713 -0.000056 0.999694
Y 0.999694 0.000059 0.024714
Z -0.000061 1.000000 0.000055

BONE 2
OFFSET -2.272403 3.364089 33.774212
SCALE 1.000000 1.000000 1.000000
X -0.047782 -0.030987 -0.998377
Y 0.998845 -0.006506 -0.047603
Z -0.005020 -0.999499 0.031262

BONE 3
OFFSET -2.917050 2.946359 20.317781
SCALE 1.000000 1.000000 1.000000
X -0.068277 0.000979 -0.997666
Y 0.997579 -0.013182 -0.068284
Z -0.013218 -0.999913 -0.000077

BONE 4
OFFSET -3.977298 2.961541 4.827625
SCALE 1.000000 1.000000 1.000000
X 0.007619 0.016644 -0.999832
Y 0.997070 -0.076239 0.006329
Z -0.076121 -0.996951 -0.017176

BONE 5
OFFSET 1.043333 2.731288 0.139228
SCALE 1.000000 1.000000 1.000000
X 0.980602 -0.077969 0.179836
Y -0.180626 -0.003147 0.983547
Z -0.076120 -0.996951 -0.017169

BONE 6
OFFSET -1.728110 7.175275 34.735138
SCALE 1.000000 1.000000 1.000000
X 0.358748 0.874882 0.325394
Y -0.028630 0.358748 -0.932996
Z -0.932995 0.325394 0.153747

BONE 7
OFFSET -2.272403 -3.364080 33.774303
SCALE 1.000000 1.000000 1.000000
X 0.047633 -0.031660 0.998390
Y -0.998864 -0.002963 0.047560
Z 0.001452 -0.999494 -0.031767

BONE 8
OFFSET -2.914912 -2.937479 20.316620
SCALE 1.000000 1.000000 1.000000
X 0.068219 0.001987 0.997696
Y -0.997623 -0.009590 0.068232
Z 0.009703 -0.999952 0.001327

BONE 9
OFFSET -3.973252 -2.968386 4.834065
SCALE 1.000000 1.000000 1.000000
X -0.008022 -0.054509 0.998508
Y -0.999725 -0.021551 -0.009214
Z 0.022020 -0.998281 -0.054323

BONE 10
OFFSET 1.055121 -2.675361 0.163630
SCALE 1.000000 1.000000 1.000000
X -0.983157 -0.011749 -0.182397
Y 0.181435 0.057468 -0.981748
Z 0.022016 -0.998278 -0.054370

BONE 11
OFFSET -2.272851 -7.230427 34.735138
SCALE 1.000000 1.000000 1.000000
X -0.353672 0.871206 -0.340476
Y 0.028791 -0.353679 -0.934949
Z -0.934927 -0.340458 0.100001

BONE 12
OFFSET -1.381842 0.014895 39.940948
SCALE 1.000000 1.000000 1.000000
X -0.029891 -0.000054 0.999553
Y 0.999553 0.000059 0.029891
Z -0.000060 1.000000 0.000052

BONE 13
OFFSET -1.594902 0.014895 45.653309
SCALE 1.000000 1.000000 1.000000
X 0.020435 -0.000062 0.999791
Y 0.999791 0.000062 -0.020435
Z -0.000060 1.000000 0.000063

BONE 14
OFFSET -1.889590 0.014678 48.562267
SCALE 1.000000 1.000000 1.000000
X 0.047002 -0.000058 0.998895
Y 0.998895 0.000063 -0.047002
Z -0.000060 1.000000 0.000061

BONE 15
OFFSET -2.908890 1.362064 50.992466
SCALE 1.000000 1.000000 1.000000
X 0.022178 0.996932 0.072708
Y -0.999642 0.021027 0.016496
Z 0.014918 -0.072815 0.997150

BONE 16
OFFSET -3.053507 3.970519 50.344925
SCALE 1.000000 1.000000 1.000000
X 0.024337 0.793376 -0.607828
Y -0.995123 0.077370 0.061182
Z 0.095593 0.603478 0.791624

BONE 17
OFFSET -3.123597 10.717821 45.369137
SCALE 1.000000 1.000000 1.000000
X -0.030523 0.810480 -0.584533
Y -0.995310 0.029069 0.092267
Z 0.091797 0.584717 0.806024

BONE 18
OFFSET -3.321783 16.543968 41.006477
SCALE 1.000000 1.000000 1.000000
X -0.090897 0.829756 -0.550212
Y -0.055463 -0.555978 -0.829343
Z -0.994314 -0.044845 0.096562

BONE 19
OFFSET -2.320187 19.728638 39.262840
SCALE 1.000000 1.000000 1.000000
X 0.106512 0.881965 -0.458570
Y -0.184484 -0.435797 -0.880933
Z -0.977047 0.178429 0.116347

BONE 20
OFFSET -2.164356 21.018253 38.592205
SCALE 1.000000 1.000000 1.000000
X 0.109371 0.863563 -0.491721
Y -0.187660 -0.467986 -0.863581
Z -0.976126 0.186724 0.110930

BONE 21
OFFSET -2.085106 21.644354 38.235664
SCALE 1.000000 1.000000 1.000000
X 0.106763 0.880150 -0.461985
Y -0.139553 -0.446916 -0.883622
Z -0.984442 0.158803 0.075161

BONE 22
OFFSET -3.027608 19.867203 39.232811
SCALE 1.000000 1.000000 1.000000
X -0.000700 0.883324 -0.468213
Y -0.044638 -0.467915 -0.882645
Z -0.999003 0.020285 0.039769

BONE 23
OFFSET -3.028533 21.198826 38.527008
SCALE 1.000000 1.000000 1.000000
X 0.005441 0.879129 -0.476012
Y -0.045717 -0.475441 -0.878558
Z -0.998939 0.026543 0.037617

BONE 24
OFFSET -3.024157 21.916651 38.138374
SCALE 1.000000 1.000000 1.000000
X 0.034340 0.821681 -0.568462
Y -0.046238 -0.566997 -0.822419
Z -0.998340 0.054520 0.018539

BONE 25
OFFSET -4.397079 19.409922 39.305477
SCALE 1.000000 1.000000 1.000000
X -0.263490 0.767912 -0.583446
Y 0.001928 -0.604502 -0.796597
Z -0.964660 -0.210962 0.157774

BONE 26
OFFSET -4.759540 20.466747 38.502586
SCALE 1.000000 1.000000 1.000000
X -0.259619 0.756115 -0.600345
Y 0.007513 -0.620160 -0.784433
Z -0.965682 -0.208107 0.155299

BONE 27
OFFSET -4.919396 20.932375 38.132977
SCALE 1.000000 1.000000 1.000000
X -0.258584 0.714730 -0.649486
Y 0.024239 -0.667424 -0.744269
Z -0.965685 -0.208142 0.155236

BONE 28
OFFSET -3.728427 19.700706 39.267818
SCALE 1.000000 1.000000 1.000000
X -0.167168 0.843046 -0.510712
Y 0.012440 -0.516284 -0.856327
Z -0.985850 -0.149472 0.075797

BONE 29
OFFSET -4.002329 21.082628 38.430603
SCALE 1.000000 1.000000 1.000000
X -0.170152 0.864510 -0.472408
Y 0.005329 -0.478723 -0.877950
Z -0.985403 -0.151870 0.076826

BONE 30
OFFSET -4.140279 21.783415 38.047764
SCALE 1.000000 1.000000 1.000000
X -0.199702 0.898227 -0.390919
Y -0.010705 -0.401089 -0.915972
Z -0.979798 -0.178698 0.089687

BONE 31
OFFSET -2.412811 16.978474 40.285419
SCALE 1.000000 1.000000 1.000000
X 0.328248 0.652105 -0.683074
Y -0.804619 0.571869 0.159572
Z 0.494814 0.497335 0.712611

BONE 32
OFFSET -1.763505 18.270535 38.932102
SCALE 1.000000 1.000000 1.000000
X 0.436491 0.684848 -0.583144
Y -0.774284 0.616072 0.144319
Z 0.458214 0.388658 0.799364

BONE 33
OFFSET -1.234596 19.101345 38.224922
SCALE 1.000000 1.000000 1.000000
X 0.427222 0.732436 -0.529721
Y -0.781110 0.594108 0.191862
Z 0.455355 0.331948 0.826107

BONE 34
OFFSET -0.541267 14.298884 40.337711
SCALE 1.000000 1.000000 1.000000
X -0.090913 0.829757 -0.550206
Y -0.055463 -0.555974 -0.829346
Z -0.994313 -0.044859 0.096570

BONE 35
OFFSET 22.197386 -15.914328 8.856302
SCALE 1.000000 1.000000 1.000000
X 0.544211 0.740777 -0.393352
Y -0.511815 0.664766 0.544136
Z 0.664740 -0.094620 0.740984

BONE 36
OFFSET -3.263728 14.838155 42.283581
SCALE 1.000000 1.000000 1.000000
X -0.030528 0.810504 -0.584501
Y -0.995308 0.029072 0.092286
Z 0.091815 0.584684 0.806045

BONE 37
OFFSET -3.045464 4.232521 50.144135
SCALE 1.000000 1.000000 1.000000
X 0.024315 0.793235 -0.608013
Y -0.995122 0.077371 0.061182
Z 0.095600 0.603663 0.791482

BONE 38
OFFSET -2.631713 5.587201 51.001419
SCALE 1.000000 1.000000 1.000000
X 0.199750 0.320026 0.926101
Y -0.947076 -0.179287 0.266199
Z 0.251289 -0.930084 0.267100

BONE 39
OFFSET -2.908890 -1.362064 50.992493
SCALE 1.000000 1.000000 1.000000
X -0.019468 0.997197 -0.072243
Y 0.999656 0.018145 -0.018928
Z -0.017564 -0.072587 -0.997207

BONE 40
OFFSET -3.053504 -3.970500 50.344810
SCALE 1.000000 1.000000 1.000000
X -0.024257 0.792998 0.608741
Y 0.993852 0.084927 -0.071030
Z -0.108025 0.603276 -0.790183

BONE 41
OFFSET -3.122703 -10.722189 45.361694
SCALE 1.000000 1.000000 1.000000
X 0.029676 0.810701 0.584707
Y 0.993643 0.039624 -0.105369
Z -0.108591 0.584118 -0.804372

BONE 42
OFFSET -3.316163 -16.541420 41.002991
SCALE 1.000000 1.000000 1.000000
X 0.082405 0.799240 0.595335
Y 0.015708 -0.598334 0.801092
Z 0.996475 -0.056662 -0.061860

BONE 43
OFFSET -2.320169 -19.728603 39.262783
SCALE 1.000000 1.000000 1.000000
X -0.106755 0.881355 0.460235
Y 0.141190 -0.444753 0.884455
Z 0.984209 0.159401 -0.076958

BONE 44
OFFSET -2.164315 -21.015759 38.590496
SCALE 1.000000 1.000000 1.000000
X -0.108667 0.869811 0.481269
Y 0.143497 -0.465340 0.873422
Z 0.983666 0.163973 -0.074247

BONE 45
OFFSET -2.085339 -21.647419 38.241119
SCALE 1.000000 1.000000 1.000000
X -0.203920 0.871540 0.445909
Y 0.138431 -0.425233 0.894435
Z 0.969151 0.244121 -0.033935

BONE 46
OFFSET -3.024194 -19.868244 39.232609
SCALE 1.000000 1.000000 1.000000
X 0.000292 0.884420 0.466691
Y -0.007430 -0.466677 0.884397
Z 0.999972 -0.003725 0.006435

BONE 47
OFFSET -3.024687 -21.200245 38.529835
SCALE 1.000000 1.000000 1.000000
X -0.002210 0.877016 0.480455
Y -0.006931 -0.480458 0.876990
Z 0.999973 -0.001392 0.007140

BONE 48
OFFSET -3.022821 -21.917463 38.136932
SCALE 1.000000 1.000000 1.000000
X -0.002719 0.838905 0.544271
Y -0.006802 -0.544276 0.838878
Z 0.999973 -0.001421 0.007186

BONE 49
OFFSET -4.397062 -19.409893 39.305374
SCALE 1.000000 1.000000 1.000000
X 0.262064 0.768528 0.583684
Y -0.027769 -0.598566 0.800592
Z 0.964650 -0.226015 -0.135521

BONE 50
OFFSET -4.757465 -20.467112 38.502506
SCALE 1.000000 1.000000 1.000000
X 0.260427 0.754547 0.602359
Y -0.031847 -0.616834 0.786448
Z 0.964968 -0.223996 -0.136610

BONE 51
OFFSET -4.917636 -20.930975 38.132271
SCALE 1.000000 1.000000 1.000000
X 0.299886 0.699733 0.648414
Y -0.028211 -0.672895 0.739199
Z 0.953558 -0.239968 -0.182051

BONE 52
OFFSET -3.728410 -19.700676 39.267872
SCALE 1.000000 1.000000 1.000000
X 0.166915 0.841844 0.513262
Y -0.064723 -0.510087 0.857684
Z 0.983844 -0.176381 -0.030654

BONE 53
OFFSET -4.002380 -21.081839 38.425850
SCALE 1.000000 1.000000 1.000000
X 0.172123 0.870789 0.460543
Y -0.054063 -0.458466 0.887066
Z 0.983590 -0.177583 -0.031835

BONE 54
OFFSET -4.141193 -21.784557 38.054157
SCALE 1.000000 1.000000 1.000000
X 0.174609 0.892751 0.415340
Y -0.045360 -0.414079 0.909110
Z 0.983592 -0.177578 -0.031807

BONE 55
OFFSET -2.412796 -16.978443 40.285480
SCALE 1.000000 1.000000 1.000000
X -0.329787 0.652048 0.682696
Y 0.867550 -0.075852 0.491530
Z 0.372285 0.754374 -0.540669

BONE 56
OFFSET -1.760517 -18.268673 38.934319
SCALE 1.000000 1.000000 1.000000
X -0.437642 0.686020 0.581244
Y 0.824130 0.047549 0.564401
Z 0.359553 0.726027 -0.586179

BONE 57
OFFSET -1.228925 -19.102177 38.228146
SCALE 1.000000 1.000000 1.000000
X -0.443261 0.727457 0.523761
Y 0.818823 0.090833 0.566814
Z 0.364759 0.680114 -0.635921

BONE 58
OFFSET -6.113362 -18.738791 41.445648
SCALE 1.000000 1.000000 1.000000
X 0.082405 0.799240 0.595336
Y 0.015708 -0.598335 0.801091
Z 0.996475 -0.056662 -0.061860

BONE 59
OFFSET -13.819828 -27.770340 41.404881
SCALE 1.000000 1.000000 1.000000
X 0.546977 -0.729205 -0.411188
Y 0.542245 0.682824 -0.489613
Z 0.637797 0.044843 0.768898

BONE 60
OFFSET -13.819828 -27.770340 41.404881
SCALE 1.000000 1.000000 1.000000
X 0.547157 -0.728749 -0.411757
Y 0.511265 0.680471 -0.524944
Z 0.662741 0.076710 0.744909

BONE 61
OFFSET -3.259527 -14.837749 42.279095
SCALE 1.000000 1.000000 1.000000
X 0.029673 0.810701 0.584707
Y 0.993643 0.039629 -0.105372
Z -0.108597 0.584117 -0.804372

BONE 62
OFFSET -3.046293 -4.206409 50.163712
SCALE 1.000000 1.000000 1.000000
X -0.024260 0.792998 0.608741
Y 0.993851 0.084931 -0.071030
Z -0.108028 0.603275 -0.790183

BONE 63
OFFSET -2.613070 -5.559577 51.016678
SCALE 1.000000 1.000000 1.000000
X 0.134086 -0.376380 0.916711
Y 0.945245 -0.229178 -0.232355
Z 0.297544 0.897672 0.325041

BONE 64
OFFSET -1.799050 2.497322 52.942657
SCALE 1.000000 1.000000 1.000000
X -0.019310 -0.997191 -0.072368
Y 0.999659 -0.017986 -0.018900
Z 0.017545 -0.072709 0.997199

BONE 65
OFFSET -1.798749 -2.468448 52.942459
SCALE 1.000000 1.000000 1.000000
X 0.022408 -0.997221 0.072404
Y -0.999638 -0.021270 0.016492
Z -0.014905 -0.072878 -0.997276

BONE 66
OFFSET 10.134416 -17.575897 35.987324
SCALE 1.000000 1.000000 1.000000
X 1.000000 -0.000029 0.000078
Y 0.000029 1.000000 -0.000003
Z -0.000078 0.000003 1.000000

BONE 67
OFFSET 6.611639 -17.576466 40.651169
SCALE 1.000000 1.000000 1.000000
X -0.000088 1.000000 0.000130
Y 0.764286 0.000151 -0.644877
Z -0.644877 0.000042 -0.764286

BONE 68
OFFSET -7.084966 0.508616 48.807327
SCALE 1.000000 1.000000 1.000000
X -0.989753 -0.000190 0.142791
Y 0.000192 -1.000000 -0.000000
Z 0.142791 0.000028 0.989753

BONE 69
OFFSET -5.945412 -2.821075 47.497353
SCALE 1.000000 1.000000 1.000000
X -0.006978 0.025927 -0.999639
Y -0.984168 -0.177223 0.002273
Z -0.177099 0.983826 0.026755

BONE 70
OFFSET 6.611639 -17.576466 40.651169
SCALE 1.000000 1.000000 1.000000
X 1.000000 -0.000036 0.000078
Y 0.000036 1.000000 -0.000000
Z -0.000078 0.000000 1.000000

BONE 71
OFFSET -3.024690 0.014893 51.916519
SCALE 1.000000 1.000000 1.000000
X 0.264535 0.000018 0.964376
Y 0.964376 -0.000000 -0.264535
Z -0.000004 1.000000 -0.000017

BONE 72
OFFSET -2.354981 0.014893 54.930786
SCALE 1.000000 1.000000 1.000000
X 0.170333 -0.000001 0.985386
Y 0.985386 -0.000000 -0.170333
Z 0.000000 1.000000 0.000001

BONE 73
OFFSET -7.854332 -2.188361 30.877542
SCALE 1.000000 1.000000 1.000000
X -0.188070 0.137961 0.972418
Y 0.149138 -0.974593 0.167113
Z 0.970766 0.176454 0.162716

BONE 74
OFFSET -1.381842 0.014895 40.987228
SCALE 1.000000 1.000000 1.000000
X -0.000000 1.000000 -0.000000
Y -0.000000 -0.000000 1.000000
Z 1.000000 0.000000 0.000000

BONE 75
OFFSET -0.001903 0.000000 -0.000000
SCALE 1.000000 1.000000 1.000000
X -1.000000 0.000000 0.000000
Y 0.000000 -1.000000 0.000000
Z 0.000000 0.000000 1.000000


NUMVERTS 5460
VERT 0
OFFSET -3.772002 -6.486444 28.360085
BONES 1
BONE 7 1.000000

VERT 1
OFFSET -3.637810 -5.686196 23.366505
BONES 1
BONE 7 1.000000

VERT 2
OFFSET -2.111448 -7.147217 28.280636
BONES 1
BONE 7 1.000000

VERT 3
OFFSET -1.290807 -5.776439 28.059181
BONES 1
BONE 7 1.000000

VERT 4
OFFSET -3.499684 -5.777771 23.318438
BONES 1
BONE 7 1.000000

VERT 5
OFFSET 0.231063 -6.421451 27.541082
BONES 1
BONE 7 1.000000

VERT 6
OFFSET 0.161021 -5.479453 27.595673
BONES 1
BONE 7 1.000000

VERT 7
OFFSET -1.497532 -5.170405 22.685886
BONES 1
BONE 7 1.000000

VERT 8
OFFSET -3.230428 -6.980591 23.190075
BONES 1
BONE 7 1.000000

VERT 9
OFFSET -3.627299 -6.449148 28.314144
BONES 1
BONE 7 1.000000

VERT 10
OFFSET -0.889736 -6.905632 27.398643
BONES 1
BONE 7 1.000000

VERT 11
OFFSET -3.029443 -6.761692 23.131899
BONES 1
BONE 7 1.000000

VERT 12
OFFSET -2.998258 -6.901002 23.117033
BONES 1
BONE 7 1.000000

VERT 13
OFFSET -0.161096 -5.535648 27.024937
BONES 1
BONE 7 1.000000

VERT 14
OFFSET -0.103341 -6.436519 26.475504
BONES 1
BONE 7 1.000000

VERT 15
OFFSET -2.335734 -7.011337 27.684464
BONES 1
BONE 7 1.000000

VERT 16
OFFSET 0.092071 -6.503290 26.916550
BONES 1
BONE 7 1.000000

VERT 17
OFFSET 0.108092 -6.377404 26.655527
BONES 1
BONE 7 1.000000

VERT 18
OFFSET -0.074471 -5.464735 26.820744
BONES 1
BONE 7 1.000000

VERT 19
OFFSET -0.186922 -5.420278 27.037247
BONES 1
BONE 7 1.000000

VERT 20
OFFSET -3.720516 -6.332817 28.161348
BONES 1
BONE 7 1.000000

VERT 21
OFFSET -3.827803 -6.480678 28.189003
BONES 1
BONE 7 1.000000

VERT 22
OFFSET -3.604816 -7.476807 28.082701
BONES 1
BONE 7 1.000000

VERT 23
OFFSET -3.450198 -7.557745 28.036415
BONES 1
BONE 7 1.000000

VERT 24
OFFSET -1.164357 -6.877344 26.556568
BONES 1
BONE 7 1.000000

VERT 25
OFFSET -3.009894 -6.080780 27.185347
BONES 1
BONE 7 1.000000

VERT 26
OFFSET -0.405207 -5.409471 26.358440
BONES 1
BONE 7 1.000000

VERT 27
OFFSET -2.539653 -7.064702 26.998808
BONES 1
BONE 7 1.000000

VERT 28
OFFSET -2.473642 -7.166043 27.156860
BONES 1
BONE 7 1.000000

VERT 29
OFFSET -0.113682 -6.581443 26.205502
BONES 1
BONE 7 1.000000

VERT 30
OFFSET -0.418849 -5.273614 26.372095
BONES 1
BONE 7 1.000000

VERT 31
OFFSET -3.049798 -5.943857 27.193794
BONES 1
BONE 7 1.000000

VERT 32
OFFSET -3.185439 -6.114887 27.136732
BONES 1
BONE 7 1.000000

VERT 33
OFFSET -2.916183 -7.317711 27.008373
BONES 1
BONE 7 1.000000

VERT 34
OFFSET -2.722582 -7.421555 27.036047
BONES 1
BONE 7 1.000000

VERT 35
OFFSET -1.133172 -7.016655 26.541702
BONES 1
BONE 7 1.000000

VERT 36
OFFSET -3.460112 -7.439513 28.036757
BONES 1
BONE 7 1.000000

VERT 37
OFFSET -3.683100 -6.443383 28.143059
BONES 1
BONE 7 1.000000

VERT 38
OFFSET -2.097556 -7.359370 28.043520
BONES 1
BONE 7 1.000000

VERT 39
OFFSET -1.853986 -6.893934 29.188610
BONES 1
BONE 7 1.000000

VERT 40
OFFSET -2.016786 -5.841248 28.068336
BONES 1
BONE 7 1.000000

VERT 41
OFFSET -2.542831 -5.804152 26.441444
BONES 1
BONE 7 1.000000

VERT 42
OFFSET -1.822384 -6.970853 29.225706
BONES 1
BONE 7 1.000000

VERT 43
OFFSET -1.568494 -6.274823 29.128433
BONES 1
BONE 7 1.000000

VERT 44
OFFSET -2.407049 -6.043612 28.136824
BONES 1
BONE 7 1.000000

VERT 45
OFFSET -0.019934 -6.781076 25.658075
BONES 1
BONE 7 1.000000

VERT 46
OFFSET -3.004623 -5.756998 26.666052
BONES 1
BONE 7 1.000000

VERT 47
OFFSET -3.301274 -5.561017 24.340469
BONES 1
BONE 7 1.000000

VERT 48
OFFSET -3.345684 -6.598797 26.138653
BONES 1
BONE 7 1.000000

VERT 49
OFFSET -0.421079 -5.236757 25.840960
BONES 1
BONE 7 1.000000

VERT 50
OFFSET -1.130066 -4.993005 23.651350
BONES 1
BONE 7 1.000000

VERT 51
OFFSET -2.412403 -7.128093 25.460938
BONES 1
BONE 7 1.000000

VERT 52
OFFSET -2.991096 -7.315018 25.998663
BONES 1
BONE 7 1.000000

VERT 53
OFFSET -3.134197 -7.416812 26.652374
BONES 1
BONE 7 1.000000

VERT 54
OFFSET -0.107679 -6.636784 25.691557
BONES 1
BONE 7 1.000000

VERT 55
OFFSET -1.775783 -5.585906 26.271030
BONES 1
BONE 7 1.000000

VERT 56
OFFSET -1.521178 -6.916173 23.714201
BONES 1
BONE 7 1.000000

VERT 57
OFFSET -1.130791 -5.419673 26.066269
BONES 1
BONE 7 1.000000

VERT 58
OFFSET -0.136301 -3.115784 25.596037
BONES 1
BONE 7 1.000000

VERT 59
OFFSET -0.235485 -3.034486 25.651764
BONES 1
BONE 7 1.000000

VERT 60
OFFSET -0.238992 -2.998138 25.579798
BONES 1
BONE 7 1.000000

VERT 61
OFFSET -0.291761 -3.339949 25.006826
BONES 1
BONE 7 1.000000

VERT 62
OFFSET -0.252472 -3.446994 25.489473
BONES 1
BONE 7 1.000000

VERT 63
OFFSET -0.391660 -3.371500 25.031677
BONES 1
BONE 7 1.000000

VERT 64
OFFSET -0.293040 -3.382651 24.991686
BONES 1
BONE 7 1.000000

VERT 65
OFFSET -0.134699 -3.425352 25.523392
BONES 1
BONE 7 1.000000

VERT 66
OFFSET -0.131477 -3.547380 25.503635
BONES 1
BONE 7 1.000000

VERT 67
OFFSET -0.302170 -3.463411 24.957235
BONES 2
BONE 8 0.000445
BONE 7 0.999555

VERT 68
OFFSET -0.398746 -3.466379 24.959816
BONES 2
BONE 7 0.999256
BONE 8 0.000743

VERT 69
OFFSET -0.152542 -3.539140 25.449318
BONES 1
BONE 7 1.000000

VERT 70
OFFSET -0.234818 -3.528397 25.482113
BONES 1
BONE 7 1.000000

VERT 71
OFFSET -0.133130 -2.872606 25.486832
BONES 1
BONE 7 1.000000

VERT 72
OFFSET -0.289025 -2.589131 25.024261
BONES 1
BONE 7 1.000000

VERT 73
OFFSET -0.118889 -3.146428 25.466526
BONES 1
BONE 7 1.000000

VERT 74
OFFSET -0.327915 -3.043633 25.514202
BONES 1
BONE 7 1.000000

VERT 75
OFFSET -0.318075 -2.787262 25.612600
BONES 1
BONE 7 1.000000

VERT 76
OFFSET -0.492259 -2.592064 25.065096
BONES 1
BONE 7 1.000000

VERT 77
OFFSET -0.454615 -2.761801 25.151241
BONES 1
BONE 7 1.000000

VERT 78
OFFSET -0.239105 -3.005727 25.090166
BONES 1
BONE 7 1.000000

VERT 79
OFFSET -0.442413 -3.076689 25.113590
BONES 1
BONE 7 1.000000

VERT 80
OFFSET -0.277733 -3.316509 24.958855
BONES 2
BONE 8 0.001052
BONE 7 0.998948

VERT 81
OFFSET -0.120539 -3.314792 25.497824
BONES 1
BONE 7 1.000000

VERT 82
OFFSET -0.279436 -3.339182 25.605724
BONES 1
BONE 7 1.000000

VERT 83
OFFSET -0.226696 -2.258175 25.690239
BONES 1
BONE 7 1.000000

VERT 84
OFFSET -0.126189 -2.318035 25.650545
BONES 1
BONE 7 1.000000

VERT 85
OFFSET -0.481732 -2.252344 25.186899
BONES 1
BONE 7 1.000000

VERT 86
OFFSET -0.188277 -2.255343 25.679024
BONES 1
BONE 7 1.000000

VERT 87
OFFSET -0.344576 -2.242246 25.146862
BONES 1
BONE 7 1.000000

VERT 88
OFFSET -0.421415 -2.247903 25.169287
BONES 1
BONE 7 1.000000

VERT 89
OFFSET -0.759942 -4.770085 24.807875
BONES 2
BONE 7 0.998976
BONE 8 0.001024

VERT 90
OFFSET -0.510829 -4.040529 24.805717
BONES 2
BONE 8 0.001075
BONE 7 0.998925

VERT 91
OFFSET -0.905032 -4.821117 24.741693
BONES 2
BONE 7 0.998798
BONE 8 0.001202

VERT 92
OFFSET -0.469594 -4.195133 24.855019
BONES 1
BONE 7 1.000000

VERT 93
OFFSET -0.346164 -4.295894 25.323580
BONES 1
BONE 7 1.000000

VERT 94
OFFSET -0.546738 -4.570859 25.317280
BONES 1
BONE 7 1.000000

VERT 95
OFFSET -0.707624 -4.837066 25.302420
BONES 1
BONE 7 1.000000

VERT 96
OFFSET -0.661945 -4.453826 24.850065
BONES 2
BONE 7 1.000000
BONE 8 0.000000

VERT 97
OFFSET -0.497744 -4.543679 25.310238
BONES 1
BONE 7 1.000000

VERT 98
OFFSET -0.522079 -4.522028 25.321299
BONES 1
BONE 7 1.000000

VERT 99
OFFSET -5.134636 -3.432081 27.417660
BONES 2
BONE 1 0.009711
BONE 7 0.990288

VERT 100
OFFSET -4.867105 -4.517868 27.282482
BONES 2
BONE 1 0.009002
BONE 7 0.990999

VERT 101
OFFSET -1.022028 -1.445081 25.972870
BONES 1
BONE 7 1.000000

VERT 102
OFFSET -2.722905 -0.902157 26.557364
BONES 2
BONE 1 0.001727
BONE 7 0.998273

VERT 103
OFFSET -3.979656 -1.173820 26.944689
BONES 2
BONE 1 0.004835
BONE 7 0.995165

VERT 104
OFFSET -4.937558 -1.933952 27.245169
BONES 2
BONE 1 0.006029
BONE 7 0.993971

VERT 105
OFFSET -5.246206 -2.876757 27.397673
BONES 2
BONE 1 0.008073
BONE 7 0.991927

VERT 106
OFFSET -1.006134 -1.361378 25.961191
BONES 1
BONE 7 1.000000

VERT 107
OFFSET -5.126908 -2.647245 26.898766
BONES 2
BONE 7 0.996165
BONE 1 0.003835

VERT 108
OFFSET -5.171152 -3.425052 26.936907
BONES 2
BONE 1 0.005100
BONE 7 0.994900

VERT 109
OFFSET -1.125418 -1.415738 25.495354
BONES 1
BONE 7 1.000000

VERT 110
OFFSET -4.839889 -2.147455 26.812336
BONES 2
BONE 7 0.996864
BONE 1 0.003136

VERT 111
OFFSET -5.092165 -2.941418 26.942331
BONES 2
BONE 1 0.004404
BONE 7 0.995596

VERT 112
OFFSET -4.196478 -1.427287 26.585829
BONES 2
BONE 1 0.002274
BONE 7 0.997726

VERT 113
OFFSET -3.476078 -6.167327 26.727104
BONES 2
BONE 7 0.995344
BONE 1 0.004656

VERT 114
OFFSET -0.290772 -2.153417 25.675940
BONES 1
BONE 7 1.000000

VERT 115
OFFSET -0.437067 -2.131277 25.214998
BONES 1
BONE 7 1.000000

VERT 116
OFFSET -0.137632 -2.218719 25.631571
BONES 1
BONE 7 1.000000

VERT 117
OFFSET -0.236746 -2.172097 25.162098
BONES 1
BONE 7 1.000000

VERT 118
OFFSET -0.398135 -2.245203 25.192421
BONES 1
BONE 7 1.000000

VERT 119
OFFSET -0.324291 -2.336590 25.164062
BONES 1
BONE 7 1.000000

VERT 120
OFFSET -0.303849 -2.264627 25.167501
BONES 1
BONE 7 1.000000

VERT 121
OFFSET -1.962440 -1.090621 26.316715
BONES 1
BONE 7 1.000000

VERT 122
OFFSET -3.045977 -6.174015 26.637909
BONES 1
BONE 7 1.000000

VERT 123
OFFSET -3.098056 -6.194777 26.154667
BONES 1
BONE 7 1.000000

VERT 124
OFFSET -3.040601 -6.271807 26.621119
BONES 1
BONE 7 1.000000

VERT 125
OFFSET -0.163848 -3.596917 25.428381
BONES 1
BONE 7 1.000000

VERT 126
OFFSET -0.289206 -3.397131 24.989128
BONES 1
BONE 7 1.000000

VERT 127
OFFSET -0.389094 -3.510494 25.001013
BONES 2
BONE 8 0.000015
BONE 7 0.999985

VERT 128
OFFSET -0.271114 -3.546593 25.470118
BONES 1
BONE 7 1.000000

VERT 129
OFFSET -0.401857 -3.401708 25.023146
BONES 1
BONE 7 1.000000

VERT 130
OFFSET -0.212203 -3.470459 25.463755
BONES 1
BONE 7 1.000000

VERT 131
OFFSET -0.690455 -4.526211 24.849354
BONES 1
BONE 7 1.000000

VERT 132
OFFSET -0.669026 -4.500349 24.849272
BONES 1
BONE 7 1.000000

VERT 133
OFFSET -0.515422 -4.598374 25.296654
BONES 1
BONE 7 1.000000

VERT 134
OFFSET -1.061907 -5.128609 24.825253
BONES 2
BONE 7 0.999999
BONE 8 0.000001

VERT 135
OFFSET -0.936770 -5.180603 25.288841
BONES 1
BONE 7 1.000000

VERT 136
OFFSET -0.571805 -4.485577 24.826801
BONES 1
BONE 7 1.000000

VERT 137
OFFSET -0.396331 -4.165067 25.361979
BONES 1
BONE 7 1.000000

VERT 138
OFFSET -0.494653 -4.589797 25.293121
BONES 1
BONE 7 1.000000

VERT 139
OFFSET -1.426801 -5.316758 37.571869
BONES 2
BONE 7 0.016841
BONE 1 0.983159

VERT 140
OFFSET -1.358883 -5.420727 37.602310
BONES 2
BONE 7 0.021313
BONE 1 0.978687

VERT 141
OFFSET -0.860244 -5.164016 37.615219
BONES 1
BONE 1 1.000000

VERT 142
OFFSET -0.928170 -5.060046 37.584801
BONES 1
BONE 1 1.000000

VERT 143
OFFSET -1.118981 -6.281693 34.585186
BONES 2
BONE 7 0.769072
BONE 1 0.230928

VERT 144
OFFSET -0.642569 -5.941184 34.558701
BONES 2
BONE 7 0.871059
BONE 1 0.128941

VERT 145
OFFSET -1.118924 -5.719588 28.941715
BONES 2
BONE 1 0.002726
BONE 7 0.997274

VERT 146
OFFSET -0.541895 -5.603499 29.369864
BONES 2
BONE 7 0.999342
BONE 1 0.000658

VERT 147
OFFSET -1.018954 -6.166152 32.275864
BONES 2
BONE 1 0.063914
BONE 7 0.936086

VERT 148
OFFSET -0.476153 -5.998802 32.587475
BONES 2
BONE 7 0.969947
BONE 1 0.030053

VERT 149
OFFSET -0.525897 -5.883092 32.589924
BONES 2
BONE 7 0.971681
BONE 1 0.028319

VERT 150
OFFSET -0.728876 -5.787767 36.183861
BONES 2
BONE 1 0.535735
BONE 7 0.464265

VERT 151
OFFSET -0.796668 -5.682096 36.159424
BONES 2
BONE 1 0.538171
BONE 7 0.461829

VERT 152
OFFSET -1.215351 -6.401203 22.552343
BONES 1
BONE 7 1.000000

VERT 153
OFFSET 0.343967 -6.478988 27.502319
BONES 1
BONE 7 1.000000

VERT 154
OFFSET -3.461159 -7.556846 28.222631
BONES 1
BONE 7 1.000000

VERT 155
OFFSET -3.669297 -6.338718 28.328497
BONES 1
BONE 7 1.000000

VERT 156
OFFSET -1.252416 -5.888553 28.042692
BONES 1
BONE 7 1.000000

VERT 157
OFFSET 0.037363 -5.556158 27.633417
BONES 1
BONE 7 1.000000

VERT 158
OFFSET -1.594033 -5.286624 22.713457
BONES 1
BONE 7 1.000000

VERT 159
OFFSET -1.360143 -6.331460 22.601955
BONES 1
BONE 7 1.000000

VERT 160
OFFSET -3.334321 -7.115592 23.219355
BONES 1
BONE 7 1.000000

VERT 161
OFFSET -3.404311 -7.445278 28.207844
BONES 1
BONE 7 1.000000

VERT 162
OFFSET -0.913716 -6.792357 27.415064
BONES 1
BONE 7 1.000000

VERT 163
OFFSET -2.337592 -6.824153 22.904150
BONES 1
BONE 7 1.000000

VERT 164
OFFSET -2.137275 -7.031847 28.292948
BONES 1
BONE 7 1.000000

VERT 165
OFFSET -2.740637 -7.283600 27.056990
BONES 1
BONE 7 1.000000

VERT 166
OFFSET -1.675596 -7.242010 28.005871
BONES 1
BONE 7 1.000000

VERT 167
OFFSET -2.382189 -5.964455 28.279392
BONES 1
BONE 7 1.000000

VERT 168
OFFSET -1.501898 -6.534715 29.127211
BONES 1
BONE 7 1.000000

VERT 169
OFFSET -1.737915 -7.153847 27.881145
BONES 1
BONE 7 1.000000

VERT 170
OFFSET -2.122452 -7.250201 28.053728
BONES 1
BONE 7 1.000000

VERT 171
OFFSET -2.631515 -7.286932 26.420395
BONES 1
BONE 7 1.000000

VERT 172
OFFSET -2.224911 -7.224367 26.289892
BONES 1
BONE 7 1.000000

VERT 173
OFFSET -2.949435 -5.866716 26.571949
BONES 1
BONE 7 1.000000

VERT 174
OFFSET -1.442225 -6.860764 29.050480
BONES 1
BONE 7 1.000000

VERT 175
OFFSET -1.579720 -6.313253 29.061869
BONES 1
BONE 7 1.000000

VERT 176
OFFSET -1.963039 -6.413127 29.235432
BONES 1
BONE 7 1.000000

VERT 177
OFFSET -1.992823 -5.950321 28.055269
BONES 1
BONE 7 1.000000

VERT 178
OFFSET -0.637710 -6.607935 23.436029
BONES 1
BONE 7 1.000000

VERT 179
OFFSET -2.971085 -7.540078 26.595020
BONES 1
BONE 7 1.000000

VERT 180
OFFSET -3.305126 -6.653236 26.733860
BONES 1
BONE 7 1.000000

VERT 181
OFFSET -1.812473 -5.422001 26.288521
BONES 1
BONE 7 1.000000

VERT 182
OFFSET -2.375652 -7.292005 25.443634
BONES 1
BONE 7 1.000000

VERT 183
OFFSET -0.274988 -5.106241 25.797710
BONES 1
BONE 7 1.000000

VERT 184
OFFSET -0.823050 -6.562863 23.498201
BONES 1
BONE 7 1.000000

VERT 185
OFFSET -3.162026 -6.551440 26.080145
BONES 1
BONE 7 1.000000

VERT 186
OFFSET -3.121407 -6.605886 26.675537
BONES 1
BONE 7 1.000000

VERT 187
OFFSET -3.072804 -7.475175 26.026407
BONES 1
BONE 7 1.000000

VERT 188
OFFSET -2.950477 -7.369462 26.594055
BONES 1
BONE 7 1.000000

VERT 189
OFFSET 0.076041 -6.589432 25.633230
BONES 1
BONE 7 1.000000

VERT 190
OFFSET -0.952792 -5.115479 23.589090
BONES 1
BONE 7 1.000000

VERT 191
OFFSET -1.136451 -5.162835 23.647602
BONES 1
BONE 7 1.000000

VERT 192
OFFSET -3.343182 -5.731585 24.348240
BONES 1
BONE 7 1.000000

VERT 193
OFFSET -3.054441 -5.915457 26.676966
BONES 1
BONE 7 1.000000

VERT 194
OFFSET -1.557930 -6.752261 23.731506
BONES 1
BONE 7 1.000000

VERT 195
OFFSET -1.167481 -5.255768 26.083761
BONES 1
BONE 7 1.000000

VERT 196
OFFSET -1.199544 -5.731688 27.847094
BONES 1
BONE 7 1.000000

VERT 197
OFFSET -1.252597 -5.573381 27.869850
BONES 1
BONE 7 1.000000

VERT 198
OFFSET -0.620463 -5.576365 27.661051
BONES 1
BONE 7 1.000000

VERT 199
OFFSET -0.640674 -5.403735 27.672684
BONES 1
BONE 7 1.000000

VERT 200
OFFSET -0.314400 -2.573454 25.122709
BONES 1
BONE 7 1.000000

VERT 201
OFFSET -0.329466 -2.966275 24.971985
BONES 1
BONE 7 1.000000

VERT 202
OFFSET -0.165084 -2.659741 25.612478
BONES 1
BONE 7 1.000000

VERT 203
OFFSET -0.327108 -2.915146 25.052963
BONES 1
BONE 7 1.000000

VERT 204
OFFSET -0.173947 -2.993312 25.560812
BONES 1
BONE 7 1.000000

VERT 205
OFFSET -0.288659 -3.191912 25.078415
BONES 1
BONE 7 1.000000

VERT 206
OFFSET -0.184369 -3.248512 25.444992
BONES 1
BONE 7 1.000000

VERT 207
OFFSET -0.302725 -2.658920 25.164715
BONES 1
BONE 7 1.000000

VERT 208
OFFSET -0.203844 -2.715918 25.532867
BONES 1
BONE 7 1.000000

VERT 209
OFFSET -0.414776 -2.580849 25.152002
BONES 1
BONE 7 1.000000

VERT 210
OFFSET -0.272265 -2.653183 25.621981
BONES 1
BONE 7 1.000000

VERT 211
OFFSET -0.434585 -2.853324 25.015358
BONES 1
BONE 7 1.000000

VERT 212
OFFSET -0.398800 -2.920438 25.073883
BONES 1
BONE 7 1.000000

VERT 213
OFFSET -0.376411 -3.198379 25.104036
BONES 1
BONE 7 1.000000

VERT 214
OFFSET -0.259506 -3.254048 25.466923
BONES 1
BONE 7 1.000000

VERT 215
OFFSET -0.390477 -2.665382 25.190329
BONES 1
BONE 7 1.000000

VERT 216
OFFSET -0.268166 -2.720657 25.551649
BONES 1
BONE 7 1.000000

VERT 217
OFFSET -0.154520 -3.407255 25.460064
BONES 1
BONE 7 1.000000

VERT 218
OFFSET -0.235071 -3.432740 25.552692
BONES 1
BONE 7 1.000000

VERT 219
OFFSET -0.411269 -3.343310 24.971615
BONES 2
BONE 7 0.998902
BONE 8 0.001098

VERT 220
OFFSET -0.310893 -3.335914 24.942318
BONES 2
BONE 7 0.998897
BONE 8 0.001103

VERT 221
OFFSET -0.342141 -3.427598 24.999655
BONES 1
BONE 7 1.000000

VERT 222
OFFSET -0.156712 -3.461342 25.462555
BONES 1
BONE 7 1.000000

VERT 223
OFFSET -0.091262 -3.425357 25.530508
BONES 1
BONE 7 1.000000

VERT 224
OFFSET -0.080149 -3.323854 25.554478
BONES 1
BONE 7 1.000000

VERT 225
OFFSET -0.097201 -2.677810 25.659081
BONES 1
BONE 7 1.000000

VERT 226
OFFSET -0.475211 -3.238110 24.960495
BONES 2
BONE 7 0.998815
BONE 8 0.001185

VERT 227
OFFSET -0.277659 -3.318736 24.879099
BONES 2
BONE 8 0.001212
BONE 7 0.998788

VERT 228
OFFSET -0.280216 -3.431868 25.539932
BONES 1
BONE 7 1.000000

VERT 229
OFFSET -0.305789 -2.160642 25.074951
BONES 1
BONE 7 1.000000

VERT 230
OFFSET -0.449141 -3.346125 24.982836
BONES 2
BONE 7 0.998902
BONE 8 0.001098

VERT 231
OFFSET -0.434865 -3.245313 25.017454
BONES 2
BONE 7 0.998968
BONE 8 0.001032

VERT 232
OFFSET -0.275493 -3.326205 25.543049
BONES 1
BONE 7 1.000000

VERT 233
OFFSET -0.305678 -2.275477 25.784222
BONES 1
BONE 7 1.000000

VERT 234
OFFSET -0.123812 -2.408049 25.635977
BONES 1
BONE 7 1.000000

VERT 235
OFFSET -0.321288 -2.422591 25.693617
BONES 1
BONE 7 1.000000

VERT 236
OFFSET -0.281881 -2.327815 25.114672
BONES 1
BONE 7 1.000000

VERT 237
OFFSET -0.479357 -2.342361 25.172319
BONES 1
BONE 7 1.000000

VERT 238
OFFSET -0.127960 -2.250902 25.661417
BONES 1
BONE 7 1.000000

VERT 239
OFFSET -0.108203 -2.260930 25.726578
BONES 1
BONE 7 1.000000

VERT 240
OFFSET -0.325434 -2.265447 25.719061
BONES 1
BONE 7 1.000000

VERT 241
OFFSET -0.503263 -2.175188 25.132601
BONES 1
BONE 7 1.000000

VERT 242
OFFSET -0.384764 -2.177943 25.168938
BONES 1
BONE 7 1.000000

VERT 243
OFFSET -0.286028 -2.170667 25.140116
BONES 1
BONE 7 1.000000

VERT 244
OFFSET -0.483505 -2.185214 25.197765
BONES 1
BONE 7 1.000000

VERT 245
OFFSET -0.224925 -2.325305 25.679373
BONES 1
BONE 7 1.000000

VERT 246
OFFSET -0.323663 -2.332579 25.708189
BONES 1
BONE 7 1.000000

VERT 247
OFFSET -0.382993 -2.245076 25.158072
BONES 1
BONE 7 1.000000

VERT 248
OFFSET -0.284258 -2.237801 25.129250
BONES 1
BONE 7 1.000000

VERT 249
OFFSET -0.186506 -2.322475 25.668158
BONES 1
BONE 7 1.000000

VERT 250
OFFSET -0.346347 -2.175112 25.157722
BONES 1
BONE 7 1.000000

VERT 251
OFFSET -0.423187 -2.180771 25.180147
BONES 1
BONE 7 1.000000

VERT 252
OFFSET -0.265118 -2.261004 25.701448
BONES 1
BONE 7 1.000000

VERT 253
OFFSET -0.263345 -2.328136 25.690571
BONES 1
BONE 7 1.000000

VERT 254
OFFSET -0.666386 -4.991667 25.351727
BONES 1
BONE 7 1.000000

VERT 255
OFFSET -0.636514 -4.870846 25.276438
BONES 1
BONE 7 1.000000

VERT 256
OFFSET -0.439724 -4.074306 24.779732
BONES 2
BONE 8 0.001078
BONE 7 0.998922

VERT 257
OFFSET -0.833923 -4.854897 24.715706
BONES 2
BONE 7 0.998807
BONE 8 0.001193

VERT 258
OFFSET -0.737491 -4.957891 25.377722
BONES 1
BONE 7 1.000000

VERT 259
OFFSET -0.272186 -4.211078 25.415745
BONES 1
BONE 7 1.000000

VERT 260
OFFSET -0.417271 -4.262115 25.349585
BONES 1
BONE 7 1.000000

VERT 261
OFFSET -0.831055 -4.736304 24.833857
BONES 2
BONE 8 0.001023
BONE 7 0.998977

VERT 262
OFFSET -0.343290 -4.177302 25.441751
BONES 1
BONE 7 1.000000

VERT 263
OFFSET -0.540702 -4.161361 24.881016
BONES 1
BONE 7 1.000000

VERT 264
OFFSET -0.641723 -4.483613 24.838329
BONES 2
BONE 7 0.998998
BONE 8 0.001002

VERT 265
OFFSET -0.617065 -4.434781 24.842337
BONES 1
BONE 7 1.000000

VERT 266
OFFSET -4.858462 -2.008519 27.262426
BONES 2
BONE 1 0.006074
BONE 7 0.993926

VERT 267
OFFSET -5.104299 -2.672532 27.385468
BONES 2
BONE 7 0.992807
BONE 1 0.007193

VERT 268
OFFSET -0.341048 -2.197015 25.682468
BONES 1
BONE 7 1.000000

VERT 269
OFFSET -5.104233 -4.086807 27.351887
BONES 2
BONE 1 0.009825
BONE 7 0.990175

VERT 270
OFFSET -4.788231 -4.828964 27.201466
BONES 2
BONE 7 0.992001
BONE 1 0.007999

VERT 271
OFFSET -4.022484 -1.085462 26.909534
BONES 2
BONE 1 0.004724
BONE 7 0.995275

VERT 272
OFFSET -4.817768 -1.898145 26.751802
BONES 2
BONE 1 0.002890
BONE 7 0.997110

VERT 273
OFFSET -4.860629 -4.519720 26.794638
BONES 2
BONE 1 0.003723
BONE 7 0.996277

VERT 274
OFFSET -0.353178 -2.134746 25.193945
BONES 1
BONE 7 1.000000

VERT 275
OFFSET -2.741829 -1.000734 26.089672
BONES 1
BONE 7 1.000000

VERT 276
OFFSET -3.516598 -1.073467 26.303303
BONES 1
BONE 7 1.000000

VERT 277
OFFSET -4.130625 -1.286144 26.514938
BONES 2
BONE 7 0.997909
BONE 1 0.002091

VERT 278
OFFSET -4.879415 -4.298903 26.852930
BONES 2
BONE 7 0.995759
BONE 1 0.004241

VERT 279
OFFSET -1.125380 -1.507760 25.487453
BONES 1
BONE 7 1.000000

VERT 280
OFFSET -3.030552 -1.075898 26.198128
BONES 1
BONE 7 1.000000

VERT 281
OFFSET -3.573994 -6.016000 26.775110
BONES 2
BONE 1 0.004995
BONE 7 0.995005

VERT 282
OFFSET -4.200783 -5.503990 27.004929
BONES 2
BONE 7 0.992825
BONE 1 0.007175

VERT 283
OFFSET -4.193557 -5.640247 26.975863
BONES 2
BONE 1 0.006985
BONE 7 0.993015

VERT 284
OFFSET -3.633958 -6.073989 26.284229
BONES 1
BONE 7 1.000000

VERT 285
OFFSET -3.593381 -5.984074 26.292685
BONES 1
BONE 7 1.000000

VERT 286
OFFSET -4.269292 -5.438127 26.533941
BONES 1
BONE 7 1.000000

VERT 287
OFFSET -0.181607 -2.249170 25.638609
BONES 1
BONE 7 1.000000

VERT 288
OFFSET -0.324533 -2.262264 25.671450
BONES 1
BONE 7 1.000000

VERT 289
OFFSET -0.445417 -2.235879 25.204870
BONES 1
BONE 7 1.000000

VERT 290
OFFSET -0.175450 -2.334724 25.627201
BONES 1
BONE 7 1.000000

VERT 291
OFFSET -0.288943 -2.375598 25.649744
BONES 1
BONE 7 1.000000

VERT 292
OFFSET -1.940875 -1.010112 26.292583
BONES 1
BONE 7 1.000000

VERT 293
OFFSET -1.986394 -1.125461 25.843216
BONES 1
BONE 7 1.000000

VERT 294
OFFSET -3.103444 -6.096904 26.171463
BONES 1
BONE 7 1.000000

VERT 295
OFFSET -0.295316 -3.510980 24.972702
BONES 1
BONE 7 1.000000

VERT 296
OFFSET -0.305697 -3.448377 24.985636
BONES 1
BONE 7 1.000000

VERT 297
OFFSET -0.154104 -3.502571 25.440441
BONES 1
BONE 7 1.000000

VERT 298
OFFSET -0.229481 -3.589332 25.450016
BONES 1
BONE 7 1.000000

VERT 299
OFFSET -0.348312 -3.412138 25.004860
BONES 1
BONE 7 1.000000

VERT 300
OFFSET -0.525324 -4.490608 25.322435
BONES 1
BONE 7 1.000000

VERT 301
OFFSET -0.611718 -4.478858 24.838795
BONES 1
BONE 7 1.000000

VERT 302
OFFSET -0.581728 -4.514412 25.332182
BONES 1
BONE 7 1.000000

VERT 303
OFFSET -0.671796 -4.387507 24.874266
BONES 1
BONE 7 1.000000

VERT 304
OFFSET -0.569818 -4.619443 25.306456
BONES 1
BONE 7 1.000000

VERT 305
OFFSET -0.513686 -4.382296 25.342556
BONES 1
BONE 7 1.000000

VERT 306
OFFSET -0.656096 -4.256775 24.898235
BONES 1
BONE 7 1.000000

VERT 307
OFFSET -0.628462 -4.382379 24.866718
BONES 2
BONE 7 0.999999
BONE 8 0.000001

VERT 308
OFFSET -0.621939 -4.504468 24.836092
BONES 2
BONE 8 0.000041
BONE 7 0.999959

VERT 309
OFFSET -0.451202 -4.595630 25.280413
BONES 1
BONE 7 1.000000

VERT 310
OFFSET -1.181827 -6.171540 34.573750
BONES 2
BONE 7 0.768413
BONE 1 0.231587

VERT 311
OFFSET -0.579891 -6.051629 34.569668
BONES 2
BONE 7 0.873786
BONE 1 0.126214

VERT 312
OFFSET -1.071957 -5.849312 29.059938
BONES 2
BONE 1 0.003169
BONE 7 0.996831

VERT 313
OFFSET -0.481437 -5.770214 29.996729
BONES 2
BONE 1 0.001164
BONE 7 0.998836

VERT 314
OFFSET -1.061855 -6.041252 32.189831
BONES 2
BONE 1 0.060573
BONE 7 0.939427

VERT 315
OFFSET -1.305433 -5.931509 36.150528
BONES 2
BONE 1 0.613414
BONE 7 0.386586

VERT 316
OFFSET -1.237711 -6.037194 36.174652
BONES 2
BONE 1 0.602391
BONE 7 0.397609

VERT 317
OFFSET -1.275142 1.121020 52.585163
BONES 1
BONE 13 1.000000

VERT 318
OFFSET -1.145755 0.644821 52.532883
BONES 1
BONE 13 1.000000

VERT 319
OFFSET -1.310433 1.173118 51.529621
BONES 1
BONE 13 1.000000

VERT 320
OFFSET -1.427615 1.609611 51.648670
BONES 1
BONE 13 1.000000

VERT 321
OFFSET -1.072221 1.368120 52.067642
BONES 1
BONE 13 1.000000

VERT 322
OFFSET -1.467028 1.781118 52.028355
BONES 1
BONE 13 1.000000

VERT 323
OFFSET -1.268799 1.537189 52.415165
BONES 1
BONE 13 1.000000

VERT 324
OFFSET -1.133592 1.039903 52.394806
BONES 1
BONE 13 1.000000

VERT 325
OFFSET -1.087952 0.901267 52.128208
BONES 1
BONE 13 1.000000

VERT 326
OFFSET -1.300512 1.673210 51.907028
BONES 1
BONE 13 1.000000

VERT 327
OFFSET -1.322815 1.705829 52.095970
BONES 1
BONE 13 1.000000

VERT 328
OFFSET -1.200336 1.578723 52.129963
BONES 1
BONE 13 1.000000

VERT 329
OFFSET -1.149250 1.424816 51.834946
BONES 1
BONE 13 1.000000

VERT 330
OFFSET -1.070390 1.140887 51.900326
BONES 1
BONE 13 1.000000

VERT 331
OFFSET -1.052076 1.124082 52.132065
BONES 1
BONE 13 1.000000

VERT 332
OFFSET -1.109038 1.308893 52.312153
BONES 1
BONE 13 1.000000

VERT 333
OFFSET -1.216628 1.540850 52.541599
BONES 1
BONE 13 1.000000

VERT 334
OFFSET -0.990785 0.953717 52.395760
BONES 1
BONE 13 1.000000

VERT 335
OFFSET -1.030680 0.836426 52.283527
BONES 1
BONE 13 1.000000

VERT 336
OFFSET -1.294232 1.763352 51.795052
BONES 1
BONE 13 1.000000

VERT 337
OFFSET -1.262321 1.681726 52.242279
BONES 1
