// Export time: Mon Nov 16 09:26:58 2020

// Exported using Blender v2.90.1
// Export filename: 'E:/blackops3/mod_xmodel/iw4/hk416/ch_head_gk_hk416_lod3.XMODEL_EXPORT'
// Source filename: 'E:/blackops3/mod_xmodel/iw4/hk416/hk416.blend'
MODEL
VERSION 6

NUMBONES 30
BONE 0 -1 "tag_origin"
BONE 1 0 "j_head"
BONE 2 1 "j_brow_le"
BONE 3 1 "j_brow_ri"
BONE 4 1 "j_browouter_le"
BONE 5 1 "j_browouter_ri"
BONE 6 1 "j_cheek_le"
BONE 7 1 "j_cheek_ri"
BONE 8 1 "j_cheeklower_le"
BONE 9 1 "j_cheeklower_ri"
BONE 10 1 "j_eye_lid_bot_le"
BONE 11 1 "j_eye_lid_bot_ri"
BONE 12 1 "j_eye_lid_top_le"
BONE 13 1 "j_eye_lid_top_ri"
BONE 14 1 "j_eyeball_le"
BONE 15 1 "j_eyeball_ri"
BONE 16 1 "j_head_end"
BONE 17 16 "j_helmet"
BONE 18 1 "j_jaw"
BONE 19 18 "j_chin_skinroll"
BONE 20 18 "j_lip_bot_le"
BONE 21 18 "j_lip_bot_ri"
BONE 22 1 "j_levator_le"
BONE 23 1 "j_levator_ri"
BONE 24 1 "j_lip_top_le"
BONE 25 1 "j_lip_top_ri"
BONE 26 1 "j_mouth_le"
BONE 27 1 "j_mouth_ri"
BONE 28 1 "j_nvg"
BONE 29 1 "tag_eye"

BONE 0
OFFSET 0.000000 0.000000 0.000000
SCALE 1.000000 1.000000 1.000000
X 1.000000 0.000000 0.000000
Y 0.000000 1.000000 0.000000
Z 0.000000 0.000000 1.000000

BONE 1
OFFSET -2.354981 0.014893 54.930786
SCALE 1.000000 1.000000 1.000000
X 0.170332 -0.000001 0.985387
Y 0.985387 -0.000000 -0.170332
Z 0.000000 1.000000 0.000001

BONE 2
OFFSET 0.638709 1.243458 57.878666
SCALE 1.000000 1.000000 1.000000
X 0.000651 0.999995 -0.000118
Y -0.998862 0.000643 -0.047691
Z -0.047691 0.000149 0.998862

BONE 3
OFFSET 0.638707 -1.243458 57.878670
SCALE 1.000000 1.000000 1.000000
X 0.000012 1.000000 0.000081
Y 0.998888 -0.000016 0.047135
Z 0.047135 0.000081 -0.998888

BONE 4
OFFSET 0.194400 2.201350 57.998688
SCALE 1.000000 1.000000 1.000000
X 0.000649 0.999998 -0.000136
Y -0.998862 0.000641 -0.047689
Z -0.047688 0.000167 0.998862

BONE 5
OFFSET 0.194399 -2.201350 57.998695
SCALE 1.000000 1.000000 1.000000
X 0.000023 1.000000 0.000069
Y 0.998889 -0.000027 0.047134
Z 0.047134 0.000068 -0.998889

BONE 6
OFFSET 1.089116 2.120837 57.472534
SCALE 1.000000 1.000000 1.000000
X 0.000647 1.000000 -0.000125
Y -0.998862 0.000641 -0.047691
Z -0.047690 0.000155 0.998862

BONE 7
OFFSET 1.066417 -2.007655 57.545860
SCALE 1.000000 1.000000 1.000000
X 0.000018 1.000000 0.000081
Y 0.998889 -0.000022 0.047132
Z 0.047132 0.000080 -0.998889

BONE 8
OFFSET 1.077722 1.907096 56.136814
SCALE 1.000000 1.000000 1.000000
X 0.170328 0.000001 0.985387
Y 0.985388 0.000002 -0.170328
Z -0.000002 1.000000 -0.000000

BONE 9
OFFSET 1.127872 -1.875325 56.170807
SCALE 1.000000 1.000000 1.000000
X 0.170194 0.000001 0.985410
Y 0.985411 -0.000000 -0.170194
Z 0.000000 1.000000 -0.000001

BONE 10
OFFSET 0.797771 1.296007 58.092453
SCALE 1.000000 1.000000 1.000000
X -0.065613 0.997121 0.038043
Y -0.996949 -0.063891 -0.044836
Z -0.042276 -0.040868 0.998270

BONE 11
OFFSET 0.798125 -1.208471 58.084988
SCALE 1.000000 1.000000 1.000000
X 0.066592 0.997042 -0.038385
Y 0.996928 -0.064896 0.043857
Z 0.041237 -0.041188 -0.998300

BONE 12
OFFSET 0.798257 1.294871 58.175632
SCALE 1.000000 1.000000 1.000000
X -0.065487 0.997138 0.038020
Y -0.996958 -0.063763 -0.044834
Z -0.042282 -0.040835 0.998272

BONE 13
OFFSET 0.798962 -1.209998 58.160603
SCALE 1.000000 1.000000 1.000000
X 0.066556 0.997044 -0.038376
Y 0.996930 -0.064861 0.043854
Z 0.041235 -0.041177 -0.998301

BONE 14
OFFSET -1.564853 1.116773 56.557346
SCALE 1.000000 1.000000 1.000000
X -0.205892 0.978523 -0.010093
Y -0.977353 -0.206139 -0.047833
Z -0.048887 0.000016 0.998804

BONE 15
OFFSET -1.564853 -1.116770 56.557346
SCALE 1.000000 1.000000 1.000000
X 0.207717 0.978140 0.009775
Y 0.977070 -0.207947 0.045738
Z 0.046771 0.000050 -0.998906

BONE 16
OFFSET -1.559329 0.014357 61.263161
SCALE 1.000000 1.000000 1.000000
X 0.170203 0.000003 0.985409
Y 0.985409 -0.000000 -0.170203
Z -0.000000 1.000000 -0.000003

BONE 17
OFFSET -2.663351 0.014360 62.648273
SCALE 1.000000 1.000000 1.000000
X 0.995876 -0.000073 0.090721
Y 0.000073 1.000000 -0.000000
Z -0.090721 0.000007 0.995876

BONE 18
OFFSET -1.841247 0.014890 54.527779
SCALE 1.000000 1.000000 1.000000
X 0.000646 1.000000 -0.000099
Y -0.998864 0.000642 -0.047656
Z -0.047656 0.000129 0.998864

BONE 19
OFFSET 0.317844 0.013366 53.252041
SCALE 1.000000 1.000000 1.000000
X 0.000646 1.000000 -0.000099
Y -0.998864 0.000642 -0.047656
Z -0.047656 0.000130 0.998864

BONE 20
OFFSET 0.305369 0.203530 54.392925
SCALE 1.000000 1.000000 1.000000
X 0.000645 1.000000 -0.000085
Y -0.998864 0.000642 -0.047656
Z -0.047656 0.000116 0.998864

BONE 21
OFFSET 0.305370 -0.203530 54.392921
SCALE 1.000000 1.000000 1.000000
X 0.000652 1.000000 -0.000161
Y 0.998838 -0.000641 0.048201
Z 0.048201 -0.000193 -0.998838

BONE 22
OFFSET 2.021196 0.647849 57.089970
SCALE 1.000000 1.000000 1.000000
X 0.000636 1.000000 -0.000086
Y -0.998862 0.000633 -0.047692
Z -0.047692 0.000117 0.998862

BONE 23
OFFSET 2.048983 -0.594466 57.096313
SCALE 1.000000 1.000000 1.000000
X 0.000014 1.000000 0.000090
Y 0.998889 -0.000018 0.047132
Z 0.047132 0.000089 -0.998889

BONE 24
OFFSET 0.419426 0.203530 54.506306
SCALE 1.000000 1.000000 1.000000
X 0.000644 1.000000 -0.000085
Y -0.998862 0.000640 -0.047691
Z -0.047691 0.000115 0.998862

BONE 25
OFFSET 0.419427 -0.203530 54.506302
SCALE 1.000000 1.000000 1.000000
X 0.000011 1.000000 0.000086
Y 0.998895 -0.000015 0.046993
Z 0.046993 0.000085 -0.998895

BONE 26
OFFSET 0.213181 0.500407 54.521919
SCALE 1.000000 1.000000 1.000000
X 0.000639 1.000000 -0.000114
Y -0.998862 0.000634 -0.047692
Z -0.047692 0.000145 0.998862

BONE 27
OFFSET 0.213181 -0.500407 54.521923
SCALE 1.000000 1.000000 1.000000
X 0.000009 1.000000 0.000098
Y 0.998902 -0.000013 0.046853
Z 0.046853 0.000097 -0.998902

BONE 28
OFFSET 3.720812 0.014361 60.300560
SCALE 1.000000 1.000000 1.000000
X 0.985400 -0.000000 -0.170255
Y -0.170255 0.000000 -0.985400
Z 0.000000 1.000000 -0.000000

BONE 29
OFFSET 1.536510 0.014893 57.919392
SCALE 1.000000 1.000000 1.000000
X 0.922524 -0.000091 0.385939
Y 0.000098 1.000000 0.000001
Z -0.385939 0.000036 0.922524


NUMVERTS 422
VERT 0
OFFSET -3.094287 3.390774 56.682220
BONES 1
BONE 1 1.000000

VERT 1
OFFSET -2.830286 3.357717 57.058247
BONES 1
BONE 1 1.000000

VERT 2
OFFSET -2.302332 3.027840 57.010010
BONES 1
BONE 1 1.000000

VERT 3
OFFSET -2.892043 2.786499 56.723015
BONES 1
BONE 1 1.000000

VERT 4
OFFSET -3.230205 2.982665 55.809731
BONES 1
BONE 1 1.000000

VERT 5
OFFSET -2.085534 2.423402 55.377827
BONES 1
BONE 1 1.000000

VERT 6
OFFSET -2.101727 2.801777 56.524601
BONES 1
BONE 1 1.000000

VERT 7
OFFSET -2.462704 2.777990 56.479759
BONES 1
BONE 1 1.000000

VERT 8
OFFSET -2.965159 2.977750 56.032928
BONES 1
BONE 1 1.000000

VERT 9
OFFSET -2.662231 2.657294 55.514011
BONES 1
BONE 1 1.000000

VERT 10
OFFSET -3.261181 3.486043 56.765648
BONES 1
BONE 1 1.000000

VERT 11
OFFSET -2.650701 2.459624 55.074574
BONES 1
BONE 1 1.000000

VERT 12
OFFSET -3.080478 2.611164 56.369267
BONES 1
BONE 1 1.000000

VERT 13
OFFSET -2.961383 2.370677 55.895901
BONES 1
BONE 1 1.000000

VERT 14
OFFSET -1.993139 -2.318127 55.553127
BONES 1
BONE 1 1.000000

VERT 15
OFFSET -3.094286 -3.390775 56.682220
BONES 1
BONE 1 1.000000

VERT 16
OFFSET -2.830284 -3.357718 57.058247
BONES 1
BONE 1 1.000000

VERT 17
OFFSET -2.302331 -3.027840 57.010010
BONES 1
BONE 1 1.000000

VERT 18
OFFSET -2.462704 -2.777990 56.479759
BONES 1
BONE 1 1.000000

VERT 19
OFFSET -2.085533 -2.423402 55.377827
BONES 1
BONE 1 1.000000

VERT 20
OFFSET -2.892042 -2.786499 56.723015
BONES 1
BONE 1 1.000000

VERT 21
OFFSET -2.435237 -2.735059 55.919571
BONES 1
BONE 1 1.000000

VERT 22
OFFSET -2.101725 -2.801777 56.524601
BONES 1
BONE 1 1.000000

VERT 23
OFFSET -2.965158 -2.977751 56.032928
BONES 1
BONE 1 1.000000

VERT 24
OFFSET -2.662230 -2.657294 55.514011
BONES 1
BONE 1 1.000000

VERT 25
OFFSET -3.261180 -3.486044 56.765648
BONES 1
BONE 1 1.000000

VERT 26
OFFSET -2.650700 -2.459625 55.074574
BONES 1
BONE 1 1.000000

VERT 27
OFFSET -3.080477 -2.611164 56.369267
BONES 1
BONE 1 1.000000

VERT 28
OFFSET -2.961382 -2.370678 55.895901
BONES 1
BONE 1 1.000000

VERT 29
OFFSET -2.362896 2.252208 55.464096
BONES 1
BONE 1 1.000000

VERT 30
OFFSET -2.362895 -2.252207 55.464096
BONES 1
BONE 1 1.000000

VERT 31
OFFSET -1.993140 2.318127 55.553127
BONES 1
BONE 1 1.000000

VERT 32
OFFSET -2.435238 2.735059 55.919571
BONES 1
BONE 1 1.000000

VERT 33
OFFSET -3.230204 -2.982665 55.809731
BONES 1
BONE 1 1.000000

VERT 34
OFFSET 0.370794 1.265625 55.084167
BONES 1
BONE 1 1.000000

VERT 35
OFFSET 0.036078 1.826636 55.069412
BONES 1
BONE 1 1.000000

VERT 36
OFFSET -0.176541 1.883421 55.936108
BONES 1
BONE 1 1.000000

VERT 37
OFFSET -0.037069 1.340785 55.737209
BONES 1
BONE 1 1.000000

VERT 38
OFFSET -0.103893 1.177439 55.933617
BONES 1
BONE 1 1.000000

VERT 39
OFFSET 0.029261 1.138237 57.044106
BONES 1
BONE 1 1.000000

VERT 40
OFFSET -2.133324 -0.000002 60.981636
BONES 1
BONE 1 1.000000

VERT 41
OFFSET -3.766936 0.360077 60.736427
BONES 1
BONE 1 1.000000

VERT 42
OFFSET -3.176455 2.953860 57.342987
BONES 1
BONE 1 1.000000

VERT 43
OFFSET -0.443541 1.703259 54.289570
BONES 1
BONE 1 1.000000

VERT 44
OFFSET 0.315426 1.874655 59.343376
BONES 1
BONE 1 1.000000

VERT 45
OFFSET 0.349141 1.980139 58.097496
BONES 1
BONE 1 1.000000

VERT 46
OFFSET -2.398726 1.804048 60.493404
BONES 1
BONE 1 1.000000

VERT 47
OFFSET -3.556397 2.079185 59.821945
BONES 1
BONE 1 1.000000

VERT 48
OFFSET -1.143094 3.000334 57.070583
BONES 1
BONE 1 1.000000

VERT 49
OFFSET 0.596662 0.000001 57.078629
BONES 1
BONE 1 1.000000

VERT 50
OFFSET 0.537162 0.653470 55.322803
BONES 1
BONE 1 1.000000

VERT 51
OFFSET 0.023552 1.913990 55.422157
BONES 1
BONE 1 1.000000

VERT 52
OFFSET -1.029593 2.572223 56.164818
BONES 1
BONE 1 1.000000

VERT 53
OFFSET -0.417929 2.187065 56.215771
BONES 1
BONE 1 1.000000

VERT 54
OFFSET 0.112719 1.562380 54.885693
BONES 1
BONE 1 1.000000

VERT 55
OFFSET -0.424592 2.755495 57.473854
BONES 1
BONE 1 1.000000

VERT 56
OFFSET -0.610552 2.262758 55.130894
BONES 1
BONE 1 1.000000

VERT 57
OFFSET -1.847244 3.075970 58.089348
BONES 1
BONE 1 1.000000

VERT 58
OFFSET -1.960969 2.225435 54.927292
BONES 1
BONE 1 1.000000

VERT 59
OFFSET -1.860921 1.687115 54.453785
BONES 1
BONE 1 1.000000

VERT 60
OFFSET -0.964311 0.633608 53.820034
BONES 1
BONE 1 1.000000

VERT 61
OFFSET -1.512756 1.170815 54.137936
BONES 1
BONE 1 1.000000

VERT 62
OFFSET 0.249761 0.485450 54.496674
BONES 4
BONE 24 0.000023
BONE 20 0.001621
BONE 1 0.809351
BONE 26 0.189006

VERT 63
OFFSET -3.518518 2.725821 56.946274
BONES 1
BONE 1 1.000000

VERT 64
OFFSET -0.486142 2.724106 58.716888
BONES 1
BONE 1 1.000000

VERT 65
OFFSET 1.087646 0.000001 55.626076
BONES 1
BONE 1 1.000000

VERT 66
OFFSET -1.223000 1.450342 56.650990
BONES 1
BONE 1 1.000000

VERT 67
OFFSET -0.584854 1.346951 57.346142
BONES 1
BONE 1 1.000000

VERT 68
OFFSET -0.461970 0.722699 56.844639
BONES 1
BONE 1 1.000000

VERT 69
OFFSET -0.611555 0.769607 56.139088
BONES 1
BONE 1 1.000000

VERT 70
OFFSET -0.906584 1.786323 56.010258
BONES 1
BONE 1 1.000000

VERT 71
OFFSET -0.936623 2.390753 56.962704
BONES 1
BONE 1 1.000000

VERT 72
OFFSET -0.708305 0.012907 53.584316
BONES 1
BONE 1 1.000000

VERT 73
OFFSET -0.423791 -2.174008 56.102089
BONES 1
BONE 1 1.000000

VERT 74
OFFSET -0.373762 -2.426203 57.009026
BONES 1
BONE 1 1.000000

VERT 75
OFFSET -3.176454 -2.953860 57.342987
BONES 1
BONE 1 1.000000

VERT 76
OFFSET -0.432036 -1.705112 54.293499
BONES 1
BONE 1 1.000000

VERT 77
OFFSET 0.412769 -1.663775 59.518494
BONES 1
BONE 1 1.000000

VERT 78
OFFSET 0.349141 -1.980139 58.097496
BONES 1
BONE 1 1.000000

VERT 79
OFFSET -2.398724 -1.804048 60.493404
BONES 1
BONE 1 1.000000

VERT 80
OFFSET -3.684996 -1.116573 60.492043
BONES 1
BONE 1 1.000000

VERT 81
OFFSET -3.556396 -2.079185 59.821945
BONES 1
BONE 1 1.000000

VERT 82
OFFSET -1.143094 -3.000334 57.070583
BONES 1
BONE 1 1.000000

VERT 83
OFFSET 0.537162 -0.653469 55.322803
BONES 1
BONE 1 1.000000

VERT 84
OFFSET -0.156172 0.009189 53.414871
BONES 1
BONE 1 1.000000

VERT 85
OFFSET -1.029593 -2.572224 56.164822
BONES 1
BONE 1 1.000000

VERT 86
OFFSET -0.424591 -2.755495 57.473854
BONES 1
BONE 1 1.000000

VERT 87
OFFSET -0.610551 -2.262758 55.130894
BONES 1
BONE 1 1.000000

VERT 88
OFFSET -1.847239 -3.075970 58.089348
BONES 1
BONE 1 1.000000

VERT 89
OFFSET -1.960968 -2.225435 54.927292
BONES 1
BONE 1 1.000000

VERT 90
OFFSET -1.860921 -1.687115 54.453785
BONES 1
BONE 1 1.000000

VERT 91
OFFSET -0.925358 -0.585612 53.792023
BONES 1
BONE 1 1.000000

VERT 92
OFFSET -1.512757 -1.170816 54.137936
BONES 1
BONE 1 1.000000

VERT 93
OFFSET 0.248365 -0.482329 54.498516
BONES 2
BONE 27 0.190829
BONE 1 0.809171

VERT 94
OFFSET 0.546686 0.009377 54.525013
BONES 5
BONE 26 0.005620
BONE 24 0.102316
BONE 25 0.085409
BONE 1 0.806405
BONE 27 0.000251

VERT 95
OFFSET 0.421467 -0.002349 54.365730
BONES 4
BONE 27 0.005790
BONE 21 0.099075
BONE 1 0.783145
BONE 20 0.111990

VERT 96
OFFSET 0.419646 0.005511 56.210201
BONES 1
BONE 1 1.000000

VERT 97
OFFSET -3.518517 -2.725822 56.946274
BONES 1
BONE 1 1.000000

VERT 98
OFFSET 1.044505 0.000001 58.385014
BONES 1
BONE 1 1.000000

VERT 99
OFFSET 0.119575 -0.016905 53.880741
BONES 3
BONE 1 0.953132
BONE 20 0.020882
BONE 21 0.025986

VERT 100
OFFSET 0.371174 0.000000 54.420361
BONES 3
BONE 25 0.102925
BONE 24 0.105024
BONE 1 0.792051

VERT 101
OFFSET 0.168498 -1.686722 55.293446
BONES 1
BONE 1 1.000000

VERT 102
OFFSET -1.223000 -1.450341 56.650990
BONES 1
BONE 1 1.000000

VERT 103
OFFSET -0.584854 -1.346951 57.346142
BONES 1
BONE 1 1.000000

VERT 104
OFFSET -0.461969 -0.722698 56.844635
BONES 1
BONE 1 1.000000

VERT 105
OFFSET -0.611554 -0.769607 56.139088
BONES 1
BONE 1 1.000000

VERT 106
OFFSET -0.906583 -1.786323 56.010258
BONES 1
BONE 1 1.000000

VERT 107
OFFSET -0.936622 -2.390753 56.962704
BONES 1
BONE 1 1.000000

VERT 108
OFFSET 0.037548 0.769478 56.568481
BONES 1
BONE 1 1.000000

VERT 109
OFFSET -0.373763 2.426203 57.009026
BONES 1
BONE 1 1.000000

VERT 110
OFFSET 0.813406 0.305787 59.914524
BONES 1
BONE 1 1.000000

VERT 111
OFFSET 0.034784 -0.769777 56.569252
BONES 1
BONE 1 1.000000

VERT 112
OFFSET -0.103892 -1.177438 55.933617
BONES 1
BONE 1 1.000000

VERT 113
OFFSET 0.029261 -1.138236 57.044106
BONES 1
BONE 1 1.000000

VERT 114
OFFSET -0.486141 -2.724105 58.716888
BONES 1
BONE 1 1.000000

VERT 115
OFFSET 0.044071 0.002238 54.241112
BONES 3
BONE 1 0.600000
BONE 20 0.200000
BONE 21 0.200000

VERT 116
OFFSET 0.097289 0.001110 54.540298
BONES 3
BONE 21 0.200000
BONE 20 0.200000
BONE 1 0.600000

VERT 117
OFFSET 0.093301 0.009499 54.508049
BONES 3
BONE 21 0.200000
BONE 20 0.200000
BONE 1 0.600000

VERT 118
OFFSET -0.085537 0.002238 54.276367
BONES 3
BONE 1 0.600000
BONE 20 0.200000
BONE 21 0.200000

VERT 119
OFFSET -0.856122 0.762025 54.469704
BONES 3
BONE 1 0.600000
BONE 20 0.200000
BONE 21 0.200000

VERT 120
OFFSET -0.686162 0.700786 54.686581
BONES 3
BONE 21 0.200000
BONE 20 0.200000
BONE 1 0.600000

VERT 121
OFFSET -0.846085 0.652655 54.478260
BONES 3
BONE 1 0.600000
BONE 20 0.200000
BONE 21 0.200000

VERT 122
OFFSET -0.091830 0.475302 54.265942
BONES 3
BONE 21 0.200000
BONE 20 0.200000
BONE 1 0.600000

VERT 123
OFFSET -0.250026 0.432821 54.312672
BONES 3
BONE 21 0.200000
BONE 20 0.200000
BONE 1 0.600000

VERT 124
OFFSET -0.041340 0.374421 54.255760
BONES 3
BONE 21 0.200000
BONE 20 0.200000
BONE 1 0.600000

VERT 125
OFFSET -0.099686 0.186261 54.275875
BONES 3
BONE 1 0.600000
BONE 20 0.200000
BONE 21 0.200000

VERT 126
OFFSET 0.040605 0.359716 54.584602
BONES 3
BONE 21 0.200000
BONE 20 0.200000
BONE 1 0.600000

VERT 127
OFFSET -0.034900 0.493783 54.545753
BONES 3
BONE 21 0.200000
BONE 20 0.200000
BONE 1 0.600000

VERT 128
OFFSET -0.103337 0.452721 54.530437
BONES 3
BONE 21 0.200000
BONE 20 0.200000
BONE 1 0.600000

VERT 129
OFFSET -0.154519 0.347389 54.285187
BONES 3
BONE 1 0.600000
BONE 20 0.200000
BONE 21 0.200000

VERT 130
OFFSET -0.268891 0.556819 54.572544
BONES 3
BONE 21 0.200000
BONE 20 0.200000
BONE 1 0.600000

VERT 131
OFFSET -0.856122 -0.757549 54.469704
BONES 3
BONE 1 0.600000
BONE 20 0.200000
BONE 21 0.200000

VERT 132
OFFSET -0.686162 -0.696310 54.686581
BONES 3
BONE 21 0.200000
BONE 20 0.200000
BONE 1 0.600000

VERT 133
OFFSET -0.846084 -0.648179 54.478260
BONES 3
BONE 1 0.600000
BONE 20 0.200000
BONE 21 0.200000

VERT 134
OFFSET 0.018674 -0.225568 54.242764
BONES 3
BONE 1 0.600000
BONE 20 0.200000
BONE 21 0.200000

VERT 135
OFFSET -0.099686 -0.181785 54.275875
BONES 3
BONE 1 0.600000
BONE 20 0.200000
BONE 21 0.200000

VERT 136
OFFSET 0.093300 -0.005023 54.508049
BONES 3
BONE 21 0.200000
BONE 20 0.200000
BONE 1 0.600000

VERT 137
OFFSET 0.040606 -0.355240 54.584602
BONES 3
BONE 21 0.200000
BONE 20 0.200000
BONE 1 0.600000

VERT 138
OFFSET -0.091831 -0.470826 54.265942
BONES 3
BONE 1 0.600000
BONE 20 0.200000
BONE 21 0.200000

VERT 139
OFFSET -0.034900 -0.489307 54.545753
BONES 3
BONE 21 0.200000
BONE 20 0.200000
BONE 1 0.600000

VERT 140
OFFSET -0.268891 -0.552343 54.572544
BONES 3
BONE 21 0.200000
BONE 20 0.200000
BONE 1 0.600000

VERT 141
OFFSET -0.154520 -0.342914 54.285187
BONES 3
BONE 1 0.600000
BONE 20 0.200000
BONE 21 0.200000

VERT 142
OFFSET 0.044071 0.002238 54.241112
BONES 3
BONE 1 0.600000
BONE 20 0.200000
BONE 21 0.200000

VERT 143
OFFSET 0.044071 0.002238 54.241112
BONES 3
BONE 1 0.600000
BONE 20 0.200000
BONE 21 0.200000

VERT 144
OFFSET 0.044071 0.002238 54.241112
BONES 3
BONE 1 0.600000
BONE 20 0.200000
BONE 21 0.200000

VERT 145
OFFSET 0.189801 0.007591 54.494808
BONES 3
BONE 21 0.200000
BONE 20 0.200000
BONE 1 0.600000

VERT 146
OFFSET 0.097289 0.003367 54.540298
BONES 3
BONE 21 0.200000
BONE 20 0.200000
BONE 1 0.600000

VERT 147
OFFSET 0.189800 -0.003115 54.494808
BONES 3
BONE 21 0.200000
BONE 20 0.200000
BONE 1 0.600000

VERT 148
OFFSET -0.085537 0.002238 54.276367
BONES 3
BONE 1 0.600000
BONE 20 0.200000
BONE 21 0.200000

VERT 149
OFFSET -0.085537 0.002238 54.276367
BONES 3
BONE 1 0.600000
BONE 20 0.200000
BONE 21 0.200000

VERT 150
OFFSET -0.085537 0.002238 54.276367
BONES 3
BONE 1 0.600000
BONE 20 0.200000
BONE 21 0.200000

VERT 151
OFFSET -0.856122 0.762025 54.469704
BONES 3
BONE 1 0.600000
BONE 20 0.200000
BONE 21 0.200000

VERT 152
OFFSET -0.889629 0.700529 54.347336
BONES 3
BONE 21 0.200000
BONE 20 0.200000
BONE 1 0.600000

VERT 153
OFFSET -0.745520 0.736373 54.722935
BONES 3
BONE 1 0.600000
BONE 20 0.200000
BONE 21 0.200000

VERT 154
OFFSET -0.725216 0.635958 54.850437
BONES 3
BONE 21 0.200000
BONE 20 0.200000
BONE 1 0.600000

VERT 155
OFFSET -0.756066 0.658897 54.699020
BONES 3
BONE 1 0.600000
BONE 20 0.200000
BONE 21 0.200000

VERT 156
OFFSET -0.846085 0.652655 54.478260
BONES 3
BONE 1 0.600000
BONE 20 0.200000
BONE 21 0.200000

VERT 157
OFFSET 0.020152 0.312586 54.515888
BONES 3
BONE 21 0.200000
BONE 20 0.200000
BONE 1 0.600000

VERT 158
OFFSET -0.384876 0.631465 54.343060
BONES 3
BONE 21 0.200000
BONE 20 0.200000
BONE 1 0.600000

VERT 159
OFFSET -0.232637 0.609060 54.597263
BONES 3
BONE 1 0.600000
BONE 20 0.200000
BONE 21 0.200000

VERT 160
OFFSET -0.856122 -0.757549 54.469704
BONES 3
BONE 1 0.600000
BONE 20 0.200000
BONE 21 0.200000

VERT 161
OFFSET -0.889628 -0.696054 54.347340
BONES 3
BONE 21 0.200000
BONE 20 0.200000
BONE 1 0.600000

VERT 162
OFFSET -0.745519 -0.731897 54.722935
BONES 3
BONE 1 0.600000
BONE 20 0.200000
BONE 21 0.200000

VERT 163
OFFSET -0.725216 -0.631482 54.850437
BONES 3
BONE 21 0.200000
BONE 20 0.200000
BONE 1 0.600000

VERT 164
OFFSET -0.756066 -0.654421 54.699020
BONES 3
BONE 1 0.600000
BONE 20 0.200000
BONE 21 0.200000

VERT 165
OFFSET -0.846084 -0.648179 54.478260
BONES 3
BONE 1 0.600000
BONE 20 0.200000
BONE 21 0.200000

VERT 166
OFFSET 0.020152 -0.308110 54.515888
BONES 3
BONE 21 0.200000
BONE 20 0.200000
BONE 1 0.600000

VERT 167
OFFSET -0.156038 -0.501115 54.247944
BONES 3
BONE 21 0.200000
BONE 20 0.200000
BONE 1 0.600000

VERT 168
OFFSET -0.232636 -0.604584 54.597263
BONES 3
BONE 1 0.600000
BONE 20 0.200000
BONE 21 0.200000

VERT 169
OFFSET -0.103336 -0.448244 54.530437
BONES 3
BONE 21 0.200000
BONE 20 0.200000
BONE 1 0.600000

VERT 170
OFFSET -0.250026 -0.428345 54.312672
BONES 3
BONE 21 0.200000
BONE 20 0.200000
BONE 1 0.600000

VERT 171
OFFSET 0.074099 0.003278 54.434727
BONES 3
BONE 25 0.200000
BONE 24 0.200000
BONE 1 0.600000

VERT 172
OFFSET -0.675443 0.698145 54.659554
BONES 3
BONE 25 0.200000
BONE 24 0.200000
BONE 1 0.600000

VERT 173
OFFSET 0.233203 0.002238 54.726353
BONES 3
BONE 1 0.600000
BONE 24 0.200000
BONE 25 0.200000

VERT 174
OFFSET -0.458481 0.695833 54.899879
BONES 3
BONE 25 0.200000
BONE 24 0.200000
BONE 1 0.600000

VERT 175
OFFSET 0.131980 0.005287 54.746239
BONES 3
BONE 25 0.200000
BONE 24 0.200000
BONE 1 0.600000

VERT 176
OFFSET 0.012440 0.473644 54.509060
BONES 3
BONE 1 0.600000
BONE 24 0.200000
BONE 25 0.200000

VERT 177
OFFSET 0.026933 0.401673 54.502949
BONES 3
BONE 25 0.200000
BONE 24 0.200000
BONE 1 0.600000

VERT 178
OFFSET 0.118816 0.184265 54.487122
BONES 3
BONE 25 0.200000
BONE 24 0.200000
BONE 1 0.600000

VERT 179
OFFSET 0.215965 0.240512 54.740211
BONES 3
BONE 25 0.200000
BONE 24 0.200000
BONE 1 0.600000

VERT 180
OFFSET 0.080379 0.542541 54.780369
BONES 3
BONE 25 0.200000
BONE 24 0.200000
BONE 1 0.600000

VERT 181
OFFSET -0.649247 0.884265 54.933342
BONES 3
BONE 1 0.600000
BONE 24 0.200000
BONE 25 0.200000

VERT 182
OFFSET -0.261376 0.567294 54.583939
BONES 3
BONE 25 0.200000
BONE 24 0.200000
BONE 1 0.600000

VERT 183
OFFSET -0.034055 0.460843 54.799232
BONES 3
BONE 1 0.600000
BONE 24 0.200000
BONE 25 0.200000

VERT 184
OFFSET -0.675443 -0.693669 54.659554
BONES 3
BONE 25 0.200000
BONE 24 0.200000
BONE 1 0.600000

VERT 185
OFFSET -0.458480 -0.691357 54.899879
BONES 3
BONE 25 0.200000
BONE 24 0.200000
BONE 1 0.600000

VERT 186
OFFSET 0.026932 -0.397197 54.502949
BONES 3
BONE 1 0.600000
BONE 24 0.200000
BONE 25 0.200000

VERT 187
OFFSET 0.118816 -0.179789 54.487122
BONES 3
BONE 25 0.200000
BONE 24 0.200000
BONE 1 0.600000

VERT 188
OFFSET 0.131980 -0.000811 54.746239
BONES 3
BONE 1 0.600000
BONE 24 0.200000
BONE 25 0.200000

VERT 189
OFFSET 0.157573 -0.400425 54.758652
BONES 3
BONE 25 0.200000
BONE 24 0.200000
BONE 1 0.600000

VERT 190
OFFSET 0.012439 -0.469168 54.509060
BONES 3
BONE 1 0.600000
BONE 24 0.200000
BONE 25 0.200000

VERT 191
OFFSET 0.080378 -0.538065 54.780369
BONES 3
BONE 25 0.200000
BONE 24 0.200000
BONE 1 0.600000

VERT 192
OFFSET -0.034055 -0.456367 54.799232
BONES 3
BONE 1 0.600000
BONE 24 0.200000
BONE 25 0.200000

VERT 193
OFFSET -0.026121 -0.431652 54.538986
BONES 3
BONE 1 0.600000
BONE 24 0.200000
BONE 25 0.200000

VERT 194
OFFSET 0.138662 0.002238 54.462399
BONES 3
BONE 1 0.600000
BONE 24 0.200000
BONE 25 0.200000

VERT 195
OFFSET 0.074099 0.001198 54.434727
BONES 3
BONE 25 0.200000
BONE 24 0.200000
BONE 1 0.600000

VERT 196
OFFSET 0.138662 0.002238 54.462399
BONES 3
BONE 1 0.600000
BONE 24 0.200000
BONE 25 0.200000

VERT 197
OFFSET -0.747151 0.746925 54.672672
BONES 3
BONE 1 0.600000
BONE 24 0.200000
BONE 25 0.200000

VERT 198
OFFSET -0.770619 0.712848 54.595428
BONES 3
BONE 25 0.200000
BONE 24 0.200000
BONE 1 0.600000

VERT 199
OFFSET 0.233203 0.002238 54.726353
BONES 3
BONE 1 0.600000
BONE 24 0.200000
BONE 25 0.200000

VERT 200
OFFSET 0.233203 0.002238 54.726353
BONES 3
BONE 1 0.600000
BONE 24 0.200000
BONE 25 0.200000

VERT 201
OFFSET 0.233203 0.002238 54.726353
BONES 3
BONE 1 0.600000
BONE 24 0.200000
BONE 25 0.200000

VERT 202
OFFSET -0.649908 0.833573 54.947521
BONES 3
BONE 1 0.600000
BONE 24 0.200000
BONE 25 0.200000

VERT 203
OFFSET -0.649908 0.833573 54.947521
BONES 3
BONE 1 0.600000
BONE 24 0.200000
BONE 25 0.200000

VERT 204
OFFSET 0.121827 0.019156 54.749252
BONES 3
BONE 25 0.200000
BONE 24 0.200000
BONE 1 0.600000

VERT 205
OFFSET 0.121827 -0.014680 54.749252
BONES 3
BONE 25 0.200000
BONE 24 0.200000
BONE 1 0.600000

VERT 206
OFFSET -0.702409 0.715625 54.953781
BONES 3
BONE 1 0.600000
BONE 24 0.200000
BONE 25 0.200000

VERT 207
OFFSET 0.118044 0.003937 54.483742
BONES 3
BONE 25 0.200000
BONE 24 0.200000
BONE 1 0.600000

VERT 208
OFFSET 0.118044 0.000539 54.483742
BONES 3
BONE 25 0.200000
BONE 24 0.200000
BONE 1 0.600000

VERT 209
OFFSET -0.756679 0.703443 54.677792
BONES 3
BONE 1 0.600000
BONE 24 0.200000
BONE 25 0.200000

VERT 210
OFFSET -0.026121 0.436128 54.538986
BONES 3
BONE 1 0.600000
BONE 24 0.200000
BONE 25 0.200000

VERT 211
OFFSET -0.230211 0.617830 54.561462
BONES 3
BONE 1 0.600000
BONE 24 0.200000
BONE 25 0.200000

VERT 212
OFFSET 0.024502 0.566361 54.793617
BONES 3
BONE 25 0.200000
BONE 24 0.200000
BONE 1 0.600000

VERT 213
OFFSET -0.747151 -0.742449 54.672672
BONES 3
BONE 1 0.600000
BONE 24 0.200000
BONE 25 0.200000

VERT 214
OFFSET -0.770619 -0.708372 54.595428
BONES 3
BONE 25 0.200000
BONE 24 0.200000
BONE 1 0.600000

VERT 215
OFFSET -0.649908 -0.829097 54.947521
BONES 3
BONE 1 0.600000
BONE 24 0.200000
BONE 25 0.200000

VERT 216
OFFSET -0.649908 -0.829097 54.947521
BONES 3
BONE 1 0.600000
BONE 24 0.200000
BONE 25 0.200000

VERT 217
OFFSET -0.649246 -0.879789 54.933342
BONES 3
BONE 1 0.600000
BONE 24 0.200000
BONE 25 0.200000

VERT 218
OFFSET -0.702409 -0.711149 54.953781
BONES 3
BONE 1 0.600000
BONE 24 0.200000
BONE 25 0.200000

VERT 219
OFFSET -0.756679 -0.698967 54.677792
BONES 3
BONE 1 0.600000
BONE 24 0.200000
BONE 25 0.200000

VERT 220
OFFSET -0.230211 -0.613354 54.561462
BONES 3
BONE 1 0.600000
BONE 24 0.200000
BONE 25 0.200000

VERT 221
OFFSET -0.177273 -0.680156 54.838978
BONES 3
BONE 25 0.200000
BONE 24 0.200000
BONE 1 0.600000

VERT 222
OFFSET -0.261375 -0.562818 54.583939
BONES 3
BONE 25 0.200000
BONE 24 0.200000
BONE 1 0.600000

VERT 223
OFFSET 0.022427 -0.016533 54.168549
BONES 1
BONE 1 1.000000

VERT 224
OFFSET 0.056559 0.007535 54.151585
BONES 1
BONE 1 1.000000

VERT 225
OFFSET -1.662706 -0.015800 54.638336
BONES 1
BONE 1 1.000000

VERT 226
OFFSET -1.604690 0.010331 54.544582
BONES 1
BONE 1 1.000000

VERT 227
OFFSET -0.283290 0.001587 54.636990
BONES 1
BONE 1 1.000000

VERT 228
OFFSET -0.451238 -0.002445 54.486412
BONES 1
BONE 1 1.000000

VERT 229
OFFSET -0.261347 0.308209 54.644344
BONES 1
BONE 1 1.000000

VERT 230
OFFSET -0.091721 0.375332 54.293720
BONES 1
BONE 1 1.000000

VERT 231
OFFSET -0.131113 0.361237 54.346455
BONES 1
BONE 1 1.000000

VERT 232
OFFSET -0.380915 0.480679 54.552460
BONES 1
BONE 1 1.000000

VERT 233
OFFSET -1.402594 0.300860 54.823105
BONES 1
BONE 1 1.000000

VERT 234
OFFSET -1.453145 0.205161 54.565506
BONES 1
BONE 1 1.000000

VERT 235
OFFSET -0.404641 0.480771 54.559353
BONES 1
BONE 1 1.000000

VERT 236
OFFSET -0.565338 0.316759 54.487827
BONES 1
BONE 1 1.000000

VERT 237
OFFSET -0.994899 0.427167 54.613888
BONES 1
BONE 1 1.000000

VERT 238
OFFSET -1.525821 0.427004 54.562798
BONES 1
BONE 1 1.000000

VERT 239
OFFSET -0.283290 -0.001587 54.636990
BONES 1
BONE 1 1.000000

VERT 240
OFFSET -1.662706 0.015800 54.638336
BONES 1
BONE 1 1.000000

VERT 241
OFFSET -0.261347 -0.308208 54.644344
BONES 1
BONE 1 1.000000

VERT 242
OFFSET -0.091721 -0.375332 54.293720
BONES 1
BONE 1 1.000000

VERT 243
OFFSET -0.131113 -0.361237 54.346455
BONES 1
BONE 1 1.000000

VERT 244
OFFSET -0.380915 -0.480678 54.552460
BONES 1
BONE 1 1.000000

VERT 245
OFFSET -1.402593 -0.300861 54.823105
BONES 1
BONE 1 1.000000

VERT 246
OFFSET -1.453145 -0.205161 54.565506
BONES 1
BONE 1 1.000000

VERT 247
OFFSET -0.404641 -0.480770 54.559353
BONES 1
BONE 1 1.000000

VERT 248
OFFSET -0.565338 -0.316758 54.487827
BONES 1
BONE 1 1.000000

VERT 249
OFFSET -0.994899 -0.427167 54.613888
BONES 1
BONE 1 1.000000

VERT 250
OFFSET -1.525821 -0.427004 54.562798
BONES 1
BONE 1 1.000000

VERT 251
OFFSET 0.056559 -0.007534 54.151585
BONES 1
BONE 1 1.000000

VERT 252
OFFSET -1.604690 -0.010331 54.544582
BONES 1
BONE 1 1.000000

VERT 253
OFFSET -0.451238 0.002445 54.486412
BONES 1
BONE 1 1.000000

VERT 254
OFFSET 0.022427 0.016534 54.168549
BONES 1
BONE 1 1.000000

VERT 255
OFFSET -0.051232 0.559622 54.233860
BONES 1
BONE 1 1.000000

VERT 256
OFFSET -0.114416 0.801714 54.418312
BONES 1
BONE 1 1.000000

VERT 257
OFFSET -1.164067 0.000000 54.590847
BONES 1
BONE 1 1.000000

VERT 258
OFFSET -0.003252 -0.003376 54.164013
BONES 1
BONE 1 1.000000

VERT 259
OFFSET 0.114554 0.003102 55.029919
BONES 1
BONE 1 1.000000

VERT 260
OFFSET -0.060772 0.461975 54.213737
BONES 1
BONE 1 1.000000

VERT 261
OFFSET -0.072182 0.758288 54.774616
BONES 1
BONE 1 1.000000

VERT 262
OFFSET -0.328515 0.806324 54.162998
BONES 1
BONE 1 1.000000

VERT 263
OFFSET 0.057643 0.619778 54.112766
BONES 1
BONE 1 1.000000

VERT 264
OFFSET -0.342763 -0.004586 53.848774
BONES 1
BONE 1 1.000000

VERT 265
OFFSET -0.948200 0.827945 54.402912
BONES 1
BONE 1 1.000000

VERT 266
OFFSET -0.928361 0.744322 54.618355
BONES 1
BONE 1 1.000000

VERT 267
OFFSET -0.976063 0.754714 54.636768
BONES 1
BONE 1 1.000000

VERT 268
OFFSET -1.203507 -0.002154 54.608284
BONES 1
BONE 1 1.000000

VERT 269
OFFSET 0.319374 0.202164 54.439384
BONES 7
BONE 1 0.817434
BONE 24 0.182566
BONE 20 0.000000
BONE 21 0.000000
BONE 25 0.000000
BONE 26 0.000000
BONE 27 0.000000

VERT 270
OFFSET -0.060772 -0.461974 54.213737
BONES 1
BONE 1 1.000000

VERT 271
OFFSET -0.123015 -0.778791 54.435417
BONES 1
BONE 1 1.000000

VERT 272
OFFSET 0.114554 -0.003101 55.029922
BONES 1
BONE 1 1.000000

VERT 273
OFFSET -0.072182 -0.758288 54.774616
BONES 1
BONE 1 1.000000

VERT 274
OFFSET -0.129891 -0.814337 54.417789
BONES 1
BONE 1 1.000000

VERT 275
OFFSET -0.328515 -0.806323 54.162998
BONES 1
BONE 1 1.000000

VERT 276
OFFSET 0.057644 -0.619778 54.112766
BONES 1
BONE 1 1.000000

VERT 277
OFFSET -0.342762 0.004587 53.848774
BONES 1
BONE 1 1.000000

VERT 278
OFFSET -0.948199 -0.827944 54.402912
BONES 1
BONE 1 1.000000

VERT 279
OFFSET -0.928361 -0.744322 54.618355
BONES 1
BONE 1 1.000000

VERT 280
OFFSET -0.976064 -0.754713 54.636768
BONES 1
BONE 1 1.000000

VERT 281
OFFSET 0.319374 -0.202163 54.439384
BONES 6
BONE 1 0.807683
BONE 25 0.192317
BONE 21 0.000000
BONE 24 0.000000
BONE 26 0.000000
BONE 27 0.000000

VERT 282
OFFSET -0.123015 0.778791 54.435417
BONES 1
BONE 1 1.000000

VERT 283
OFFSET -0.129892 0.814338 54.417789
BONES 1
BONE 1 1.000000

VERT 284
OFFSET -0.123015 0.778791 54.435417
BONES 1
BONE 1 1.000000

VERT 285
OFFSET -1.164067 0.000000 54.590847
BONES 1
BONE 1 1.000000

VERT 286
OFFSET -1.164067 0.000000 54.590847
BONES 1
BONE 1 1.000000

VERT 287
OFFSET -1.164067 0.000000 54.590847
BONES 1
BONE 1 1.000000

VERT 288
OFFSET -1.203507 0.002155 54.608284
BONES 1
BONE 1 1.000000

VERT 289
OFFSET 0.022789 0.000000 54.162437
BONES 1
BONE 1 1.000000

VERT 290
OFFSET -0.003253 0.003377 54.164013
BONES 1
BONE 1 1.000000

VERT 291
OFFSET 0.022789 0.000000 54.162437
BONES 1
BONE 1 1.000000

VERT 292
OFFSET 0.015449 0.004399 54.920776
BONES 1
BONE 1 1.000000

VERT 293
OFFSET 0.015448 -0.004398 54.920776
BONES 1
BONE 1 1.000000

VERT 294
OFFSET -0.085540 0.733643 54.742683
BONES 1
BONE 1 1.000000

VERT 295
OFFSET -0.929315 0.753522 54.423103
BONES 1
BONE 1 1.000000

VERT 296
OFFSET -0.051232 -0.559621 54.233860
BONES 1
BONE 1 1.000000

VERT 297
OFFSET -0.114415 -0.801713 54.418312
BONES 1
BONE 1 1.000000

VERT 298
OFFSET -0.123015 -0.778791 54.435417
BONES 1
BONE 1 1.000000

VERT 299
OFFSET -0.085540 -0.733642 54.742683
BONES 1
BONE 1 1.000000

VERT 300
OFFSET -0.929314 -0.753522 54.423103
BONES 1
BONE 1 1.000000

VERT 301
OFFSET 0.808687 0.170601 55.744335
BONES 1
BONE 1 1.000000

VERT 302
OFFSET 0.977372 0.000000 55.316261
BONES 1
BONE 1 1.000000

VERT 303
OFFSET 0.912662 0.148855 55.319542
BONES 1
BONE 1 1.000000

VERT 304
OFFSET 1.199743 0.000001 55.681416
BONES 1
BONE 1 1.000000

VERT 305
OFFSET 1.086526 0.163921 55.584732
BONES 1
BONE 1 1.000000

VERT 306
OFFSET 0.816429 -0.156870 55.736408
BONES 1
BONE 1 1.000000

VERT 307
OFFSET 0.912662 -0.148854 55.319542
BONES 1
BONE 1 1.000000

VERT 308
OFFSET 1.086526 -0.163920 55.584732
BONES 1
BONE 1 1.000000

VERT 309
OFFSET 0.977372 0.000000 55.316261
BONES 1
BONE 1 1.000000

VERT 310
OFFSET -0.319099 2.426555 56.906933
BONES 1
BONE 1 1.000000

VERT 311
OFFSET 0.112061 1.732177 57.129662
BONES 1
BONE 1 1.000000

VERT 312
OFFSET 0.248674 0.928443 57.022438
BONES 1
BONE 1 1.000000

VERT 313
OFFSET -0.178893 2.364217 57.215279
BONES 1
BONE 1 1.000000

VERT 314
OFFSET 0.155432 0.792525 56.734314
BONES 1
BONE 1 1.000000

VERT 315
OFFSET -0.325896 2.598598 57.133438
BONES 1
BONE 1 1.000000

VERT 316
OFFSET -0.036046 1.411148 57.083679
BONES 1
BONE 1 1.000000

VERT 317
OFFSET 0.078252 1.710728 57.335491
BONES 1
BONE 1 1.000000

VERT 318
OFFSET -0.319098 -2.426555 56.906937
BONES 1
BONE 1 1.000000

VERT 319
OFFSET 0.112062 -1.732175 57.129662
BONES 1
BONE 1 1.000000

VERT 320
OFFSET -0.325896 -2.598597 57.133438
BONES 1
BONE 1 1.000000

VERT 321
OFFSET -0.036046 -1.411147 57.083679
BONES 1
BONE 1 1.000000

VERT 322
OFFSET 0.248675 -0.928441 57.022438
BONES 1
BONE 1 1.000000

VERT 323
OFFSET -0.178892 -2.364217 57.215279
BONES 1
BONE 1 1.000000

VERT 324
OFFSET 0.078252 -1.710727 57.335491
BONES 1
BONE 1 1.000000

VERT 325
OFFSET 0.155433 -0.792524 56.734314
BONES 1
BONE 1 1.000000

VERT 326
OFFSET 0.338347 1.124126 57.401409
BONES 1
BONE 1 1.000000

VERT 327
OFFSET 0.371930 0.754806 57.169460
BONES 1
BONE 1 1.000000

VERT 328
OFFSET 0.312436 1.313302 57.456398
BONES 1
BONE 1 1.000000

VERT 329
OFFSET 0.338348 -1.124126 57.401409
BONES 1
BONE 1 1.000000

VERT 330
OFFSET 0.312436 -1.313300 57.456398
BONES 1
BONE 1 1.000000

VERT 331
OFFSET 0.371930 -0.754806 57.169460
BONES 1
BONE 1 1.000000

VERT 332
OFFSET -0.145489 1.340339 55.972313
BONES 1
BONE 1 1.000000

VERT 333
OFFSET -0.297114 1.778235 56.027035
BONES 1
BONE 1 1.000000

VERT 334
OFFSET -0.122690 2.100694 56.196793
BONES 1
BONE 1 1.000000

VERT 335
OFFSET -0.085662 0.982440 56.092045
BONES 1
BONE 1 1.000000

VERT 336
OFFSET -0.010060 1.225455 55.806610
BONES 1
BONE 1 1.000000

VERT 337
OFFSET -0.149272 1.678609 55.810284
BONES 1
BONE 1 1.000000

VERT 338
OFFSET 0.087317 0.915093 55.942760
BONES 1
BONE 1 1.000000

VERT 339
OFFSET -0.145489 -1.340338 55.972313
BONES 1
BONE 1 1.000000

VERT 340
OFFSET -0.297114 -1.778235 56.027035
BONES 1
BONE 1 1.000000

VERT 341
OFFSET -0.122689 -2.100694 56.196793
BONES 1
BONE 1 1.000000

VERT 342
OFFSET -0.085662 -0.982439 56.092045
BONES 1
BONE 1 1.000000

VERT 343
OFFSET -0.010060 -1.225454 55.806610
BONES 1
BONE 1 1.000000

VERT 344
OFFSET -0.149272 -1.678609 55.810284
BONES 1
BONE 1 1.000000

VERT 345
OFFSET 0.087317 -0.915092 55.942760
BONES 1
BONE 1 1.000000

VERT 346
OFFSET 0.316537 2.029850 57.999527
BONES 3
BONE 2 0.078944
BONE 4 0.171056
BONE 1 0.750000

VERT 347
OFFSET 0.729611 0.876125 57.780903
BONES 2
BONE 1 0.750000
BONE 2 0.250000

VERT 348
OFFSET 0.503263 1.586654 57.954002
BONES 3
BONE 2 0.178651
BONE 4 0.071349
BONE 1 0.750000

VERT 349
OFFSET 0.503265 -1.586648 57.953999
BONES 3
BONE 3 0.178637
BONE 5 0.071363
BONE 1 0.750000

VERT 350
OFFSET 0.729611 -0.876128 57.780903
BONES 2
BONE 3 0.250000
BONE 1 0.750000

VERT 351
OFFSET 0.316536 -2.029853 57.999527
BONES 3
BONE 3 0.079082
BONE 5 0.170918
BONE 1 0.750000

VERT 352
OFFSET -0.259360 -1.783843 56.500217
BONES 2
BONE 1 0.500000
BONE 15 0.500000

VERT 353
OFFSET -0.233791 -1.685028 56.516293
BONES 2
BONE 1 0.500000
BONE 15 0.500000

VERT 354
OFFSET -0.187297 -1.322027 56.480598
BONES 2
BONE 15 0.500000
BONE 1 0.500000

VERT 355
OFFSET -0.095470 -0.961453 56.427200
BONES 2
BONE 15 0.500000
BONE 1 0.500000

VERT 356
OFFSET -0.185827 -1.281561 56.436577
BONES 2
BONE 15 0.500000
BONE 1 0.500000

VERT 357
OFFSET -0.097824 -1.012595 56.480701
BONES 2
BONE 15 0.500000
BONE 1 0.500000

VERT 358
OFFSET -0.299619 -1.876560 56.454697
BONES 2
BONE 15 0.500000
BONE 1 0.500000

VERT 359
OFFSET -0.256057 -1.900203 56.738049
BONES 2
BONE 15 0.500000
BONE 1 0.500000

VERT 360
OFFSET -0.339710 -2.147709 56.584244
BONES 2
BONE 1 0.500000
BONE 15 0.500000

VERT 361
OFFSET -0.215965 -1.629053 56.608498
BONES 2
BONE 15 0.500000
BONE 1 0.500000

VERT 362
OFFSET -0.299619 -1.876561 56.454697
BONES 2
BONE 15 0.500000
BONE 1 0.500000

VERT 363
OFFSET -0.328202 -1.477229 56.532928
BONES 2
BONE 15 0.500000
BONE 1 0.500000

VERT 364
OFFSET -0.311300 -2.094449 56.869244
BONES 2
BONE 15 0.500000
BONE 1 0.500000

VERT 365
OFFSET -0.228401 -1.987515 57.140007
BONES 2
BONE 15 0.500000
BONE 1 0.500000

VERT 366
OFFSET -0.058267 -1.237451 57.223587
BONES 2
BONE 15 0.500000
BONE 1 0.500000

VERT 367
OFFSET -0.055163 -1.018133 56.838184
BONES 2
BONE 1 0.500000
BONE 15 0.500000

VERT 368
OFFSET -0.428235 -2.023272 56.315243
BONES 2
BONE 1 0.500000
BONE 15 0.500000

VERT 369
OFFSET -0.262050 -2.024763 57.082127
BONES 2
BONE 1 0.500000
BONE 15 0.500000

VERT 370
OFFSET -0.203883 -1.774343 57.292999
BONES 2
BONE 15 0.500000
BONE 1 0.500000

VERT 371
OFFSET -0.107896 -1.487242 57.318562
BONES 2
BONE 1 0.500000
BONE 15 0.500000

VERT 372
OFFSET -0.056776 -1.146570 57.142937
BONES 2
BONE 15 0.500000
BONE 1 0.500000

VERT 373
OFFSET -0.099942 -0.987896 56.635517
BONES 2
BONE 1 0.500000
BONE 15 0.500000

VERT 374
OFFSET -0.241160 -1.057598 56.129944
BONES 2
BONE 15 0.500000
BONE 1 0.500000

VERT 375
OFFSET -0.346507 -1.411944 55.917999
BONES 2
BONE 1 0.500000
BONE 15 0.500000

VERT 376
OFFSET -0.486176 -1.717871 55.981209
BONES 2
BONE 1 0.500000
BONE 15 0.500000

VERT 377
OFFSET -0.446466 -1.943025 56.215649
BONES 2
BONE 1 0.500000
BONE 15 0.500000

VERT 378
OFFSET -0.375192 -2.093266 56.612724
BONES 2
BONE 15 0.500000
BONE 1 0.500000

VERT 379
OFFSET -0.150645 -1.634351 57.325039
BONES 2
BONE 1 0.500000
BONE 15 0.500000

VERT 380
OFFSET -0.155356 -0.994736 56.399097
BONES 2
BONE 1 0.500000
BONE 15 0.500000

VERT 381
OFFSET -0.252725 -1.107832 56.104622
BONES 2
BONE 1 0.500000
BONE 15 0.500000

VERT 382
OFFSET -0.340044 -1.365931 55.915264
BONES 2
BONE 15 0.500000
BONE 1 0.500000

VERT 383
OFFSET -0.416535 -1.721264 55.976768
BONES 2
BONE 15 0.500000
BONE 1 0.500000

VERT 384
OFFSET -0.130104 1.275036 56.505920
BONES 2
BONE 14 0.500000
BONE 1 0.500000

VERT 385
OFFSET -0.154201 1.351072 56.480640
BONES 2
BONE 14 0.500000
BONE 1 0.500000

VERT 386
OFFSET -0.148958 1.365871 56.532768
BONES 2
BONE 1 0.500000
BONE 14 0.500000

VERT 387
OFFSET -0.365506 2.080336 56.427200
BONES 2
BONE 14 0.500000
BONE 1 0.500000

VERT 388
OFFSET -0.297838 1.754663 56.436581
BONES 2
BONE 14 0.500000
BONE 1 0.500000

VERT 389
OFFSET -0.280462 1.718101 56.480598
BONES 2
BONE 1 0.500000
BONE 14 0.500000

VERT 390
OFFSET -0.343983 2.033906 56.480701
BONES 2
BONE 1 0.500000
BONE 14 0.500000

VERT 391
OFFSET -0.074479 1.173509 56.738049
BONES 2
BONE 14 0.500000
BONE 1 0.500000

VERT 392
OFFSET -0.034394 0.915338 56.584248
BONES 2
BONE 1 0.500000
BONE 14 0.500000

VERT 393
OFFSET -0.164120 1.432530 56.608498
BONES 2
BONE 1 0.500000
BONE 14 0.500000

VERT 394
OFFSET -0.124036 1.174363 56.454697
BONES 2
BONE 1 0.500000
BONE 14 0.500000

VERT 395
OFFSET -0.328203 1.477230 56.532928
BONES 2
BONE 14 0.500000
BONE 1 0.500000

VERT 396
OFFSET -0.311298 2.094449 56.869251
BONES 2
BONE 14 0.500000
BONE 1 0.500000

VERT 397
OFFSET -0.228401 1.987513 57.140007
BONES 2
BONE 14 0.500000
BONE 1 0.500000

VERT 398
OFFSET -0.058270 1.237454 57.223591
BONES 2
BONE 14 0.500000
BONE 1 0.500000

VERT 399
OFFSET -0.055165 1.018133 56.838181
BONES 2
BONE 1 0.500000
BONE 14 0.500000

VERT 400
OFFSET -0.428235 2.023273 56.315243
BONES 2
BONE 1 0.500000
BONE 14 0.500000

VERT 401
OFFSET -0.262050 2.024764 57.082127
BONES 2
BONE 1 0.500000
BONE 14 0.500000

VERT 402
OFFSET -0.203884 1.774344 57.292999
BONES 2
BONE 14 0.500000
BONE 1 0.500000

VERT 403
OFFSET -0.107894 1.487230 57.318562
BONES 2
BONE 1 0.500000
BONE 14 0.500000

VERT 404
OFFSET -0.056775 1.146566 57.142929
BONES 2
BONE 14 0.500000
BONE 1 0.500000

VERT 405
OFFSET -0.099942 0.987897 56.635517
BONES 2
BONE 1 0.500000
BONE 14 0.500000

VERT 406
OFFSET -0.241158 1.057594 56.129955
BONES 2
BONE 14 0.500000
BONE 1 0.500000

VERT 407
OFFSET -0.346506 1.411942 55.917999
BONES 2
BONE 1 0.500000
BONE 14 0.500000

VERT 408
OFFSET -0.486177 1.717871 55.981209
BONES 2
BONE 1 0.500000
BONE 14 0.500000

VERT 409
OFFSET -0.446468 1.943018 56.215641
BONES 2
BONE 1 0.500000
BONE 14 0.500000

VERT 410
