// Export time: Mon Nov 16 09:26:28 2020

// Exported using Blender v2.90.1
// Export filename: 'E:/blackops3/mod_xmodel/iw4/hk416/ch_head_gk_hk416.XMODEL_EXPORT'
// Source filename: 'E:/blackops3/mod_xmodel/iw4/hk416/hk416.blend'
MODEL
VERSION 6

NUMBONES 30
BONE 0 -1 "tag_origin"
BONE 1 0 "j_head"
BONE 2 1 "j_brow_le"
BONE 3 1 "j_brow_ri"
BONE 4 1 "j_browouter_le"
BONE 5 1 "j_browouter_ri"
BONE 6 1 "j_cheek_le"
BONE 7 1 "j_cheek_ri"
BONE 8 1 "j_cheeklower_le"
BONE 9 1 "j_cheeklower_ri"
BONE 10 1 "j_eye_lid_bot_le"
BONE 11 1 "j_eye_lid_bot_ri"
BONE 12 1 "j_eye_lid_top_le"
BONE 13 1 "j_eye_lid_top_ri"
BONE 14 1 "j_eyeball_le"
BONE 15 1 "j_eyeball_ri"
BONE 16 1 "j_head_end"
BONE 17 16 "j_helmet"
BONE 18 1 "j_jaw"
BONE 19 18 "j_chin_skinroll"
BONE 20 18 "j_lip_bot_le"
BONE 21 18 "j_lip_bot_ri"
BONE 22 1 "j_levator_le"
BONE 23 1 "j_levator_ri"
BONE 24 1 "j_lip_top_le"
BONE 25 1 "j_lip_top_ri"
BONE 26 1 "j_mouth_le"
BONE 27 1 "j_mouth_ri"
BONE 28 1 "j_nvg"
BONE 29 1 "tag_eye"

BONE 0
OFFSET 0.000000 0.000000 0.000000
SCALE 1.000000 1.000000 1.000000
X 1.000000 0.000000 0.000000
Y 0.000000 1.000000 0.000000
Z 0.000000 0.000000 1.000000

BONE 1
OFFSET -2.354981 0.014893 54.930786
SCALE 1.000000 1.000000 1.000000
X 0.170332 -0.000001 0.985387
Y 0.985387 -0.000000 -0.170332
Z 0.000000 1.000000 0.000001

BONE 2
OFFSET 0.638709 1.243458 57.878666
SCALE 1.000000 1.000000 1.000000
X 0.000651 0.999995 -0.000118
Y -0.998862 0.000643 -0.047691
Z -0.047691 0.000149 0.998862

BONE 3
OFFSET 0.638707 -1.243458 57.878670
SCALE 1.000000 1.000000 1.000000
X 0.000012 1.000000 0.000081
Y 0.998888 -0.000016 0.047135
Z 0.047135 0.000081 -0.998888

BONE 4
OFFSET 0.194400 2.201350 57.998688
SCALE 1.000000 1.000000 1.000000
X 0.000649 0.999998 -0.000136
Y -0.998862 0.000641 -0.047689
Z -0.047688 0.000167 0.998862

BONE 5
OFFSET 0.194399 -2.201350 57.998695
SCALE 1.000000 1.000000 1.000000
X 0.000023 1.000000 0.000069
Y 0.998889 -0.000027 0.047134
Z 0.047134 0.000068 -0.998889

BONE 6
OFFSET 1.089116 2.120837 57.472534
SCALE 1.000000 1.000000 1.000000
X 0.000647 1.000000 -0.000125
Y -0.998862 0.000641 -0.047691
Z -0.047690 0.000155 0.998862

BONE 7
OFFSET 1.066417 -2.007655 57.545860
SCALE 1.000000 1.000000 1.000000
X 0.000018 1.000000 0.000081
Y 0.998889 -0.000022 0.047132
Z 0.047132 0.000080 -0.998889

BONE 8
OFFSET 1.077722 1.907096 56.136814
SCALE 1.000000 1.000000 1.000000
X 0.170328 0.000001 0.985387
Y 0.985388 0.000002 -0.170328
Z -0.000002 1.000000 -0.000000

BONE 9
OFFSET 1.127872 -1.875325 56.170807
SCALE 1.000000 1.000000 1.000000
X 0.170194 0.000001 0.985410
Y 0.985411 -0.000000 -0.170194
Z 0.000000 1.000000 -0.000001

BONE 10
OFFSET 0.797771 1.296007 58.092453
SCALE 1.000000 1.000000 1.000000
X -0.065613 0.997121 0.038043
Y -0.996949 -0.063891 -0.044836
Z -0.042276 -0.040868 0.998270

BONE 11
OFFSET 0.798125 -1.208471 58.084988
SCALE 1.000000 1.000000 1.000000
X 0.066592 0.997042 -0.038385
Y 0.996928 -0.064896 0.043857
Z 0.041237 -0.041188 -0.998300

BONE 12
OFFSET 0.798257 1.294871 58.175632
SCALE 1.000000 1.000000 1.000000
X -0.065487 0.997138 0.038020
Y -0.996958 -0.063763 -0.044834
Z -0.042282 -0.040835 0.998272

BONE 13
OFFSET 0.798962 -1.209998 58.160603
SCALE 1.000000 1.000000 1.000000
X 0.066556 0.997044 -0.038376
Y 0.996930 -0.064861 0.043854
Z 0.041235 -0.041177 -0.998301

BONE 14
OFFSET -1.564853 1.116773 56.557346
SCALE 1.000000 1.000000 1.000000
X -0.205892 0.978523 -0.010093
Y -0.977353 -0.206139 -0.047833
Z -0.048887 0.000016 0.998804

BONE 15
OFFSET -1.564853 -1.116770 56.557346
SCALE 1.000000 1.000000 1.000000
X 0.207717 0.978140 0.009775
Y 0.977070 -0.207947 0.045738
Z 0.046771 0.000050 -0.998906

BONE 16
OFFSET -1.559329 0.014357 61.263161
SCALE 1.000000 1.000000 1.000000
X 0.170203 0.000003 0.985409
Y 0.985409 -0.000000 -0.170203
Z -0.000000 1.000000 -0.000003

BONE 17
OFFSET -2.663351 0.014360 62.648273
SCALE 1.000000 1.000000 1.000000
X 0.995876 -0.000073 0.090721
Y 0.000073 1.000000 -0.000000
Z -0.090721 0.000007 0.995876

BONE 18
OFFSET -1.841247 0.014890 54.527779
SCALE 1.000000 1.000000 1.000000
X 0.000646 1.000000 -0.000099
Y -0.998864 0.000642 -0.047656
Z -0.047656 0.000129 0.998864

BONE 19
OFFSET 0.317844 0.013366 53.252041
SCALE 1.000000 1.000000 1.000000
X 0.000646 1.000000 -0.000099
Y -0.998864 0.000642 -0.047656
Z -0.047656 0.000130 0.998864

BONE 20
OFFSET 0.305369 0.203530 54.392925
SCALE 1.000000 1.000000 1.000000
X 0.000645 1.000000 -0.000085
Y -0.998864 0.000642 -0.047656
Z -0.047656 0.000116 0.998864

BONE 21
OFFSET 0.305370 -0.203530 54.392921
SCALE 1.000000 1.000000 1.000000
X 0.000652 1.000000 -0.000161
Y 0.998838 -0.000641 0.048201
Z 0.048201 -0.000193 -0.998838

BONE 22
OFFSET 2.021196 0.647849 57.089970
SCALE 1.000000 1.000000 1.000000
X 0.000636 1.000000 -0.000086
Y -0.998862 0.000633 -0.047692
Z -0.047692 0.000117 0.998862

BONE 23
OFFSET 2.048983 -0.594466 57.096313
SCALE 1.000000 1.000000 1.000000
X 0.000014 1.000000 0.000090
Y 0.998889 -0.000018 0.047132
Z 0.047132 0.000089 -0.998889

BONE 24
OFFSET 0.419426 0.203530 54.506306
SCALE 1.000000 1.000000 1.000000
X 0.000644 1.000000 -0.000085
Y -0.998862 0.000640 -0.047691
Z -0.047691 0.000115 0.998862

BONE 25
OFFSET 0.419427 -0.203530 54.506302
SCALE 1.000000 1.000000 1.000000
X 0.000011 1.000000 0.000086
Y 0.998895 -0.000015 0.046993
Z 0.046993 0.000085 -0.998895

BONE 26
OFFSET 0.213181 0.500407 54.521919
SCALE 1.000000 1.000000 1.000000
X 0.000639 1.000000 -0.000114
Y -0.998862 0.000634 -0.047692
Z -0.047692 0.000145 0.998862

BONE 27
OFFSET 0.213181 -0.500407 54.521923
SCALE 1.000000 1.000000 1.000000
X 0.000009 1.000000 0.000098
Y 0.998902 -0.000013 0.046853
Z 0.046853 0.000097 -0.998902

BONE 28
OFFSET 3.720812 0.014361 60.300560
SCALE 1.000000 1.000000 1.000000
X 0.985400 -0.000000 -0.170255
Y -0.170255 0.000000 -0.985400
Z 0.000000 1.000000 -0.000000

BONE 29
OFFSET 1.536510 0.014893 57.919392
SCALE 1.000000 1.000000 1.000000
X 0.922524 -0.000091 0.385939
Y 0.000098 1.000000 0.000001
Z -0.385939 0.000036 0.922524


NUMVERTS 3373
VERT 0
OFFSET -1.998893 2.615524 56.245079
BONES 1
BONE 1 1.000000

VERT 1
OFFSET -2.093863 2.769869 56.610687
BONES 1
BONE 1 1.000000

VERT 2
OFFSET -2.663251 2.581815 55.523438
BONES 1
BONE 1 1.000000

VERT 3
OFFSET -2.771867 2.685231 55.652412
BONES 1
BONE 1 1.000000

VERT 4
OFFSET -2.896101 2.845943 55.810768
BONES 1
BONE 1 1.000000

VERT 5
OFFSET -3.061403 3.005781 56.074104
BONES 1
BONE 1 1.000000

VERT 6
OFFSET -3.101850 3.218107 56.424438
BONES 1
BONE 1 1.000000

VERT 7
OFFSET -2.998759 3.291059 56.705711
BONES 1
BONE 1 1.000000

VERT 8
OFFSET -2.768682 3.156653 56.856789
BONES 1
BONE 1 1.000000

VERT 9
OFFSET -2.579668 3.037186 56.820122
BONES 1
BONE 1 1.000000

VERT 10
OFFSET -2.390072 2.913024 56.766804
BONES 1
BONE 1 1.000000

VERT 11
OFFSET -2.303663 2.793390 56.562805
BONES 1
BONE 1 1.000000

VERT 12
OFFSET -2.338451 2.715454 56.341766
BONES 1
BONE 1 1.000000

VERT 13
OFFSET -2.332861 2.608671 56.116608
BONES 1
BONE 1 1.000000

VERT 14
OFFSET -2.385684 2.447176 55.612106
BONES 1
BONE 1 1.000000

VERT 15
OFFSET -2.489650 2.512370 55.550919
BONES 1
BONE 1 1.000000

VERT 16
OFFSET -2.495003 2.633678 56.117805
BONES 1
BONE 1 1.000000

VERT 17
OFFSET -2.663068 2.842812 56.840775
BONES 1
BONE 1 1.000000

VERT 18
OFFSET -2.103828 2.749022 56.636414
BONES 1
BONE 1 1.000000

VERT 19
OFFSET -2.598724 2.647753 55.416031
BONES 1
BONE 1 1.000000

VERT 20
OFFSET -2.739541 2.764729 55.564144
BONES 1
BONE 1 1.000000

VERT 21
OFFSET -2.748242 2.625371 55.119469
BONES 1
BONE 1 1.000000

VERT 22
OFFSET -2.922742 2.912638 55.778790
BONES 1
BONE 1 1.000000

VERT 23
OFFSET -3.112490 2.919606 55.659286
BONES 1
BONE 1 1.000000

VERT 24
OFFSET -3.050907 3.136492 56.092678
BONES 1
BONE 1 1.000000

VERT 25
OFFSET -3.267032 3.149411 56.038895
BONES 1
BONE 1 1.000000

VERT 26
OFFSET -3.132932 3.321451 56.445038
BONES 1
BONE 1 1.000000

VERT 27
OFFSET -2.981941 3.405974 56.827133
BONES 1
BONE 1 1.000000

VERT 28
OFFSET -2.794209 3.313962 56.937233
BONES 1
BONE 1 1.000000

VERT 29
OFFSET -2.551842 3.173417 56.943222
BONES 1
BONE 1 1.000000

VERT 30
OFFSET -2.312811 3.019972 56.869766
BONES 1
BONE 1 1.000000

VERT 31
OFFSET -2.210730 2.775881 56.271828
BONES 1
BONE 1 1.000000

VERT 32
OFFSET -2.164377 2.504640 55.583725
BONES 1
BONE 1 1.000000

VERT 33
OFFSET -2.246449 2.488284 55.477783
BONES 1
BONE 1 1.000000

VERT 34
OFFSET -2.175025 2.421497 55.231007
BONES 1
BONE 1 1.000000

VERT 35
OFFSET -2.385748 2.541024 55.424805
BONES 1
BONE 1 1.000000

VERT 36
OFFSET -2.343360 2.720589 56.094761
BONES 1
BONE 1 1.000000

VERT 37
OFFSET -2.392531 2.751926 55.995216
BONES 1
BONE 1 1.000000

VERT 38
OFFSET -2.360445 2.574237 55.744499
BONES 1
BONE 1 1.000000

VERT 39
OFFSET -2.309582 2.613849 55.760296
BONES 1
BONE 1 1.000000

VERT 40
OFFSET -2.020458 2.590397 56.266171
BONES 1
BONE 1 1.000000

VERT 41
OFFSET -2.152029 2.674233 55.954617
BONES 1
BONE 1 1.000000

VERT 42
OFFSET -2.380219 2.699575 55.840508
BONES 1
BONE 1 1.000000

VERT 43
OFFSET -2.435725 2.679675 55.835136
BONES 1
BONE 1 1.000000

VERT 44
OFFSET -2.307678 2.529289 55.875053
BONES 1
BONE 1 1.000000

VERT 45
OFFSET -2.431452 2.717174 56.389099
BONES 1
BONE 1 1.000000

VERT 46
OFFSET -2.480034 2.747868 56.413116
BONES 1
BONE 1 1.000000

VERT 47
OFFSET -2.573635 2.812632 56.455479
BONES 1
BONE 1 1.000000

VERT 48
OFFSET -2.668404 2.856818 56.441437
BONES 1
BONE 1 1.000000

VERT 49
OFFSET -2.767430 2.896287 56.390579
BONES 1
BONE 1 1.000000

VERT 50
OFFSET -2.867640 2.916164 56.292103
BONES 1
BONE 1 1.000000

VERT 51
OFFSET -2.910156 2.890844 56.097256
BONES 1
BONE 1 1.000000

VERT 52
OFFSET -2.824992 2.787945 55.913921
BONES 1
BONE 1 1.000000

VERT 53
OFFSET -2.710813 2.673083 55.780899
BONES 1
BONE 1 1.000000

VERT 54
OFFSET -2.633323 2.563197 55.633472
BONES 1
BONE 1 1.000000

VERT 55
OFFSET -2.457158 2.798044 56.547043
BONES 1
BONE 1 1.000000

VERT 56
OFFSET -2.587805 2.870644 56.566349
BONES 1
BONE 1 1.000000

VERT 57
OFFSET -2.734640 2.963747 56.596710
BONES 1
BONE 1 1.000000

VERT 58
OFFSET -2.643198 2.595608 55.548965
BONES 1
BONE 1 1.000000

VERT 59
OFFSET -2.717004 2.724307 55.671600
BONES 1
BONE 1 1.000000

VERT 60
OFFSET -2.704912 2.701634 55.727131
BONES 1
BONE 1 1.000000

VERT 61
OFFSET -2.632825 2.581363 55.586357
BONES 1
BONE 1 1.000000

VERT 62
OFFSET -2.865414 2.865745 55.825012
BONES 1
BONE 1 1.000000

VERT 63
OFFSET -2.810161 2.843642 55.876225
BONES 1
BONE 1 1.000000

VERT 64
OFFSET -2.993520 3.022560 56.078972
BONES 1
BONE 1 1.000000

VERT 65
OFFSET -2.910693 2.977181 56.079208
BONES 1
BONE 1 1.000000

VERT 66
OFFSET -3.034645 3.205066 56.387341
BONES 1
BONE 1 1.000000

VERT 67
OFFSET -2.894515 3.090826 56.304787
BONES 1
BONE 1 1.000000

VERT 68
OFFSET -2.938574 3.246845 56.648010
BONES 1
BONE 1 1.000000

VERT 69
OFFSET -2.796882 3.050392 56.445511
BONES 1
BONE 1 1.000000

VERT 70
OFFSET -2.281633 2.745801 56.306778
BONES 1
BONE 1 1.000000

VERT 71
OFFSET -2.386492 2.776259 56.403038
BONES 1
BONE 1 1.000000

VERT 72
OFFSET -2.444893 2.820208 56.498436
BONES 1
BONE 1 1.000000

VERT 73
OFFSET -2.443585 2.792938 56.425453
BONES 1
BONE 1 1.000000

VERT 74
OFFSET -2.582837 2.888240 56.513512
BONES 1
BONE 1 1.000000

VERT 75
OFFSET -2.547649 2.870153 56.473953
BONES 1
BONE 1 1.000000

VERT 76
OFFSET -2.714609 2.989483 56.541344
BONES 1
BONE 1 1.000000

VERT 77
OFFSET -2.662162 2.945894 56.470924
BONES 1
BONE 1 1.000000

VERT 78
OFFSET -2.229246 2.856033 56.517487
BONES 1
BONE 1 1.000000

VERT 79
OFFSET -3.003930 3.306250 56.674011
BONES 1
BONE 1 1.000000

VERT 80
OFFSET -3.054248 3.378971 56.702957
BONES 1
BONE 1 1.000000

VERT 81
OFFSET -3.180578 3.459427 56.766987
BONES 1
BONE 1 1.000000

VERT 82
OFFSET -2.939828 3.198138 56.683037
BONES 1
BONE 1 1.000000

VERT 83
OFFSET -2.007544 2.475210 55.947819
BONES 1
BONE 1 1.000000

VERT 84
OFFSET -2.134109 2.562604 55.726673
BONES 1
BONE 1 1.000000

VERT 85
OFFSET -2.096838 2.486375 55.508926
BONES 1
BONE 1 1.000000

VERT 86
OFFSET -2.200813 2.486276 55.354141
BONES 1
BONE 1 1.000000

VERT 87
OFFSET -2.402437 2.534955 55.264835
BONES 1
BONE 1 1.000000

VERT 88
OFFSET -2.654840 2.662855 55.267204
BONES 1
BONE 1 1.000000

VERT 89
OFFSET -2.782682 2.778459 55.491211
BONES 1
BONE 1 1.000000

VERT 90
OFFSET -2.993823 2.934151 55.716812
BONES 1
BONE 1 1.000000

VERT 91
OFFSET -3.152788 3.159606 56.059456
BONES 1
BONE 1 1.000000

VERT 92
OFFSET -3.203986 3.382455 56.460884
BONES 1
BONE 1 1.000000

VERT 93
OFFSET -3.105618 3.431828 56.722939
BONES 1
BONE 1 1.000000

VERT 94
OFFSET -3.028465 3.426005 56.879230
BONES 1
BONE 1 1.000000

VERT 95
OFFSET -2.802021 3.327208 57.018593
BONES 1
BONE 1 1.000000

VERT 96
OFFSET -2.514222 3.168765 57.023220
BONES 1
BONE 1 1.000000

VERT 97
OFFSET -2.284531 3.014764 56.938690
BONES 1
BONE 1 1.000000

VERT 98
OFFSET -2.132147 2.840800 56.583790
BONES 1
BONE 1 1.000000

VERT 99
OFFSET -2.117789 2.728338 56.263878
BONES 1
BONE 1 1.000000

VERT 100
OFFSET -2.189132 2.717601 56.112915
BONES 1
BONE 1 1.000000

VERT 101
OFFSET -2.255447 2.690503 56.024677
BONES 1
BONE 1 1.000000

VERT 102
OFFSET -2.280032 2.706231 55.975052
BONES 1
BONE 1 1.000000

VERT 103
OFFSET -2.295145 2.683718 55.886215
BONES 1
BONE 1 1.000000

VERT 104
OFFSET -2.238558 2.636746 55.857342
BONES 1
BONE 1 1.000000

VERT 105
OFFSET -2.054013 2.540679 55.712776
BONES 1
BONE 1 1.000000

VERT 106
OFFSET -2.040375 2.595588 55.937805
BONES 1
BONE 1 1.000000

VERT 107
OFFSET -2.045014 2.677341 56.246689
BONES 1
BONE 1 1.000000

VERT 108
OFFSET -2.229830 2.327643 55.318909
BONES 1
BONE 1 1.000000

VERT 109
OFFSET -2.487133 2.365492 55.173851
BONES 1
BONE 1 1.000000

VERT 110
OFFSET -2.761103 2.509948 55.178318
BONES 1
BONE 1 1.000000

VERT 111
OFFSET -2.928094 2.646333 55.464947
BONES 1
BONE 1 1.000000

VERT 112
OFFSET -3.141379 2.808706 55.703213
BONES 1
BONE 1 1.000000

VERT 113
OFFSET -3.293541 3.031496 56.085632
BONES 1
BONE 1 1.000000

VERT 114
OFFSET -3.327705 3.258289 56.501701
BONES 1
BONE 1 1.000000

VERT 115
OFFSET -3.221560 3.333742 56.777222
BONES 1
BONE 1 1.000000

VERT 116
OFFSET -3.115019 3.324632 56.939873
BONES 1
BONE 1 1.000000

VERT 117
OFFSET -2.843690 3.217839 57.115906
BONES 1
BONE 1 1.000000

VERT 118
OFFSET -2.544646 3.043876 57.112671
BONES 1
BONE 1 1.000000

VERT 119
OFFSET -2.862032 2.957638 56.885353
BONES 1
BONE 1 1.000000

VERT 120
OFFSET -3.053424 3.025460 56.788857
BONES 1
BONE 1 1.000000

VERT 121
OFFSET -3.133456 2.979900 56.610374
BONES 1
BONE 1 1.000000

VERT 122
OFFSET -3.183075 2.912406 56.451752
BONES 1
BONE 1 1.000000

VERT 123
OFFSET -3.170226 2.732502 56.144520
BONES 1
BONE 1 1.000000

VERT 124
OFFSET -3.085919 2.589123 55.853943
BONES 1
BONE 1 1.000000

VERT 125
OFFSET -2.911887 2.452603 55.605682
BONES 1
BONE 1 1.000000

VERT 126
OFFSET -2.734039 2.343801 55.378601
BONES 1
BONE 1 1.000000

VERT 127
OFFSET -2.523349 2.261699 55.315327
BONES 1
BONE 1 1.000000

VERT 128
OFFSET -2.520980 2.505288 55.593483
BONES 1
BONE 1 1.000000

VERT 129
OFFSET -2.445508 2.524414 55.495041
BONES 1
BONE 1 1.000000

VERT 130
OFFSET -2.446010 2.536579 55.519592
BONES 1
BONE 1 1.000000

VERT 131
OFFSET -1.983176 -2.509175 55.923180
BONES 1
BONE 1 1.000000

VERT 132
OFFSET -2.093862 -2.769869 56.610687
BONES 1
BONE 1 1.000000

VERT 133
OFFSET -2.663250 -2.581815 55.523438
BONES 1
BONE 1 1.000000

VERT 134
OFFSET -2.771866 -2.685231 55.652412
BONES 1
BONE 1 1.000000

VERT 135
OFFSET -2.896100 -2.845944 55.810768
BONES 1
BONE 1 1.000000

VERT 136
OFFSET -3.061402 -3.005781 56.074104
BONES 1
BONE 1 1.000000

VERT 137
OFFSET -3.101849 -3.218108 56.424438
BONES 1
BONE 1 1.000000

VERT 138
OFFSET -2.998758 -3.291059 56.705711
BONES 1
BONE 1 1.000000

VERT 139
OFFSET -2.768681 -3.156653 56.856789
BONES 1
BONE 1 1.000000

VERT 140
OFFSET -2.579667 -3.037186 56.820122
BONES 1
BONE 1 1.000000

VERT 141
OFFSET -2.390071 -2.913024 56.766804
BONES 1
BONE 1 1.000000

VERT 142
OFFSET -2.303663 -2.793390 56.562805
BONES 1
BONE 1 1.000000

VERT 143
OFFSET -2.338450 -2.715454 56.341766
BONES 1
BONE 1 1.000000

VERT 144
OFFSET -2.332860 -2.608671 56.116608
BONES 1
BONE 1 1.000000

VERT 145
OFFSET -2.282494 -2.450927 55.635109
BONES 1
BONE 1 1.000000

VERT 146
OFFSET -2.385684 -2.447176 55.612106
BONES 1
BONE 1 1.000000

VERT 147
OFFSET -2.489649 -2.512370 55.550919
BONES 1
BONE 1 1.000000

VERT 148
OFFSET -2.495002 -2.633678 56.117805
BONES 1
BONE 1 1.000000

VERT 149
OFFSET -2.663067 -2.842812 56.840775
BONES 1
BONE 1 1.000000

VERT 150
OFFSET -2.103828 -2.749022 56.636414
BONES 1
BONE 1 1.000000

VERT 151
OFFSET -2.598723 -2.647753 55.416031
BONES 1
BONE 1 1.000000

VERT 152
OFFSET -2.739540 -2.764729 55.564144
BONES 1
BONE 1 1.000000

VERT 153
OFFSET -2.922741 -2.912638 55.778790
BONES 1
BONE 1 1.000000

VERT 154
OFFSET -3.050906 -3.136493 56.092678
BONES 1
BONE 1 1.000000

VERT 155
OFFSET -3.267031 -3.149411 56.038895
BONES 1
BONE 1 1.000000

VERT 156
OFFSET -3.132931 -3.321451 56.445038
BONES 1
BONE 1 1.000000

VERT 157
OFFSET -3.296705 -3.405158 56.465229
BONES 1
BONE 1 1.000000

VERT 158
OFFSET -2.981940 -3.405974 56.827133
BONES 1
BONE 1 1.000000

VERT 159
OFFSET -2.794208 -3.313963 56.937233
BONES 1
BONE 1 1.000000

VERT 160
OFFSET -2.809832 -3.340722 57.099792
BONES 1
BONE 1 1.000000

VERT 161
OFFSET -2.551841 -3.173417 56.943222
BONES 1
BONE 1 1.000000

VERT 162
OFFSET -2.312809 -3.019972 56.869766
BONES 1
BONE 1 1.000000

VERT 163
OFFSET -2.253974 -2.960727 56.971287
BONES 1
BONE 1 1.000000

VERT 164
OFFSET -2.210729 -2.775881 56.271828
BONES 1
BONE 1 1.000000

VERT 165
OFFSET -2.164376 -2.504640 55.583725
BONES 1
BONE 1 1.000000

VERT 166
OFFSET -2.246449 -2.488284 55.477783
BONES 1
BONE 1 1.000000

VERT 167
OFFSET -2.175024 -2.421497 55.231007
BONES 1
BONE 1 1.000000

VERT 168
OFFSET -2.385747 -2.541024 55.424805
BONES 1
BONE 1 1.000000

VERT 169
OFFSET -2.394836 -2.707104 56.105347
BONES 1
BONE 1 1.000000

VERT 170
OFFSET -2.451101 -2.731367 55.998360
BONES 1
BONE 1 1.000000

VERT 171
OFFSET -2.343359 -2.720589 56.094761
BONES 1
BONE 1 1.000000

VERT 172
OFFSET -2.392530 -2.751926 55.995216
BONES 1
BONE 1 1.000000

VERT 173
OFFSET -2.360444 -2.574237 55.744499
BONES 1
BONE 1 1.000000

VERT 174
OFFSET -2.309581 -2.613849 55.760296
BONES 1
BONE 1 1.000000

VERT 175
OFFSET -2.152028 -2.674233 55.954617
BONES 1
BONE 1 1.000000

VERT 176
OFFSET -2.380219 -2.699575 55.840508
BONES 1
BONE 1 1.000000

VERT 177
OFFSET -2.435725 -2.679675 55.835136
BONES 1
BONE 1 1.000000

VERT 178
OFFSET -2.307677 -2.529289 55.875053
BONES 1
BONE 1 1.000000

VERT 179
OFFSET -2.431451 -2.717174 56.389099
BONES 1
BONE 1 1.000000

VERT 180
OFFSET -2.480033 -2.747868 56.413116
BONES 1
BONE 1 1.000000

VERT 181
OFFSET -2.573634 -2.812632 56.455479
BONES 1
BONE 1 1.000000

VERT 182
OFFSET -2.668403 -2.856818 56.441437
BONES 1
BONE 1 1.000000

VERT 183
OFFSET -2.767429 -2.896288 56.390579
BONES 1
BONE 1 1.000000

VERT 184
OFFSET -2.867639 -2.916165 56.292103
BONES 1
BONE 1 1.000000

VERT 185
OFFSET -2.910155 -2.890845 56.097256
BONES 1
BONE 1 1.000000

VERT 186
OFFSET -2.824991 -2.787945 55.913921
BONES 1
BONE 1 1.000000

VERT 187
OFFSET -2.710812 -2.673083 55.780899
BONES 1
BONE 1 1.000000

VERT 188
OFFSET -2.633323 -2.563197 55.633472
BONES 1
BONE 1 1.000000

VERT 189
OFFSET -2.457157 -2.798044 56.547043
BONES 1
BONE 1 1.000000

VERT 190
OFFSET -2.587804 -2.870644 56.566349
BONES 1
BONE 1 1.000000

VERT 191
OFFSET -2.734639 -2.963748 56.596710
BONES 1
BONE 1 1.000000

VERT 192
OFFSET -2.643198 -2.595608 55.548965
BONES 1
BONE 1 1.000000

VERT 193
OFFSET -2.717004 -2.724307 55.671600
BONES 1
BONE 1 1.000000

VERT 194
OFFSET -2.704912 -2.701634 55.727131
BONES 1
BONE 1 1.000000

VERT 195
OFFSET -2.632824 -2.581363 55.586357
BONES 1
BONE 1 1.000000

VERT 196
OFFSET -2.865413 -2.865745 55.825012
BONES 1
BONE 1 1.000000

VERT 197
OFFSET -2.810160 -2.843643 55.876225
BONES 1
BONE 1 1.000000

VERT 198
OFFSET -2.993519 -3.022560 56.078972
BONES 1
BONE 1 1.000000

VERT 199
OFFSET -2.910692 -2.977182 56.079208
BONES 1
BONE 1 1.000000

VERT 200
OFFSET -3.034644 -3.205067 56.387341
BONES 1
BONE 1 1.000000

VERT 201
OFFSET -2.894514 -3.090827 56.304787
BONES 1
BONE 1 1.000000

VERT 202
OFFSET -2.938573 -3.246845 56.648010
BONES 1
BONE 1 1.000000

VERT 203
OFFSET -2.796881 -3.050393 56.445511
BONES 1
BONE 1 1.000000

VERT 204
OFFSET -2.386491 -2.776259 56.403038
BONES 1
BONE 1 1.000000

VERT 205
OFFSET -2.444892 -2.820208 56.498436
BONES 1
BONE 1 1.000000

VERT 206
OFFSET -2.443584 -2.792938 56.425453
BONES 1
BONE 1 1.000000

VERT 207
OFFSET -2.582836 -2.888240 56.513512
BONES 1
BONE 1 1.000000

VERT 208
OFFSET -2.547648 -2.870153 56.473953
BONES 1
BONE 1 1.000000

VERT 209
OFFSET -2.714608 -2.989483 56.541344
BONES 1
BONE 1 1.000000

VERT 210
OFFSET -2.662161 -2.945894 56.470924
BONES 1
BONE 1 1.000000

VERT 211
OFFSET -2.229245 -2.856033 56.517487
BONES 1
BONE 1 1.000000

VERT 212
OFFSET -3.003929 -3.306251 56.674011
BONES 1
BONE 1 1.000000

VERT 213
OFFSET -3.054246 -3.378972 56.702957
BONES 1
BONE 1 1.000000

VERT 214
OFFSET -2.939826 -3.198138 56.683037
BONES 1
BONE 1 1.000000

VERT 215
OFFSET -2.134108 -2.562604 55.726673
BONES 1
BONE 1 1.000000

VERT 216
OFFSET -2.096837 -2.486375 55.508926
BONES 1
BONE 1 1.000000

VERT 217
OFFSET -2.200813 -2.486276 55.354141
BONES 1
BONE 1 1.000000

VERT 218
OFFSET -2.402436 -2.534955 55.264835
BONES 1
BONE 1 1.000000

VERT 219
OFFSET -2.654839 -2.662855 55.267204
BONES 1
BONE 1 1.000000

VERT 220
OFFSET -2.782681 -2.778459 55.491211
BONES 1
BONE 1 1.000000

VERT 221
OFFSET -2.993822 -2.934152 55.716812
BONES 1
BONE 1 1.000000

VERT 222
OFFSET -3.152787 -3.159606 56.059456
BONES 1
BONE 1 1.000000

VERT 223
OFFSET -3.203985 -3.382455 56.460884
BONES 1
BONE 1 1.000000

VERT 224
OFFSET -3.105616 -3.431828 56.722939
BONES 1
BONE 1 1.000000

VERT 225
OFFSET -3.028463 -3.426005 56.879230
BONES 1
BONE 1 1.000000

VERT 226
OFFSET -2.802020 -3.327208 57.018593
BONES 1
BONE 1 1.000000

VERT 227
OFFSET -2.514220 -3.168765 57.023220
BONES 1
BONE 1 1.000000

VERT 228
OFFSET -2.284530 -3.014764 56.938690
BONES 1
BONE 1 1.000000

VERT 229
OFFSET -2.132146 -2.840800 56.583790
BONES 1
BONE 1 1.000000

VERT 230
OFFSET -2.117788 -2.728338 56.263878
BONES 1
BONE 1 1.000000

VERT 231
OFFSET -2.189131 -2.717601 56.112915
BONES 1
BONE 1 1.000000

VERT 232
OFFSET -2.255446 -2.690503 56.024677
BONES 1
BONE 1 1.000000

VERT 233
OFFSET -2.280031 -2.706231 55.975052
BONES 1
BONE 1 1.000000

VERT 234
OFFSET -2.295144 -2.683718 55.886215
BONES 1
BONE 1 1.000000

VERT 235
OFFSET -2.238557 -2.636746 55.857342
BONES 1
BONE 1 1.000000

VERT 236
OFFSET -2.054013 -2.540679 55.712776
BONES 1
BONE 1 1.000000

VERT 237
OFFSET -2.040374 -2.595588 55.937805
BONES 1
BONE 1 1.000000

VERT 238
OFFSET -2.045014 -2.677341 56.246689
BONES 1
BONE 1 1.000000

VERT 239
OFFSET -2.229829 -2.327643 55.318909
BONES 1
BONE 1 1.000000

VERT 240
OFFSET -2.487133 -2.365492 55.173851
BONES 1
BONE 1 1.000000

VERT 241
OFFSET -2.761102 -2.509948 55.178318
BONES 1
BONE 1 1.000000

VERT 242
OFFSET -2.928093 -2.646334 55.464947
BONES 1
BONE 1 1.000000

VERT 243
OFFSET -3.141378 -2.808706 55.703213
BONES 1
BONE 1 1.000000

VERT 244
OFFSET -3.293540 -3.031497 56.085632
BONES 1
BONE 1 1.000000

VERT 245
OFFSET -3.327704 -3.258290 56.501701
BONES 1
BONE 1 1.000000

VERT 246
OFFSET -3.221559 -3.333743 56.777222
BONES 1
BONE 1 1.000000

VERT 247
OFFSET -3.115018 -3.324633 56.939873
BONES 1
BONE 1 1.000000

VERT 248
OFFSET -2.843689 -3.217839 57.115906
BONES 1
BONE 1 1.000000

VERT 249
OFFSET -2.544645 -3.043876 57.112671
BONES 1
BONE 1 1.000000

VERT 250
OFFSET -2.862031 -2.957638 56.885353
BONES 1
BONE 1 1.000000

VERT 251
OFFSET -3.053423 -3.025461 56.788857
BONES 1
BONE 1 1.000000

VERT 252
OFFSET -3.133456 -2.979901 56.610374
BONES 1
BONE 1 1.000000

VERT 253
OFFSET -3.183074 -2.912407 56.451752
BONES 1
BONE 1 1.000000

VERT 254
OFFSET -3.170225 -2.732503 56.144520
BONES 1
BONE 1 1.000000

VERT 255
OFFSET -3.085918 -2.589123 55.853943
BONES 1
BONE 1 1.000000

VERT 256
OFFSET -2.911886 -2.452603 55.605682
BONES 1
BONE 1 1.000000

VERT 257
OFFSET -2.734039 -2.343801 55.378601
BONES 1
BONE 1 1.000000

VERT 258
OFFSET -2.523348 -2.261699 55.315327
BONES 1
BONE 1 1.000000

VERT 259
OFFSET -2.520979 -2.505288 55.593483
BONES 1
BONE 1 1.000000

VERT 260
OFFSET -2.445507 -2.524414 55.495041
BONES 1
BONE 1 1.000000

VERT 261
OFFSET -2.446009 -2.536579 55.519592
BONES 1
BONE 1 1.000000

VERT 262
OFFSET -3.040085 2.644373 56.425266
BONES 1
BONE 1 1.000000

VERT 263
OFFSET -2.597852 2.257136 55.590385
BONES 1
BONE 1 1.000000

VERT 264
OFFSET -3.064289 2.553409 56.240326
BONES 1
BONE 1 1.000000

VERT 265
OFFSET -2.977476 2.413014 55.961128
BONES 1
BONE 1 1.000000

VERT 266
OFFSET -2.822581 2.300493 55.746014
BONES 1
BONE 1 1.000000

VERT 267
OFFSET -2.056907 2.324116 55.537979
BONES 1
BONE 1 1.000000

VERT 268
OFFSET -2.894839 2.784176 56.724747
BONES 1
BONE 1 1.000000

VERT 269
OFFSET -2.983490 2.714633 56.560284
BONES 1
BONE 1 1.000000

VERT 270
OFFSET -2.251946 2.267621 55.469757
BONES 1
BONE 1 1.000000

VERT 271
OFFSET -2.435386 2.235713 55.491875
BONES 1
BONE 1 1.000000

VERT 272
OFFSET -3.040084 -2.644374 56.425266
BONES 1
BONE 1 1.000000

VERT 273
OFFSET -2.597851 -2.257136 55.590385
BONES 1
BONE 1 1.000000

VERT 274
OFFSET -3.064288 -2.553410 56.240326
BONES 1
BONE 1 1.000000

VERT 275
OFFSET -2.977475 -2.413015 55.961128
BONES 1
BONE 1 1.000000

VERT 276
OFFSET -2.822580 -2.300494 55.746014
BONES 1
BONE 1 1.000000

VERT 277
OFFSET -2.056906 -2.324116 55.537979
BONES 1
BONE 1 1.000000

VERT 278
OFFSET -2.894838 -2.784176 56.724747
BONES 1
BONE 1 1.000000

VERT 279
OFFSET -2.983489 -2.714634 56.560284
BONES 1
BONE 1 1.000000

VERT 280
OFFSET -2.251946 -2.267621 55.469757
BONES 1
BONE 1 1.000000

VERT 281
OFFSET -2.435385 -2.235713 55.491875
BONES 1
BONE 1 1.000000

VERT 282
OFFSET -1.983177 2.509175 55.923180
BONES 1
BONE 1 1.000000

VERT 283
OFFSET -1.989389 2.465702 55.698730
BONES 1
BONE 1 1.000000

VERT 284
OFFSET -2.282494 2.450927 55.635109
BONES 1
BONE 1 1.000000

VERT 285
OFFSET -2.869784 2.754143 55.417568
BONES 1
BONE 1 1.000000

VERT 286
OFFSET -3.296706 3.405158 56.465229
BONES 1
BONE 1 1.000000

VERT 287
OFFSET -3.074988 3.446400 56.931274
BONES 1
BONE 1 1.000000

VERT 288
OFFSET -2.809833 3.340721 57.099792
BONES 1
BONE 1 1.000000

VERT 289
OFFSET -2.506932 3.135095 57.102844
BONES 1
BONE 1 1.000000

VERT 290
OFFSET -2.253975 2.960727 56.971287
BONES 1
BONE 1 1.000000

VERT 291
OFFSET -2.444031 2.472961 55.105782
BONES 1
BONE 1 1.000000

VERT 292
OFFSET -2.394837 2.707104 56.105347
BONES 1
BONE 1 1.000000

VERT 293
OFFSET -2.451102 2.731367 55.998360
BONES 1
BONE 1 1.000000

VERT 294
OFFSET -2.285909 2.826607 56.540073
BONES 1
BONE 1 1.000000

VERT 295
OFFSET -2.041967 2.372446 55.396011
BONES 1
BONE 1 1.000000

VERT 296
OFFSET -1.998892 -2.615524 56.245079
BONES 1
BONE 1 1.000000

VERT 297
OFFSET -1.989388 -2.465702 55.698730
BONES 1
BONE 1 1.000000

VERT 298
OFFSET -2.748241 -2.625371 55.119469
BONES 1
BONE 1 1.000000

VERT 299
OFFSET -2.869783 -2.754143 55.417568
BONES 1
BONE 1 1.000000

VERT 300
OFFSET -3.112489 -2.919606 55.659286
BONES 1
BONE 1 1.000000

VERT 301
OFFSET -3.074987 -3.446401 56.931274
BONES 1
BONE 1 1.000000

VERT 302
OFFSET -2.506931 -3.135095 57.102844
BONES 1
BONE 1 1.000000

VERT 303
OFFSET -2.444030 -2.472961 55.105782
BONES 1
BONE 1 1.000000

VERT 304
OFFSET -2.285908 -2.826607 56.540073
BONES 1
BONE 1 1.000000

VERT 305
OFFSET -2.281632 -2.745801 56.306778
BONES 1
BONE 1 1.000000

VERT 306
OFFSET -3.180576 -3.459427 56.766987
BONES 1
BONE 1 1.000000

VERT 307
OFFSET -2.041966 -2.372446 55.396011
BONES 1
BONE 1 1.000000

VERT 308
OFFSET 0.323618 1.256378 55.100700
BONES 1
BONE 1 1.000000

VERT 309
OFFSET 0.036078 1.826636 55.069412
BONES 1
BONE 1 1.000000

VERT 310
OFFSET 0.131476 1.324583 55.632317
BONES 1
BONE 1 1.000000

VERT 311
OFFSET -0.129409 1.892658 55.783470
BONES 1
BONE 1 1.000000

VERT 312
OFFSET 0.036049 1.602499 55.659828
BONES 1
BONE 1 1.000000

VERT 313
OFFSET 0.211912 1.516229 55.060402
BONES 1
BONE 1 1.000000

VERT 314
OFFSET 0.252374 1.313331 55.467007
BONES 1
BONE 1 1.000000

VERT 315
OFFSET 0.170514 1.579830 55.471298
BONES 1
BONE 1 1.000000

VERT 316
OFFSET -0.024737 1.900232 55.571754
BONES 1
BONE 1 1.000000

VERT 317
OFFSET 0.329791 1.296346 55.291809
BONES 1
BONE 1 1.000000

VERT 318
OFFSET 0.243764 1.570704 55.291351
BONES 1
BONE 1 1.000000

VERT 319
OFFSET 0.032223 1.890372 55.353355
BONES 1
BONE 1 1.000000

VERT 320
OFFSET 0.007540 1.336272 55.789742
BONES 1
BONE 1 1.000000

VERT 321
OFFSET -0.064784 1.605144 55.815659
BONES 1
BONE 1 1.000000

VERT 322
OFFSET -0.188341 1.866960 55.930359
BONES 1
BONE 1 1.000000

VERT 323
OFFSET -0.080170 1.633206 57.121582
BONES 1
BONE 1 1.000000

VERT 324
OFFSET 0.075727 0.865367 56.783188
BONES 1
BONE 1 1.000000

VERT 325
OFFSET -0.074661 0.919365 56.190342
BONES 1
BONE 1 1.000000

VERT 326
OFFSET -0.178992 1.340338 55.967869
BONES 1
BONE 1 1.000000

VERT 327
OFFSET -0.264288 1.594809 55.994946
BONES 1
BONE 1 1.000000

VERT 328
OFFSET -0.410022 2.358912 56.705505
BONES 1
BONE 1 1.000000

VERT 329
OFFSET -0.400299 2.410991 56.869011
BONES 1
BONE 1 1.000000

VERT 330
OFFSET -0.126437 1.131493 56.035301
BONES 1
BONE 1 1.000000

VERT 331
OFFSET -0.332433 1.838354 56.058334
BONES 1
BONE 1 1.000000

VERT 332
OFFSET 0.045142 1.129287 57.007843
BONES 1
BONE 1 1.000000

VERT 333
OFFSET -0.193705 1.999658 57.127213
BONES 1
BONE 1 1.000000

VERT 334
OFFSET 0.043864 0.000000 53.753677
BONES 1
BONE 1 1.000000

VERT 335
OFFSET 0.659240 0.000000 57.326874
BONES 1
BONE 1 1.000000

VERT 336
OFFSET -2.456775 -0.000000 60.957207
BONES 1
BONE 1 1.000000

VERT 337
OFFSET 0.692226 0.000000 55.855835
BONES 1
BONE 1 1.000000

VERT 338
OFFSET -1.137091 0.000000 60.696384
BONES 1
BONE 1 1.000000

VERT 339
OFFSET -3.776459 -0.000000 60.696384
BONES 1
BONE 1 1.000000

VERT 340
OFFSET 0.888220 0.000000 55.750397
BONES 1
BONE 1 1.000000

VERT 341
OFFSET 0.525661 0.000000 56.011772
BONES 1
BONE 1 1.000000

VERT 342
OFFSET -0.042375 0.000000 53.596107
BONES 1
BONE 1 1.000000

VERT 343
OFFSET 0.655725 0.000000 54.838898
BONES 4
BONE 1 0.900995
BONE 24 0.053272
BONE 25 0.045732
BONE 27 0.000000

VERT 344
OFFSET 0.404725 0.000000 54.371742
BONES 6
BONE 1 0.770664
BONE 20 0.135352
BONE 21 0.093984
BONE 25 0.000000
BONE 26 0.000000
BONE 27 0.000000

VERT 345
OFFSET 0.371428 0.000000 54.301746
BONES 4
BONE 1 0.781189
BONE 20 0.124101
BONE 21 0.094710
BONE 26 0.000000

VERT 346
OFFSET 0.535071 0.000000 56.868301
BONES 1
BONE 1 1.000000

VERT 347
OFFSET 0.449196 0.000000 56.557102
BONES 1
BONE 1 1.000000

VERT 348
OFFSET 1.155972 0.000001 55.664120
BONES 1
BONE 1 1.000000

VERT 349
OFFSET 0.126642 0.000000 53.928165
BONES 1
BONE 1 1.000000

VERT 350
OFFSET 0.354293 0.000000 54.442696
BONES 6
BONE 1 0.792024
BONE 24 0.104910
BONE 25 0.103067
BONE 21 0.000000
BONE 26 0.000000
BONE 27 0.000000

VERT 351
OFFSET -3.170510 2.912595 57.352585
BONES 1
BONE 1 1.000000

VERT 352
OFFSET -0.278892 1.205578 54.125114
BONES 1
BONE 1 1.000000

VERT 353
OFFSET 0.185975 1.799183 59.507736
BONES 1
BONE 1 1.000000

VERT 354
OFFSET -0.042424 2.203597 57.526657
BONES 1
BONE 1 1.000000

VERT 355
OFFSET -2.456775 2.198383 60.066936
BONES 1
BONE 1 1.000000

VERT 356
OFFSET -2.365199 3.039305 57.429096
BONES 1
BONE 1 1.000000

VERT 357
OFFSET 0.670233 1.077809 59.322086
BONES 1
BONE 1 1.000000

VERT 358
OFFSET -1.228553 1.116573 60.492043
BONES 1
BONE 1 1.000000

VERT 359
OFFSET -3.684996 1.116572 60.492043
BONES 1
BONE 1 1.000000

VERT 360
OFFSET -1.267869 2.648512 56.275330
BONES 1
BONE 1 1.000000

VERT 361
OFFSET -3.438054 2.612881 58.739033
BONES 1
BONE 1 1.000000

VERT 362
OFFSET 0.267965 1.266404 57.526337
BONES 1
BONE 1 1.000000

VERT 363
OFFSET -2.456775 1.199560 60.743103
BONES 1
BONE 1 1.000000

VERT 364
OFFSET -2.129808 2.998495 58.378639
BONES 1
BONE 1 1.000000

VERT 365
OFFSET -1.127798 2.990245 57.235703
BONES 1
BONE 1 1.000000

VERT 366
OFFSET -0.196815 0.945717 54.044128
BONES 1
BONE 1 1.000000

VERT 367
OFFSET 0.356859 1.868879 59.208984
BONES 1
BONE 1 1.000000

VERT 368
OFFSET 0.518860 1.033585 59.804466
BONES 1
BONE 1 1.000000

VERT 369
OFFSET -1.315415 2.047226 59.857368
BONES 1
BONE 1 1.000000

VERT 370
OFFSET -3.550819 2.047226 59.857719
BONES 1
BONE 1 1.000000

VERT 371
OFFSET -1.193013 1.671535 54.333309
BONES 1
BONE 1 1.000000

VERT 372
OFFSET -0.374735 1.501073 54.255627
BONES 1
BONE 1 1.000000

VERT 373
OFFSET 0.029248 1.064369 54.417992
BONES 1
BONE 1 1.000000

VERT 374
OFFSET -0.070054 0.458234 53.880669
BONES 1
BONE 1 1.000000

VERT 375
OFFSET 0.256386 0.700977 54.677639
BONES 7
BONE 1 0.916179
BONE 26 0.083822
BONE 20 0.000000
BONE 21 0.000000
BONE 24 0.000000
BONE 25 0.000000
BONE 27 0.000000

VERT 376
OFFSET 0.260931 0.589226 55.937359
BONES 1
BONE 1 1.000000

VERT 377
OFFSET 0.304488 0.927855 57.357754
BONES 1
BONE 1 1.000000

VERT 378
OFFSET 0.605171 0.190916 55.785751
BONES 1
BONE 1 1.000000

VERT 379
OFFSET 0.573341 0.326224 57.295799
BONES 1
BONE 1 1.000000

VERT 380
OFFSET 0.776920 0.204156 55.635490
BONES 1
BONE 1 1.000000

VERT 381
OFFSET 0.582062 0.508899 55.465179
BONES 1
BONE 1 1.000000

VERT 382
OFFSET 0.279343 1.296346 55.291809
BONES 1
BONE 1 1.000000

VERT 383
OFFSET -0.018226 1.890372 55.353355
BONES 1
BONE 1 1.000000

VERT 384
OFFSET -1.297812 2.411225 55.484871
BONES 1
BONE 1 1.000000

VERT 385
OFFSET 0.732729 0.573565 57.831100
BONES 1
BONE 1 1.000000

VERT 386
OFFSET 0.628170 1.189135 58.038124
BONES 1
BONE 1 1.000000

VERT 387
OFFSET 0.008020 2.381553 57.998260
BONES 1
BONE 1 1.000000

VERT 388
OFFSET -1.051251 2.996910 57.697872
BONES 1
BONE 1 1.000000

VERT 389
OFFSET -0.352925 0.522717 53.644157
BONES 1
BONE 1 1.000000

VERT 390
OFFSET -0.571962 1.076688 53.973755
BONES 1
BONE 1 1.000000

VERT 391
OFFSET -0.942118 1.648271 54.282211
BONES 1
BONE 1 1.000000

VERT 392
OFFSET -0.997282 2.379244 55.499939
BONES 1
BONE 1 1.000000

VERT 393
OFFSET -1.017651 2.610769 56.296410
BONES 1
BONE 1 1.000000

VERT 394
OFFSET -0.843160 2.917782 57.203674
BONES 1
BONE 1 1.000000

VERT 395
OFFSET -0.459483 2.769192 57.826668
BONES 1
BONE 1 1.000000

VERT 396
OFFSET -0.201537 2.403191 59.066071
BONES 1
BONE 1 1.000000

VERT 397
OFFSET -0.905574 2.496351 56.078075
BONES 1
BONE 1 1.000000

VERT 398
OFFSET -1.286038 2.526103 56.021202
BONES 1
BONE 1 1.000000

VERT 399
OFFSET 0.416626 0.184175 55.994972
BONES 1
BONE 1 1.000000

VERT 400
OFFSET 0.206804 0.517882 56.202988
BONES 1
BONE 1 1.000000

VERT 401
OFFSET -0.319161 2.153750 55.446602
BONES 1
BONE 1 1.000000

VERT 402
OFFSET -0.389447 2.180429 55.993912
BONES 1
BONE 1 1.000000

VERT 403
OFFSET 0.670347 0.214748 54.977409
BONES 1
BONE 1 1.000000

VERT 404
OFFSET 0.374176 0.591443 54.873314
BONES 1
BONE 1 1.000000

VERT 405
OFFSET 0.170979 1.035389 54.673065
BONES 1
BONE 1 1.000000

VERT 406
OFFSET -0.186913 1.545188 54.476219
BONES 1
BONE 1 1.000000

VERT 407
OFFSET -0.428510 1.793579 54.467339
BONES 1
BONE 1 1.000000

VERT 408
OFFSET -0.738306 1.892955 54.497669
BONES 1
BONE 1 1.000000

VERT 409
OFFSET -1.282847 1.989498 54.572124
BONES 1
BONE 1 1.000000

VERT 410
OFFSET -1.027640 1.951753 54.538750
BONES 1
BONE 1 1.000000

VERT 411
OFFSET -0.181715 0.500725 53.762959
BONES 1
BONE 1 1.000000

VERT 412
OFFSET -0.371041 1.080434 54.003971
BONES 1
BONE 1 1.000000

VERT 413
OFFSET -0.683946 1.621745 54.248436
BONES 1
BONE 1 1.000000

VERT 414
OFFSET -0.666025 2.313862 55.513538
BONES 1
BONE 1 1.000000

VERT 415
OFFSET -0.594779 2.375230 56.124779
BONES 1
BONE 1 1.000000

VERT 416
OFFSET -0.534003 2.398411 56.326412
BONES 1
BONE 1 1.000000

VERT 417
OFFSET -0.941455 2.816444 56.829109
BONES 1
BONE 1 1.000000

VERT 418
OFFSET -0.763939 2.516421 56.337868
BONES 1
BONE 1 1.000000

VERT 419
OFFSET -0.729729 2.730096 56.828308
BONES 1
BONE 1 1.000000

VERT 420
OFFSET -0.633556 2.786352 57.169716
BONES 1
BONE 1 1.000000

VERT 421
OFFSET -0.571937 2.628175 56.838326
BONES 1
BONE 1 1.000000

VERT 422
OFFSET 0.770353 0.217855 55.169483
BONES 1
BONE 1 1.000000

VERT 423
OFFSET 0.213264 1.176526 54.874321
BONES 1
BONE 1 1.000000

VERT 424
OFFSET -0.091946 1.721932 54.747040
BONES 1
BONE 1 1.000000

VERT 425
OFFSET -0.379717 1.980946 54.773598
BONES 1
BONE 1 1.000000

VERT 426
OFFSET -0.724734 2.100509 54.833900
BONES 1
BONE 1 1.000000

VERT 427
OFFSET -1.043561 2.172280 54.862415
BONES 1
BONE 1 1.000000

VERT 428
OFFSET -1.313080 2.203371 54.889236
BONES 1
BONE 1 1.000000

VERT 429
OFFSET -1.429381 3.042622 57.983459
BONES 1
BONE 1 1.000000

VERT 430
OFFSET -1.515302 3.033033 57.260300
BONES 1
BONE 1 1.000000

VERT 431
OFFSET -1.634894 2.638793 56.265053
BONES 1
BONE 1 1.000000

VERT 432
OFFSET -1.646589 2.522757 55.979565
BONES 1
BONE 1 1.000000

VERT 433
OFFSET -1.658171 2.418327 55.478302
BONES 1
BONE 1 1.000000

VERT 434
OFFSET -1.635201 2.215920 54.926582
BONES 1
BONE 1 1.000000

VERT 435
OFFSET -1.601086 2.016243 54.614166
BONES 1
BONE 1 1.000000

VERT 436
OFFSET -1.512496 1.694848 54.383961
BONES 1
BONE 1 1.000000

VERT 437
OFFSET -0.894385 1.036892 53.983330
BONES 1
BONE 1 1.000000

VERT 438
OFFSET -1.311770 0.965727 54.053455
BONES 1
BONE 1 1.000000

VERT 439
OFFSET -0.538846 1.340876 54.100880
BONES 1
BONE 1 1.000000

VERT 440
OFFSET -0.738863 1.351501 54.097366
BONES 1
BONE 1 1.000000

VERT 441
OFFSET -1.052879 1.353497 54.137253
BONES 1
BONE 1 1.000000

VERT 442
OFFSET -1.411602 1.332609 54.195114
BONES 1
BONE 1 1.000000

VERT 443
OFFSET -0.621870 0.503175 53.697113
BONES 1
BONE 1 1.000000

VERT 444
OFFSET -0.755571 0.765230 53.835606
BONES 1
BONE 1 1.000000

VERT 445
OFFSET 0.579257 0.203862 54.818329
BONES 5
BONE 1 0.913066
BONE 24 0.086934
BONE 25 0.000000
BONE 26 0.000000
BONE 27 0.000000

VERT 446
OFFSET 0.136109 0.365554 54.173035
BONES 4
BONE 1 0.914153
BONE 20 0.085847
BONE 21 0.000000
BONE 26 0.000000

VERT 447
OFFSET 0.066982 0.678907 54.284763
BONES 5
BONE 1 1.000000
BONE 20 0.000000
BONE 21 0.000000
BONE 25 0.000000
BONE 26 0.000000

VERT 448
OFFSET -0.119767 0.699820 53.970863
BONES 1
BONE 1 1.000000

VERT 449
OFFSET 0.337251 0.537014 54.742207
BONES 7
BONE 1 0.912755
BONE 26 0.087245
BONE 24 0.000000
BONE 20 0.000000
BONE 21 0.000000
BONE 25 0.000000
BONE 27 0.000000

VERT 450
OFFSET 0.473516 0.196098 54.496628
BONES 7
BONE 1 0.810617
BONE 24 0.189383
BONE 20 0.000000
BONE 21 0.000000
BONE 25 0.000000
BONE 26 0.000000
BONE 27 0.000000

VERT 451
OFFSET 0.316311 0.306713 54.416325
BONES 5
BONE 1 0.807203
BONE 20 0.192797
BONE 26 0.000000
BONE 21 0.000000
BONE 25 0.000000

VERT 452
OFFSET 0.298940 0.320249 54.363922
BONES 5
BONE 1 0.807026
BONE 20 0.192974
BONE 26 0.000000
BONE 21 0.000000
BONE 25 0.000000

VERT 453
OFFSET 0.231933 0.513345 54.469566
BONES 7
BONE 1 0.812221
BONE 26 0.187779
BONE 24 0.000000
BONE 20 0.000000
BONE 21 0.000000
BONE 25 0.000000
BONE 27 0.000000

VERT 454
OFFSET 0.230896 0.591710 54.562675
BONES 7
BONE 1 0.807261
BONE 26 0.192739
BONE 20 0.000000
BONE 21 0.000000
BONE 24 0.000000
BONE 25 0.000000
BONE 27 0.000000

VERT 455
OFFSET 0.285686 0.480877 54.606682
BONES 7
BONE 1 0.810063
BONE 26 0.189937
BONE 24 0.000000
BONE 20 0.000000
BONE 21 0.000000
BONE 25 0.000000
BONE 27 0.000000

VERT 456
OFFSET 0.502089 0.196475 54.639473
BONES 5
BONE 1 0.842796
BONE 24 0.157204
BONE 25 0.000000
BONE 26 0.000000
BONE 27 0.000000

VERT 457
OFFSET -2.026216 3.034179 57.350159
BONES 1
BONE 1 1.000000

VERT 458
OFFSET -1.923676 2.013237 54.711304
BONES 1
BONE 1 1.000000

VERT 459
OFFSET -1.859030 1.683995 54.465305
BONES 1
BONE 1 1.000000

VERT 460
OFFSET -1.581312 1.262126 54.232002
BONES 1
BONE 1 1.000000

VERT 461
OFFSET -1.186600 2.879419 56.852127
BONES 1
BONE 1 1.000000

VERT 462
OFFSET -1.567245 2.948078 56.886589
BONES 1
BONE 1 1.000000

VERT 463
OFFSET -0.491992 2.678258 57.111435
BONES 1
BONE 1 1.000000

VERT 464
OFFSET 0.439993 1.769072 58.098579
BONES 1
BONE 1 1.000000

VERT 465
OFFSET 0.163568 1.702370 57.585304
BONES 1
BONE 1 1.000000

VERT 466
OFFSET 0.183742 0.492350 56.404053
BONES 1
BONE 1 1.000000

VERT 467
