// Export time: Mon Nov 16 09:26:49 2020

// Exported using Blender v2.90.1
// Export filename: 'E:/blackops3/mod_xmodel/iw4/hk416/ch_head_gk_hk416_lod2.XMODEL_EXPORT'
// Source filename: 'E:/blackops3/mod_xmodel/iw4/hk416/hk416.blend'
MODEL
VERSION 6

NUMBONES 30
BONE 0 -1 "tag_origin"
BONE 1 0 "j_head"
BONE 2 1 "j_brow_le"
BONE 3 1 "j_brow_ri"
BONE 4 1 "j_browouter_le"
BONE 5 1 "j_browouter_ri"
BONE 6 1 "j_cheek_le"
BONE 7 1 "j_cheek_ri"
BONE 8 1 "j_cheeklower_le"
BONE 9 1 "j_cheeklower_ri"
BONE 10 1 "j_eye_lid_bot_le"
BONE 11 1 "j_eye_lid_bot_ri"
BONE 12 1 "j_eye_lid_top_le"
BONE 13 1 "j_eye_lid_top_ri"
BONE 14 1 "j_eyeball_le"
BONE 15 1 "j_eyeball_ri"
BONE 16 1 "j_head_end"
BONE 17 16 "j_helmet"
BONE 18 1 "j_jaw"
BONE 19 18 "j_chin_skinroll"
BONE 20 18 "j_lip_bot_le"
BONE 21 18 "j_lip_bot_ri"
BONE 22 1 "j_levator_le"
BONE 23 1 "j_levator_ri"
BONE 24 1 "j_lip_top_le"
BONE 25 1 "j_lip_top_ri"
BONE 26 1 "j_mouth_le"
BONE 27 1 "j_mouth_ri"
BONE 28 1 "j_nvg"
BONE 29 1 "tag_eye"

BONE 0
OFFSET 0.000000 0.000000 0.000000
SCALE 1.000000 1.000000 1.000000
X 1.000000 0.000000 0.000000
Y 0.000000 1.000000 0.000000
Z 0.000000 0.000000 1.000000

BONE 1
OFFSET -2.354981 0.014893 54.930786
SCALE 1.000000 1.000000 1.000000
X 0.170332 -0.000001 0.985387
Y 0.985387 -0.000000 -0.170332
Z 0.000000 1.000000 0.000001

BONE 2
OFFSET 0.638709 1.243458 57.878666
SCALE 1.000000 1.000000 1.000000
X 0.000651 0.999995 -0.000118
Y -0.998862 0.000643 -0.047691
Z -0.047691 0.000149 0.998862

BONE 3
OFFSET 0.638707 -1.243458 57.878670
SCALE 1.000000 1.000000 1.000000
X 0.000012 1.000000 0.000081
Y 0.998888 -0.000016 0.047135
Z 0.047135 0.000081 -0.998888

BONE 4
OFFSET 0.194400 2.201350 57.998688
SCALE 1.000000 1.000000 1.000000
X 0.000649 0.999998 -0.000136
Y -0.998862 0.000641 -0.047689
Z -0.047688 0.000167 0.998862

BONE 5
OFFSET 0.194399 -2.201350 57.998695
SCALE 1.000000 1.000000 1.000000
X 0.000023 1.000000 0.000069
Y 0.998889 -0.000027 0.047134
Z 0.047134 0.000068 -0.998889

BONE 6
OFFSET 1.089116 2.120837 57.472534
SCALE 1.000000 1.000000 1.000000
X 0.000647 1.000000 -0.000125
Y -0.998862 0.000641 -0.047691
Z -0.047690 0.000155 0.998862

BONE 7
OFFSET 1.066417 -2.007655 57.545860
SCALE 1.000000 1.000000 1.000000
X 0.000018 1.000000 0.000081
Y 0.998889 -0.000022 0.047132
Z 0.047132 0.000080 -0.998889

BONE 8
OFFSET 1.077722 1.907096 56.136814
SCALE 1.000000 1.000000 1.000000
X 0.170328 0.000001 0.985387
Y 0.985388 0.000002 -0.170328
Z -0.000002 1.000000 -0.000000

BONE 9
OFFSET 1.127872 -1.875325 56.170807
SCALE 1.000000 1.000000 1.000000
X 0.170194 0.000001 0.985410
Y 0.985411 -0.000000 -0.170194
Z 0.000000 1.000000 -0.000001

BONE 10
OFFSET 0.797771 1.296007 58.092453
SCALE 1.000000 1.000000 1.000000
X -0.065613 0.997121 0.038043
Y -0.996949 -0.063891 -0.044836
Z -0.042276 -0.040868 0.998270

BONE 11
OFFSET 0.798125 -1.208471 58.084988
SCALE 1.000000 1.000000 1.000000
X 0.066592 0.997042 -0.038385
Y 0.996928 -0.064896 0.043857
Z 0.041237 -0.041188 -0.998300

BONE 12
OFFSET 0.798257 1.294871 58.175632
SCALE 1.000000 1.000000 1.000000
X -0.065487 0.997138 0.038020
Y -0.996958 -0.063763 -0.044834
Z -0.042282 -0.040835 0.998272

BONE 13
OFFSET 0.798962 -1.209998 58.160603
SCALE 1.000000 1.000000 1.000000
X 0.066556 0.997044 -0.038376
Y 0.996930 -0.064861 0.043854
Z 0.041235 -0.041177 -0.998301

BONE 14
OFFSET -1.564853 1.116773 56.557346
SCALE 1.000000 1.000000 1.000000
X -0.205892 0.978523 -0.010093
Y -0.977353 -0.206139 -0.047833
Z -0.048887 0.000016 0.998804

BONE 15
OFFSET -1.564853 -1.116770 56.557346
SCALE 1.000000 1.000000 1.000000
X 0.207717 0.978140 0.009775
Y 0.977070 -0.207947 0.045738
Z 0.046771 0.000050 -0.998906

BONE 16
OFFSET -1.559329 0.014357 61.263161
SCALE 1.000000 1.000000 1.000000
X 0.170203 0.000003 0.985409
Y 0.985409 -0.000000 -0.170203
Z -0.000000 1.000000 -0.000003

BONE 17
OFFSET -2.663351 0.014360 62.648273
SCALE 1.000000 1.000000 1.000000
X 0.995876 -0.000073 0.090721
Y 0.000073 1.000000 -0.000000
Z -0.090721 0.000007 0.995876

BONE 18
OFFSET -1.841247 0.014890 54.527779
SCALE 1.000000 1.000000 1.000000
X 0.000646 1.000000 -0.000099
Y -0.998864 0.000642 -0.047656
Z -0.047656 0.000129 0.998864

BONE 19
OFFSET 0.317844 0.013366 53.252041
SCALE 1.000000 1.000000 1.000000
X 0.000646 1.000000 -0.000099
Y -0.998864 0.000642 -0.047656
Z -0.047656 0.000130 0.998864

BONE 20
OFFSET 0.305369 0.203530 54.392925
SCALE 1.000000 1.000000 1.000000
X 0.000645 1.000000 -0.000085
Y -0.998864 0.000642 -0.047656
Z -0.047656 0.000116 0.998864

BONE 21
OFFSET 0.305370 -0.203530 54.392921
SCALE 1.000000 1.000000 1.000000
X 0.000652 1.000000 -0.000161
Y 0.998838 -0.000641 0.048201
Z 0.048201 -0.000193 -0.998838

BONE 22
OFFSET 2.021196 0.647849 57.089970
SCALE 1.000000 1.000000 1.000000
X 0.000636 1.000000 -0.000086
Y -0.998862 0.000633 -0.047692
Z -0.047692 0.000117 0.998862

BONE 23
OFFSET 2.048983 -0.594466 57.096313
SCALE 1.000000 1.000000 1.000000
X 0.000014 1.000000 0.000090
Y 0.998889 -0.000018 0.047132
Z 0.047132 0.000089 -0.998889

BONE 24
OFFSET 0.419426 0.203530 54.506306
SCALE 1.000000 1.000000 1.000000
X 0.000644 1.000000 -0.000085
Y -0.998862 0.000640 -0.047691
Z -0.047691 0.000115 0.998862

BONE 25
OFFSET 0.419427 -0.203530 54.506302
SCALE 1.000000 1.000000 1.000000
X 0.000011 1.000000 0.000086
Y 0.998895 -0.000015 0.046993
Z 0.046993 0.000085 -0.998895

BONE 26
OFFSET 0.213181 0.500407 54.521919
SCALE 1.000000 1.000000 1.000000
X 0.000639 1.000000 -0.000114
Y -0.998862 0.000634 -0.047692
Z -0.047692 0.000145 0.998862

BONE 27
OFFSET 0.213181 -0.500407 54.521923
SCALE 1.000000 1.000000 1.000000
X 0.000009 1.000000 0.000098
Y 0.998902 -0.000013 0.046853
Z 0.046853 0.000097 -0.998902

BONE 28
OFFSET 3.720812 0.014361 60.300560
SCALE 1.000000 1.000000 1.000000
X 0.985400 -0.000000 -0.170255
Y -0.170255 0.000000 -0.985400
Z 0.000000 1.000000 -0.000000

BONE 29
OFFSET 1.536510 0.014893 57.919392
SCALE 1.000000 1.000000 1.000000
X 0.922524 -0.000091 0.385939
Y 0.000098 1.000000 0.000001
Z -0.385939 0.000036 0.922524


NUMVERTS 1185
VERT 0
OFFSET -2.003005 2.598921 56.252747
BONES 1
BONE 1 1.000000

VERT 1
OFFSET -2.093520 2.755142 56.619297
BONES 1
BONE 1 1.000000

VERT 2
OFFSET -2.671493 2.581670 55.534065
BONES 1
BONE 1 1.000000

VERT 3
OFFSET -2.908670 2.884513 55.853596
BONES 1
BONE 1 1.000000

VERT 4
OFFSET -3.061403 3.005781 56.074104
BONES 1
BONE 1 1.000000

VERT 5
OFFSET -3.091698 3.230237 56.430626
BONES 1
BONE 1 1.000000

VERT 6
OFFSET -2.988638 3.282137 56.693993
BONES 1
BONE 1 1.000000

VERT 7
OFFSET -2.768682 3.156653 56.856789
BONES 1
BONE 1 1.000000

VERT 8
OFFSET -2.395243 2.913121 56.767097
BONES 1
BONE 1 1.000000

VERT 9
OFFSET -2.296605 2.811546 56.549400
BONES 1
BONE 1 1.000000

VERT 10
OFFSET -2.335390 2.724703 56.341782
BONES 1
BONE 1 1.000000

VERT 11
OFFSET -2.333855 2.605545 56.107655
BONES 1
BONE 1 1.000000

VERT 12
OFFSET -2.408675 2.455701 55.579700
BONES 1
BONE 1 1.000000

VERT 13
OFFSET -2.495003 2.633678 56.117805
BONES 1
BONE 1 1.000000

VERT 14
OFFSET -2.892043 2.786499 56.723015
BONES 1
BONE 1 1.000000

VERT 15
OFFSET -2.604733 2.653465 55.412491
BONES 1
BONE 1 1.000000

VERT 16
OFFSET -2.748242 2.625371 55.119469
BONES 1
BONE 1 1.000000

VERT 17
OFFSET -2.924456 2.921768 55.755760
BONES 1
BONE 1 1.000000

VERT 18
OFFSET -3.112490 2.919606 55.659286
BONES 1
BONE 1 1.000000

VERT 19
OFFSET -3.128866 3.294872 56.380524
BONES 1
BONE 1 1.000000

VERT 20
OFFSET -3.267032 3.149411 56.038895
BONES 1
BONE 1 1.000000

VERT 21
OFFSET -3.078126 3.427227 56.739811
BONES 1
BONE 1 1.000000

VERT 22
OFFSET -2.739766 3.286792 56.963783
BONES 1
BONE 1 1.000000

VERT 23
OFFSET -2.315711 3.042966 56.911934
BONES 1
BONE 1 1.000000

VERT 24
OFFSET -2.207142 2.786060 56.325611
BONES 1
BONE 1 1.000000

VERT 25
OFFSET -2.153433 2.508242 55.586620
BONES 1
BONE 1 1.000000

VERT 26
OFFSET -2.271566 2.488061 55.477936
BONES 1
BONE 1 1.000000

VERT 27
OFFSET -2.175025 2.421497 55.231007
BONES 1
BONE 1 1.000000

VERT 28
OFFSET -2.423053 2.696628 55.840279
BONES 1
BONE 1 1.000000

VERT 29
OFFSET -2.312263 2.611355 55.761486
BONES 1
BONE 1 1.000000

VERT 30
OFFSET -2.152029 2.674233 55.954617
BONES 1
BONE 1 1.000000

VERT 31
OFFSET -2.434243 2.717753 56.390785
BONES 1
BONE 1 1.000000

VERT 32
OFFSET -2.627745 2.839308 56.459660
BONES 1
BONE 1 1.000000

VERT 33
OFFSET -2.867640 2.916164 56.292103
BONES 1
BONE 1 1.000000

VERT 34
OFFSET -2.910156 2.890844 56.097256
BONES 1
BONE 1 1.000000

VERT 35
OFFSET -2.776534 2.745623 55.858379
BONES 1
BONE 1 1.000000

VERT 36
OFFSET -2.622614 2.553421 55.613007
BONES 1
BONE 1 1.000000

VERT 37
OFFSET -2.443792 2.809259 56.519123
BONES 1
BONE 1 1.000000

VERT 38
OFFSET -2.719348 2.952444 56.594292
BONES 1
BONE 1 1.000000

VERT 39
OFFSET -2.637577 2.598997 55.551289
BONES 1
BONE 1 1.000000

VERT 40
OFFSET -2.758270 2.775855 55.798126
BONES 1
BONE 1 1.000000

VERT 41
OFFSET -2.910693 2.977181 56.079208
BONES 1
BONE 1 1.000000

VERT 42
OFFSET -2.894515 3.090826 56.304787
BONES 1
BONE 1 1.000000

VERT 43
OFFSET -2.722243 3.007166 56.510059
BONES 1
BONE 1 1.000000

VERT 44
OFFSET -2.409655 2.780302 56.414368
BONES 1
BONE 1 1.000000

VERT 45
OFFSET -2.592207 2.898278 56.483307
BONES 1
BONE 1 1.000000

VERT 46
OFFSET -2.008490 2.404024 55.745029
BONES 1
BONE 1 1.000000

VERT 47
OFFSET -2.058787 2.502986 55.602795
BONES 1
BONE 1 1.000000

VERT 48
OFFSET -2.249061 2.488091 55.306740
BONES 1
BONE 1 1.000000

VERT 49
OFFSET -2.651983 2.664315 55.281960
BONES 1
BONE 1 1.000000

VERT 50
OFFSET -3.274353 3.418998 56.491459
BONES 1
BONE 1 1.000000

VERT 51
OFFSET -3.116285 3.461426 56.884247
BONES 1
BONE 1 1.000000

VERT 52
OFFSET -2.111681 2.799059 56.523701
BONES 1
BONE 1 1.000000

VERT 53
OFFSET -2.036508 2.630532 56.061432
BONES 1
BONE 1 1.000000

VERT 54
OFFSET -2.506987 2.281185 55.260559
BONES 1
BONE 1 1.000000

VERT 55
OFFSET -2.761103 2.509948 55.178318
BONES 1
BONE 1 1.000000

VERT 56
OFFSET -2.928094 2.646333 55.464947
BONES 1
BONE 1 1.000000

VERT 57
OFFSET -3.141379 2.808706 55.703213
BONES 1
BONE 1 1.000000

VERT 58
OFFSET -3.293541 3.031496 56.085632
BONES 1
BONE 1 1.000000

VERT 59
OFFSET -3.321490 3.295390 56.566826
BONES 1
BONE 1 1.000000

VERT 60
OFFSET -3.111229 3.297390 56.950016
BONES 1
BONE 1 1.000000

VERT 61
OFFSET -2.843690 3.217839 57.115906
BONES 1
BONE 1 1.000000

VERT 62
OFFSET -2.544646 3.043876 57.112671
BONES 1
BONE 1 1.000000

VERT 63
OFFSET -3.052774 2.630228 56.407074
BONES 1
BONE 1 1.000000

VERT 64
OFFSET -3.072482 2.546344 56.235939
BONES 1
BONE 1 1.000000

VERT 65
OFFSET -3.085919 2.589123 55.853943
BONES 1
BONE 1 1.000000

VERT 66
OFFSET -2.911887 2.452603 55.605682
BONES 1
BONE 1 1.000000

VERT 67
OFFSET -2.734039 2.343801 55.378601
BONES 1
BONE 1 1.000000

VERT 68
OFFSET -1.981094 -2.469775 55.756062
BONES 1
BONE 1 1.000000

VERT 69
OFFSET -2.093518 -2.755141 56.619297
BONES 1
BONE 1 1.000000

VERT 70
OFFSET -2.671491 -2.581670 55.534065
BONES 1
BONE 1 1.000000

VERT 71
OFFSET -2.908670 -2.884514 55.853600
BONES 1
BONE 1 1.000000

VERT 72
OFFSET -3.061402 -3.005781 56.074104
BONES 1
BONE 1 1.000000

VERT 73
OFFSET -3.091697 -3.230237 56.430626
BONES 1
BONE 1 1.000000

VERT 74
OFFSET -2.988637 -3.282137 56.693993
BONES 1
BONE 1 1.000000

VERT 75
OFFSET -2.768681 -3.156653 56.856789
BONES 1
BONE 1 1.000000

VERT 76
OFFSET -2.395242 -2.913121 56.767097
BONES 1
BONE 1 1.000000

VERT 77
OFFSET -2.296604 -2.811547 56.549400
BONES 1
BONE 1 1.000000

VERT 78
OFFSET -2.335389 -2.724703 56.341782
BONES 1
BONE 1 1.000000

VERT 79
OFFSET -2.333854 -2.605544 56.107655
BONES 1
BONE 1 1.000000

VERT 80
OFFSET -2.282494 -2.450927 55.635109
BONES 1
BONE 1 1.000000

VERT 81
OFFSET -2.408674 -2.455701 55.579700
BONES 1
BONE 1 1.000000

VERT 82
OFFSET -2.495002 -2.633678 56.117805
BONES 1
BONE 1 1.000000

VERT 83
OFFSET -2.892042 -2.786499 56.723015
BONES 1
BONE 1 1.000000

VERT 84
OFFSET -2.604732 -2.653465 55.412491
BONES 1
BONE 1 1.000000

VERT 85
OFFSET -2.924454 -2.921768 55.755756
BONES 1
BONE 1 1.000000

VERT 86
OFFSET -3.128865 -3.294874 56.380524
BONES 1
BONE 1 1.000000

VERT 87
OFFSET -3.267031 -3.149411 56.038895
BONES 1
BONE 1 1.000000

VERT 88
OFFSET -3.078125 -3.427228 56.739811
BONES 1
BONE 1 1.000000

VERT 89
OFFSET -2.739765 -3.286792 56.963783
BONES 1
BONE 1 1.000000

VERT 90
OFFSET -2.809832 -3.340722 57.099792
BONES 1
BONE 1 1.000000

VERT 91
OFFSET -2.315710 -3.042965 56.911934
BONES 1
BONE 1 1.000000

VERT 92
OFFSET -2.207140 -2.786060 56.325611
BONES 1
BONE 1 1.000000

VERT 93
OFFSET -2.153432 -2.508242 55.586620
BONES 1
BONE 1 1.000000

VERT 94
OFFSET -2.271565 -2.488061 55.477936
BONES 1
BONE 1 1.000000

VERT 95
OFFSET -2.175024 -2.421497 55.231007
BONES 1
BONE 1 1.000000

VERT 96
OFFSET -2.378761 -2.717158 56.105515
BONES 1
BONE 1 1.000000

VERT 97
OFFSET -2.434137 -2.749024 56.002808
BONES 1
BONE 1 1.000000

VERT 98
OFFSET -2.423052 -2.696628 55.840279
BONES 1
BONE 1 1.000000

VERT 99
OFFSET -2.312263 -2.611355 55.761486
BONES 1
BONE 1 1.000000

VERT 100
OFFSET -2.152028 -2.674233 55.954617
BONES 1
BONE 1 1.000000

VERT 101
OFFSET -2.434244 -2.717754 56.390785
BONES 1
BONE 1 1.000000

VERT 102
OFFSET -2.627742 -2.839305 56.459660
BONES 1
BONE 1 1.000000

VERT 103
OFFSET -2.867639 -2.916165 56.292103
BONES 1
BONE 1 1.000000

VERT 104
OFFSET -2.910155 -2.890845 56.097256
BONES 1
BONE 1 1.000000

VERT 105
OFFSET -2.776534 -2.745623 55.858379
BONES 1
BONE 1 1.000000

VERT 106
OFFSET -2.622613 -2.553421 55.613007
BONES 1
BONE 1 1.000000

VERT 107
OFFSET -2.443790 -2.809260 56.519123
BONES 1
BONE 1 1.000000

VERT 108
OFFSET -2.719348 -2.952446 56.594292
BONES 1
BONE 1 1.000000

VERT 109
OFFSET -2.637576 -2.598997 55.551289
BONES 1
BONE 1 1.000000

VERT 110
OFFSET -2.758269 -2.775855 55.798130
BONES 1
BONE 1 1.000000

VERT 111
OFFSET -2.910692 -2.977182 56.079208
BONES 1
BONE 1 1.000000

VERT 112
OFFSET -2.894514 -3.090827 56.304787
BONES 1
BONE 1 1.000000

VERT 113
OFFSET -2.722242 -3.007167 56.510059
BONES 1
BONE 1 1.000000

VERT 114
OFFSET -2.409655 -2.780303 56.414368
BONES 1
BONE 1 1.000000

VERT 115
OFFSET -2.592206 -2.898278 56.483307
BONES 1
BONE 1 1.000000

VERT 116
OFFSET -2.058786 -2.502986 55.602791
BONES 1
BONE 1 1.000000

VERT 117
OFFSET -2.249060 -2.488091 55.306740
BONES 1
BONE 1 1.000000

VERT 118
OFFSET -2.651979 -2.664314 55.281956
BONES 1
BONE 1 1.000000

VERT 119
OFFSET -3.274352 -3.418998 56.491459
BONES 1
BONE 1 1.000000

VERT 120
OFFSET -3.116283 -3.461426 56.884247
BONES 1
BONE 1 1.000000

VERT 121
OFFSET -2.111681 -2.799059 56.523701
BONES 1
BONE 1 1.000000

VERT 122
OFFSET -2.036507 -2.630532 56.061432
BONES 1
BONE 1 1.000000

VERT 123
OFFSET -2.506984 -2.281185 55.260559
BONES 1
BONE 1 1.000000

VERT 124
OFFSET -2.761102 -2.509948 55.178318
BONES 1
BONE 1 1.000000

VERT 125
OFFSET -2.928093 -2.646334 55.464947
BONES 1
BONE 1 1.000000

VERT 126
OFFSET -3.141378 -2.808706 55.703213
BONES 1
BONE 1 1.000000

VERT 127
OFFSET -3.293540 -3.031497 56.085632
BONES 1
BONE 1 1.000000

VERT 128
OFFSET -3.321489 -3.295389 56.566826
BONES 1
BONE 1 1.000000

VERT 129
OFFSET -3.111225 -3.297390 56.950016
BONES 1
BONE 1 1.000000

VERT 130
OFFSET -2.843689 -3.217839 57.115906
BONES 1
BONE 1 1.000000

VERT 131
OFFSET -2.544645 -3.043876 57.112671
BONES 1
BONE 1 1.000000

VERT 132
OFFSET -3.052773 -2.630229 56.407074
BONES 1
BONE 1 1.000000

VERT 133
OFFSET -3.072482 -2.546345 56.235939
BONES 1
BONE 1 1.000000

VERT 134
OFFSET -3.085918 -2.589123 55.853943
BONES 1
BONE 1 1.000000

VERT 135
OFFSET -2.911886 -2.452603 55.605682
BONES 1
BONE 1 1.000000

VERT 136
OFFSET -2.734039 -2.343801 55.378601
BONES 1
BONE 1 1.000000

VERT 137
OFFSET -2.597852 2.257136 55.590385
BONES 1
BONE 1 1.000000

VERT 138
OFFSET -2.977476 2.413014 55.961128
BONES 1
BONE 1 1.000000

VERT 139
OFFSET -2.822581 2.300493 55.746014
BONES 1
BONE 1 1.000000

VERT 140
OFFSET -2.056907 2.324116 55.537979
BONES 1
BONE 1 1.000000

VERT 141
OFFSET -2.983490 2.714633 56.560284
BONES 1
BONE 1 1.000000

VERT 142
OFFSET -2.251946 2.267621 55.469757
BONES 1
BONE 1 1.000000

VERT 143
OFFSET -2.435386 2.235713 55.491875
BONES 1
BONE 1 1.000000

VERT 144
OFFSET -2.597851 -2.257136 55.590385
BONES 1
BONE 1 1.000000

VERT 145
OFFSET -2.977475 -2.413015 55.961128
BONES 1
BONE 1 1.000000

VERT 146
OFFSET -2.822580 -2.300494 55.746014
BONES 1
BONE 1 1.000000

VERT 147
OFFSET -2.056906 -2.324116 55.537979
BONES 1
BONE 1 1.000000

VERT 148
OFFSET -2.983489 -2.714634 56.560284
BONES 1
BONE 1 1.000000

VERT 149
OFFSET -2.251946 -2.267621 55.469757
BONES 1
BONE 1 1.000000

VERT 150
OFFSET -2.435385 -2.235713 55.491875
BONES 1
BONE 1 1.000000

VERT 151
OFFSET -1.981095 2.469775 55.756058
BONES 1
BONE 1 1.000000

VERT 152
OFFSET -2.282494 2.450927 55.635109
BONES 1
BONE 1 1.000000

VERT 153
OFFSET -2.869784 2.754143 55.417568
BONES 1
BONE 1 1.000000

VERT 154
OFFSET -2.809833 3.340721 57.099792
BONES 1
BONE 1 1.000000

VERT 155
OFFSET -2.506932 3.135095 57.102844
BONES 1
BONE 1 1.000000

VERT 156
OFFSET -2.444031 2.472961 55.105782
BONES 1
BONE 1 1.000000

VERT 157
OFFSET -2.378761 2.717158 56.105515
BONES 1
BONE 1 1.000000

VERT 158
OFFSET -2.434138 2.749024 56.002808
BONES 1
BONE 1 1.000000

VERT 159
OFFSET -2.059259 2.370079 55.356480
BONES 1
BONE 1 1.000000

VERT 160
OFFSET -2.003005 -2.598923 56.252754
BONES 1
BONE 1 1.000000

VERT 161
OFFSET -2.748241 -2.625371 55.119469
BONES 1
BONE 1 1.000000

VERT 162
OFFSET -2.869783 -2.754143 55.417568
BONES 1
BONE 1 1.000000

VERT 163
OFFSET -3.112489 -2.919606 55.659286
BONES 1
BONE 1 1.000000

VERT 164
OFFSET -2.506931 -3.135095 57.102844
BONES 1
BONE 1 1.000000

VERT 165
OFFSET -2.444030 -2.472961 55.105782
BONES 1
BONE 1 1.000000

VERT 166
OFFSET -2.059259 -2.370079 55.356476
BONES 1
BONE 1 1.000000

VERT 167
OFFSET 0.323618 1.256378 55.100700
BONES 1
BONE 1 1.000000

VERT 168
OFFSET 0.036078 1.826636 55.069412
BONES 1
BONE 1 1.000000

VERT 169
OFFSET 0.239502 1.314364 55.487289
BONES 1
BONE 1 1.000000

VERT 170
OFFSET -0.129409 1.892658 55.783470
BONES 1
BONE 1 1.000000

VERT 171
OFFSET -0.065160 1.604825 55.815338
BONES 1
BONE 1 1.000000

VERT 172
OFFSET 0.211912 1.516229 55.060402
BONES 1
BONE 1 1.000000

VERT 173
OFFSET 0.255035 1.539996 55.330780
BONES 1
BONE 1 1.000000

VERT 174
OFFSET 0.007831 1.899602 55.473919
BONES 1
BONE 1 1.000000

VERT 175
OFFSET 0.329791 1.296346 55.291809
BONES 1
BONE 1 1.000000

VERT 176
OFFSET 0.007540 1.336272 55.789742
BONES 1
BONE 1 1.000000

VERT 177
OFFSET -0.188341 1.866960 55.930359
BONES 1
BONE 1 1.000000

VERT 178
OFFSET -0.018153 1.405348 57.092571
BONES 1
BONE 1 1.000000

VERT 179
OFFSET 0.070271 0.795806 56.700150
BONES 1
BONE 1 1.000000

VERT 180
OFFSET -0.089127 0.972538 56.117428
BONES 1
BONE 1 1.000000

VERT 181
OFFSET -0.178992 1.340338 55.967869
BONES 1
BONE 1 1.000000

VERT 182
OFFSET -0.302896 1.733427 56.018097
BONES 1
BONE 1 1.000000

VERT 183
OFFSET -0.403735 2.414208 56.863102
BONES 1
BONE 1 1.000000

VERT 184
OFFSET 0.058087 1.076180 56.982288
BONES 1
BONE 1 1.000000

VERT 185
OFFSET -0.008512 0.014898 53.645782
BONES 1
BONE 1 1.000000

VERT 186
OFFSET 0.549723 -0.059135 56.993824
BONES 1
BONE 1 1.000000

VERT 187
OFFSET -2.456775 -0.000000 60.957207
BONES 1
BONE 1 1.000000

VERT 188
OFFSET -1.137091 0.000000 60.696384
BONES 1
BONE 1 1.000000

VERT 189
OFFSET -3.776459 -0.000000 60.696384
BONES 1
BONE 1 1.000000

VERT 190
OFFSET 0.354293 0.000000 54.442696
BONES 6
BONE 1 0.792024
BONE 24 0.104910
BONE 25 0.103067
BONE 21 0.000000
BONE 26 0.000000
BONE 27 0.000000

VERT 191
OFFSET -3.170510 2.912595 57.352585
BONES 1
BONE 1 1.000000

VERT 192
OFFSET -0.321811 1.365301 54.189873
BONES 1
BONE 1 1.000000

VERT 193
OFFSET 0.185975 1.799183 59.507736
BONES 1
BONE 1 1.000000

VERT 194
OFFSET -0.001516 2.296669 57.713192
BONES 1
BONE 1 1.000000

VERT 195
OFFSET -2.456775 2.198383 60.066936
BONES 1
BONE 1 1.000000

VERT 196
OFFSET -2.370452 3.038491 57.430965
BONES 1
BONE 1 1.000000

VERT 197
OFFSET 0.662686 1.074064 59.335243
BONES 1
BONE 1 1.000000

VERT 198
OFFSET -1.228553 1.116573 60.492043
BONES 1
BONE 1 1.000000

VERT 199
OFFSET -3.684996 1.116572 60.492043
BONES 1
BONE 1 1.000000

VERT 200
OFFSET -3.438054 2.612881 58.739033
BONES 1
BONE 1 1.000000

VERT 201
OFFSET 0.147728 1.095916 57.237289
BONES 1
BONE 1 1.000000

VERT 202
OFFSET -2.456775 1.199560 60.743103
BONES 1
BONE 1 1.000000

VERT 203
OFFSET -2.129808 2.998495 58.378639
BONES 1
BONE 1 1.000000

VERT 204
OFFSET -1.313857 3.019982 57.239979
BONES 1
BONE 1 1.000000

VERT 205
OFFSET -0.269477 0.943391 53.966099
BONES 1
BONE 1 1.000000

VERT 206
OFFSET 0.374438 1.851379 59.189903
BONES 1
BONE 1 1.000000

VERT 207
OFFSET 0.518860 1.033585 59.804466
BONES 1
BONE 1 1.000000

VERT 208
OFFSET -1.315415 2.047226 59.857368
BONES 1
BONE 1 1.000000

VERT 209
OFFSET -3.550819 2.047226 59.857719
BONES 1
BONE 1 1.000000

VERT 210
OFFSET -0.670673 1.565217 54.202724
BONES 1
BONE 1 1.000000

VERT 211
OFFSET 0.070519 1.205027 54.560116
BONES 1
BONE 1 1.000000

VERT 212
OFFSET -0.091935 0.426565 53.808475
BONES 1
BONE 1 1.000000

VERT 213
OFFSET 0.169401 0.730900 55.954494
BONES 1
BONE 1 1.000000

VERT 214
OFFSET 0.642109 0.309444 55.644684
BONES 1
BONE 1 1.000000

VERT 215
OFFSET 0.599425 0.325810 57.346798
BONES 1
BONE 1 1.000000

VERT 216
OFFSET 0.520380 0.560688 55.488197
BONES 1
BONE 1 1.000000

VERT 217
OFFSET 0.212064 1.527516 55.293976
BONES 1
BONE 1 1.000000

VERT 218
OFFSET 0.024995 1.849740 55.248177
BONES 1
BONE 1 1.000000

VERT 219
OFFSET -1.165090 2.339812 55.204155
BONES 1
BONE 1 1.000000

VERT 220
OFFSET 0.484832 1.679252 58.118683
BONES 1
BONE 1 1.000000

VERT 221
OFFSET -0.006544 2.408551 58.014919
BONES 1
BONE 1 1.000000

VERT 222
OFFSET -1.051251 2.996910 57.697872
BONES 1
BONE 1 1.000000

VERT 223
OFFSET -0.345290 0.483463 53.624138
BONES 1
BONE 1 1.000000

VERT 224
OFFSET -0.526562 1.022132 53.939976
BONES 1
BONE 1 1.000000

VERT 225
OFFSET -0.933123 2.490692 56.060799
BONES 1
BONE 1 1.000000

VERT 226
OFFSET -0.867636 2.919956 57.136501
BONES 1
BONE 1 1.000000

VERT 227
OFFSET -0.507652 2.809272 57.857807
BONES 1
BONE 1 1.000000

VERT 228
OFFSET -0.201537 2.403191 59.066071
BONES 1
BONE 1 1.000000

VERT 229
OFFSET -1.462003 2.527604 55.980591
BONES 1
BONE 1 1.000000

VERT 230
OFFSET 0.369386 0.236238 56.017063
BONES 1
BONE 1 1.000000

VERT 231
OFFSET 0.096308 0.672996 56.355125
BONES 1
BONE 1 1.000000

VERT 232
OFFSET -0.318387 2.144843 55.345905
BONES 1
BONE 1 1.000000

VERT 233
OFFSET -0.383219 2.154830 56.063396
BONES 1
BONE 1 1.000000

VERT 234
OFFSET 0.509175 0.215036 54.691757
BONES 2
BONE 24 0.138845
BONE 1 0.861155

VERT 235
OFFSET 0.257477 0.455099 54.508579
BONES 3
BONE 1 0.807164
BONE 26 0.192812
BONE 24 0.000023

VERT 236
OFFSET -0.120336 1.713830 54.701447
BONES 1
BONE 1 1.000000

VERT 237
OFFSET -0.428510 1.793579 54.467339
BONES 1
BONE 1 1.000000

VERT 238
OFFSET -0.902885 1.929599 54.512112
BONES 1
BONE 1 1.000000

VERT 239
OFFSET -0.657373 2.267992 55.290432
BONES 1
BONE 1 1.000000

VERT 240
OFFSET -0.718863 2.481375 56.304131
BONES 1
BONE 1 1.000000

VERT 241
OFFSET -0.580622 2.479932 56.503754
BONES 1
BONE 1 1.000000

VERT 242
OFFSET -0.621087 2.666805 56.827957
BONES 1
BONE 1 1.000000

VERT 243
OFFSET -0.489547 2.679528 57.123123
BONES 1
BONE 1 1.000000

VERT 244
OFFSET -0.410850 1.980821 54.741993
BONES 1
BONE 1 1.000000

VERT 245
OFFSET -1.130984 2.189394 54.872753
BONES 1
BONE 1 1.000000

VERT 246
OFFSET -1.585993 3.065853 57.905621
BONES 1
BONE 1 1.000000

VERT 247
OFFSET -1.635199 2.454983 55.664455
BONES 1
BONE 1 1.000000

VERT 248
OFFSET -1.963350 2.235178 55.011669
BONES 1
BONE 1 1.000000

VERT 249
OFFSET -1.601086 2.016243 54.614166
BONES 1
BONE 1 1.000000

VERT 250
OFFSET -1.460275 1.573707 54.306339
BONES 1
BONE 1 1.000000

VERT 251
OFFSET -1.042015 0.723570 53.874817
BONES 1
BONE 1 1.000000

VERT 252
OFFSET -1.311770 0.965727 54.053455
BONES 1
BONE 1 1.000000

VERT 253
OFFSET -0.826264 1.327802 54.088894
BONES 1
BONE 1 1.000000

VERT 254
OFFSET 0.146956 0.298230 54.143806
BONES 2
BONE 1 0.917664
BONE 20 0.082336

VERT 255
OFFSET 0.118057 0.717989 54.382977
BONES 2
BONE 26 0.070007
BONE 1 0.929993

VERT 256
OFFSET 0.490342 0.180311 54.494202
BONES 4
BONE 26 0.024461
BONE 1 0.781852
BONE 24 0.153439
BONE 25 0.040248

VERT 257
OFFSET 0.303908 0.296644 54.353371
BONES 2
BONE 1 0.817039
BONE 20 0.182961

VERT 258
OFFSET 0.226012 0.499062 54.425957
BONES 3
BONE 1 0.785391
BONE 26 0.161969
BONE 20 0.052640

VERT 259
OFFSET -1.923676 2.013237 54.711304
BONES 1
BONE 1 1.000000

VERT 260
OFFSET -1.859030 1.683995 54.465305
BONES 1
BONE 1 1.000000

VERT 261
OFFSET -1.581312 1.262126 54.232002
BONES 1
BONE 1 1.000000

VERT 262
OFFSET -1.321616 2.837783 56.672859
BONES 1
BONE 1 1.000000

VERT 263
OFFSET -1.567245 2.948078 56.886589
BONES 1
BONE 1 1.000000

VERT 264
OFFSET 0.216356 1.823065 57.748547
BONES 1
BONE 1 1.000000

VERT 265
OFFSET 0.505068 0.125168 56.941048
BONES 1
BONE 1 1.000000

VERT 266
OFFSET 0.226421 0.714803 57.015728
BONES 1
BONE 1 1.000000

VERT 267
OFFSET 0.164542 1.496429 55.440876
BONES 1
BONE 1 1.000000

VERT 268
OFFSET -0.153986 1.823704 55.751633
BONES 1
BONE 1 1.000000

VERT 269
OFFSET -2.249965 2.935571 56.962345
BONES 1
BONE 1 1.000000

VERT 270
OFFSET -3.518518 2.725821 56.946274
BONES 1
BONE 1 1.000000

VERT 271
OFFSET -0.142498 2.475641 58.638512
BONES 1
BONE 1 1.000000

VERT 272
OFFSET -0.838790 2.904475 58.405769
BONES 1
BONE 1 1.000000

VERT 273
OFFSET 0.875555 0.744670 58.358028
BONES 1
BONE 1 1.000000

VERT 274
OFFSET 0.484663 1.837451 58.374382
BONES 1
BONE 1 1.000000

VERT 275
OFFSET 0.235154 0.427856 56.617302
BONES 1
BONE 1 1.000000

VERT 276
OFFSET 0.857250 0.291775 55.415394
BONES 1
BONE 1 1.000000

VERT 277
OFFSET 0.143256 1.512944 54.995613
BONES 1
BONE 1 1.000000

VERT 278
OFFSET -0.117569 1.232471 54.303162
BONES 1
BONE 1 1.000000

VERT 279
OFFSET 0.220009 1.042920 55.572018
BONES 1
BONE 1 1.000000

VERT 280
OFFSET 0.404357 0.789861 55.380295
BONES 1
BONE 1 1.000000

VERT 281
OFFSET 1.156271 0.000001 55.662502
BONES 1
BONE 1 1.000000

VERT 282
OFFSET 0.398138 0.089435 54.355621
BONES 3
BONE 1 0.793422
BONE 20 0.148180
BONE 21 0.058398

VERT 283
OFFSET 0.032515 0.154708 53.784653
BONES 1
BONE 1 1.000000

VERT 284
OFFSET -0.215000 0.161060 53.480183
BONES 1
BONE 1 1.000000

VERT 285
OFFSET 0.415501 0.363285 54.698296
BONES 3
BONE 24 0.116568
BONE 26 0.058385
BONE 1 0.825047

VERT 286
OFFSET 0.925445 0.000000 55.738850
BONES 1
BONE 1 1.000000

VERT 287
OFFSET 0.692804 0.000000 55.861687
BONES 1
BONE 1 1.000000

VERT 288
OFFSET 0.478720 0.711006 55.223202
BONES 1
BONE 1 1.000000

VERT 289
OFFSET -0.075186 1.900232 55.571754
BONES 1
BONE 1 1.000000

VERT 290
OFFSET -0.395368 2.222616 55.800034
BONES 1
BONE 1 1.000000

VERT 291
OFFSET -0.061780 1.227200 55.817848
BONES 1
BONE 1 1.000000

VERT 292
OFFSET -0.500127 2.408166 56.478924
BONES 1
BONE 1 1.000000

VERT 293
OFFSET -0.393176 2.502938 57.051003
BONES 1
BONE 1 1.000000

VERT 294
OFFSET 0.521473 0.000000 56.024265
BONES 1
BONE 1 1.000000

VERT 295
OFFSET 0.925946 0.356337 58.235405
BONES 1
BONE 1 1.000000

VERT 296
OFFSET 0.313231 1.110590 55.115845
BONES 1
BONE 1 1.000000

VERT 297
OFFSET -1.986446 2.328772 55.212509
BONES 1
BONE 1 1.000000

VERT 298
OFFSET -1.223000 1.450342 56.650990
BONES 1
BONE 1 1.000000

VERT 299
OFFSET -0.650761 1.663295 57.317654
BONES 1
BONE 1 1.000000

VERT 300
OFFSET -0.521398 1.092729 57.210377
BONES 1
BONE 1 1.000000

VERT 301
OFFSET -0.461970 0.722699 56.844639
BONES 1
BONE 1 1.000000

VERT 302
OFFSET -0.554942 0.706050 56.405880
BONES 1
BONE 1 1.000000

VERT 303
OFFSET -0.603641 0.786227 56.188042
BONES 1
BONE 1 1.000000

VERT 304
OFFSET -0.651183 0.916289 56.041931
BONES 1
BONE 1 1.000000

VERT 305
OFFSET -0.784437 1.407180 55.956497
BONES 1
BONE 1 1.000000

VERT 306
OFFSET -0.945551 1.895817 56.107655
BONES 1
BONE 1 1.000000

VERT 307
OFFSET -0.966993 2.249272 56.661289
BONES 1
BONE 1 1.000000

VERT 308
OFFSET -0.916689 2.374046 56.975060
BONES 1
BONE 1 1.000000

VERT 309
OFFSET -0.841791 2.230335 57.104549
BONES 1
BONE 1 1.000000

VERT 310
OFFSET -0.878639 0.472318 53.756363
BONES 1
BONE 1 1.000000

VERT 311
OFFSET -0.789439 0.250514 53.662903
BONES 1
BONE 1 1.000000

VERT 312
OFFSET -0.728903 0.068596 53.595303
BONES 1
BONE 1 1.000000

VERT 313
OFFSET 0.068080 -0.792860 56.696407
BONES 1
BONE 1 1.000000

VERT 314
OFFSET -0.380786 -2.040954 56.170395
BONES 1
BONE 1 1.000000

VERT 315
OFFSET -0.403734 -2.414208 56.863102
BONES 1
BONE 1 1.000000

VERT 316
OFFSET -0.248923 -2.163345 57.105915
BONES 1
BONE 1 1.000000

VERT 317
OFFSET -3.170509 -2.912595 57.352585
BONES 1
BONE 1 1.000000

VERT 318
OFFSET -0.321812 -1.365284 54.189861
BONES 1
BONE 1 1.000000

VERT 319
OFFSET 0.185976 -1.799182 59.507736
BONES 1
BONE 1 1.000000

VERT 320
OFFSET -0.001515 -2.296669 57.713192
BONES 1
BONE 1 1.000000

VERT 321
OFFSET -2.456774 -2.198383 60.066936
BONES 1
BONE 1 1.000000

VERT 322
OFFSET -2.370452 -3.038491 57.430965
BONES 1
BONE 1 1.000000

VERT 323
OFFSET 0.662685 -1.074067 59.335239
BONES 1
BONE 1 1.000000

VERT 324
OFFSET -1.228553 -1.116573 60.492043
BONES 1
BONE 1 1.000000

VERT 325
OFFSET -3.684996 -1.116573 60.492043
BONES 1
BONE 1 1.000000

VERT 326
OFFSET -3.438053 -2.612882 58.739033
BONES 1
BONE 1 1.000000

VERT 327
OFFSET 0.147727 -1.095914 57.237286
BONES 1
BONE 1 1.000000

VERT 328
OFFSET -2.456774 -1.199561 60.743103
BONES 1
BONE 1 1.000000

VERT 329
OFFSET -1.313858 -3.019982 57.239979
BONES 1
BONE 1 1.000000

VERT 330
OFFSET -0.269478 -0.943385 53.966099
BONES 1
BONE 1 1.000000

VERT 331
OFFSET 0.374438 -1.851378 59.189903
BONES 1
BONE 1 1.000000

VERT 332
OFFSET -1.315414 -2.047226 59.857368
BONES 1
BONE 1 1.000000

VERT 333
OFFSET -3.550818 -2.047226 59.857719
BONES 1
BONE 1 1.000000

VERT 334
OFFSET -0.670674 -1.565215 54.202724
BONES 1
BONE 1 1.000000

VERT 335
OFFSET 0.070520 -1.205030 54.560120
BONES 1
BONE 1 1.000000

VERT 336
OFFSET -0.038631 -0.449340 53.913918
BONES 1
BONE 1 1.000000

VERT 337
OFFSET 0.169402 -0.730899 55.954494
BONES 1
BONE 1 1.000000

VERT 338
OFFSET 0.642109 -0.309444 55.644684
BONES 1
BONE 1 1.000000

VERT 339
OFFSET 0.599425 -0.325807 57.346798
BONES 1
BONE 1 1.000000

VERT 340
OFFSET 0.520379 -0.560687 55.488197
BONES 1
BONE 1 1.000000

VERT 341
OFFSET 0.212064 -1.527515 55.293976
BONES 1
BONE 1 1.000000

VERT 342
OFFSET 0.024995 -1.849739 55.248177
BONES 1
BONE 1 1.000000

VERT 343
OFFSET -1.165094 -2.339812 55.204155
BONES 1
BONE 1 1.000000

VERT 344
OFFSET 0.484833 -1.679251 58.118683
BONES 1
BONE 1 1.000000

VERT 345
OFFSET -0.006543 -2.408550 58.014919
BONES 1
BONE 1 1.000000

VERT 346
OFFSET -1.051250 -2.996909 57.697872
BONES 1
BONE 1 1.000000

VERT 347
OFFSET -0.345297 -0.483473 53.624142
BONES 1
BONE 1 1.000000

VERT 348
OFFSET -0.526562 -1.022131 53.939976
BONES 1
BONE 1 1.000000

VERT 349
OFFSET -0.933120 -2.490692 56.060799
BONES 1
BONE 1 1.000000

VERT 350
OFFSET -0.867634 -2.919955 57.136501
BONES 1
BONE 1 1.000000

VERT 351
OFFSET -0.507651 -2.809271 57.857807
BONES 1
BONE 1 1.000000

VERT 352
OFFSET -0.201536 -2.403191 59.066071
BONES 1
BONE 1 1.000000

VERT 353
OFFSET -1.462001 -2.527605 55.980595
BONES 1
BONE 1 1.000000

VERT 354
OFFSET 0.364695 -0.281475 55.978447
BONES 1
BONE 1 1.000000

VERT 355
OFFSET 0.096308 -0.672996 56.355125
BONES 1
BONE 1 1.000000

VERT 356
OFFSET -0.318386 -2.144842 55.345909
BONES 1
BONE 1 1.000000

VERT 357
OFFSET -0.383218 -2.154830 56.063396
BONES 1
BONE 1 1.000000

VERT 358
OFFSET 0.513924 -0.202114 54.685390
BONES 3
BONE 24 0.012897
BONE 1 0.853273
BONE 25 0.133830

VERT 359
OFFSET -0.120336 -1.713830 54.701447
BONES 1
BONE 1 1.000000

VERT 360
OFFSET -0.428509 -1.793578 54.467339
BONES 1
BONE 1 1.000000

VERT 361
OFFSET -0.902882 -1.929598 54.512112
BONES 1
BONE 1 1.000000

VERT 362
OFFSET -0.092061 -0.188800 53.632282
BONES 1
BONE 1 1.000000

VERT 363
OFFSET -0.657372 -2.267991 55.290432
BONES 1
BONE 1 1.000000

VERT 364
OFFSET -0.718865 -2.481377 56.304131
BONES 1
BONE 1 1.000000

VERT 365
OFFSET -0.580620 -2.479930 56.503750
BONES 1
BONE 1 1.000000

VERT 366
OFFSET -0.621087 -2.666804 56.827957
BONES 1
BONE 1 1.000000

VERT 367
OFFSET -0.489545 -2.679528 57.123123
BONES 1
BONE 1 1.000000

VERT 368
OFFSET -0.410850 -1.980821 54.741993
BONES 1
BONE 1 1.000000

VERT 369
OFFSET -1.130991 -2.189397 54.872753
BONES 1
BONE 1 1.000000

VERT 370
OFFSET -1.585991 -3.065853 57.905621
BONES 1
BONE 1 1.000000

VERT 371
OFFSET -1.635197 -2.454983 55.664455
BONES 1
BONE 1 1.000000

VERT 372
OFFSET -1.963349 -2.235179 55.011673
BONES 1
BONE 1 1.000000

VERT 373
OFFSET -1.601085 -2.016243 54.614166
BONES 1
BONE 1 1.000000

VERT 374
OFFSET -1.460287 -1.573709 54.306343
BONES 1
BONE 1 1.000000

VERT 375
OFFSET -1.042015 -0.723570 53.874817
BONES 1
BONE 1 1.000000

VERT 376
OFFSET -1.311770 -0.965727 54.053455
BONES 1
BONE 1 1.000000

VERT 377
OFFSET -0.826264 -1.327802 54.088894
BONES 1
BONE 1 1.000000

VERT 378
OFFSET 0.146954 -0.298227 54.143803
BONES 2
BONE 1 0.919765
BONE 21 0.080235

VERT 379
OFFSET 0.118058 -0.717993 54.382980
BONES 2
BONE 27 0.070562
BONE 1 0.929438

VERT 380
OFFSET 0.564250 -0.031293 54.492550
BONES 3
BONE 1 0.807120
BONE 25 0.102670
BONE 24 0.090210

VERT 381
OFFSET 0.303910 -0.296642 54.353371
BONES 2
BONE 1 0.820040
BONE 21 0.179960

VERT 382
OFFSET 0.226012 -0.499061 54.425961
BONES 3
BONE 1 0.782277
BONE 27 0.164809
BONE 21 0.052913

VERT 383
OFFSET -1.923675 -2.013237 54.711304
BONES 1
BONE 1 1.000000

VERT 384
OFFSET -1.859029 -1.683995 54.465305
BONES 1
BONE 1 1.000000

VERT 385
OFFSET -1.581312 -1.262126 54.232002
BONES 1
BONE 1 1.000000

VERT 386
OFFSET -1.321618 -2.837784 56.672863
BONES 1
BONE 1 1.000000

VERT 387
OFFSET -1.567244 -2.948078 56.886589
BONES 1
BONE 1 1.000000

VERT 388
OFFSET 0.216356 -1.823065 57.748543
BONES 1
BONE 1 1.000000

VERT 389
OFFSET 0.435999 0.000000 56.310513
BONES 1
BONE 1 1.000000

VERT 390
OFFSET 0.226422 -0.714805 57.015732
BONES 1
BONE 1 1.000000

VERT 391
OFFSET 0.164542 -1.496431 55.440876
BONES 1
BONE 1 1.000000

VERT 392
OFFSET -0.153985 -1.823703 55.751633
BONES 1
BONE 1 1.000000

VERT 393
OFFSET -2.249964 -2.935570 56.962345
BONES 1
BONE 1 1.000000

VERT 394
OFFSET -3.518517 -2.725822 56.946274
BONES 1
BONE 1 1.000000

VERT 395
OFFSET -0.142498 -2.475641 58.638512
BONES 1
BONE 1 1.000000

VERT 396
OFFSET -0.838789 -2.904475 58.405769
BONES 1
BONE 1 1.000000

VERT 397
OFFSET 0.875555 -0.744667 58.358028
BONES 1
BONE 1 1.000000

VERT 398
OFFSET 0.484663 -1.837450 58.374382
BONES 1
BONE 1 1.000000

VERT 399
OFFSET 0.455074 -0.001506 56.577282
BONES 1
BONE 1 1.000000

VERT 400
OFFSET 0.857250 -0.291775 55.415394
BONES 1
BONE 1 1.000000

VERT 401
OFFSET 0.143258 -1.512940 54.995613
BONES 1
BONE 1 1.000000

VERT 402
OFFSET -0.117568 -1.232471 54.303165
BONES 1
BONE 1 1.000000

VERT 403
OFFSET 0.220009 -1.042928 55.572014
BONES 1
BONE 1 1.000000

VERT 404
OFFSET 0.404358 -0.789859 55.380295
BONES 1
BONE 1 1.000000

VERT 405
OFFSET 0.591649 0.005152 54.695381
BONES 3
BONE 1 0.844069
BONE 24 0.080547
BONE 25 0.075385

VERT 406
OFFSET 0.407436 -0.050560 54.351753
BONES 3
BONE 21 0.121428
BONE 20 0.096008
BONE 1 0.782564

VERT 407
OFFSET 0.208781 0.000001 54.112122
BONES 3
BONE 1 0.898739
BONE 20 0.054442
BONE 21 0.046820

VERT 408
OFFSET 0.032515 -0.154711 53.784653
BONES 1
BONE 1 1.000000

VERT 409
OFFSET -0.167914 -0.024947 53.431236
BONES 1
BONE 1 1.000000

VERT 410
OFFSET 0.415504 -0.363282 54.698296
BONES 3
BONE 25 0.116290
BONE 27 0.059251
BONE 1 0.824459

VERT 411
OFFSET 0.257965 -0.455785 54.508476
BONES 2
BONE 1 0.807696
BONE 27 0.192304

VERT 412
OFFSET 0.327364 -0.171616 54.436234
BONES 3
BONE 25 0.174592
BONE 24 0.019733
BONE 1 0.805675

VERT 413
OFFSET -2.008489 -2.404024 55.745029
BONES 1
BONE 1 1.000000

VERT 414
OFFSET 0.478721 -0.711004 55.223202
BONES 1
BONE 1 1.000000

VERT 415
OFFSET -0.075185 -1.900232 55.571754
BONES 1
BONE 1 1.000000

VERT 416
OFFSET -0.395367 -2.222616 55.800034
BONES 1
BONE 1 1.000000

VERT 417
OFFSET 0.453648 0.000721 56.164242
BONES 1
BONE 1 1.000000

VERT 418
OFFSET -0.367512 -2.396372 56.988335
BONES 1
BONE 1 1.000000

VERT 419
OFFSET -0.061776 -1.227198 55.817848
BONES 1
BONE 1 1.000000

VERT 420
OFFSET -0.500127 -2.408166 56.478928
BONES 1
BONE 1 1.000000

VERT 421
OFFSET -0.393175 -2.502938 57.051003
BONES 1
BONE 1 1.000000

VERT 422
OFFSET 0.925946 -0.356338 58.235405
BONES 1
BONE 1 1.000000

VERT 423
OFFSET 0.313231 -1.110591 55.115845
BONES 1
BONE 1 1.000000

VERT 424
OFFSET -1.986445 -2.328772 55.212509
BONES 1
BONE 1 1.000000

VERT 425
OFFSET -1.223000 -1.450341 56.650990
BONES 1
BONE 1 1.000000

VERT 426
OFFSET -0.650760 -1.663294 57.317654
BONES 1
BONE 1 1.000000

VERT 427
OFFSET -0.521398 -1.092728 57.210377
BONES 1
BONE 1 1.000000

VERT 428
OFFSET -0.461969 -0.722698 56.844635
BONES 1
BONE 1 1.000000

VERT 429
OFFSET -0.554942 -0.706050 56.405880
BONES 1
BONE 1 1.000000

VERT 430
OFFSET -0.603641 -0.786226 56.188042
BONES 1
BONE 1 1.000000

VERT 431
OFFSET -0.651183 -0.916289 56.041931
BONES 1
BONE 1 1.000000

VERT 432
OFFSET -0.784436 -1.407179 55.956497
BONES 1
BONE 1 1.000000

VERT 433
OFFSET -0.945551 -1.895817 56.107655
BONES 1
BONE 1 1.000000

VERT 434
OFFSET -0.966992 -2.249271 56.661289
BONES 1
BONE 1 1.000000

VERT 435
OFFSET -0.916689 -2.374045 56.975060
BONES 1
BONE 1 1.000000

VERT 436
OFFSET -0.841790 -2.230335 57.104549
BONES 1
BONE 1 1.000000

VERT 437
OFFSET -0.878638 -0.472318 53.756363
BONES 1
BONE 1 1.000000

VERT 438
OFFSET -0.789439 -0.250513 53.662903
BONES 1
BONE 1 1.000000

VERT 439
OFFSET -0.728903 -0.068595 53.595303
BONES 1
BONE 1 1.000000

VERT 440
OFFSET -0.015698 0.829359 56.365734
BONES 1
BONE 1 1.000000

VERT 441
OFFSET -0.380787 2.040955 56.170395
BONES 1
BONE 1 1.000000

VERT 442
OFFSET -0.409603 2.268099 56.486794
BONES 1
BONE 1 1.000000

VERT 443
OFFSET -0.248924 2.163345 57.105915
BONES 1
BONE 1 1.000000

VERT 444
OFFSET 0.773709 0.000000 59.973503
BONES 1
BONE 1 1.000000

VERT 445
OFFSET 0.981813 0.000001 58.920128
BONES 1
BONE 1 1.000000

VERT 446
OFFSET 0.662382 0.017390 54.842976
BONES 3
BONE 25 0.042079
BONE 24 0.053140
BONE 1 0.904781

VERT 447
OFFSET 0.935978 0.000000 58.143208
BONES 1
BONE 1 1.000000

VERT 448
OFFSET -1.177432 2.726875 58.860649
BONES 1
BONE 1 1.000000

VERT 449
OFFSET -0.367513 2.396373 56.988335
BONES 1
BONE 1 1.000000

VERT 450
OFFSET -0.715632 0.000000 53.577049
BONES 1
BONE 1 1.000000

VERT 451
OFFSET -0.015698 -0.829359 56.365730
BONES 1
BONE 1 1.000000

VERT 452
OFFSET -0.018152 -1.405347 57.092571
BONES 1
BONE 1 1.000000

VERT 453
OFFSET -0.089127 -0.972537 56.117428
BONES 1
BONE 1 1.000000

VERT 454
OFFSET -0.178992 -1.340338 55.967869
BONES 1
BONE 1 1.000000

VERT 455
OFFSET -0.302895 -1.733426 56.018097
BONES 1
BONE 1 1.000000

VERT 456
OFFSET -0.409603 -2.268099 56.486794
BONES 1
BONE 1 1.000000

VERT 457
OFFSET 0.058088 -1.076179 56.982288
BONES 1
BONE 1 1.000000

VERT 458
OFFSET -1.177431 -2.726875 58.860649
BONES 1
BONE 1 1.000000

VERT 459
OFFSET -2.129807 -2.998495 58.378639
BONES 1
BONE 1 1.000000

VERT 460
OFFSET 0.518861 -1.033584 59.804466
BONES 1
BONE 1 1.000000

VERT 461
OFFSET 0.044071 0.002238 54.241112
BONES 3
BONE 1 0.600000
BONE 20 0.200000
BONE 21 0.200000

VERT 462
OFFSET 0.143386 0.002238 54.507408
BONES 3
BONE 1 0.600000
BONE 20 0.200000
BONE 21 0.200000

VERT 463
OFFSET 0.091827 0.002238 54.485367
BONES 3
BONE 1 0.600000
BONE 20 0.200000
BONE 21 0.200000

VERT 464
OFFSET -0.085537 0.002238 54.276367
BONES 3
BONE 1 0.600000
BONE 20 0.200000
BONE 21 0.200000

VERT 465
OFFSET -0.856122 0.762025 54.469704
BONES 3
BONE 1 0.600000
BONE 20 0.200000
BONE 21 0.200000

VERT 466
OFFSET -0.745520 0.736373 54.722935
BONES 3
BONE 1 0.600000
BONE 20 0.200000
BONE 21 0.200000

VERT 467
OFFSET -0.756066 0.658897 54.699020
BONES 3
BONE 1 0.600000
BONE 20 0.200000
BONE 21 0.200000

VERT 468
OFFSET -0.846085 0.652655 54.478260
BONES 3
BONE 1 0.600000
BONE 20 0.200000
BONE 21 0.200000

VERT 469
OFFSET -0.107736 0.458853 54.271751
BONES 3
BONE 21 0.200000
BONE 20 0.200000
BONE 1 0.600000

VERT 470
