// Export time: Thu Oct 29 13:09:57 2020

// Exported using Blender v2.90.1
// Export filename: 'E:/blackops3/mod_xmodel/iw4/suomi/ch_body_gk_suomi_lod2.XMODEL_EXPORT'
// Source filename: 'E:/blackops3/mod_xmodel/iw4/suomi/suomi.blend'
MODEL
VERSION 6

NUMBONES 75
BONE 0 -1 "tag_origin"
BONE 1 0 "j_mainroot"
BONE 2 1 "j_hip_le"
BONE 3 2 "j_knee_le"
BONE 4 3 "j_ankle_le"
BONE 5 4 "j_ball_le"
BONE 6 2 "Sk_06_01"
BONE 7 1 "j_hip_ri"
BONE 8 7 "j_knee_ri"
BONE 9 8 "j_ankle_ri"
BONE 10 9 "j_ball_ri"
BONE 11 7 "Sk_02_01"
BONE 12 1 "j_spinelower"
BONE 13 12 "j_spineupper"
BONE 14 13 "j_spine4"
BONE 15 14 "j_clavicle_le"
BONE 16 15 "j_shoulder_le"
BONE 17 16 "j_elbow_le"
BONE 18 17 "j_wrist_le"
BONE 19 18 "j_index_le_1"
BONE 20 19 "j_index_le_2"
BONE 21 20 "j_index_le_3"
BONE 22 18 "j_mid_le_1"
BONE 23 22 "j_mid_le_2"
BONE 24 23 "j_mid_le_3"
BONE 25 18 "j_pinky_le_1"
BONE 26 25 "j_pinky_le_2"
BONE 27 26 "j_pinky_le_3"
BONE 28 18 "j_ring_le_1"
BONE 29 28 "j_ring_le_2"
BONE 30 29 "j_ring_le_3"
BONE 31 18 "j_thumb_le_1"
BONE 32 31 "j_thumb_le_2"
BONE 33 32 "j_thumb_le_3"
BONE 34 18 "j_wrist_le1"
BONE 35 34 "tag_weapon_left"
BONE 36 17 "j_wristtwist_le"
BONE 37 16 "j_shouldertwist_le"
BONE 38 37 "tag_reflector_arm_le"
BONE 39 14 "j_clavicle_ri"
BONE 40 39 "j_shoulder_ri"
BONE 41 40 "j_elbow_ri"
BONE 42 41 "j_wrist_ri"
BONE 43 42 "j_index_ri_1"
BONE 44 43 "j_index_ri_2"
BONE 45 44 "j_index_ri_3"
BONE 46 42 "j_mid_ri_1"
BONE 47 46 "j_mid_ri_2"
BONE 48 47 "j_mid_ri_3"
BONE 49 42 "j_pinky_ri_1"
BONE 50 49 "j_pinky_ri_2"
BONE 51 50 "j_pinky_ri_3"
BONE 52 42 "j_ring_ri_1"
BONE 53 52 "j_ring_ri_2"
BONE 54 53 "j_ring_ri_3"
BONE 55 42 "j_thumb_ri_1"
BONE 56 55 "j_thumb_ri_2"
BONE 57 56 "j_thumb_ri_3"
BONE 58 42 "j_wrist_ri1"
BONE 59 58 "j_gun"
BONE 60 58 "tag_weapon_right"
BONE 61 41 "j_wristtwist_ri"
BONE 62 40 "j_shouldertwist_ri"
BONE 63 62 "tag_reflector_arm_ri"
BONE 64 14 "j_neck"
BONE 65 64 "j_head"
BONE 66 14 "j_shoulderraise_le"
BONE 67 14 "j_shoulderraise_ri"
BONE 68 14 "tag_bipod"
BONE 69 14 "tag_inhand"
BONE 70 14 "tag_shield_back"
BONE 71 14 "tag_stowed_back"
BONE 72 14 "tag_weapon_chest"
BONE 73 1 "tag_stowed_hip_rear"
BONE 74 0 "tag_sync"

BONE 0
OFFSET 0.000000 0.000000 0.000000
SCALE 1.000000 1.000000 1.000000
X 1.000000 0.000000 0.000000
Y 0.000000 1.000000 0.000000
Z 0.000000 0.000000 1.000000

BONE 1
OFFSET -3.022484 -0.000150 34.593140
SCALE 1.000000 1.000000 1.000000
X -0.024732 -0.000056 0.999694
Y 0.999694 0.000059 0.024732
Z -0.000060 1.000000 0.000054

BONE 2
OFFSET -2.456084 2.788432 32.854954
SCALE 1.000000 1.000000 1.000000
X -0.022391 0.000143 -0.999749
Y 0.999739 -0.004519 -0.022391
Z -0.004521 -0.999990 -0.000042

BONE 3
OFFSET -2.802212 2.790564 17.415857
SCALE 1.000000 1.000000 1.000000
X -0.074426 0.000370 -0.997227
Y 0.997216 -0.004501 -0.074427
Z -0.004516 -0.999990 -0.000034

BONE 4
OFFSET -3.863731 2.795885 3.203129
SCALE 1.000000 1.000000 1.000000
X 0.002582 0.007041 -0.999972
Y 0.999775 -0.021051 0.002433
Z -0.021033 -0.999754 -0.007094

BONE 5
OFFSET -0.020936 2.785791 0.103397
SCALE 1.000000 1.000000 1.000000
X 0.984143 -0.021950 0.176009
Y -0.176122 -0.003285 0.984363
Z -0.021028 -0.999754 -0.007099

BONE 6
OFFSET -2.757844 5.313402 35.043633
SCALE 1.000000 1.000000 1.000000
X 0.307712 0.905863 0.291076
Y -0.005835 0.307710 -0.951462
Z -0.951461 0.291078 0.099972

BONE 7
OFFSET -2.456011 -2.787924 32.855392
SCALE 1.000000 1.000000 1.000000
X 0.022388 -0.000427 0.999693
Y -0.999749 -0.000221 0.022392
Z 0.000211 -1.000000 -0.000432

BONE 8
OFFSET -2.802182 -2.781377 17.414703
SCALE 1.000000 1.000000 1.000000
X 0.074376 0.001327 0.997173
Y -0.997230 -0.000241 0.074377
Z 0.000339 -0.999999 0.001306

BONE 9
OFFSET -3.863435 -2.800412 3.200446
SCALE 1.000000 1.000000 1.000000
X -0.002538 0.008333 0.999906
Y -0.999669 -0.025604 -0.002318
Z 0.025584 -0.999637 0.008395

BONE 10
OFFSET -0.021225 -2.776859 0.100159
SCALE 1.000000 1.000000 1.000000
X -0.984057 -0.026654 -0.175826
Y 0.176001 -0.003752 -0.984328
Z 0.025578 -0.999638 0.008383

BONE 11
OFFSET -2.757769 -5.312105 35.043991
SCALE 1.000000 1.000000 1.000000
X -0.308442 0.905417 -0.291673
Y -0.005799 -0.308425 -0.951178
Z -0.951225 -0.291708 0.100381

BONE 12
OFFSET -1.900324 -0.000003 38.573414
SCALE 1.000000 1.000000 1.000000
X -0.029909 -0.000056 0.999553
Y 0.999552 0.000059 0.029909
Z -0.000060 1.000000 0.000054

BONE 13
OFFSET -2.255859 0.000183 41.858334
SCALE 1.000000 1.000000 1.000000
X 0.020429 -0.000064 0.999791
Y 0.999791 0.000062 -0.020429
Z -0.000060 1.000000 0.000065

BONE 14
OFFSET -2.465509 0.000013 44.630543
SCALE 1.000000 1.000000 1.000000
X 0.046999 -0.000057 0.998895
Y 0.998895 0.000063 -0.046999
Z -0.000060 1.000000 0.000060

BONE 15
OFFSET -2.674825 1.470707 47.504066
SCALE 1.000000 1.000000 1.000000
X 0.022171 0.997120 0.072589
Y -0.999643 0.021027 0.016482
Z 0.014908 -0.072935 0.997228

BONE 16
OFFSET -2.757595 3.681935 47.457428
SCALE 1.000000 1.000000 1.000000
X 0.012590 0.999857 -0.011736
Y -0.996217 0.011534 -0.086128
Z -0.085980 0.012770 0.996217

BONE 17
OFFSET -2.951204 12.174804 47.459717
SCALE 1.000000 1.000000 1.000000
X -0.021303 0.999635 0.016924
Y -0.996087 -0.019769 -0.086139
Z -0.085772 -0.018699 0.996141

BONE 18
OFFSET -3.065088 19.896173 47.455841
SCALE 1.000000 1.000000 1.000000
X -0.099597 0.992825 -0.066263
Y -0.069478 -0.073364 -0.994884
Z -0.992599 -0.094484 0.076287

BONE 19
OFFSET -2.351822 21.825737 47.498287
SCALE 1.000000 1.000000 1.000000
X 0.084428 0.992915 -0.083681
Y -0.215018 -0.063842 -0.974523
Z -0.972954 0.100269 0.208103

BONE 20
OFFSET -2.261591 22.885561 47.408741
SCALE 1.000000 1.000000 1.000000
X 0.084942 0.993001 -0.082129
Y -0.214909 -0.062222 -0.974652
Z -0.972933 0.100438 0.208118

BONE 21
OFFSET -2.200928 23.595146 47.349926
SCALE 1.000000 1.000000 1.000000
X 0.090116 0.994194 -0.058890
Y -0.212817 -0.038535 -0.976334
Z -0.972927 0.100515 0.208107

BONE 22
OFFSET -2.875530 21.912823 47.585556
SCALE 1.000000 1.000000 1.000000
X 0.001782 0.996648 -0.081857
Y -0.051135 -0.081653 -0.995350
Z -0.998690 0.005960 0.050818

BONE 23
OFFSET -2.873319 23.085585 47.489086
SCALE 1.000000 1.000000 1.000000
X 0.001782 0.996463 -0.084088
Y -0.051068 -0.083881 -0.995168
Z -0.998693 0.006067 0.050738

BONE 24
OFFSET -2.872012 23.866816 47.423115
SCALE 1.000000 1.000000 1.000000
X 0.000804 0.994628 -0.103570
Y -0.051020 -0.103388 -0.993333
Z -0.998697 0.006083 0.050662

BONE 25
OFFSET -3.814199 21.510942 47.273605
SCALE 1.000000 1.000000 1.000000
X -0.134417 0.987539 -0.081911
Y -0.030470 -0.086735 -0.995767
Z -0.990456 -0.131353 0.041749

BONE 26
OFFSET -3.945272 22.474413 47.193542
SCALE 1.000000 1.000000 1.000000
X -0.134311 0.987485 -0.082739
Y -0.030269 -0.087539 -0.995702
Z -0.990477 -0.131230 0.041649

BONE 27
OFFSET -4.017413 23.004505 47.149094
SCALE 1.000000 1.000000 1.000000
X -0.134297 0.987384 -0.083954
Y -0.029981 -0.088725 -0.995606
Z -0.990487 -0.131191 0.041519

BONE 28
OFFSET -3.370895 21.755878 47.485416
SCALE 1.000000 1.000000 1.000000
X -0.067397 0.994105 -0.084997
Y 0.011714 -0.084390 -0.996365
Z -0.997657 -0.068148 -0.005957

BONE 29
OFFSET -3.446278 22.868731 47.390064
SCALE 1.000000 1.000000 1.000000
X -0.067238 0.993688 -0.089856
Y 0.012177 -0.089230 -0.995938
Z -0.997663 -0.068059 -0.006100

BONE 30
OFFSET -3.496355 23.607698 47.323227
SCALE 1.000000 1.000000 1.000000
X -0.067205 0.993752 -0.089171
Y 0.012171 -0.088544 -0.995999
Z -0.997665 -0.068022 -0.006145

BONE 31
OFFSET -2.261635 19.976185 47.129444
SCALE 1.000000 1.000000 1.000000
X 0.562587 0.816663 -0.128709
Y -0.818176 0.572323 0.055115
Z 0.118673 0.074294 0.990152

BONE 32
OFFSET -1.606853 20.927334 46.979393
SCALE 1.000000 1.000000 1.000000
X 0.558046 0.818530 -0.136387
Y -0.820624 0.568754 0.055658
Z 0.123127 0.080857 0.989093

BONE 33
OFFSET -1.130924 21.625870 46.862858
SCALE 1.000000 1.000000 1.000000
X 0.637862 0.764372 -0.094203
Y -0.764489 0.643226 0.042668
Z 0.093207 0.044795 0.994640

BONE 34
OFFSET -0.862270 18.624224 46.076908
SCALE 1.000000 1.000000 1.000000
X -0.099594 0.992824 -0.066280
Y -0.069484 -0.073382 -0.994882
Z -0.992599 -0.094479 0.076294

BONE 35
OFFSET 10.749754 13.127323 23.773653
SCALE 1.000000 1.000000 1.000000
X 0.537919 0.842835 0.016688
Y -0.502370 0.304601 0.809224
Z 0.676954 -0.443686 0.587267

BONE 36
OFFSET -3.031681 17.635603 47.456795
SCALE 1.000000 1.000000 1.000000
X -0.021301 0.999635 0.016934
Y -0.996089 -0.019767 -0.086119
Z -0.085752 -0.018708 0.996143

BONE 37
OFFSET -2.753336 4.016459 47.453419
SCALE 1.000000 1.000000 1.000000
X 0.012565 0.999859 -0.011625
Y -0.996217 0.011518 -0.086129
Z -0.085982 0.012657 0.996218

BONE 38
OFFSET -2.622968 4.604568 49.019207
SCALE 1.000000 1.000000 1.000000
X 0.031946 -0.293792 0.955340
Y -0.946476 -0.316051 -0.065542
Z 0.321189 -0.902113 -0.288157

BONE 39
OFFSET -2.677387 -1.469674 47.504173
SCALE 1.000000 1.000000 1.000000
X -0.019467 0.997196 -0.072255
Y 0.999656 0.018145 -0.018909
Z -0.017546 -0.072598 -0.997207

BONE 40
OFFSET -2.757423 -3.679936 47.456596
SCALE 1.000000 1.000000 1.000000
X -0.014741 0.999842 0.009892
Y 0.996376 0.013860 0.083918
Z 0.083768 0.011093 -0.996423

BONE 41
OFFSET -2.934107 -12.175663 47.477463
SCALE 1.000000 1.000000 1.000000
X 0.022417 0.999636 -0.015031
Y 0.996257 -0.021081 0.083828
Z 0.083481 -0.016854 -0.996367

BONE 42
OFFSET -3.057180 -19.898973 47.461464
SCALE 1.000000 1.000000 1.000000
X 0.049861 0.990322 0.129521
Y -0.086089 -0.124938 0.988422
Z 0.995039 -0.060434 0.079026

BONE 43
OFFSET -2.340964 -21.827839 47.496502
SCALE 1.000000 1.000000 1.000000
X -0.086050 0.992673 0.084829
Y 0.053564 -0.080412 0.995321
Z 0.994850 0.090191 -0.046252

BONE 44
OFFSET -2.248929 -22.889975 47.405643
SCALE 1.000000 1.000000 1.000000
X -0.089042 0.992496 0.083805
Y 0.053598 -0.079242 0.995413
Z 0.994584 0.093125 -0.046140

BONE 45
OFFSET -2.185565 -23.595634 47.346169
SCALE 1.000000 1.000000 1.000000
X -0.088321 0.991340 0.097179
Y 0.054809 -0.092575 0.994196
Z 0.994583 0.093135 -0.046158

BONE 46
OFFSET -2.863567 -21.913477 47.583614
SCALE 1.000000 1.000000 1.000000
X -0.000833 0.996301 0.085934
Y -0.105866 -0.085539 0.990694
Z 0.994380 -0.008272 0.105546

BONE 47
OFFSET -2.862621 -23.085798 47.482529
SCALE 1.000000 1.000000 1.000000
X -0.000542 0.996564 0.082829
Y -0.105829 -0.082421 0.990963
Z 0.994384 -0.008229 0.105510

BONE 48
OFFSET -2.862143 -23.865091 47.417793
SCALE 1.000000 1.000000 1.000000
X -0.010118 0.985022 0.172131
Y -0.105383 -0.172232 0.979403
Z 0.994380 -0.008230 0.105547

BONE 49
OFFSET -3.800089 -21.507244 47.275917
SCALE 1.000000 1.000000 1.000000
X 0.134988 0.987292 0.083860
Y -0.124110 -0.067120 0.989996
Z 0.983043 -0.144046 0.113472

BONE 50
OFFSET -3.932177 -22.473793 47.193855
SCALE 1.000000 1.000000 1.000000
X 0.134631 0.987125 0.086360
Y -0.124454 -0.069619 0.989780
Z 0.983049 -0.144003 0.113479

BONE 51
OFFSET -4.004131 -23.000870 47.147774
SCALE 1.000000 1.000000 1.000000
X 0.182174 0.977214 0.108931
Y -0.126753 -0.086521 0.988154
Z 0.975062 -0.193823 0.108103

BONE 52
OFFSET -3.357797 -21.754505 47.485344
SCALE 1.000000 1.000000 1.000000
X 0.067233 0.994067 0.085505
Y -0.165181 -0.073426 0.983526
Z 0.983969 -0.080250 0.159265

BONE 53
OFFSET -3.433272 -22.869198 47.389481
SCALE 1.000000 1.000000 1.000000
X 0.067543 0.994235 0.083279
Y -0.164985 -0.071190 0.983723
Z 0.983980 -0.080183 0.159225

BONE 54
OFFSET -3.483500 -23.609953 47.327408
SCALE 1.000000 1.000000 1.000000
X 0.068763 0.994746 0.075846
Y -0.164479 -0.063682 0.984323
Z 0.983981 -0.080160 0.159236

BONE 55
OFFSET -2.272253 -19.971174 47.129784
SCALE 1.000000 1.000000 1.000000
X -0.575911 0.806601 0.133122
Y 0.816334 0.558669 0.146586
Z 0.043865 0.193093 -0.980199

BONE 56
OFFSET -1.592468 -20.923607 46.972572
SCALE 1.000000 1.000000 1.000000
X -0.568570 0.811573 0.134450
Y 0.821464 0.551412 0.145400
Z 0.043865 0.193116 -0.980195

BONE 57
OFFSET -1.106847 -21.616915 46.857780
SCALE 1.000000 1.000000 1.000000
X -0.532954 0.834392 0.140535
Y 0.845003 0.516222 0.139584
Z 0.043920 0.193144 -0.980187

BONE 58
OFFSET -5.400259 -21.309137 48.406551
SCALE 1.000000 1.000000 1.000000
X 0.049866 0.990324 0.129507
Y -0.086090 -0.124923 0.988424
Z 0.995038 -0.060438 0.079028

BONE 59
OFFSET -9.565969 -25.501150 50.288841
SCALE 1.000000 1.000000 1.000000
X 0.559814 -0.826356 0.061187
Y 0.612423 0.362884 -0.702320
Z 0.558162 0.430641 0.709227

BONE 60
OFFSET -9.565969 -25.501150 50.288841
SCALE 1.000000 1.000000 1.000000
X 0.560067 -0.826236 0.060493
Y 0.585087 0.342794 -0.734960
Z 0.586514 0.447020 0.675408

BONE 61
OFFSET -3.021157 -17.637838 47.466175
SCALE 1.000000 1.000000 1.000000
X 0.022401 0.999636 -0.015030
Y 0.996261 -0.021065 0.083785
Z 0.083437 -0.016850 -0.996370

BONE 62
OFFSET -2.752995 -3.981134 47.453609
SCALE 1.000000 1.000000 1.000000
X -0.014732 0.999843 0.009885
Y 0.996374 0.013851 0.083940
Z 0.083790 0.011085 -0.996422

BONE 63
OFFSET -2.617612 -4.566164 49.020592
SCALE 1.000000 1.000000 1.000000
X -0.048625 0.246080 0.968029
Y 0.933416 -0.333740 0.131726
Z 0.355485 0.909979 -0.213466

BONE 64
OFFSET -2.534840 -0.000582 48.708759
SCALE 1.000000 1.000000 1.000000
X 0.309779 -0.000040 0.950809
Y 0.950808 0.000075 -0.309779
Z -0.000059 1.000000 0.000062

BONE 65
OFFSET -2.534840 -0.000582 50.884945
SCALE 1.000000 1.000000 1.000000
X 0.216388 -0.000041 0.976307
Y 0.976307 0.000072 -0.216388
Z -0.000061 1.000000 0.000056

BONE 66
OFFSET -2.339313 3.460368 50.736012
SCALE 1.000000 1.000000 1.000000
X -0.019307 -0.997191 -0.072365
Y 0.999659 -0.017984 -0.018891
Z 0.017537 -0.072705 0.997199

BONE 67
OFFSET -2.338894 -3.461014 50.735741
SCALE 1.000000 1.000000 1.000000
X 0.022416 -0.997207 0.072117
Y -0.999637 -0.021281 0.016482
Z -0.014900 -0.072544 -0.997284

BONE 68
OFFSET 14.293778 -24.518057 27.103352
SCALE 1.000000 1.000000 1.000000
X 1.000000 0.000024 0.000078
Y -0.000024 1.000000 0.000029
Z -0.000078 -0.000029 1.000000

BONE 69
OFFSET 9.383656 -24.518873 33.603905
SCALE 1.000000 1.000000 1.000000
X -0.000122 1.000000 0.000178
Y 0.764294 0.000208 -0.644868
Z -0.644868 0.000057 -0.764294

BONE 70
OFFSET -9.706920 0.688473 44.972111
SCALE 1.000000 1.000000 1.000000
X -0.989753 -0.000189 0.142791
Y 0.000191 -1.000000 -0.000000
Z 0.142791 0.000027 0.989753

BONE 71
OFFSET -8.118586 -3.952514 43.146259
SCALE 1.000000 1.000000 1.000000
X -0.006997 0.025912 -0.999639
Y -0.984168 -0.177223 0.002295
Z -0.177099 0.983827 0.026743

BONE 72
OFFSET 9.383656 -24.518873 33.603905
SCALE 1.000000 1.000000 1.000000
X 1.000000 -0.000037 0.000078
Y 0.000037 1.000000 0.000003
Z -0.000078 -0.000003 1.000000

BONE 73
OFFSET -8.090335 -2.254117 31.805368
SCALE 1.000000 1.000000 1.000000
X -0.188090 0.137967 0.972413
Y 0.149134 -0.974592 0.167122
Z 0.970763 0.176455 0.162736

BONE 74
OFFSET -0.001960 0.000000 -0.000000
SCALE 1.000000 1.000000 1.000000
X -1.000000 0.000000 0.000000
Y 0.000000 -1.000000 0.000000
Z 0.000000 0.000000 1.000000


NUMVERTS 2664
VERT 0
OFFSET -4.827206 2.996494 46.669949
BONES 4
BONE 12 0.012129
BONE 13 0.233152
BONE 16 0.244705
BONE 15 0.510014

VERT 1
OFFSET -4.672238 3.070440 47.610901
BONES 5
BONE 15 0.687404
BONE 13 0.171866
BONE 16 0.140710
BONE 12 0.000013
BONE 64 0.000008

VERT 2
OFFSET -4.785921 -0.681121 47.534054
BONES 5
BONE 40 0.016899
BONE 39 0.149296
BONE 64 0.012430
BONE 12 0.017259
BONE 13 0.804116

VERT 3
OFFSET -0.543471 -2.723584 47.042599
BONES 2
BONE 39 0.118764
BONE 13 0.881236

VERT 4
OFFSET -1.420649 -3.029113 48.005703
BONES 5
BONE 65 0.000000
BONE 64 0.000021
BONE 39 0.580857
BONE 13 0.183176
BONE 40 0.235946

VERT 5
OFFSET -0.309424 -1.127653 47.010288
BONES 2
BONE 13 0.987186
BONE 39 0.012814

VERT 6
OFFSET -1.567975 -0.358258 48.590832
BONES 4
BONE 65 0.005403
BONE 64 0.142933
BONE 13 0.830027
BONE 39 0.021637

VERT 7
OFFSET -1.758915 -0.984099 48.834595
BONES 4
BONE 39 0.084731
BONE 65 0.068271
BONE 64 0.176466
BONE 13 0.670531

VERT 8
OFFSET -2.464455 -2.382219 48.871201
BONES 5
BONE 65 0.003233
BONE 64 0.057520
BONE 40 0.045033
BONE 13 0.357880
BONE 39 0.536334

VERT 9
OFFSET -2.438601 -1.590333 49.226299
BONES 4
BONE 13 0.493022
BONE 64 0.253165
BONE 39 0.215872
BONE 65 0.037941

VERT 10
OFFSET -2.513419 -3.033558 48.884342
BONES 4
BONE 39 0.640835
BONE 40 0.248065
BONE 13 0.109773
BONE 64 0.001328

VERT 11
OFFSET -0.366126 0.446983 46.876774
BONES 2
BONE 13 1.000000
BONE 39 0.000000

VERT 12
OFFSET -0.246851 0.440810 46.953297
BONES 2
BONE 15 0.000110
BONE 13 0.999890

VERT 13
OFFSET -1.565375 0.270208 48.526012
BONES 4
BONE 13 0.844601
BONE 15 0.007227
BONE 64 0.148171
BONE 11 0.000000

VERT 14
OFFSET -1.443109 3.047367 47.982361
BONES 5
BONE 65 0.000006
BONE 64 0.000248
BONE 15 0.573874
BONE 13 0.204003
BONE 16 0.221869

VERT 15
OFFSET -0.544014 2.724766 47.042595
BONES 2
BONE 15 0.118772
BONE 13 0.881228

VERT 16
OFFSET -1.713787 1.006476 48.844208
BONES 4
BONE 13 0.675317
BONE 64 0.177824
BONE 65 0.057864
BONE 15 0.088995

VERT 17
OFFSET -2.437530 3.026288 49.025566
BONES 4
BONE 15 0.640835
BONE 16 0.248065
BONE 13 0.109773
BONE 64 0.001328

VERT 18
OFFSET -2.464653 2.390895 48.871624
BONES 5
BONE 65 0.003237
BONE 64 0.057549
BONE 16 0.045013
BONE 13 0.357936
BONE 15 0.536266

VERT 19
OFFSET -2.438805 1.593118 49.226593
BONES 4
BONE 13 0.493022
BONE 64 0.253165
BONE 15 0.215872
BONE 65 0.037941

VERT 20
OFFSET -4.853638 -2.984973 46.659679
BONES 4
BONE 12 0.012407
BONE 13 0.235190
BONE 40 0.243709
BONE 39 0.508694

VERT 21
OFFSET -4.621268 -3.054607 47.616314
BONES 4
BONE 39 0.687786
BONE 13 0.171388
BONE 40 0.140826
BONE 11 0.000000

VERT 22
OFFSET -4.626816 -3.054346 47.616768
BONES 4
BONE 39 0.687786
BONE 13 0.171388
BONE 40 0.140826
BONE 11 0.000000

VERT 23
OFFSET -4.492480 -2.292761 48.192741
BONES 4
BONE 39 0.520986
BONE 13 0.367382
BONE 40 0.082867
BONE 64 0.028766

VERT 24
OFFSET -4.530995 -2.130625 48.205708
BONES 5
BONE 13 0.411215
BONE 39 0.479905
BONE 64 0.035314
BONE 40 0.073268
BONE 12 0.000298

VERT 25
OFFSET -4.388813 -3.064490 48.194283
BONES 4
BONE 39 0.678441
BONE 40 0.158801
BONE 13 0.154758
BONE 64 0.007999

VERT 26
OFFSET -0.994777 0.035972 47.775558
BONES 1
BONE 13 1.000000

VERT 27
OFFSET -0.823487 0.107819 47.540154
BONES 1
BONE 13 1.000000

VERT 28
OFFSET -0.847151 -0.221848 47.666210
BONES 1
BONE 13 1.000000

VERT 29
OFFSET -2.551345 1.397396 49.751476
BONES 4
BONE 15 0.061326
BONE 13 0.216069
BONE 65 0.248630
BONE 64 0.473975

VERT 30
OFFSET -1.660317 0.845156 49.324757
BONES 4
BONE 15 0.011275
BONE 13 0.331116
BONE 65 0.188266
BONE 64 0.469343

VERT 31
OFFSET -3.702503 1.275929 50.006721
BONES 4
BONE 64 0.531152
BONE 65 0.249417
BONE 13 0.167383
BONE 15 0.052048

VERT 32
OFFSET -2.589249 1.761413 49.277359
BONES 4
BONE 13 0.501607
BONE 64 0.219417
BONE 15 0.241512
BONE 65 0.037465

VERT 33
OFFSET -4.243084 -0.180304 50.015926
BONES 5
BONE 64 0.583451
BONE 65 0.273311
BONE 13 0.131716
BONE 15 0.000959
BONE 39 0.010563

VERT 34
OFFSET -4.223253 0.866824 49.430477
BONES 5
BONE 39 0.000362
BONE 65 0.071290
BONE 15 0.093907
BONE 13 0.387369
BONE 64 0.447072

VERT 35
OFFSET -3.616112 -1.299176 50.019325
BONES 4
BONE 39 0.043043
BONE 13 0.140289
BONE 65 0.281111
BONE 64 0.535557

VERT 36
OFFSET -2.433831 -1.338464 49.720470
BONES 4
BONE 39 0.031659
BONE 13 0.173954
BONE 65 0.282710
BONE 64 0.511677

VERT 37
OFFSET -4.041539 -1.177550 49.450893
BONES 4
BONE 65 0.075497
BONE 39 0.133590
BONE 13 0.371415
BONE 64 0.419498

VERT 38
OFFSET -2.600172 -1.756376 49.279926
BONES 4
BONE 13 0.499634
BONE 64 0.221227
BONE 39 0.241189
BONE 65 0.037950

VERT 39
OFFSET -1.593458 -0.777255 49.297321
BONES 4
BONE 39 0.006397
BONE 13 0.366009
BONE 65 0.172474
BONE 64 0.455120

VERT 40
OFFSET -1.360968 -1.324653 48.423016
BONES 4
BONE 13 0.847095
BONE 64 0.022983
BONE 39 0.129872
BONE 65 0.000050

VERT 41
OFFSET -1.567831 -0.049706 49.181499
BONES 5
BONE 15 0.004085
BONE 64 0.366000
BONE 13 0.600126
BONE 65 0.028478
BONE 39 0.001311

VERT 42
OFFSET -0.937325 -0.793659 47.911510
BONES 4
BONE 39 0.024714
BONE 65 0.000138
BONE 64 0.000894
BONE 13 0.974254

VERT 43
OFFSET -3.997054 0.836961 50.005070
BONES 5
BONE 64 0.560341
BONE 65 0.230760
BONE 13 0.178483
BONE 15 0.030154
BONE 39 0.000261

VERT 44
OFFSET -4.277134 0.203561 49.403805
BONES 5
BONE 15 0.011263
BONE 39 0.000874
BONE 65 0.068974
BONE 13 0.458589
BONE 64 0.460301

VERT 45
OFFSET -3.369190 1.505107 49.371124
BONES 4
BONE 65 0.076443
BONE 15 0.187333
BONE 13 0.382114
BONE 64 0.354109

VERT 46
OFFSET -2.580788 1.286402 49.753345
BONES 4
BONE 64 0.473851
BONE 13 0.216805
BONE 65 0.248126
BONE 15 0.061219

VERT 47
OFFSET -1.692255 0.647431 49.278629
BONES 4
BONE 15 0.010303
BONE 65 0.165834
BONE 13 0.382623
BONE 64 0.441241

VERT 48
OFFSET -2.346597 1.601970 49.227192
BONES 4
BONE 65 0.040359
BONE 15 0.207874
BONE 64 0.249634
BONE 13 0.502133

VERT 49
OFFSET -1.712762 0.335920 48.529346
BONES 5
BONE 39 0.000058
BONE 15 0.019956
BONE 65 0.015246
BONE 64 0.147187
BONE 13 0.817553

VERT 50
OFFSET -1.647591 0.003634 49.145996
BONES 5
BONE 39 0.000258
BONE 13 0.491190
BONE 64 0.464669
BONE 65 0.037128
BONE 15 0.006755

VERT 51
OFFSET -1.363777 1.325928 48.423054
BONES 3
BONE 15 0.131252
BONE 64 0.023025
BONE 13 0.845723

VERT 52
OFFSET -1.586411 0.045841 49.173332
BONES 4
BONE 15 0.006748
BONE 65 0.029099
BONE 13 0.485415
BONE 64 0.478738

VERT 53
OFFSET -0.937682 0.793040 47.911369
BONES 4
BONE 15 0.024717
BONE 65 0.000136
BONE 64 0.000876
BONE 13 0.974271

VERT 54
OFFSET -1.596258 0.009132 49.149323
BONES 4
BONE 15 0.007041
BONE 65 0.030504
BONE 64 0.456248
BONE 13 0.506207

VERT 55
OFFSET -1.768232 0.993558 49.380508
BONES 4
BONE 64 0.497790
BONE 13 0.272731
BONE 65 0.213775
BONE 15 0.015703

VERT 56
OFFSET -1.508883 0.042849 49.268528
BONES 4
BONE 64 0.504793
BONE 13 0.450731
BONE 65 0.037986
BONE 15 0.006490

VERT 57
OFFSET -0.944326 0.785024 47.897766
BONES 4
BONE 65 0.000003
BONE 13 0.974955
BONE 64 0.000029
BONE 15 0.025014

VERT 58
OFFSET -1.642502 1.549944 48.733341
BONES 3
BONE 15 0.219566
BONE 64 0.051758
BONE 13 0.728676

VERT 59
OFFSET -2.590961 1.709747 49.304634
BONES 4
BONE 13 0.477520
BONE 15 0.246457
BONE 64 0.237669
BONE 65 0.038354

VERT 60
OFFSET -2.571716 1.426704 49.763088
BONES 4
BONE 15 0.057628
BONE 13 0.208326
BONE 65 0.254750
BONE 64 0.479296

VERT 61
OFFSET -3.756003 1.122493 50.003574
BONES 5
BONE 39 0.000111
BONE 15 0.048141
BONE 13 0.178355
BONE 65 0.236805
BONE 64 0.536588

VERT 62
OFFSET -4.035955 0.910560 50.386707
BONES 5
BONE 39 0.000275
BONE 15 0.009081
BONE 13 0.073715
BONE 65 0.333310
BONE 64 0.583619

VERT 63
OFFSET -3.851677 1.409174 49.506004
BONES 4
BONE 13 0.362533
BONE 64 0.388916
BONE 15 0.171478
BONE 65 0.077072

VERT 64
OFFSET -4.262018 0.387222 49.421654
BONES 5
BONE 39 0.000464
BONE 15 0.021343
BONE 65 0.064146
BONE 13 0.411736
BONE 64 0.502311

VERT 65
OFFSET -4.076511 -1.118066 49.498085
BONES 4
BONE 64 0.428023
BONE 13 0.375047
BONE 65 0.074398
BONE 39 0.122532

VERT 66
OFFSET -3.870377 -1.057832 50.371872
BONES 4
BONE 39 0.010289
BONE 13 0.072940
BONE 65 0.333669
BONE 64 0.583102

VERT 67
OFFSET -3.686360 -1.144000 50.002949
BONES 4
BONE 64 0.534166
BONE 65 0.237329
BONE 13 0.178127
BONE 39 0.050378

VERT 68
OFFSET -3.342927 -1.681755 49.403122
BONES 4
BONE 13 0.381582
BONE 64 0.330610
BONE 39 0.219089
BONE 65 0.068719

VERT 69
OFFSET -2.578703 -1.409518 49.766083
BONES 4
BONE 39 0.058060
BONE 13 0.209469
BONE 65 0.253772
BONE 64 0.478699

VERT 70
OFFSET -1.804966 -1.040991 49.423954
BONES 4
BONE 64 0.523687
BONE 65 0.234146
BONE 13 0.220229
BONE 39 0.021938

VERT 71
OFFSET -1.962242 -1.647079 48.988075
BONES 4
BONE 13 0.619817
BONE 39 0.261583
BONE 64 0.110461
BONE 65 0.008139

VERT 72
OFFSET -1.508329 -0.040791 49.269482
BONES 4
BONE 39 0.006490
BONE 65 0.038067
BONE 13 0.450629
BONE 64 0.504814

VERT 73
OFFSET -1.594390 -0.092158 49.145531
BONES 5
BONE 39 0.001601
BONE 13 0.602410
BONE 64 0.344733
BONE 65 0.047196
BONE 15 0.004059

VERT 74
OFFSET -1.417591 -1.379344 48.488602
BONES 3
BONE 13 0.828120
BONE 64 0.027033
BONE 39 0.144847

VERT 75
OFFSET -0.946982 -0.783877 47.896835
BONES 4
BONE 13 0.975136
BONE 64 0.000014
BONE 65 0.000002
BONE 39 0.024848

VERT 76
OFFSET -3.920887 0.920032 50.014473
BONES 5
BONE 39 0.000242
BONE 65 0.233009
BONE 13 0.177690
BONE 64 0.553868
BONE 15 0.035191

VERT 77
OFFSET -3.807657 0.966410 48.810822
BONES 5
BONE 39 0.002009
BONE 15 0.154127
BONE 65 0.037011
BONE 13 0.510695
BONE 64 0.296158

VERT 78
OFFSET -2.659677 1.346003 49.814571
BONES 4
BONE 64 0.474707
BONE 65 0.247624
BONE 13 0.217708
BONE 15 0.059962

VERT 79
OFFSET -1.737859 0.669576 49.306648
BONES 4
BONE 64 0.440036
BONE 13 0.378783
BONE 65 0.165272
BONE 15 0.015909

VERT 80
OFFSET -2.743141 1.369771 48.703602
BONES 4
BONE 65 0.037503
BONE 15 0.187588
BONE 64 0.244354
BONE 13 0.530555

VERT 81
OFFSET -1.773744 0.718748 48.306324
BONES 4
BONE 65 0.000331
BONE 64 0.036638
BONE 13 0.892679
BONE 15 0.070352

VERT 82
OFFSET -1.634568 -0.173981 49.059383
BONES 5
BONE 13 0.596532
BONE 64 0.357662
BONE 65 0.038233
BONE 15 0.002145
BONE 39 0.005428

VERT 83
OFFSET -1.548357 -0.196563 48.006100
BONES 3
BONE 64 0.027265
BONE 13 0.972735
BONE 11 0.000000

VERT 84
OFFSET -3.879676 -0.958559 50.007751
BONES 4
BONE 64 0.555767
BONE 65 0.231785
BONE 13 0.177624
BONE 39 0.034825

VERT 85
OFFSET -3.978438 -1.090686 49.442211
BONES 4
BONE 39 0.121474
BONE 65 0.087329
BONE 64 0.408173
BONE 13 0.383024

VERT 86
OFFSET -2.561951 -1.286558 49.749290
BONES 4
BONE 64 0.474167
BONE 65 0.248053
BONE 13 0.217175
BONE 39 0.060605

VERT 87
OFFSET -2.870667 -1.575503 49.252228
BONES 4
BONE 64 0.299469
BONE 13 0.436382
BONE 39 0.207748
BONE 65 0.056401

VERT 88
OFFSET -1.647727 -0.624757 49.263676
BONES 4
BONE 39 0.010573
BONE 65 0.154844
BONE 13 0.409069
BONE 64 0.425514

VERT 89
OFFSET -1.678453 -0.918627 48.801773
BONES 4
BONE 65 0.070299
BONE 39 0.068408
BONE 64 0.163209
BONE 13 0.698083

VERT 90
OFFSET -1.611413 0.000210 49.144726
BONES 5
BONE 13 0.618098
BONE 64 0.353698
BONE 65 0.022419
BONE 39 0.000000
BONE 15 0.005785

VERT 91
OFFSET -1.559520 0.017116 48.539829
BONES 5
BONE 39 0.007187
BONE 13 0.838363
BONE 65 0.003420
BONE 64 0.146872
BONE 15 0.004159

VERT 92
OFFSET -3.827851 -1.011032 50.013317
BONES 4
BONE 39 0.038176
BONE 65 0.233426
BONE 13 0.177395
BONE 64 0.551003

VERT 93
OFFSET -3.590724 -1.069086 48.820255
BONES 4
BONE 65 0.041107
BONE 39 0.183866
BONE 64 0.293734
BONE 13 0.481293

VERT 94
OFFSET -2.659018 -1.345856 49.813953
BONES 4
BONE 39 0.059902
BONE 65 0.247760
BONE 13 0.217524
BONE 64 0.474814

VERT 95
OFFSET -1.666152 -0.625324 49.277546
BONES 4
BONE 64 0.439422
BONE 13 0.393172
BONE 65 0.157905
BONE 39 0.009501

VERT 96
OFFSET -2.572326 -1.358806 48.669685
BONES 4
BONE 13 0.584590
BONE 39 0.178168
BONE 64 0.208032
BONE 65 0.029209

VERT 97
OFFSET -1.612552 -0.188935 48.635220
BONES 4
BONE 65 0.027034
BONE 13 0.798484
BONE 64 0.174482
BONE 11 0.000000

VERT 98
OFFSET -1.544713 0.173624 49.074501
BONES 4
BONE 15 0.008594
BONE 65 0.036073
BONE 64 0.276089
BONE 13 0.679244

VERT 99
OFFSET -1.526614 0.257186 48.548683
BONES 4
BONE 13 0.844601
BONE 15 0.007227
BONE 64 0.148171
BONE 11 0.000000

VERT 100
OFFSET -1.611581 -0.209837 48.147663
BONES 4
BONE 64 0.032151
BONE 39 0.007624
BONE 13 0.960225
BONE 11 0.000000

VERT 101
OFFSET -2.410791 19.808613 47.952545
BONES 2
BONE 18 0.813944
BONE 17 0.186056

VERT 102
OFFSET -2.033746 19.811016 47.515503
BONES 2
BONE 17 0.045502
BONE 18 0.954498

VERT 103
OFFSET -3.370907 19.796904 47.983704
BONES 2
BONE 18 0.815379
BONE 17 0.184621

VERT 104
OFFSET -3.880918 19.751369 47.555923
BONES 2
BONE 17 0.134904
BONE 18 0.865096

VERT 105
OFFSET -2.149702 19.816511 46.884693
BONES 2
BONE 17 0.007259
BONE 18 0.992741

VERT 106
OFFSET -2.237844 18.497517 46.782726
BONES 2
BONE 17 0.287652
BONE 18 0.712348

VERT 107
OFFSET -2.984515 19.805565 46.630154
BONES 2
BONE 17 0.011784
BONE 18 0.988216

VERT 108
OFFSET -3.563855 18.478977 46.784687
BONES 2
BONE 17 0.303676
BONE 18 0.696324

VERT 109
OFFSET -3.770670 19.745436 46.997719
BONES 2
BONE 18 0.967678
BONE 17 0.032322

VERT 110
OFFSET -3.620934 19.708241 47.649693
BONES 2
BONE 17 0.148615
BONE 18 0.851385

VERT 111
OFFSET -3.642851 18.494692 47.608814
BONES 2
BONE 18 0.731835
BONE 17 0.268165

VERT 112
OFFSET -1.946240 18.530838 47.145786
BONES 2
BONE 18 0.726070
BONE 17 0.273930

VERT 113
OFFSET -2.005777 18.509752 47.715302
BONES 2
BONE 18 0.748507
BONE 17 0.251493

VERT 114
OFFSET -2.307500 18.526737 46.685867
BONES 2
BONE 17 0.307136
BONE 18 0.692864

VERT 115
OFFSET -2.232205 16.959984 46.702324
BONES 3
BONE 17 0.716699
BONE 18 0.283301
BONE 11 0.000000

VERT 116
OFFSET -2.170824 15.132620 46.564960
BONES 2
BONE 17 0.962403
BONE 18 0.037597

VERT 117
OFFSET -3.765688 18.477962 46.861050
BONES 2
BONE 17 0.300507
BONE 18 0.699494

VERT 118
OFFSET -3.338586 15.105285 46.402039
BONES 2
BONE 17 0.960945
BONE 18 0.039054

VERT 119
OFFSET -3.767156 18.469488 47.600285
BONES 2
BONE 18 0.723237
BONE 17 0.276763

VERT 120
OFFSET -3.892355 15.103097 47.633453
BONES 2
BONE 18 0.054745
BONE 17 0.945255

VERT 121
OFFSET -1.952406 15.125876 47.740559
BONES 3
BONE 18 0.045665
BONE 17 0.954335
BONE 11 0.000000

VERT 122
OFFSET -2.606763 15.118424 48.348892
BONES 2
BONE 18 0.059009
BONE 17 0.940991

VERT 123
OFFSET -3.373194 15.114248 48.296326
BONES 2
BONE 17 0.939202
BONE 18 0.060798

VERT 124
OFFSET -3.906127 15.102481 47.638645
BONES 3
BONE 17 0.945430
BONE 18 0.054570
BONE 11 0.000000

VERT 125
OFFSET -3.786623 18.456495 47.568340
BONES 2
BONE 17 0.280675
BONE 18 0.719325

VERT 126
OFFSET -3.428591 18.499973 48.069843
BONES 2
BONE 18 0.749019
BONE 17 0.250981

VERT 127
OFFSET -2.658491 16.955633 48.197102
BONES 3
BONE 17 0.658161
BONE 18 0.341839
BONE 11 0.000000

VERT 128
OFFSET -2.676827 18.518536 48.131252
BONES 4
BONE 17 0.239152
BONE 3 0.000000
BONE 18 0.760848
BONE 11 0.000000

VERT 129
OFFSET -1.991019 16.137445 47.716648
BONES 3
BONE 17 0.828797
BONE 18 0.171203
BONE 11 0.000000

VERT 130
OFFSET -2.205603 18.498079 48.045494
BONES 2
BONE 17 0.248520
BONE 18 0.751480

VERT 131
OFFSET -3.709127 18.485342 47.618767
BONES 2
BONE 17 0.270437
BONE 18 0.729563

VERT 132
OFFSET -2.282222 18.536860 47.711937
BONES 2
BONE 18 0.751663
BONE 17 0.248337

VERT 133
OFFSET -2.115923 19.812370 47.795853
BONES 2
BONE 18 0.888881
BONE 17 0.111119

VERT 134
OFFSET -3.761728 18.516560 47.606697
BONES 2
BONE 18 0.731232
BONE 17 0.268768

VERT 135
OFFSET -3.998138 19.765594 47.674076
BONES 2
BONE 18 0.864863
BONE 17 0.135137

VERT 136
OFFSET -3.422499 18.518734 46.935463
BONES 2
BONE 17 0.300654
BONE 18 0.699346

VERT 137
OFFSET -3.716413 18.515320 47.553467
BONES 2
BONE 17 0.269063
BONE 18 0.730938

VERT 138
OFFSET -2.225097 18.535894 47.496216
BONES 2
BONE 18 0.745171
BONE 17 0.254829

VERT 139
OFFSET -3.212096 18.521889 47.859581
BONES 2
BONE 18 0.756074
BONE 17 0.243926

VERT 140
OFFSET -2.400480 19.809319 46.657333
BONES 2
BONE 18 0.991197
BONE 17 0.008803

VERT 141
OFFSET -2.400569 18.535028 46.937260
BONES 2
BONE 18 0.714086
BONE 17 0.285914

VERT 142
OFFSET -2.520709 18.531652 47.824295
BONES 2
BONE 18 0.759591
BONE 17 0.240409

VERT 143
OFFSET -3.794003 19.787138 46.979996
BONES 2
BONE 18 0.967627
BONE 17 0.032373

VERT 144
OFFSET -3.709306 19.752710 47.801968
BONES 2
BONE 17 0.147913
BONE 18 0.852087

VERT 145
OFFSET -3.551445 18.517103 47.775028
BONES 2
BONE 18 0.741315
BONE 17 0.258685

VERT 146
OFFSET -2.268847 18.535353 47.118233
BONES 4
BONE 17 0.276646
BONE 3 0.000000
BONE 18 0.723354
BONE 11 0.000000

VERT 147
OFFSET -2.575042 18.531038 46.878078
BONES 2
BONE 18 0.706662
BONE 17 0.293338

VERT 148
OFFSET -3.665879 -14.188082 46.486794
BONES 3
BONE 41 0.996077
BONE 42 0.001462
BONE 40 0.002461

VERT 149
OFFSET -4.008367 -14.177087 47.664215
BONES 2
BONE 41 0.989735
BONE 42 0.010265

VERT 150
OFFSET -2.146549 -14.199288 46.508686
BONES 3
BONE 42 0.002703
BONE 41 0.984399
BONE 40 0.012897

VERT 151
OFFSET -1.956989 -14.199400 47.746658
BONES 3
BONE 42 0.000013
BONE 41 0.986458
BONE 40 0.013529

VERT 152
OFFSET -3.803014 -18.477348 46.975960
BONES 2
BONE 42 0.700351
BONE 41 0.299649

VERT 153
OFFSET -2.990124 -18.510208 46.584892
BONES 2
BONE 42 0.692517
BONE 41 0.307483

VERT 154
OFFSET -2.234741 -16.959715 46.701466
BONES 3
BONE 41 0.716699
BONE 42 0.283301
BONE 11 0.000000

VERT 155
OFFSET -3.768714 -18.470289 47.599491
BONES 2
BONE 41 0.276764
BONE 42 0.723237

VERT 156
OFFSET -2.300560 -18.544468 46.680428
BONES 2
BONE 41 0.292670
BONE 42 0.707330

VERT 157
OFFSET -1.947771 -18.530361 47.144920
BONES 2
BONE 42 0.726071
BONE 41 0.273929

VERT 158
OFFSET -2.005868 -18.510710 47.717144
BONES 2
BONE 42 0.748526
BONE 41 0.251474

VERT 159
OFFSET -3.428929 -18.496590 48.061253
BONES 2
BONE 42 0.747567
BONE 41 0.252433

VERT 160
OFFSET -3.788180 -18.457308 47.567543
BONES 2
BONE 42 0.719328
BONE 41 0.280672

VERT 161
OFFSET -2.678355 -18.518574 48.130417
BONES 4
BONE 41 0.239152
BONE 3 0.000000
BONE 42 0.760848
BONE 11 0.000000

VERT 162
OFFSET -2.598346 -14.188579 48.395824
BONES 3
BONE 40 0.002240
BONE 41 0.990550
BONE 42 0.007210

VERT 163
OFFSET -3.411360 -14.181360 48.358044
BONES 2
BONE 42 0.011751
BONE 41 0.988250

VERT 164
OFFSET -2.660988 -16.955666 48.196262
BONES 3
BONE 41 0.658161
BONE 42 0.341839
BONE 11 0.000000

VERT 165
OFFSET -3.953246 -14.175855 47.666946
BONES 2
BONE 41 0.989721
BONE 42 0.010279

VERT 166
OFFSET -2.411428 -19.808474 47.951725
BONES 2
BONE 42 0.813943
BONE 41 0.186057

VERT 167
OFFSET -2.034413 -19.810602 47.514652
BONES 2
BONE 41 0.045501
BONE 42 0.954499

VERT 168
OFFSET -2.207129 -18.497791 48.044643
BONES 2
BONE 41 0.248520
BONE 42 0.751480

VERT 169
OFFSET -3.371520 -19.797422 47.982895
BONES 2
BONE 42 0.815376
BONE 41 0.184624

VERT 170
OFFSET -3.710673 -18.486103 47.617931
BONES 2
BONE 41 0.270436
BONE 42 0.729564

VERT 171
OFFSET -3.881593 -19.752243 47.555138
BONES 2
BONE 41 0.134904
BONE 42 0.865096

VERT 172
OFFSET -2.150359 -19.816206 46.883823
BONES 2
BONE 41 0.007259
BONE 42 0.992741

VERT 173
OFFSET -2.239398 -18.497248 46.781883
BONES 2
BONE 42 0.712349
BONE 41 0.287651

VERT 174
OFFSET -2.985225 -19.805813 46.629345
BONES 2
BONE 41 0.011784
BONE 42 0.988216

VERT 175
OFFSET -3.565419 -18.479630 46.783882
BONES 2
BONE 41 0.303676
BONE 42 0.696324

VERT 176
OFFSET -3.771410 -19.746254 46.996902
BONES 2
BONE 42 0.967678
BONE 41 0.032322

VERT 177
OFFSET -3.621645 -19.708944 47.648907
BONES 2
BONE 41 0.148615
BONE 42 0.851385

VERT 178
OFFSET -3.644344 -18.495411 47.608040
BONES 2
BONE 42 0.731838
BONE 41 0.268162

VERT 179
OFFSET -2.283737 -18.536623 47.711109
BONES 2
BONE 42 0.751664
BONE 41 0.248336

VERT 180
OFFSET -2.402086 -18.534876 46.936424
BONES 2
BONE 41 0.285913
BONE 42 0.714087

VERT 181
OFFSET -2.401186 -19.809158 46.656487
BONES 2
BONE 42 0.991197
BONE 41 0.008803

VERT 182
OFFSET -3.763249 -18.517357 47.605888
BONES 2
BONE 42 0.731233
BONE 41 0.268767

VERT 183
OFFSET -2.116594 -19.812017 47.795040
BONES 2
BONE 42 0.888870
BONE 41 0.111130

VERT 184
OFFSET -3.998821 -19.766560 47.673298
BONES 2
BONE 42 0.864864
BONE 41 0.135137

VERT 185
OFFSET -3.424026 -18.519291 46.934654
BONES 2
BONE 42 0.699346
BONE 41 0.300655

VERT 186
OFFSET -3.717933 -18.516081 47.552666
BONES 2
BONE 41 0.269063
BONE 42 0.730937

VERT 187
OFFSET -2.226609 -18.535612 47.495369
BONES 2
BONE 42 0.745171
BONE 41 0.254828

VERT 188
OFFSET -3.552964 -18.517754 47.774223
BONES 2
BONE 42 0.741315
BONE 41 0.258685

VERT 189
OFFSET -3.213603 -18.522318 47.858765
BONES 2
BONE 42 0.756074
BONE 41 0.243926

VERT 190
OFFSET -2.270367 -18.535109 47.117386
BONES 4
BONE 41 0.276646
BONE 3 0.000000
BONE 42 0.723354
BONE 11 0.000000

VERT 191
OFFSET -2.576583 -18.531038 46.877235
BONES 2
BONE 42 0.706661
BONE 41 0.293339

VERT 192
OFFSET -2.522216 -18.531565 47.823456
BONES 2
BONE 42 0.759591
BONE 41 0.240409

VERT 193
OFFSET -3.794683 -19.787952 46.979179
BONES 2
BONE 42 0.967629
BONE 41 0.032371

VERT 194
OFFSET -3.709987 -19.753468 47.801174
BONES 2
BONE 41 0.147913
BONE 42 0.852087

VERT 195
OFFSET -1.994040 -16.137012 47.715786
BONES 3
BONE 41 0.828797
BONE 42 0.171203
BONE 11 0.000000

VERT 196
OFFSET -1.516597 0.277788 48.545139
BONES 4
BONE 65 0.004114
BONE 13 0.843225
BONE 15 0.005873
BONE 64 0.146788

VERT 197
OFFSET -4.417647 2.269024 48.167164
BONES 4
BONE 64 0.029457
BONE 16 0.082338
BONE 13 0.366600
BONE 15 0.521605

VERT 198
OFFSET -4.389134 3.076306 48.194965
BONES 4
BONE 15 0.678441
BONE 16 0.158801
BONE 13 0.154758
BONE 64 0.007999

VERT 199
OFFSET -4.011085 3.083025 48.734894
BONES 4
BONE 64 0.016723
BONE 13 0.138621
BONE 16 0.213924
BONE 15 0.630732

VERT 200
OFFSET -3.779883 2.479345 48.963123
BONES 4
BONE 15 0.578528
BONE 13 0.291386
BONE 64 0.075141
BONE 16 0.054945

VERT 201
OFFSET -3.536835 1.551913 49.459858
BONES 4
BONE 64 0.362750
BONE 13 0.382579
BONE 15 0.176188
BONE 65 0.078482

VERT 202
OFFSET -4.233240 0.208561 49.390694
BONES 7
BONE 39 0.000854
BONE 13 0.459104
BONE 15 0.012451
BONE 64 0.458697
BONE 65 0.068892
BONE 16 0.000001
BONE 12 0.000001

VERT 203
OFFSET -2.505543 3.024529 48.723034
BONES 5
BONE 65 0.000119
BONE 64 0.003158
BONE 13 0.117368
BONE 16 0.242018
BONE 15 0.637338

VERT 204
OFFSET -2.438805 1.593118 49.226593
BONES 4
BONE 13 0.493022
BONE 64 0.253165
BONE 15 0.215872
BONE 65 0.037941

VERT 205
OFFSET -4.432775 -1.329001 48.716908
BONES 6
BONE 40 0.013295
BONE 12 0.000160
BONE 39 0.283728
BONE 65 0.012239
BONE 64 0.125808
BONE 13 0.564771

VERT 206
OFFSET -4.061544 -1.013337 49.452343
BONES 4
BONE 39 0.108007
BONE 65 0.085605
BONE 64 0.412962
BONE 13 0.393426

VERT 207
OFFSET -3.126620 -1.610016 49.376797
BONES 4
BONE 65 0.069768
BONE 39 0.202736
BONE 13 0.396224
BONE 64 0.331272

VERT 208
OFFSET -4.001419 -3.065930 48.706177
BONES 5
BONE 40 0.212306
BONE 65 0.000058
BONE 64 0.017522
BONE 39 0.629953
BONE 13 0.140160

VERT 209
OFFSET -2.438601 -1.590333 49.226299
BONES 4
BONE 13 0.493022
BONE 64 0.253165
BONE 39 0.215872
BONE 65 0.037941

VERT 210
OFFSET -2.505254 -3.013656 48.722084
BONES 5
BONE 65 0.000119
BONE 64 0.003162
BONE 13 0.117384
BONE 40 0.242006
BONE 39 0.637328

VERT 211
OFFSET -4.753207 -0.000555 47.522217
BONES 3
BONE 12 0.021562
BONE 64 0.016494
BONE 13 0.961945

VERT 212
OFFSET -3.990156 -3.059357 48.663929
BONES 4
BONE 39 0.630810
BONE 40 0.213783
BONE 13 0.138664
BONE 64 0.016743

VERT 213
OFFSET -3.990555 3.070226 48.664616
BONES 4
BONE 15 0.630810
BONE 16 0.213783
BONE 13 0.138664
BONE 64 0.016743

VERT 214
OFFSET -4.479773 2.272230 48.196388
BONES 4
BONE 16 0.082625
BONE 64 0.029081
BONE 13 0.367025
BONE 15 0.521269

VERT 215
OFFSET -1.484682 0.177112 48.855675
BONES 4
BONE 15 0.008247
BONE 65 0.030723
BONE 64 0.198406
BONE 13 0.762623

VERT 216
OFFSET -1.584452 -0.114330 48.735291
BONES 5
BONE 13 0.784320
BONE 64 0.182988
BONE 65 0.025810
BONE 15 0.002678
BONE 39 0.004204

VERT 217
OFFSET -1.579560 -0.043538 49.005260
BONES 5
BONE 39 0.003141
BONE 15 0.004857
BONE 65 0.035333
BONE 64 0.228149
BONE 13 0.728519

VERT 218
OFFSET -3.504220 16.990156 47.793106
BONES 2
BONE 17 0.665613
BONE 18 0.334387

VERT 219
OFFSET -3.483614 16.696697 47.900787
BONES 2
BONE 17 0.713817
BONE 18 0.286183

VERT 220
OFFSET -3.720280 16.770201 47.795349
BONES 2
BONE 18 0.294252
BONE 17 0.705748

VERT 221
OFFSET -3.353950 19.218390 47.991405
BONES 2
BONE 18 0.822255
BONE 17 0.177745

VERT 222
OFFSET -3.388697 18.985312 47.812458
BONES 2
BONE 18 0.832071
BONE 17 0.167930

VERT 223
OFFSET -3.486108 19.271843 47.779919
BONES 2
BONE 17 0.172127
BONE 18 0.827873

VERT 224
OFFSET -3.506696 -16.990780 47.792297
BONES 2
BONE 41 0.665612
BONE 42 0.334388

VERT 225
OFFSET -3.486291 -16.697304 47.899967
BONES 2
BONE 41 0.713819
BONE 42 0.286181

VERT 226
OFFSET -3.722919 -16.770977 47.794559
BONES 2
BONE 42 0.294253
BONE 41 0.705747

VERT 227
OFFSET -3.355003 -19.218897 47.990631
BONES 2
BONE 42 0.822255
BONE 41 0.177745

VERT 228
OFFSET -3.389880 -18.985849 47.811604
BONES 2
BONE 41 0.167929
BONE 42 0.832071

VERT 229
OFFSET -3.487116 -19.272453 47.779106
BONES 2
BONE 41 0.172127
BONE 42 0.827873

VERT 230
OFFSET -2.025723 1.772592 46.651012
