// Export time: Mon Nov 16 22:36:04 2020

// Exported using Blender v2.90.1
// Export filename: 'E:/blackops3/mod_xmodel/iw4/suomi/ch_head_gk_suomi_lod3.XMODEL_EXPORT'
// Source filename: 'E:/blackops3/mod_xmodel/iw4/suomi/suomi.blend'
MODEL
VERSION 6

NUMBONES 58
BONE 0 -1 "tag_origin"
BONE 1 0 "j_spineupper"
BONE 2 1 "j_spine4"
BONE 3 2 "j_neck"
BONE 4 3 "j_head"
BONE 5 4 "j_brow_le"
BONE 6 4 "j_brow_ri"
BONE 7 4 "j_browouter_le"
BONE 8 4 "j_browouter_ri"
BONE 9 4 "j_cheek_le"
BONE 10 4 "j_cheek_ri"
BONE 11 4 "j_cheeklower_le"
BONE 12 4 "j_cheeklower_ri"
BONE 13 4 "j_eye_lid_bot_le"
BONE 14 4 "j_eye_lid_bot_ri"
BONE 15 4 "j_eye_lid_top_le"
BONE 16 4 "j_eye_lid_top_ri"
BONE 17 4 "j_eyeball_le"
BONE 18 4 "j_eyeball_ri"
BONE 19 4 "j_head_end"
BONE 20 19 "j_helmet"
BONE 21 4 "j_jaw"
BONE 22 21 "j_chin_skinroll"
BONE 23 21 "j_lip_bot_le"
BONE 24 21 "j_lip_bot_ri"
BONE 25 4 "j_levator_le"
BONE 26 4 "j_levator_ri"
BONE 27 4 "j_lip_top_le"
BONE 28 4 "j_lip_top_ri"
BONE 29 4 "j_mouth_le"
BONE 30 4 "j_mouth_ri"
BONE 31 4 "j_nvg"
BONE 32 4 "tag_eye"
BONE 33 4 "CheekUp_S_L"
BONE 34 4 "CheekUp_S_R"
BONE 35 4 "CheekLow_S_L"
BONE 36 4 "CheekLow_S_R"
BONE 37 4 "MouthCavity"
BONE 38 4 "MouthMove"
BONE 39 4 "Eye_Rz_L"
BONE 40 39 "CheekUp2_L"
BONE 41 39 "Eye02_S_L"
BONE 42 39 "Eye03_S_L"
BONE 43 39 "Eye04_S_L"
BONE 44 39 "Eye05_S_L"
BONE 45 39 "Eye06_S_L"
BONE 46 39 "Eye07_S_L"
BONE 47 39 "Eye08_S_L"
BONE 48 4 "Eye_Rz_R"
BONE 49 48 "CheekUp2_R"
BONE 50 48 "Eye01_S_R"
BONE 51 48 "Eye02_S_R"
BONE 52 48 "Eye03_S_R"
BONE 53 48 "Eye04_S_R"
BONE 54 48 "Eye05_S_R"
BONE 55 48 "Eye06_S_R"
BONE 56 48 "Eye07_S_R"
BONE 57 48 "Eye08_S_R"

BONE 0
OFFSET 0.000000 0.000000 0.000000
SCALE 1.000000 1.000000 1.000000
X 1.000000 0.000000 0.000000
Y 0.000000 1.000000 0.000000
Z 0.000000 0.000000 1.000000

BONE 1
OFFSET -2.255859 0.000183 41.858334
SCALE 1.000000 1.000000 1.000000
X 0.020427 -0.000062 0.999791
Y 0.999791 0.000062 -0.020427
Z -0.000060 1.000000 0.000064

BONE 2
OFFSET -2.465509 0.000013 44.630543
SCALE 1.000000 1.000000 1.000000
X 0.047000 -0.000059 0.998895
Y 0.998895 0.000063 -0.047000
Z -0.000060 1.000000 0.000061

BONE 3
OFFSET -2.534840 -0.000582 48.708759
SCALE 1.000000 1.000000 1.000000
X 0.309776 -0.000037 0.950810
Y 0.950810 0.000075 -0.309776
Z -0.000060 1.000000 0.000058

BONE 4
OFFSET -2.534840 -0.000582 50.884945
SCALE 1.000000 1.000000 1.000000
X 0.216387 -0.000040 0.976308
Y 0.976308 0.000072 -0.216387
Z -0.000061 1.000000 0.000055

BONE 5
OFFSET 1.061707 1.372809 54.814789
SCALE 1.000000 1.000000 1.000000
X 0.000647 1.000000 -0.000106
Y -0.998863 0.000642 -0.047682
Z -0.047682 0.000137 0.998863

BONE 6
OFFSET 1.071035 -1.397870 54.811729
SCALE 1.000000 1.000000 1.000000
X 0.000009 1.000000 0.000095
Y 0.998890 -0.000013 0.047113
Z 0.047113 0.000094 -0.998890

BONE 7
OFFSET 0.719010 2.288752 54.702343
SCALE 1.000000 1.000000 1.000000
X 0.000662 0.999996 -0.000128
Y -0.998862 0.000654 -0.047699
Z -0.047699 0.000159 0.998862

BONE 8
OFFSET 0.747290 -2.263157 54.704506
SCALE 1.000000 1.000000 1.000000
X 0.000021 1.000000 0.000092
Y 0.998894 -0.000025 0.047025
Z 0.047025 0.000091 -0.998894

BONE 9
OFFSET -0.431932 1.533045 52.773571
SCALE 1.000000 1.000000 1.000000
X 0.000640 0.999998 -0.000131
Y -0.998866 0.000633 -0.047603
Z -0.047603 0.000161 0.998866

BONE 10
OFFSET -0.448457 -1.472631 52.826965
SCALE 1.000000 1.000000 1.000000
X 0.000012 1.000000 0.000086
Y 0.998889 -0.000016 0.047121
Z 0.047121 0.000085 -0.998889

BONE 11
OFFSET -0.440225 1.377437 51.801128
SCALE 1.000000 1.000000 1.000000
X 0.170277 0.000000 0.985396
Y 0.985396 0.000013 -0.170278
Z -0.000013 1.000000 0.000002

BONE 12
OFFSET -0.403714 -1.376289 51.825867
SCALE 1.000000 1.000000 1.000000
X 0.170380 -0.000001 0.985379
Y 0.985379 0.000016 -0.170380
Z -0.000015 1.000000 0.000004

BONE 13
OFFSET -0.644040 0.932544 53.224907
SCALE 1.000000 1.000000 1.000000
X -0.065611 0.997121 0.038027
Y -0.996954 -0.063895 -0.044724
Z -0.042166 -0.040845 0.998276

BONE 14
OFFSET -0.643782 -0.890798 53.219456
SCALE 1.000000 1.000000 1.000000
X 0.066604 0.997041 -0.038394
Y 0.996923 -0.064903 0.043961
Z 0.041339 -0.041204 -0.998295

BONE 15
OFFSET -0.643687 0.931717 53.285461
SCALE 1.000000 1.000000 1.000000
X -0.065504 0.997129 0.037993
Y -0.996957 -0.063784 -0.044823
Z -0.042271 -0.040813 0.998272

BONE 16
OFFSET -0.643171 -0.891910 53.274517
SCALE 1.000000 1.000000 1.000000
X 0.066554 0.997044 -0.038390
Y 0.996938 -0.064866 0.043670
Z 0.041051 -0.041178 -0.998308

BONE 17
OFFSET -1.977807 0.840015 53.098667
SCALE 1.000000 1.000000 1.000000
X -0.205898 0.978521 -0.010106
Y -0.977363 -0.206146 -0.047599
Z -0.048659 0.000076 0.998815

BONE 18
OFFSET -1.977071 -0.839186 53.101200
SCALE 1.000000 1.000000 1.000000
X 0.207725 0.978138 0.009803
Y 0.977071 -0.207956 0.045679
Z 0.046719 0.000090 -0.998908

BONE 19
OFFSET -2.360085 -0.000540 55.533272
SCALE 1.000000 1.000000 1.000000
X 0.170275 0.000001 0.985397
Y 0.985397 -0.000000 -0.170275
Z 0.000000 1.000000 -0.000001

BONE 20
OFFSET -3.163847 -0.000538 56.541691
SCALE 1.000000 1.000000 1.000000
X 0.995880 -0.000065 0.090684
Y 0.000083 1.000000 -0.000192
Z -0.090684 0.000199 0.995880

BONE 21
OFFSET -1.906365 -0.000285 51.280998
SCALE 1.000000 1.000000 1.000000
X 0.000647 1.000000 -0.000098
Y -0.998857 0.000642 -0.047788
Z -0.047788 0.000129 0.998858

BONE 22
OFFSET 0.546593 -0.002016 49.831612
SCALE 1.000000 1.000000 1.000000
X 0.000647 1.000000 -0.000099
Y -0.998871 0.000642 -0.047504
Z -0.047504 0.000129 0.998871

BONE 23
OFFSET 0.423428 0.186396 51.206402
SCALE 1.000000 1.000000 1.000000
X 0.000647 1.000000 -0.000084
Y -0.998862 0.000643 -0.047693
Z -0.047693 0.000115 0.998862

BONE 24
OFFSET 0.423400 -0.187551 51.206409
SCALE 1.000000 1.000000 1.000000
X 0.000636 1.000000 -0.000057
Y 0.998858 -0.000633 0.047788
Z 0.047788 -0.000087 -0.998858

BONE 25
OFFSET 0.246653 0.460663 52.495052
SCALE 1.000000 1.000000 1.000000
X 0.000649 0.999995 -0.000070
Y -0.998862 0.000643 -0.047692
Z -0.047691 0.000101 0.998862

BONE 26
OFFSET 0.266883 -0.443783 52.499672
SCALE 1.000000 1.000000 1.000000
X 0.000017 1.000000 0.000087
Y 0.998894 -0.000021 0.047025
Z 0.047025 0.000086 -0.998894

BONE 27
OFFSET 0.525056 0.186394 51.376423
SCALE 1.000000 1.000000 1.000000
X 0.000646 0.999998 -0.000089
Y -0.998862 0.000640 -0.047692
Z -0.047692 0.000119 0.998862

BONE 28
OFFSET 0.525055 -0.187579 51.376415
SCALE 1.000000 1.000000 1.000000
X 0.000011 1.000000 0.000093
Y 0.998894 -0.000015 0.047020
Z 0.047020 0.000092 -0.998894

BONE 29
OFFSET 0.379583 0.549297 51.319664
SCALE 1.000000 1.000000 1.000000
X 0.000649 1.000000 -0.000116
Y -0.998862 0.000643 -0.047694
Z -0.047694 0.000147 0.998862

BONE 30
OFFSET 0.379583 -0.550482 51.319664
SCALE 1.000000 1.000000 1.000000
X 0.000009 1.000000 0.000099
Y 0.998894 -0.000013 0.047021
Z 0.047021 0.000099 -0.998894

BONE 31
OFFSET 1.484026 -0.000537 54.832466
SCALE 1.000000 1.000000 1.000000
X 0.985422 0.000010 -0.170125
Y -0.170125 0.000000 -0.985422
Z -0.000009 1.000000 0.000002

BONE 32
OFFSET -0.106214 -0.000149 53.098900
SCALE 1.000000 1.000000 1.000000
X 0.922505 -0.000063 0.385985
Y 0.000068 1.000000 0.000001
Z -0.385985 0.000025 0.922505

BONE 33
OFFSET -0.602409 1.490057 51.867226
SCALE 1.000000 1.000000 1.000000
X -0.000000 1.000000 0.000000
Y -0.000000 -0.000000 1.000000
Z 1.000000 0.000000 0.000000

BONE 34
OFFSET -0.602407 -1.491421 51.866852
SCALE 1.000000 1.000000 1.000000
X -0.000000 1.000000 0.000000
Y -0.000000 -0.000000 1.000000
Z 1.000000 0.000000 0.000000

BONE 35
OFFSET -1.723391 0.740560 50.867191
SCALE 1.000000 1.000000 1.000000
X -0.000000 1.000000 -0.000000
Y 0.000000 0.000000 1.000000
Z 1.000000 0.000000 -0.000000

BONE 36
OFFSET -1.723391 -0.741925 50.867191
SCALE 1.000000 1.000000 1.000000
X -0.000000 1.000000 -0.000000
Y 0.000000 0.000000 1.000000
Z 1.000000 0.000000 -0.000000

BONE 37
OFFSET -0.422607 -0.000682 51.279503
SCALE 1.000000 1.000000 1.000000
X -0.000000 1.000000 -0.000000
Y 0.000000 -0.000000 1.000000
Z 1.000000 0.000000 -0.000000

BONE 38
OFFSET 0.467669 -0.000682 51.279503
SCALE 1.000000 1.000000 1.000000
X -0.000000 1.000000 -0.000000
Y -0.000000 -0.000000 1.000000
Z 1.000000 0.000000 -0.000000

BONE 39
OFFSET -0.470989 1.391954 53.400696
SCALE 1.000000 1.000000 1.000000
X -0.000000 1.000000 -0.000000
Y 0.000000 -0.000000 1.000000
Z 1.000000 0.000000 -0.000000

BONE 40
OFFSET -1.054287 1.334474 52.404564
SCALE 1.000000 1.000000 1.000000
X -0.000000 1.000000 -0.000000
Y -0.000000 -0.000000 1.000000
Z 1.000000 0.000000 -0.000000

BONE 41
OFFSET 0.232299 1.008034 53.377338
SCALE 1.000000 1.000000 1.000000
X -0.000000 1.000000 -0.000000
Y -0.000000 0.000000 1.000000
Z 1.000000 0.000000 -0.000000

BONE 42
OFFSET 0.325849 1.540242 53.952705
SCALE 1.000000 1.000000 1.000000
X -0.000000 1.000000 -0.000000
Y -0.000000 -0.000000 1.000000
Z 1.000000 0.000000 -0.000000

BONE 43
OFFSET 0.113236 1.950822 53.600941
SCALE 1.000000 1.000000 1.000000
X -0.000000 1.000000 -0.000000
Y -0.000000 -0.000000 1.000000
Z 1.000000 0.000000 -0.000000

BONE 44
OFFSET -0.035792 2.181473 53.486126
SCALE 1.000000 1.000000 1.000000
X -0.000000 1.000000 -0.000000
Y 0.000000 -0.000000 1.000000
Z 1.000000 0.000000 -0.000000

BONE 45
OFFSET -0.143754 1.937462 52.921627
SCALE 1.000000 1.000000 1.000000
X -0.000000 1.000000 -0.000000
Y 0.000000 -0.000000 1.000000
Z 1.000000 0.000000 -0.000000

BONE 46
OFFSET 0.029619 1.360779 52.778843
SCALE 1.000000 1.000000 1.000000
X -0.000000 1.000000 -0.000000
Y -0.000000 -0.000000 1.000000
Z 1.000000 0.000000 -0.000000

BONE 47
OFFSET 0.195788 0.837626 52.941898
SCALE 1.000000 1.000000 1.000000
X -0.000000 1.000000 -0.000000
Y -0.000000 -0.000000 1.000000
Z 1.000000 0.000000 -0.000000

BONE 48
OFFSET -0.470989 -1.392697 53.400654
SCALE 1.000000 1.000000 1.000000
X -0.000000 1.000000 0.000000
Y -0.000000 -0.000000 1.000000
Z 1.000000 0.000000 0.000000

BONE 49
OFFSET -1.054286 -1.335217 52.404530
SCALE 1.000000 1.000000 1.000000
X -0.000000 1.000000 0.000000
Y 0.000000 -0.000000 1.000000
Z 1.000000 0.000000 -0.000000

BONE 50
OFFSET 0.251430 -0.857242 53.300644
SCALE 1.000000 1.000000 1.000000
X -0.000000 1.000000 0.000000
Y 0.000000 -0.000000 1.000000
Z 1.000000 0.000000 -0.000000

BONE 51
OFFSET 0.232204 -1.008014 53.377361
SCALE 1.000000 1.000000 1.000000
X -0.000000 1.000000 0.000000
Y -0.000000 0.000000 1.000000
Z 1.000000 0.000000 -0.000000

BONE 52
OFFSET 0.333494 -1.496676 53.950314
SCALE 1.000000 1.000000 1.000000
X -0.000000 1.000000 0.000000
Y 0.000000 -0.000000 1.000000
Z 1.000000 0.000000 -0.000000

BONE 53
OFFSET 0.114590 -1.952256 53.601486
SCALE 1.000000 1.000000 1.000000
X -0.000000 1.000000 0.000000
Y -0.000000 -0.000000 1.000000
Z 1.000000 0.000000 -0.000000

BONE 54
OFFSET -0.035807 -2.183543 53.486084
SCALE 1.000000 1.000000 1.000000
X -0.000000 1.000000 0.000000
Y 0.000000 -0.000000 1.000000
Z 1.000000 0.000000 -0.000000

BONE 55
OFFSET -0.143136 -1.937480 52.922176
SCALE 1.000000 1.000000 1.000000
X -0.000000 1.000000 0.000000
Y 0.000000 -0.000000 1.000000
Z 1.000000 0.000000 -0.000000

BONE 56
OFFSET 0.028974 -1.360754 52.779503
SCALE 1.000000 1.000000 1.000000
X -0.000000 1.000000 0.000000
Y 0.000000 -0.000000 1.000000
Z 1.000000 0.000000 -0.000000

BONE 57
OFFSET 0.194552 -0.838586 52.941292
SCALE 1.000000 1.000000 1.000000
X -0.000000 1.000000 0.000000
Y -0.000000 -0.000000 1.000000
Z 1.000000 0.000000 -0.000000


NUMVERTS 636
VERT 0
OFFSET -2.618999 3.452426 53.482864
BONES 1
BONE 4 1.000000

VERT 1
OFFSET -2.642671 3.254039 53.552708
BONES 1
BONE 4 1.000000

VERT 2
OFFSET -2.967303 3.095109 53.147102
BONES 1
BONE 4 1.000000

VERT 3
OFFSET -2.859421 3.447514 53.137779
BONES 1
BONE 4 1.000000

VERT 4
OFFSET -2.252533 3.154834 53.629559
BONES 1
BONE 4 1.000000

VERT 5
OFFSET -1.896121 3.121128 53.510799
BONES 1
BONE 4 1.000000

VERT 6
OFFSET -2.343093 3.470855 53.745514
BONES 1
BONE 4 1.000000

VERT 7
OFFSET -2.218183 3.552279 53.705963
BONES 1
BONE 4 1.000000

VERT 8
OFFSET -1.811012 3.046033 53.279789
BONES 3
BONE 4 0.917429
BONE 40 0.013926
BONE 33 0.068646

VERT 9
OFFSET -2.049667 3.174211 53.263889
BONES 1
BONE 4 1.000000

VERT 10
OFFSET -2.087097 3.017369 52.939873
BONES 2
BONE 33 0.025534
BONE 4 0.974466

VERT 11
OFFSET -2.171416 2.822318 52.926338
BONES 1
BONE 4 1.000000

VERT 12
OFFSET -2.312389 3.040942 53.115627
BONES 1
BONE 4 1.000000

VERT 13
OFFSET -2.154811 2.760533 52.545547
BONES 4
BONE 33 0.034434
BONE 40 0.001472
BONE 4 0.955947
BONE 35 0.008147

VERT 14
OFFSET -2.055370 2.628857 52.355343
BONES 4
BONE 33 0.198686
BONE 4 0.678591
BONE 35 0.095776
BONE 40 0.026947

VERT 15
OFFSET -1.921267 2.845747 52.700878
BONES 3
BONE 4 0.785965
BONE 40 0.035116
BONE 33 0.178918

VERT 16
OFFSET -2.392708 2.795114 52.012360
BONES 1
BONE 4 1.000000

VERT 17
OFFSET -2.442160 2.908019 52.457420
BONES 1
BONE 4 1.000000

VERT 18
OFFSET -2.245302 2.578562 51.954639
BONES 2
BONE 35 0.010082
BONE 4 0.989918

VERT 19
OFFSET -2.273612 2.412145 52.092373
BONES 3
BONE 33 0.001823
BONE 4 0.863405
BONE 35 0.134772

VERT 20
OFFSET -2.533242 2.408227 52.151203
BONES 1
BONE 4 1.000000

VERT 21
OFFSET -2.782531 2.946489 52.310696
BONES 1
BONE 4 1.000000

VERT 22
OFFSET -2.803370 3.287241 52.401634
BONES 1
BONE 4 1.000000

VERT 23
OFFSET -2.642912 3.418171 52.801704
BONES 1
BONE 4 1.000000

VERT 24
OFFSET -2.468272 2.890254 52.817108
BONES 1
BONE 4 1.000000

VERT 25
OFFSET -2.424841 3.479781 53.134438
BONES 1
BONE 4 1.000000

VERT 26
OFFSET -2.574780 3.604177 53.484257
BONES 1
BONE 4 1.000000

VERT 27
OFFSET -2.857963 3.655697 52.908463
BONES 1
BONE 4 1.000000

VERT 28
OFFSET -2.821953 3.659021 53.208492
BONES 1
BONE 4 1.000000

VERT 29
OFFSET -2.673174 3.851187 53.485001
BONES 1
BONE 4 1.000000

VERT 30
OFFSET -2.929825 3.803900 53.133282
BONES 1
BONE 4 1.000000

VERT 31
OFFSET -3.008412 3.498774 52.659142
BONES 1
BONE 4 1.000000

VERT 32
OFFSET -2.869532 3.731621 53.462856
BONES 1
BONE 4 1.000000

VERT 33
OFFSET -2.376261 3.663133 53.612286
BONES 1
BONE 4 1.000000

VERT 34
OFFSET -2.304981 3.430549 53.561737
BONES 1
BONE 4 1.000000

VERT 35
OFFSET -0.256378 -0.000680 50.624130
BONES 2
BONE 37 0.845131
BONE 4 0.154869

VERT 36
OFFSET -0.250040 0.528450 50.864334
BONES 2
BONE 37 0.851162
BONE 4 0.148838

VERT 37
OFFSET -0.063596 0.743823 51.350639
BONES 1
BONE 37 1.000000

VERT 38
OFFSET -0.372367 0.430773 51.802277
BONES 1
BONE 37 1.000000

VERT 39
OFFSET -0.818631 0.419361 51.416374
BONES 1
BONE 37 1.000000

VERT 40
OFFSET 0.301814 0.429126 51.757751
BONES 1
BONE 37 1.000000

VERT 41
OFFSET 0.444846 -0.001104 51.806957
BONES 1
BONE 37 1.000000

VERT 42
OFFSET -0.901294 0.578824 50.974499
BONES 2
BONE 4 0.026772
BONE 37 0.973228

VERT 43
OFFSET -1.018511 -0.005393 51.085068
BONES 1
BONE 37 1.000000

VERT 44
OFFSET -0.356392 -0.000682 51.920158
BONES 2
BONE 37 1.000000
BONE 4 0.000000

VERT 45
OFFSET -0.746775 -0.000682 50.605652
BONES 2
BONE 37 0.855000
BONE 4 0.145000

VERT 46
OFFSET -0.250043 -0.529813 50.864334
BONES 2
BONE 37 0.851162
BONE 4 0.148838

VERT 47
OFFSET -0.063596 -0.745187 51.350639
BONES 1
BONE 37 1.000000

VERT 48
OFFSET -0.372365 -0.432136 51.802280
BONES 1
BONE 37 1.000000

VERT 49
OFFSET -0.818630 -0.420724 51.416378
BONES 1
BONE 37 1.000000

VERT 50
OFFSET 0.301814 -0.430489 51.757755
BONES 1
BONE 37 1.000000

VERT 51
OFFSET 0.444846 -0.000261 51.806957
BONES 1
BONE 37 1.000000

VERT 52
OFFSET -0.901294 -0.580189 50.974503
BONES 2
BONE 4 0.026771
BONE 37 0.973229

VERT 53
OFFSET -1.018511 0.004029 51.085068
BONES 1
BONE 37 1.000000

VERT 54
OFFSET -0.356392 -0.000682 51.920158
BONES 2
BONE 37 1.000000
BONE 4 0.000000

VERT 55
OFFSET -2.020228 1.052175 50.799076
BONES 3
BONE 33 0.008172
BONE 4 0.606648
BONE 35 0.385179

VERT 56
OFFSET -2.541728 1.280592 51.123665
BONES 2
BONE 4 0.626800
BONE 35 0.373200

VERT 57
OFFSET -2.750963 1.390077 51.443897
BONES 3
BONE 35 0.210320
BONE 33 0.001902
BONE 4 0.787778

VERT 58
OFFSET -2.230871 2.405461 52.116352
BONES 4
BONE 33 0.006293
BONE 40 0.000006
BONE 35 0.139430
BONE 4 0.854271

VERT 59
OFFSET -2.577251 2.435941 52.175320
BONES 1
BONE 4 1.000000

VERT 60
OFFSET -1.719131 1.754410 51.236992
BONES 3
BONE 33 0.343757
BONE 4 0.149297
BONE 35 0.506946

VERT 61
OFFSET -1.020390 1.245568 50.674404
BONES 3
BONE 33 0.184499
BONE 4 0.339193
BONE 35 0.476308

VERT 62
OFFSET -1.562737 0.579042 50.416248
BONES 3
BONE 33 0.000077
BONE 35 0.243683
BONE 4 0.756240

VERT 63
OFFSET -0.516792 1.673887 51.048542
BONES 5
BONE 40 0.010891
BONE 35 0.210351
BONE 33 0.672845
BONE 38 0.007991
BONE 4 0.097922

VERT 64
OFFSET -0.014536 1.199233 50.985989
BONES 5
BONE 29 0.003376
BONE 35 0.061220
BONE 38 0.123930
BONE 33 0.587443
BONE 4 0.224031

VERT 65
OFFSET -0.365383 0.510425 50.287998
BONES 4
BONE 33 0.057953
BONE 35 0.071152
BONE 4 0.870870
BONE 38 0.000025

VERT 66
OFFSET 0.005391 0.162294 50.449886
BONES 8
BONE 30 0.000005
BONE 23 0.000019
BONE 24 0.000006
BONE 33 0.008723
BONE 29 0.002880
BONE 38 0.215032
BONE 4 0.772625
BONE 35 0.000710

VERT 67
OFFSET -0.053177 -0.011539 50.206226
BONES 3
BONE 36 0.000478
BONE 38 0.012508
BONE 4 0.987014

VERT 68
OFFSET -0.308609 0.020764 50.081726
BONES 1
BONE 4 1.000000

VERT 69
OFFSET -0.657027 0.465522 50.216866
BONES 2
BONE 35 0.117942
BONE 4 0.882058

VERT 70
OFFSET -1.484877 0.221631 50.296432
BONES 2
BONE 35 0.059327
BONE 4 0.940673

VERT 71
OFFSET -1.703229 0.450720 50.203270
BONES 1
BONE 4 1.000000

VERT 72
OFFSET -2.199332 1.016963 50.488613
BONES 2
BONE 4 0.996160
BONE 35 0.003840

VERT 73
OFFSET -2.585611 1.162394 50.708977
BONES 1
BONE 4 1.000000

VERT 74
OFFSET -3.091325 1.063802 50.975037
BONES 2
BONE 35 0.000223
BONE 4 0.999777

VERT 75
OFFSET -3.483209 0.996651 51.859955
BONES 2
BONE 4 0.996545
BONE 35 0.003455

VERT 76
OFFSET -2.652406 1.951938 52.043255
BONES 2
BONE 35 0.099918
BONE 4 0.900082

VERT 77
OFFSET -2.916182 2.849925 52.766609
BONES 1
BONE 4 1.000000

VERT 78
OFFSET -3.800706 2.076893 53.211128
BONES 1
BONE 4 1.000000

VERT 79
OFFSET -4.101193 1.386563 52.847157
BONES 1
BONE 4 1.000000

VERT 80
OFFSET -2.924200 3.160038 53.295929
BONES 1
BONE 4 1.000000

VERT 81
OFFSET -3.698207 2.574247 53.588394
BONES 1
BONE 4 1.000000

VERT 82
OFFSET -3.653436 3.034478 54.453114
BONES 1
BONE 4 1.000000

VERT 83
OFFSET -2.619215 3.255534 53.571171
BONES 1
BONE 4 1.000000

VERT 84
OFFSET -3.367886 3.121519 55.099480
BONES 1
BONE 4 1.000000

VERT 85
OFFSET -2.266906 3.161928 53.624729
BONES 1
BONE 4 1.000000

VERT 86
OFFSET -1.894431 3.124781 53.507877
BONES 1
BONE 4 1.000000

VERT 87
OFFSET -1.776134 3.111380 53.352341
BONES 4
BONE 39 0.000249
BONE 4 0.926524
BONE 40 0.014418
BONE 33 0.058809

VERT 88
OFFSET -0.539932 2.946333 53.703457
BONES 5
BONE 33 0.000142
BONE 39 0.167099
BONE 40 0.042397
BONE 4 0.781493
BONE 44 0.008868

VERT 89
OFFSET -0.987612 2.481501 52.436234
BONES 6
BONE 35 0.006660
BONE 33 0.345975
BONE 39 0.155570
BONE 4 0.244815
BONE 40 0.246949
BONE 44 0.000030

VERT 90
OFFSET -0.328004 2.184647 52.461018
BONES 5
BONE 45 0.035542
BONE 40 0.241389
BONE 33 0.159753
BONE 39 0.531067
BONE 4 0.032249

VERT 91
OFFSET -0.117395 1.976705 52.836040
BONES 5
BONE 45 0.393932
BONE 39 0.534427
BONE 46 0.035833
BONE 40 0.002129
BONE 44 0.033679

VERT 92
OFFSET 0.034895 1.515542 52.657829
BONES 6
BONE 40 0.000009
BONE 45 0.055173
BONE 39 0.627223
BONE 46 0.298175
BONE 47 0.019263
BONE 44 0.000156

VERT 93
OFFSET -0.295161 2.027059 51.623039
BONES 5
BONE 35 0.073194
BONE 40 0.141465
BONE 33 0.721643
BONE 4 0.003544
BONE 39 0.060154

VERT 94
OFFSET 0.094473 1.701829 51.537495
BONES 7
BONE 4 0.011553
BONE 38 0.058267
BONE 40 0.045579
BONE 33 0.778987
BONE 39 0.062510
BONE 35 0.043044
BONE 45 0.000059

VERT 95
OFFSET -1.508959 2.610104 52.442650
BONES 5
BONE 35 0.066055
BONE 40 0.139243
BONE 39 0.019081
BONE 4 0.453227
BONE 33 0.322394

VERT 96
OFFSET 0.189758 1.584592 51.726765
BONES 7
BONE 46 0.000050
BONE 45 0.004536
BONE 4 0.001363
BONE 38 0.054040
BONE 33 0.684574
BONE 40 0.042401
BONE 39 0.213036

VERT 97
OFFSET 0.470904 0.727194 51.439747
BONES 7
BONE 27 0.035162
BONE 28 0.000003
BONE 39 0.000238
BONE 38 0.489444
BONE 4 0.148264
BONE 33 0.244811
BONE 29 0.082077

VERT 98
OFFSET -0.913477 1.973199 51.301708
BONES 5
BONE 39 0.000204
BONE 40 0.056058
BONE 4 0.032644
BONE 33 0.631564
BONE 35 0.279530

VERT 99
OFFSET 0.282177 1.143431 52.202404
BONES 7
BONE 46 0.060412
BONE 40 0.000586
BONE 39 0.645831
BONE 33 0.199150
BONE 38 0.002051
BONE 4 0.056129
BONE 47 0.035842

VERT 100
OFFSET 0.541743 0.492814 52.361382
BONES 4
BONE 47 0.010700
BONE 33 0.031764
BONE 39 0.362828
BONE 4 0.594709

VERT 101
OFFSET 0.991034 0.302031 52.049053
BONES 4
BONE 29 0.000849
BONE 39 0.081639
BONE 38 0.062152
BONE 4 0.855361

VERT 102
OFFSET 0.215524 0.643509 52.744732
BONES 4
BONE 4 0.101935
BONE 39 0.662051
BONE 46 0.047499
BONE 47 0.188515

VERT 103
OFFSET 1.329639 -0.000676 52.266724
BONES 2
BONE 38 0.003290
BONE 4 0.996710

VERT 104
OFFSET -0.052664 1.173643 52.614002
BONES 4
BONE 45 0.019749
BONE 46 0.169957
BONE 39 0.763784
BONE 47 0.046510

VERT 105
OFFSET 0.045865 0.717154 53.063278
BONES 4
BONE 42 0.000194
BONE 47 0.067363
BONE 39 0.888314
BONE 41 0.044128

VERT 106
OFFSET -0.312039 1.399037 53.158325
BONES 4
BONE 41 0.023574
BONE 4 0.000000
BONE 39 0.941005
BONE 42 0.035421

VERT 107
OFFSET 0.234407 0.810385 53.466961
BONES 3
BONE 42 0.006254
BONE 39 0.787570
BONE 41 0.206176

VERT 108
OFFSET 0.246795 1.292061 53.685497
BONES 4
BONE 43 0.001418
BONE 42 0.198862
BONE 39 0.726432
BONE 41 0.073288

VERT 109
OFFSET 0.348500 1.388730 53.638622
BONES 4
BONE 42 0.221127
BONE 39 0.644900
BONE 43 0.026882
BONE 41 0.107090

VERT 110
OFFSET 0.099978 1.817603 53.598923
BONES 5
BONE 44 0.000075
BONE 42 0.216765
BONE 39 0.655154
BONE 41 0.001595
BONE 43 0.126411

VERT 111
OFFSET 0.639006 1.913553 54.458359
BONES 4
BONE 39 0.496008
BONE 42 0.001229
BONE 4 0.497979
BONE 41 0.004784

VERT 112
OFFSET 1.121528 0.771048 55.094219
BONES 2
BONE 39 0.064780
BONE 4 0.935220

VERT 113
OFFSET 1.143200 0.648261 55.927734
BONES 2
BONE 48 0.003226
BONE 4 0.996774

VERT 114
OFFSET 0.724504 0.506557 53.812515
BONES 5
BONE 43 0.000237
BONE 39 0.395424
BONE 4 0.546073
BONE 41 0.049214
BONE 42 0.009052

VERT 115
OFFSET 0.666899 0.018630 53.390709
BONES 3
BONE 48 0.027500
BONE 39 0.019000
BONE 4 0.953499

VERT 116
OFFSET 0.984594 0.195109 54.207996
BONES 4
BONE 41 0.004096
BONE 48 0.008564
BONE 39 0.119489
BONE 4 0.867851

VERT 117
OFFSET 0.546173 0.191843 53.091358
BONES 2
BONE 4 0.730224
BONE 39 0.269776

VERT 118
OFFSET 0.791636 0.011359 52.588551
BONES 4
BONE 48 0.003200
BONE 4 0.969023
BONE 47 0.000484
BONE 39 0.027293

VERT 119
OFFSET 0.234721 0.647901 53.138123
BONES 5
BONE 42 0.000866
BONE 47 0.026390
BONE 39 0.734715
BONE 4 0.141939
BONE 41 0.096090

VERT 120
OFFSET 0.153145 0.757167 52.910694
BONES 4
BONE 41 0.006864
BONE 47 0.217965
BONE 39 0.717697
BONE 46 0.057475

VERT 121
OFFSET -1.990807 2.705731 52.507118
BONES 4
BONE 35 0.052881
BONE 40 0.035985
BONE 4 0.708056
BONE 33 0.203078

VERT 122
OFFSET -3.465544 0.772971 51.126312
BONES 2
BONE 35 0.000185
BONE 4 0.999815

VERT 123
OFFSET -3.750729 0.330223 51.218742
BONES 1
BONE 4 1.000000

VERT 124
OFFSET -3.843550 0.770278 52.019089
BONES 1
BONE 4 1.000000

VERT 125
OFFSET -3.820107 -0.000650 51.231422
BONES 1
BONE 4 1.000000

VERT 126
OFFSET -4.101925 0.001182 51.874344
BONES 1
BONE 4 1.000000

VERT 127
OFFSET -4.560486 0.487426 52.639751
BONES 1
BONE 4 1.000000

VERT 128
OFFSET -4.678057 -0.000017 52.528759
BONES 1
BONE 4 1.000000

VERT 129
OFFSET 0.357670 0.539493 51.323055
BONES 8
BONE 4 0.000988
BONE 28 0.000000
BONE 23 0.049951
BONE 27 0.035779
BONE 38 0.672271
BONE 29 0.195730
BONE 37 0.045252
BONE 24 0.000028

VERT 130
OFFSET 0.404956 -0.089344 51.268456
BONES 7
BONE 28 0.000000
BONE 23 0.079555
BONE 24 0.136155
BONE 38 0.747914
BONE 29 0.002608
BONE 30 0.026017
BONE 37 0.007752

VERT 131
OFFSET 0.509740 0.019216 51.202927
BONES 6
BONE 24 0.064679
BONE 4 0.048858
BONE 29 0.018534
BONE 38 0.776350
BONE 23 0.081430
BONE 30 0.010149

VERT 132
OFFSET 0.470851 -0.728594 51.439743
BONES 6
BONE 48 0.000239
BONE 28 0.036099
BONE 30 0.077626
BONE 38 0.492368
BONE 34 0.244594
BONE 4 0.149075

VERT 133
OFFSET 0.519497 -0.000682 51.256802
BONES 6
BONE 29 0.009813
BONE 30 0.007291
BONE 38 0.720384
BONE 28 0.132301
BONE 27 0.129016
BONE 4 0.001195

VERT 134
OFFSET 0.435840 0.000259 51.292576
BONES 5
BONE 37 0.000013
BONE 30 0.000045
BONE 38 0.709830
BONE 28 0.143413
BONE 27 0.146698

VERT 135
OFFSET 0.718830 -0.007003 51.445103
BONES 6
BONE 30 0.002848
BONE 28 0.053269
BONE 27 0.045435
BONE 38 0.814803
BONE 29 0.002165
BONE 4 0.081479

VERT 136
OFFSET 0.385654 0.563057 51.271267
BONES 8
BONE 24 0.000417
BONE 29 0.177526
BONE 4 0.072228
BONE 38 0.667270
BONE 33 0.024661
BONE 27 0.014090
BONE 23 0.041260
BONE 37 0.002548

VERT 137
OFFSET -0.024417 2.569197 53.650997
BONES 6
BONE 43 0.048937
BONE 44 0.172545
BONE 40 0.001651
BONE 39 0.551070
BONE 4 0.223391
BONE 42 0.002405

VERT 138
OFFSET 0.065106 2.925246 54.454834
BONES 4
BONE 43 0.000184
BONE 4 0.820730
BONE 44 0.015324
BONE 39 0.163762

VERT 139
OFFSET -2.283578 3.248275 56.225891
BONES 1
BONE 4 1.000000

VERT 140
OFFSET -1.661590 3.149044 54.024410
BONES 2
BONE 4 0.998960
BONE 39 0.001040

VERT 141
OFFSET -0.286447 2.260458 52.837162
BONES 5
BONE 4 0.051816
BONE 40 0.146742
BONE 39 0.563325
BONE 44 0.060561
BONE 45 0.177557

VERT 142
OFFSET -0.023751 2.200240 53.318455
BONES 6
BONE 42 0.027857
BONE 45 0.061811
BONE 4 0.000315
BONE 39 0.592194
BONE 44 0.177643
BONE 43 0.140179

VERT 143
OFFSET -0.157390 2.877460 55.514328
BONES 1
BONE 4 1.000000

VERT 144
OFFSET 0.722815 2.250624 55.377808
BONES 2
BONE 39 0.026617
BONE 4 0.973383

VERT 145
OFFSET 0.533748 1.955705 56.686085
BONES 1
BONE 4 1.000000

VERT 146
OFFSET 0.881022 0.307109 56.916893
BONES 1
BONE 4 1.000000

VERT 147
OFFSET 1.166221 -0.338278 56.015179
BONES 2
BONE 48 0.000950
BONE 4 0.999050

VERT 148
OFFSET 0.259264 0.335679 57.891972
BONES 1
BONE 4 1.000000

VERT 149
OFFSET 1.088704 -0.951156 55.133900
BONES 2
BONE 4 0.930874
BONE 48 0.069126

VERT 150
OFFSET 0.855037 -0.321492 53.926090
BONES 5
BONE 50 0.005301
BONE 52 0.000254
BONE 51 0.015364
BONE 48 0.246617
BONE 4 0.732463

VERT 151
OFFSET 0.644400 -0.950383 53.890694
BONES 6
BONE 52 0.039650
BONE 53 0.001095
BONE 50 0.001463
BONE 48 0.596603
BONE 51 0.127626
BONE 4 0.233563

VERT 152
OFFSET 0.521523 -0.205529 53.022964
BONES 4
BONE 50 0.002039
BONE 48 0.278124
BONE 4 0.717256
BONE 57 0.002580

VERT 153
OFFSET 0.215549 -0.645385 52.744648
BONES 5
BONE 50 0.015494
BONE 56 0.047513
BONE 4 0.101937
BONE 57 0.188500
BONE 48 0.646557

VERT 154
OFFSET 0.540473 -0.408288 52.444839
BONES 4
BONE 4 0.648227
BONE 57 0.013062
BONE 48 0.335210
BONE 34 0.003501

VERT 155
OFFSET 0.999789 -0.292927 52.056118
BONES 4
BONE 30 0.000346
BONE 48 0.040429
BONE 4 0.815001
BONE 38 0.144224

VERT 156
OFFSET 0.572750 -0.701681 52.016510
BONES 5
BONE 57 0.001738
BONE 34 0.178757
BONE 38 0.073852
BONE 4 0.436859
BONE 48 0.308793

VERT 157
OFFSET 0.642018 -0.522137 51.653507
BONES 7
BONE 27 0.000000
BONE 34 0.104223
BONE 48 0.014456
BONE 38 0.458265
BONE 4 0.411824
BONE 28 0.000306
BONE 30 0.010925

VERT 158
OFFSET 0.094425 -1.703310 51.537865
BONES 7
BONE 38 0.058252
BONE 4 0.011552
BONE 55 0.000059
BONE 49 0.045608
BONE 36 0.043032
BONE 34 0.778934
BONE 48 0.062564

VERT 159
OFFSET -0.295288 -2.028575 51.623367
BONES 5
BONE 4 0.003543
BONE 49 0.141482
BONE 34 0.721618
BONE 36 0.073189
BONE 48 0.060167

VERT 160
OFFSET -0.327990 -2.186400 52.460846
BONES 5
BONE 55 0.035510
BONE 49 0.241398
BONE 34 0.159847
BONE 48 0.530983
BONE 4 0.032262

VERT 161
OFFSET -0.987429 -2.482925 52.436092
BONES 6
BONE 36 0.006661
BONE 4 0.244761
BONE 34 0.346105
BONE 48 0.155480
BONE 49 0.246963
BONE 54 0.000030

VERT 162
OFFSET 0.189714 -1.586198 51.727123
BONES 7
BONE 4 0.001362
BONE 38 0.054023
BONE 56 0.000050
BONE 55 0.004541
BONE 34 0.684466
BONE 48 0.213125
BONE 49 0.042432

VERT 163
OFFSET -0.117450 -1.978598 52.835743
BONES 5
BONE 55 0.393922
BONE 48 0.534404
BONE 56 0.035848
BONE 49 0.002133
BONE 54 0.033694

VERT 164
OFFSET 0.034856 -1.517444 52.657597
BONES 7
BONE 50 0.000261
BONE 56 0.298140
BONE 54 0.000157
BONE 48 0.626978
BONE 55 0.055182
BONE 49 0.000009
BONE 57 0.019273

VERT 165
OFFSET -1.509043 -2.611753 52.443104
BONES 5
BONE 36 0.066029
BONE 49 0.139220
BONE 48 0.019073
BONE 4 0.453324
BONE 34 0.322354

VERT 166
OFFSET -0.539941 -2.947699 53.703243
BONES 5
BONE 49 0.042404
BONE 34 0.000143
BONE 4 0.781432
BONE 48 0.167149
BONE 54 0.008871

VERT 167
OFFSET -1.776139 -3.112729 53.352375
BONES 4
BONE 49 0.014418
BONE 4 0.926524
BONE 34 0.058808
BONE 48 0.000249

VERT 168
OFFSET -1.894432 -3.126139 53.507889
BONES 2
BONE 4 1.000000
BONE 48 0.000000

VERT 169
OFFSET -2.266909 -3.163287 53.624737
BONES 1
BONE 4 1.000000

VERT 170
OFFSET -2.619203 -3.256896 53.571182
BONES 1
BONE 4 1.000000

VERT 171
OFFSET -3.653454 -3.035860 54.453140
BONES 1
BONE 4 1.000000

VERT 172
OFFSET -3.367899 -3.122890 55.099518
BONES 1
BONE 4 1.000000

VERT 173
OFFSET -2.924198 -3.161402 53.295929
BONES 1
BONE 4 1.000000

VERT 174
OFFSET -3.698206 -2.575612 53.588394
BONES 1
BONE 4 1.000000

VERT 175
OFFSET -2.916181 -2.851291 52.766613
BONES 1
BONE 4 1.000000

VERT 176
OFFSET -2.577248 -2.437305 52.175320
BONES 1
BONE 4 1.000000

VERT 177
OFFSET -2.652395 -1.953311 52.043251
BONES 2
BONE 4 0.900080
BONE 36 0.099920

VERT 178
OFFSET -2.230974 -2.406917 52.115517
BONES 4
BONE 34 0.005850
BONE 49 0.000011
BONE 36 0.139190
BONE 4 0.854949

VERT 179
OFFSET -1.990547 -2.706207 52.510185
BONES 4
BONE 34 0.204249
BONE 4 0.707051
BONE 49 0.037038
BONE 36 0.051662

VERT 180
OFFSET -0.516823 -1.675312 51.048843
BONES 5
BONE 38 0.007988
BONE 49 0.010894
BONE 4 0.097922
BONE 34 0.672829
BONE 36 0.210366

VERT 181
OFFSET -0.402219 -0.308544 50.143944
BONES 3
BONE 34 0.015475
BONE 4 0.966310
BONE 36 0.018215

VERT 182
OFFSET -0.014576 -1.200621 50.986198
BONES 5
BONE 30 0.003411
BONE 36 0.061235
BONE 38 0.123899
BONE 34 0.587429
BONE 4 0.224026

VERT 183
OFFSET -1.020407 -1.246805 50.674397
BONES 3
BONE 4 0.339246
BONE 34 0.184425
BONE 36 0.476329

VERT 184
OFFSET -0.576496 -0.253242 50.111443
BONES 2
BONE 36 0.059284
BONE 4 0.940716

VERT 185
OFFSET -0.008396 -0.302768 50.512871
BONES 6
BONE 36 0.000845
BONE 30 0.003494
BONE 34 0.010245
BONE 38 0.185113
BONE 4 0.800303
BONE 23 0.000000

VERT 186
OFFSET 0.352821 -0.245135 51.083736
BONES 6
BONE 24 0.034907
BONE 38 0.696096
BONE 4 0.207623
BONE 30 0.047444
BONE 34 0.007140
BONE 23 0.006789

VERT 187
OFFSET -1.488982 -0.231491 50.293243
BONES 2
BONE 36 0.096710
BONE 4 0.903290

VERT 188
OFFSET -1.597281 -0.621342 50.434063
BONES 3
BONE 34 0.000541
BONE 36 0.244477
BONE 4 0.754982

VERT 189
OFFSET -2.020733 -1.044654 50.786198
BONES 3
BONE 34 0.006671
BONE 36 0.341190
BONE 4 0.652139

VERT 190
OFFSET -1.719170 -1.755688 51.237068
BONES 3
BONE 34 0.343659
BONE 4 0.149358
BONE 36 0.506984

VERT 191
OFFSET -0.913462 -1.974606 51.302010
BONES 5
BONE 4 0.032640
BONE 36 0.279520
BONE 34 0.631570
BONE 49 0.056065
BONE 48 0.000204

VERT 192
OFFSET -2.750973 -1.391417 51.443851
BONES 3
BONE 36 0.210299
BONE 4 0.787797
BONE 34 0.001903

VERT 193
OFFSET -2.541728 -1.281957 51.123665
BONES 2
BONE 36 0.373202
BONE 4 0.626798

VERT 194
OFFSET -3.483209 -0.998016 51.859955
BONES 2
BONE 36 0.003455
BONE 4 0.996545

VERT 195
OFFSET -3.800706 -2.078260 53.211128
BONES 1
BONE 4 1.000000

VERT 196
OFFSET -2.585610 -1.163759 50.708977
BONES 1
BONE 4 1.000000

VERT 197
OFFSET -3.091324 -1.065168 50.975037
BONES 2
BONE 36 0.000223
BONE 4 0.999777

VERT 198
OFFSET -2.034153 -0.924813 50.393398
BONES 2
BONE 4 0.997550
BONE 36 0.002450

VERT 199
OFFSET -1.561550 -0.167009 50.120697
BONES 1
BONE 4 1.000000

VERT 200
OFFSET 0.569418 0.746726 51.745949
BONES 6
BONE 33 0.190592
BONE 39 0.110603
BONE 38 0.314526
BONE 4 0.382983
BONE 27 0.000449
BONE 29 0.000846

VERT 201
OFFSET -0.296565 2.073228 52.878841
BONES 6
BONE 43 0.010653
BONE 44 0.033345
BONE 46 0.004305
BONE 39 0.714282
BONE 45 0.235980
BONE 42 0.001434

VERT 202
OFFSET -0.149984 2.190819 53.351295
BONES 5
BONE 43 0.147503
BONE 44 0.069600
BONE 39 0.727354
BONE 45 0.024894
BONE 42 0.030648

VERT 203
OFFSET -3.002767 3.205108 55.607582
BONES 1
BONE 4 1.000000

VERT 204
OFFSET -1.171207 2.770286 57.092468
BONES 1
BONE 4 1.000000

VERT 205
OFFSET -0.106709 1.881307 57.772396
BONES 1
BONE 4 1.000000

VERT 206
OFFSET 0.468750 1.179013 57.385357
BONES 1
BONE 4 1.000000

VERT 207
OFFSET 0.384431 -0.583396 51.297787
BONES 8
BONE 23 0.000108
BONE 24 0.023060
BONE 38 0.699182
BONE 4 0.044640
BONE 30 0.192002
BONE 34 0.025155
BONE 28 0.012799
BONE 37 0.003053

VERT 208
OFFSET 0.354413 -0.539933 51.323673
BONES 7
BONE 23 0.000000
BONE 4 0.001055
BONE 37 0.050451
BONE 38 0.696314
BONE 30 0.196918
BONE 24 0.028567
BONE 28 0.026696

VERT 209
OFFSET -2.618988 -3.453789 53.482876
BONES 1
BONE 4 1.000000

VERT 210
OFFSET -2.642687 -3.255404 53.552708
BONES 1
BONE 4 1.000000

VERT 211
OFFSET -2.859420 -3.448879 53.137779
BONES 1
BONE 4 1.000000

VERT 212
OFFSET -2.967304 -3.096475 53.147102
BONES 1
BONE 4 1.000000

VERT 213
OFFSET -3.008411 -3.500140 52.659145
BONES 1
BONE 4 1.000000

VERT 214
OFFSET -2.782531 -2.947854 52.310696
BONES 1
BONE 4 1.000000

VERT 215
OFFSET -2.803368 -3.288603 52.401630
BONES 1
BONE 4 1.000000

VERT 216
OFFSET -2.392707 -2.796479 52.012360
BONES 1
BONE 4 1.000000

VERT 217
OFFSET -2.533240 -2.409592 52.151203
BONES 1
BONE 4 1.000000

VERT 218
OFFSET -2.245298 -2.579922 51.954639
BONES 2
BONE 4 0.989917
BONE 36 0.010083

VERT 219
OFFSET -2.273623 -2.413503 52.092358
BONES 3
BONE 34 0.004696
BONE 4 0.866523
BONE 36 0.128780

VERT 220
OFFSET -2.055346 -2.630272 52.355488
BONES 4
BONE 4 0.678540
BONE 36 0.095751
BONE 34 0.198739
BONE 49 0.026970

VERT 221
OFFSET -2.442159 -2.909384 52.457424
BONES 1
BONE 4 1.000000

VERT 222
OFFSET -2.154818 -2.761900 52.545574
BONES 4
BONE 34 0.034415
BONE 36 0.008145
BONE 4 0.955969
BONE 49 0.001471

VERT 223
OFFSET -2.087098 -3.018734 52.939888
BONES 2
BONE 4 0.974467
BONE 34 0.025533

VERT 224
OFFSET -1.921266 -2.847127 52.700943
BONES 3
BONE 4 0.785966
BONE 49 0.035116
BONE 34 0.178918

VERT 225
OFFSET -2.171415 -2.823681 52.926338
BONES 1
BONE 4 1.000000

VERT 226
OFFSET -2.049667 -3.175574 53.263893
BONES 1
BONE 4 1.000000

VERT 227
OFFSET -2.312387 -3.042307 53.115627
BONES 1
BONE 4 1.000000

VERT 228
OFFSET -1.811011 -3.047398 53.279823
BONES 3
BONE 49 0.013926
BONE 4 0.917430
BONE 34 0.068645

VERT 229
OFFSET -2.218187 -3.553642 53.705975
BONES 1
BONE 4 1.000000

VERT 230
OFFSET -1.896123 -3.122486 53.510807
BONES 1
BONE 4 1.000000

VERT 231
OFFSET -2.304983 -3.431911 53.561745
BONES 1
BONE 4 1.000000

VERT 232
OFFSET -2.468271 -2.891620 52.817108
BONES 1
BONE 4 1.000000

VERT 233
OFFSET -2.642910 -3.419537 52.801704
BONES 1
BONE 4 1.000000

VERT 234
OFFSET -2.821952 -3.660387 53.208488
BONES 1
BONE 4 1.000000

VERT 235
OFFSET -2.574779 -3.605541 53.484257
BONES 1
BONE 4 1.000000

VERT 236
OFFSET -2.424836 -3.481145 53.134441
BONES 1
BONE 4 1.000000

VERT 237
OFFSET -2.376260 -3.664495 53.612289
BONES 1
BONE 4 1.000000

VERT 238
OFFSET -2.673174 -3.852552 53.485001
BONES 1
BONE 4 1.000000

VERT 239
OFFSET -2.869529 -3.732986 53.462856
BONES 1
BONE 4 1.000000

VERT 240
OFFSET -2.343096 -3.472213 53.745525
BONES 1
BONE 4 1.000000

VERT 241
OFFSET -2.252560 -3.156200 53.629566
BONES 1
BONE 4 1.000000

VERT 242
OFFSET -2.929824 -3.805264 53.133282
BONES 1
BONE 4 1.000000

VERT 243
OFFSET -2.857961 -3.657063 52.908463
BONES 1
BONE 4 1.000000

VERT 244
OFFSET -3.465544 -0.774337 51.126312
BONES 2
BONE 36 0.000185
BONE 4 0.999815

VERT 245
OFFSET -3.750729 -0.331589 51.218742
BONES 1
BONE 4 1.000000

VERT 246
OFFSET -3.843550 -0.771644 52.019093
BONES 1
BONE 4 1.000000

VERT 247
OFFSET -3.820107 -0.000715 51.231422
BONES 1
BONE 4 1.000000

VERT 248
OFFSET -4.101925 -0.002548 51.874344
BONES 1
BONE 4 1.000000

VERT 249
OFFSET -4.560486 -0.488792 52.639751
BONES 1
BONE 4 1.000000

VERT 250
OFFSET -4.678057 -0.001350 52.528759
BONES 1
BONE 4 1.000000

VERT 251
OFFSET -4.101192 -1.387930 52.847157
BONES 1
BONE 4 1.000000

VERT 252
OFFSET -0.024519 -2.570952 53.650581
BONES 6
BONE 53 0.048895
BONE 54 0.172681
BONE 49 0.001655
BONE 48 0.550992
BONE 4 0.223377
BONE 52 0.002400

VERT 253
OFFSET 0.065098 -2.926667 54.454628
BONES 4
BONE 53 0.000184
BONE 4 0.820620
BONE 54 0.015358
BONE 48 0.163837

VERT 254
OFFSET -2.283577 -3.249653 56.225937
BONES 1
BONE 4 1.000000

VERT 255
OFFSET -1.661709 -3.150400 54.024441
BONES 2
BONE 4 0.998960
BONE 48 0.001040

VERT 256
OFFSET -0.286446 -2.262293 52.836956
BONES 5
BONE 4 0.051809
BONE 49 0.146713
BONE 48 0.563321
BONE 54 0.060580
BONE 55 0.177578

VERT 257
OFFSET -0.023793 -2.202151 53.318249
BONES 6
BONE 52 0.027860
BONE 55 0.061849
BONE 4 0.000314
BONE 48 0.592180
BONE 54 0.177653
BONE 53 0.140144

VERT 258
OFFSET -0.157393 -2.878819 55.514362
BONES 1
BONE 4 1.000000

VERT 259
OFFSET 0.794103 -2.160719 55.468040
BONES 2
BONE 4 0.976495
BONE 48 0.023505

VERT 260
OFFSET 0.533751 -1.957072 56.686077
BONES 1
BONE 4 1.000000

VERT 261
OFFSET 0.639012 -1.915175 54.458332
BONES 4
BONE 52 0.001229
BONE 51 0.004780
BONE 4 0.497974
BONE 48 0.496017

VERT 262
OFFSET 0.767943 -0.679666 57.041008
BONES 1
BONE 4 1.000000

VERT 263
OFFSET 0.234616 -0.649921 53.137821
BONES 6
BONE 4 0.141869
BONE 50 0.150073
BONE 52 0.000867
BONE 51 0.096214
BONE 48 0.584582
BONE 57 0.026396

VERT 264
OFFSET 0.348529 -1.390685 53.638660
BONES 5
BONE 50 0.007110
BONE 51 0.107036
BONE 53 0.026890
BONE 48 0.637798
BONE 52 0.221167

VERT 265
OFFSET 0.100019 -1.819492 53.598927
BONES 5
BONE 51 0.001596
BONE 52 0.216785
BONE 48 0.655166
BONE 53 0.126379
BONE 54 0.000074

VERT 266
OFFSET 0.246828 -1.294017 53.685528
BONES 4
BONE 51 0.073263
BONE 53 0.001420
BONE 48 0.726426
BONE 52 0.198892

VERT 267
OFFSET -0.312035 -1.400922 53.158237
BONES 4
BONE 51 0.023574
BONE 4 0.000000
BONE 48 0.941005
BONE 52 0.035421

VERT 268
OFFSET -0.150068 -2.192725 53.351082
BONES 5
BONE 55 0.024964
BONE 52 0.030607
BONE 48 0.727361
BONE 53 0.147456
BONE 54 0.069611

VERT 269
OFFSET -0.296586 -2.075092 52.878586
BONES 6
BONE 56 0.004305
BONE 54 0.033343
BONE 53 0.010652
BONE 48 0.714283
BONE 55 0.235983
BONE 52 0.001434

VERT 270
OFFSET -0.052650 -1.175413 52.613861
BONES 5
BONE 50 0.017989
BONE 57 0.046522
BONE 56 0.169954
BONE 48 0.745792
BONE 55 0.019744

VERT 271
OFFSET 0.153164 -0.759094 52.910629
BONES 5
BONE 51 0.006862
BONE 57 0.217967
BONE 48 0.554476
BONE 56 0.057499
BONE 50 0.163197

VERT 272
OFFSET 0.045872 -0.719095 53.063183
BONES 5
BONE 52 0.000195
BONE 57 0.067365
BONE 48 0.659053
BONE 50 0.229270
BONE 51 0.044118

VERT 273
OFFSET 0.234347 -0.812269 53.466633
BONES 4
BONE 52 0.006251
BONE 50 0.183069
BONE 48 0.604514
BONE 51 0.206165

VERT 274
OFFSET 0.282182 -1.145266 52.202297
BONES 7
BONE 38 0.002054
BONE 34 0.199275
BONE 57 0.035821
BONE 48 0.645746
BONE 56 0.060394
BONE 4 0.056123
BONE 49 0.000587

VERT 275
OFFSET 0.216074 -0.676865 57.885559
BONES 1
BONE 4 1.000000

VERT 276
OFFSET -0.069042 -1.845497 57.794914
BONES 1
BONE 4 1.000000

VERT 277
OFFSET -1.171209 -2.771664 57.092510
BONES 1
BONE 4 1.000000

VERT 278
OFFSET -3.002781 -3.206483 55.607620
BONES 1
BONE 4 1.000000

VERT 279
OFFSET 1.145232 0.942577 55.329639
BONES 3
BONE 4 0.750000
BONE 7 0.007414
BONE 5 0.242586

VERT 280
OFFSET 1.108637 1.287533 55.315025
BONES 3
BONE 4 0.750000
BONE 7 0.021748
BONE 5 0.228252

VERT 281
OFFSET 0.860659 1.719242 54.619396
BONES 3
BONE 4 0.750000
BONE 7 0.111102
BONE 5 0.138898

VERT 282
OFFSET 0.750815 2.020512 54.503178
BONES 3
BONE 4 0.750000
BONE 5 0.066818
BONE 7 0.183182

VERT 283
OFFSET 0.594931 2.273648 54.314919
BONES 3
BONE 7 0.229254
BONE 5 0.020746
BONE 4 0.750000

VERT 284
OFFSET 0.422501 2.788809 54.470795
BONES 3
BONE 4 0.750000
BONE 5 0.009786
BONE 7 0.240214

VERT 285
OFFSET 0.820236 2.185462 55.065811
BONES 3
BONE 7 0.161931
BONE 5 0.088069
BONE 4 0.750000

VERT 286
OFFSET 0.592903 2.549579 54.761036
BONES 3
BONE 4 0.750000
