// Export time: Mon Nov 16 22:35:37 2020

// Exported using Blender v2.90.1
// Export filename: 'E:/blackops3/mod_xmodel/iw4/suomi/ch_head_gk_suomi_lod1.XMODEL_EXPORT'
// Source filename: 'E:/blackops3/mod_xmodel/iw4/suomi/suomi.blend'
MODEL
VERSION 6

NUMBONES 58
BONE 0 -1 "tag_origin"
BONE 1 0 "j_spineupper"
BONE 2 1 "j_spine4"
BONE 3 2 "j_neck"
BONE 4 3 "j_head"
BONE 5 4 "j_brow_le"
BONE 6 4 "j_brow_ri"
BONE 7 4 "j_browouter_le"
BONE 8 4 "j_browouter_ri"
BONE 9 4 "j_cheek_le"
BONE 10 4 "j_cheek_ri"
BONE 11 4 "j_cheeklower_le"
BONE 12 4 "j_cheeklower_ri"
BONE 13 4 "j_eye_lid_bot_le"
BONE 14 4 "j_eye_lid_bot_ri"
BONE 15 4 "j_eye_lid_top_le"
BONE 16 4 "j_eye_lid_top_ri"
BONE 17 4 "j_eyeball_le"
BONE 18 4 "j_eyeball_ri"
BONE 19 4 "j_head_end"
BONE 20 19 "j_helmet"
BONE 21 4 "j_jaw"
BONE 22 21 "j_chin_skinroll"
BONE 23 21 "j_lip_bot_le"
BONE 24 21 "j_lip_bot_ri"
BONE 25 4 "j_levator_le"
BONE 26 4 "j_levator_ri"
BONE 27 4 "j_lip_top_le"
BONE 28 4 "j_lip_top_ri"
BONE 29 4 "j_mouth_le"
BONE 30 4 "j_mouth_ri"
BONE 31 4 "j_nvg"
BONE 32 4 "tag_eye"
BONE 33 4 "CheekUp_S_L"
BONE 34 4 "CheekUp_S_R"
BONE 35 4 "CheekLow_S_L"
BONE 36 4 "CheekLow_S_R"
BONE 37 4 "MouthCavity"
BONE 38 4 "MouthMove"
BONE 39 4 "Eye_Rz_L"
BONE 40 39 "CheekUp2_L"
BONE 41 39 "Eye02_S_L"
BONE 42 39 "Eye03_S_L"
BONE 43 39 "Eye04_S_L"
BONE 44 39 "Eye05_S_L"
BONE 45 39 "Eye06_S_L"
BONE 46 39 "Eye07_S_L"
BONE 47 39 "Eye08_S_L"
BONE 48 4 "Eye_Rz_R"
BONE 49 48 "CheekUp2_R"
BONE 50 48 "Eye01_S_R"
BONE 51 48 "Eye02_S_R"
BONE 52 48 "Eye03_S_R"
BONE 53 48 "Eye04_S_R"
BONE 54 48 "Eye05_S_R"
BONE 55 48 "Eye06_S_R"
BONE 56 48 "Eye07_S_R"
BONE 57 48 "Eye08_S_R"

BONE 0
OFFSET 0.000000 0.000000 0.000000
SCALE 1.000000 1.000000 1.000000
X 1.000000 0.000000 0.000000
Y 0.000000 1.000000 0.000000
Z 0.000000 0.000000 1.000000

BONE 1
OFFSET -2.255859 0.000183 41.858334
SCALE 1.000000 1.000000 1.000000
X 0.020427 -0.000062 0.999791
Y 0.999791 0.000062 -0.020427
Z -0.000060 1.000000 0.000064

BONE 2
OFFSET -2.465509 0.000013 44.630543
SCALE 1.000000 1.000000 1.000000
X 0.047000 -0.000059 0.998895
Y 0.998895 0.000063 -0.047000
Z -0.000060 1.000000 0.000061

BONE 3
OFFSET -2.534840 -0.000582 48.708759
SCALE 1.000000 1.000000 1.000000
X 0.309776 -0.000037 0.950810
Y 0.950810 0.000075 -0.309776
Z -0.000060 1.000000 0.000058

BONE 4
OFFSET -2.534840 -0.000582 50.884945
SCALE 1.000000 1.000000 1.000000
X 0.216387 -0.000040 0.976308
Y 0.976308 0.000072 -0.216387
Z -0.000061 1.000000 0.000055

BONE 5
OFFSET 1.061707 1.372809 54.814789
SCALE 1.000000 1.000000 1.000000
X 0.000647 1.000000 -0.000106
Y -0.998863 0.000642 -0.047682
Z -0.047682 0.000137 0.998863

BONE 6
OFFSET 1.071035 -1.397870 54.811729
SCALE 1.000000 1.000000 1.000000
X 0.000009 1.000000 0.000095
Y 0.998890 -0.000013 0.047113
Z 0.047113 0.000094 -0.998890

BONE 7
OFFSET 0.719010 2.288752 54.702343
SCALE 1.000000 1.000000 1.000000
X 0.000662 0.999996 -0.000128
Y -0.998862 0.000654 -0.047699
Z -0.047699 0.000159 0.998862

BONE 8
OFFSET 0.747290 -2.263157 54.704506
SCALE 1.000000 1.000000 1.000000
X 0.000021 1.000000 0.000092
Y 0.998894 -0.000025 0.047025
Z 0.047025 0.000091 -0.998894

BONE 9
OFFSET -0.431932 1.533045 52.773571
SCALE 1.000000 1.000000 1.000000
X 0.000640 0.999998 -0.000131
Y -0.998866 0.000633 -0.047603
Z -0.047603 0.000161 0.998866

BONE 10
OFFSET -0.448457 -1.472631 52.826965
SCALE 1.000000 1.000000 1.000000
X 0.000012 1.000000 0.000086
Y 0.998889 -0.000016 0.047121
Z 0.047121 0.000085 -0.998889

BONE 11
OFFSET -0.440225 1.377437 51.801128
SCALE 1.000000 1.000000 1.000000
X 0.170277 0.000000 0.985396
Y 0.985396 0.000013 -0.170278
Z -0.000013 1.000000 0.000002

BONE 12
OFFSET -0.403714 -1.376289 51.825867
SCALE 1.000000 1.000000 1.000000
X 0.170380 -0.000001 0.985379
Y 0.985379 0.000016 -0.170380
Z -0.000015 1.000000 0.000004

BONE 13
OFFSET -0.644040 0.932544 53.224907
SCALE 1.000000 1.000000 1.000000
X -0.065611 0.997121 0.038027
Y -0.996954 -0.063895 -0.044724
Z -0.042166 -0.040845 0.998276

BONE 14
OFFSET -0.643782 -0.890798 53.219456
SCALE 1.000000 1.000000 1.000000
X 0.066604 0.997041 -0.038394
Y 0.996923 -0.064903 0.043961
Z 0.041339 -0.041204 -0.998295

BONE 15
OFFSET -0.643687 0.931717 53.285461
SCALE 1.000000 1.000000 1.000000
X -0.065504 0.997129 0.037993
Y -0.996957 -0.063784 -0.044823
Z -0.042271 -0.040813 0.998272

BONE 16
OFFSET -0.643171 -0.891910 53.274517
SCALE 1.000000 1.000000 1.000000
X 0.066554 0.997044 -0.038390
Y 0.996938 -0.064866 0.043670
Z 0.041051 -0.041178 -0.998308

BONE 17
OFFSET -1.977807 0.840015 53.098667
SCALE 1.000000 1.000000 1.000000
X -0.205898 0.978521 -0.010106
Y -0.977363 -0.206146 -0.047599
Z -0.048659 0.000076 0.998815

BONE 18
OFFSET -1.977071 -0.839186 53.101200
SCALE 1.000000 1.000000 1.000000
X 0.207725 0.978138 0.009803
Y 0.977071 -0.207956 0.045679
Z 0.046719 0.000090 -0.998908

BONE 19
OFFSET -2.360085 -0.000540 55.533272
SCALE 1.000000 1.000000 1.000000
X 0.170275 0.000001 0.985397
Y 0.985397 -0.000000 -0.170275
Z 0.000000 1.000000 -0.000001

BONE 20
OFFSET -3.163847 -0.000538 56.541691
SCALE 1.000000 1.000000 1.000000
X 0.995880 -0.000065 0.090684
Y 0.000083 1.000000 -0.000192
Z -0.090684 0.000199 0.995880

BONE 21
OFFSET -1.906365 -0.000285 51.280998
SCALE 1.000000 1.000000 1.000000
X 0.000647 1.000000 -0.000098
Y -0.998857 0.000642 -0.047788
Z -0.047788 0.000129 0.998858

BONE 22
OFFSET 0.546593 -0.002016 49.831612
SCALE 1.000000 1.000000 1.000000
X 0.000647 1.000000 -0.000099
Y -0.998871 0.000642 -0.047504
Z -0.047504 0.000129 0.998871

BONE 23
OFFSET 0.423428 0.186396 51.206402
SCALE 1.000000 1.000000 1.000000
X 0.000647 1.000000 -0.000084
Y -0.998862 0.000643 -0.047693
Z -0.047693 0.000115 0.998862

BONE 24
OFFSET 0.423400 -0.187551 51.206409
SCALE 1.000000 1.000000 1.000000
X 0.000636 1.000000 -0.000057
Y 0.998858 -0.000633 0.047788
Z 0.047788 -0.000087 -0.998858

BONE 25
OFFSET 0.246653 0.460663 52.495052
SCALE 1.000000 1.000000 1.000000
X 0.000649 0.999995 -0.000070
Y -0.998862 0.000643 -0.047692
Z -0.047691 0.000101 0.998862

BONE 26
OFFSET 0.266883 -0.443783 52.499672
SCALE 1.000000 1.000000 1.000000
X 0.000017 1.000000 0.000087
Y 0.998894 -0.000021 0.047025
Z 0.047025 0.000086 -0.998894

BONE 27
OFFSET 0.525056 0.186394 51.376423
SCALE 1.000000 1.000000 1.000000
X 0.000646 0.999998 -0.000089
Y -0.998862 0.000640 -0.047692
Z -0.047692 0.000119 0.998862

BONE 28
OFFSET 0.525055 -0.187579 51.376415
SCALE 1.000000 1.000000 1.000000
X 0.000011 1.000000 0.000093
Y 0.998894 -0.000015 0.047020
Z 0.047020 0.000092 -0.998894

BONE 29
OFFSET 0.379583 0.549297 51.319664
SCALE 1.000000 1.000000 1.000000
X 0.000649 1.000000 -0.000116
Y -0.998862 0.000643 -0.047694
Z -0.047694 0.000147 0.998862

BONE 30
OFFSET 0.379583 -0.550482 51.319664
SCALE 1.000000 1.000000 1.000000
X 0.000009 1.000000 0.000099
Y 0.998894 -0.000013 0.047021
Z 0.047021 0.000099 -0.998894

BONE 31
OFFSET 1.484026 -0.000537 54.832466
SCALE 1.000000 1.000000 1.000000
X 0.985422 0.000010 -0.170125
Y -0.170125 0.000000 -0.985422
Z -0.000009 1.000000 0.000002

BONE 32
OFFSET -0.106214 -0.000149 53.098900
SCALE 1.000000 1.000000 1.000000
X 0.922505 -0.000063 0.385985
Y 0.000068 1.000000 0.000001
Z -0.385985 0.000025 0.922505

BONE 33
OFFSET -0.602409 1.490057 51.867226
SCALE 1.000000 1.000000 1.000000
X -0.000000 1.000000 0.000000
Y -0.000000 -0.000000 1.000000
Z 1.000000 0.000000 0.000000

BONE 34
OFFSET -0.602407 -1.491421 51.866852
SCALE 1.000000 1.000000 1.000000
X -0.000000 1.000000 0.000000
Y -0.000000 -0.000000 1.000000
Z 1.000000 0.000000 0.000000

BONE 35
OFFSET -1.723391 0.740560 50.867191
SCALE 1.000000 1.000000 1.000000
X -0.000000 1.000000 -0.000000
Y 0.000000 0.000000 1.000000
Z 1.000000 0.000000 -0.000000

BONE 36
OFFSET -1.723391 -0.741925 50.867191
SCALE 1.000000 1.000000 1.000000
X -0.000000 1.000000 -0.000000
Y 0.000000 0.000000 1.000000
Z 1.000000 0.000000 -0.000000

BONE 37
OFFSET -0.422607 -0.000682 51.279503
SCALE 1.000000 1.000000 1.000000
X -0.000000 1.000000 -0.000000
Y 0.000000 -0.000000 1.000000
Z 1.000000 0.000000 -0.000000

BONE 38
OFFSET 0.467669 -0.000682 51.279503
SCALE 1.000000 1.000000 1.000000
X -0.000000 1.000000 -0.000000
Y -0.000000 -0.000000 1.000000
Z 1.000000 0.000000 -0.000000

BONE 39
OFFSET -0.470989 1.391954 53.400696
SCALE 1.000000 1.000000 1.000000
X -0.000000 1.000000 -0.000000
Y 0.000000 -0.000000 1.000000
Z 1.000000 0.000000 -0.000000

BONE 40
OFFSET -1.054287 1.334474 52.404564
SCALE 1.000000 1.000000 1.000000
X -0.000000 1.000000 -0.000000
Y -0.000000 -0.000000 1.000000
Z 1.000000 0.000000 -0.000000

BONE 41
OFFSET 0.232299 1.008034 53.377338
SCALE 1.000000 1.000000 1.000000
X -0.000000 1.000000 -0.000000
Y -0.000000 0.000000 1.000000
Z 1.000000 0.000000 -0.000000

BONE 42
OFFSET 0.325849 1.540242 53.952705
SCALE 1.000000 1.000000 1.000000
X -0.000000 1.000000 -0.000000
Y -0.000000 -0.000000 1.000000
Z 1.000000 0.000000 -0.000000

BONE 43
OFFSET 0.113236 1.950822 53.600941
SCALE 1.000000 1.000000 1.000000
X -0.000000 1.000000 -0.000000
Y -0.000000 -0.000000 1.000000
Z 1.000000 0.000000 -0.000000

BONE 44
OFFSET -0.035792 2.181473 53.486126
SCALE 1.000000 1.000000 1.000000
X -0.000000 1.000000 -0.000000
Y 0.000000 -0.000000 1.000000
Z 1.000000 0.000000 -0.000000

BONE 45
OFFSET -0.143754 1.937462 52.921627
SCALE 1.000000 1.000000 1.000000
X -0.000000 1.000000 -0.000000
Y 0.000000 -0.000000 1.000000
Z 1.000000 0.000000 -0.000000

BONE 46
OFFSET 0.029619 1.360779 52.778843
SCALE 1.000000 1.000000 1.000000
X -0.000000 1.000000 -0.000000
Y -0.000000 -0.000000 1.000000
Z 1.000000 0.000000 -0.000000

BONE 47
OFFSET 0.195788 0.837626 52.941898
SCALE 1.000000 1.000000 1.000000
X -0.000000 1.000000 -0.000000
Y -0.000000 -0.000000 1.000000
Z 1.000000 0.000000 -0.000000

BONE 48
OFFSET -0.470989 -1.392697 53.400654
SCALE 1.000000 1.000000 1.000000
X -0.000000 1.000000 0.000000
Y -0.000000 -0.000000 1.000000
Z 1.000000 0.000000 0.000000

BONE 49
OFFSET -1.054286 -1.335217 52.404530
SCALE 1.000000 1.000000 1.000000
X -0.000000 1.000000 0.000000
Y 0.000000 -0.000000 1.000000
Z 1.000000 0.000000 -0.000000

BONE 50
OFFSET 0.251430 -0.857242 53.300644
SCALE 1.000000 1.000000 1.000000
X -0.000000 1.000000 0.000000
Y 0.000000 -0.000000 1.000000
Z 1.000000 0.000000 -0.000000

BONE 51
OFFSET 0.232204 -1.008014 53.377361
SCALE 1.000000 1.000000 1.000000
X -0.000000 1.000000 0.000000
Y -0.000000 0.000000 1.000000
Z 1.000000 0.000000 -0.000000

BONE 52
OFFSET 0.333494 -1.496676 53.950314
SCALE 1.000000 1.000000 1.000000
X -0.000000 1.000000 0.000000
Y 0.000000 -0.000000 1.000000
Z 1.000000 0.000000 -0.000000

BONE 53
OFFSET 0.114590 -1.952256 53.601486
SCALE 1.000000 1.000000 1.000000
X -0.000000 1.000000 0.000000
Y -0.000000 -0.000000 1.000000
Z 1.000000 0.000000 -0.000000

BONE 54
OFFSET -0.035807 -2.183543 53.486084
SCALE 1.000000 1.000000 1.000000
X -0.000000 1.000000 0.000000
Y 0.000000 -0.000000 1.000000
Z 1.000000 0.000000 -0.000000

BONE 55
OFFSET -0.143136 -1.937480 52.922176
SCALE 1.000000 1.000000 1.000000
X -0.000000 1.000000 0.000000
Y 0.000000 -0.000000 1.000000
Z 1.000000 0.000000 -0.000000

BONE 56
OFFSET 0.028974 -1.360754 52.779503
SCALE 1.000000 1.000000 1.000000
X -0.000000 1.000000 0.000000
Y 0.000000 -0.000000 1.000000
Z 1.000000 0.000000 -0.000000

BONE 57
OFFSET 0.194552 -0.838586 52.941292
SCALE 1.000000 1.000000 1.000000
X -0.000000 1.000000 0.000000
Y -0.000000 -0.000000 1.000000
Z 1.000000 0.000000 -0.000000


NUMVERTS 4806
VERT 0
OFFSET -2.634958 3.368765 53.476593
BONES 1
BONE 4 1.000000

VERT 1
OFFSET -2.552608 3.349435 53.530254
BONES 1
BONE 4 1.000000

VERT 2
OFFSET -2.570598 3.244022 53.581993
BONES 1
BONE 4 1.000000

VERT 3
OFFSET -2.745543 3.235511 53.477165
BONES 1
BONE 4 1.000000

VERT 4
OFFSET -2.717306 3.383667 53.422932
BONES 1
BONE 4 1.000000

VERT 5
OFFSET -2.792539 3.371258 53.328354
BONES 1
BONE 4 1.000000

VERT 6
OFFSET -2.912313 3.167181 53.312061
BONES 1
BONE 4 1.000000

VERT 7
OFFSET -2.867771 3.352947 53.233768
BONES 1
BONE 4 1.000000

VERT 8
OFFSET -2.881832 3.287101 53.113487
BONES 1
BONE 4 1.000000

VERT 9
OFFSET -2.961917 3.054126 53.072544
BONES 1
BONE 4 1.000000

VERT 10
OFFSET -2.895894 3.221255 52.993210
BONES 1
BONE 4 1.000000

VERT 11
OFFSET -2.908478 3.372482 52.926430
BONES 1
BONE 4 1.000000

VERT 12
OFFSET -2.392387 3.301760 53.576378
BONES 1
BONE 4 1.000000

VERT 13
OFFSET -2.418930 3.198889 53.603405
BONES 1
BONE 4 1.000000

VERT 14
OFFSET -2.534646 3.431711 53.550018
BONES 1
BONE 4 1.000000

VERT 15
OFFSET -2.615311 3.462576 53.479290
BONES 1
BONE 4 1.000000

VERT 16
OFFSET -2.661080 3.673661 53.628563
BONES 1
BONE 4 1.000000

VERT 17
OFFSET -2.267263 3.160128 53.624817
BONES 1
BONE 4 1.000000

VERT 18
OFFSET -2.259299 3.289240 53.695148
BONES 1
BONE 4 1.000000

VERT 19
OFFSET -2.128810 3.240944 53.652527
BONES 1
BONE 4 1.000000

VERT 20
OFFSET -2.373284 3.347383 53.623112
BONES 1
BONE 4 1.000000

VERT 21
OFFSET -2.505353 3.573520 53.703499
BONES 1
BONE 4 1.000000

VERT 22
OFFSET -2.328711 3.438185 53.727215
BONES 1
BONE 4 1.000000

VERT 23
OFFSET -2.285854 3.546193 53.721893
BONES 1
BONE 4 1.000000

VERT 24
OFFSET -2.182475 3.457275 53.700920
BONES 1
BONE 4 1.000000

VERT 25
OFFSET -2.089651 3.369435 53.663349
BONES 1
BONE 4 1.000000

VERT 26
OFFSET -2.103105 3.439786 53.608120
BONES 1
BONE 4 1.000000

VERT 27
OFFSET -2.081007 3.146514 53.566494
BONES 1
BONE 4 1.000000

VERT 28
OFFSET -1.998321 3.181324 53.589157
BONES 1
BONE 4 1.000000

VERT 29
OFFSET -1.894749 3.121088 53.508163
BONES 1
BONE 4 1.000000

VERT 30
OFFSET -1.996825 3.273392 53.593231
BONES 1
BONE 4 1.000000

VERT 31
OFFSET -1.923168 3.186426 53.507389
BONES 1
BONE 4 1.000000

VERT 32
OFFSET -1.775155 3.079002 53.357494
BONES 3
BONE 33 0.058786
BONE 40 0.013888
BONE 4 0.927326

VERT 33
OFFSET -1.872010 3.130924 53.341118
BONES 2
BONE 33 0.045923
BONE 4 0.954077

VERT 34
OFFSET -1.956349 3.266273 53.474834
BONES 1
BONE 4 1.000000

VERT 35
OFFSET -2.011181 3.195261 53.291126
BONES 1
BONE 4 1.000000

VERT 36
OFFSET -1.987066 3.115771 53.124218
BONES 2
BONE 33 0.035821
BONE 4 0.964179

VERT 37
OFFSET -1.819736 3.047228 53.157379
BONES 3
BONE 33 0.078333
BONE 40 0.015832
BONE 4 0.905835

VERT 38
OFFSET -2.068311 3.299068 53.429485
BONES 1
BONE 4 1.000000

VERT 39
OFFSET -2.126351 3.276234 53.389179
BONES 1
BONE 4 1.000000

VERT 40
OFFSET -2.076584 3.121536 53.215164
BONES 1
BONE 4 1.000000

VERT 41
OFFSET -2.078706 3.187456 53.272137
BONES 1
BONE 4 1.000000

VERT 42
OFFSET -2.059469 3.046924 53.107815
BONES 1
BONE 4 1.000000

VERT 43
OFFSET -2.004376 3.040269 53.001408
BONES 2
BONE 33 0.053610
BONE 4 0.946390

VERT 44
OFFSET -2.085869 2.935269 52.988827
BONES 1
BONE 4 1.000000

VERT 45
OFFSET -2.086294 3.005011 53.098511
BONES 1
BONE 4 1.000000

VERT 46
OFFSET -2.101033 2.888490 52.994644
BONES 1
BONE 4 1.000000

VERT 47
OFFSET -2.330646 3.034714 53.125637
BONES 1
BONE 4 1.000000

VERT 48
OFFSET -2.203615 3.082427 53.170403
BONES 1
BONE 4 1.000000

VERT 49
OFFSET -2.311126 3.156409 53.108589
BONES 1
BONE 4 1.000000

VERT 50
OFFSET -2.162447 2.955521 52.844269
BONES 1
BONE 4 1.000000

VERT 51
OFFSET -2.196586 2.878973 52.864811
BONES 1
BONE 4 1.000000

VERT 52
OFFSET -2.194046 2.802806 52.867519
BONES 1
BONE 4 1.000000

VERT 53
OFFSET -2.032725 2.947409 52.842976
BONES 2
BONE 33 0.084262
BONE 4 0.915738

VERT 54
OFFSET -2.182328 2.866004 52.703869
BONES 1
BONE 4 1.000000

VERT 55
OFFSET -2.062453 2.843141 52.688663
BONES 3
BONE 33 0.128243
BONE 40 0.018283
BONE 4 0.853474

VERT 56
OFFSET -2.179805 2.757262 52.579514
BONES 2
BONE 35 0.003611
BONE 4 0.996389

VERT 57
OFFSET -2.089887 2.760050 52.524273
BONES 3
BONE 33 0.139981
BONE 35 0.032501
BONE 4 0.827518

VERT 58
OFFSET -1.996186 2.706475 52.517555
BONES 4
BONE 40 0.059794
BONE 35 0.029557
BONE 4 0.684452
BONE 33 0.226197

VERT 59
OFFSET -1.930888 2.827493 52.674065
BONES 3
BONE 33 0.188814
BONE 40 0.038062
BONE 4 0.773123

VERT 60
OFFSET -1.886993 2.921684 52.825706
BONES 3
BONE 33 0.134942
BONE 40 0.022025
BONE 4 0.843032

VERT 61
OFFSET -2.055851 2.630924 52.367607
BONES 4
BONE 35 0.095549
BONE 40 0.033740
BONE 4 0.645902
BONE 33 0.224809

VERT 62
OFFSET -2.093589 2.680459 52.321892
BONES 2
BONE 4 0.937239
BONE 35 0.062761

VERT 63
OFFSET -2.107358 2.561845 52.274307
BONES 3
BONE 35 0.141177
BONE 4 0.689191
BONE 33 0.169632

VERT 64
OFFSET -2.221410 2.749357 52.300903
BONES 1
BONE 4 1.000000

VERT 65
OFFSET -2.187680 2.792531 52.702034
BONES 1
BONE 4 1.000000

VERT 66
OFFSET -2.436175 2.859099 52.628780
BONES 1
BONE 4 1.000000

VERT 67
OFFSET -2.436473 2.869543 52.734974
BONES 1
BONE 4 1.000000

VERT 68
OFFSET -2.425360 2.881293 52.314854
BONES 1
BONE 4 1.000000

VERT 69
OFFSET -2.460968 2.950822 52.507469
BONES 1
BONE 4 1.000000

VERT 70
OFFSET -2.238170 2.748746 52.150143
BONES 1
BONE 4 1.000000

VERT 71
OFFSET -2.121528 2.598913 52.143574
BONES 2
BONE 35 0.077343
BONE 4 0.922657

VERT 72
OFFSET -2.293960 2.733784 52.046688
BONES 1
BONE 4 1.000000

VERT 73
OFFSET -2.176250 2.590695 52.027569
BONES 2
BONE 4 0.975604
BONE 35 0.024396

VERT 74
OFFSET -2.271608 2.636632 51.983467
BONES 1
BONE 4 1.000000

VERT 75
OFFSET -2.267972 2.556316 51.985779
BONES 1
BONE 4 1.000000

VERT 76
OFFSET -2.363554 2.702445 51.988441
BONES 1
BONE 4 1.000000

VERT 77
OFFSET -2.418124 2.650429 52.013329
BONES 1
BONE 4 1.000000

VERT 78
OFFSET -2.286048 2.493553 52.011906
BONES 2
BONE 4 0.988235
BONE 35 0.011765

VERT 79
OFFSET -2.452802 2.560041 52.082569
BONES 1
BONE 4 1.000000

VERT 80
OFFSET -2.336743 2.405018 52.075123
BONES 2
BONE 35 0.070565
BONE 4 0.929435

VERT 81
OFFSET -2.524581 2.910665 52.078049
BONES 1
BONE 4 1.000000

VERT 82
OFFSET -2.468061 2.899387 52.184242
BONES 1
BONE 4 1.000000

VERT 83
OFFSET -2.502815 2.421819 52.183968
BONES 1
BONE 4 1.000000

VERT 84
OFFSET -2.581310 2.813166 52.110542
BONES 1
BONE 4 1.000000

VERT 85
OFFSET -2.625320 2.700283 52.194916
BONES 1
BONE 4 1.000000

VERT 86
OFFSET -2.790003 3.071089 52.299355
BONES 1
BONE 4 1.000000

VERT 87
OFFSET -2.768120 2.884975 52.399982
BONES 1
BONE 4 1.000000

VERT 88
OFFSET -2.680241 2.547121 52.320053
BONES 1
BONE 4 1.000000

VERT 89
OFFSET -2.820000 2.693246 52.508324
BONES 1
BONE 4 1.000000

VERT 90
OFFSET -2.838396 3.055790 52.547840
BONES 1
BONE 4 1.000000

VERT 91
OFFSET -2.756266 3.194701 52.279972
BONES 1
BONE 4 1.000000

VERT 92
OFFSET -2.723987 3.194157 52.325317
BONES 1
BONE 4 1.000000

VERT 93
OFFSET -2.815699 3.363330 52.461739
BONES 1
BONE 4 1.000000

VERT 94
OFFSET -2.911629 3.265224 52.459030
BONES 1
BONE 4 1.000000

VERT 95
OFFSET -2.642692 3.130395 52.369499
BONES 1
BONE 4 1.000000

VERT 96
OFFSET -2.745626 3.269394 52.495655
BONES 1
BONE 4 1.000000

VERT 97
OFFSET -2.693075 3.258006 52.499622
BONES 1
BONE 4 1.000000

VERT 98
OFFSET -2.511814 3.082629 52.410198
BONES 1
BONE 4 1.000000

VERT 99
OFFSET -2.542486 3.196005 52.534798
BONES 1
BONE 4 1.000000

VERT 100
OFFSET -2.510784 3.053756 52.613281
BONES 1
BONE 4 1.000000

VERT 101
OFFSET -2.821854 3.383435 52.621803
BONES 1
BONE 4 1.000000

VERT 102
OFFSET -2.725915 3.360632 52.629745
BONES 1
BONE 4 1.000000

VERT 103
OFFSET -2.640525 3.246619 52.503593
BONES 1
BONE 4 1.000000

VERT 104
OFFSET -2.573158 3.280839 52.659397
BONES 1
BONE 4 1.000000

VERT 105
OFFSET -2.560599 3.156691 52.719086
BONES 1
BONE 4 1.000000

VERT 106
OFFSET -2.573971 3.350943 52.865322
BONES 1
BONE 4 1.000000

VERT 107
OFFSET -2.528744 3.233545 52.933018
BONES 1
BONE 4 1.000000

VERT 108
OFFSET -2.508669 3.354749 52.951504
BONES 1
BONE 4 1.000000

VERT 109
OFFSET -2.635979 3.404530 52.836479
BONES 1
BONE 4 1.000000

VERT 110
OFFSET -2.594564 3.427660 52.916248
BONES 1
BONE 4 1.000000

VERT 111
OFFSET -2.687036 3.471824 52.899258
BONES 1
BONE 4 1.000000

VERT 112
OFFSET -2.698499 3.437666 52.819633
BONES 1
BONE 4 1.000000

VERT 113
OFFSET -2.629975 3.326469 52.637695
BONES 1
BONE 4 1.000000

VERT 114
OFFSET -2.436771 2.879987 52.841164
BONES 1
BONE 4 1.000000

VERT 115
OFFSET -2.404933 2.926405 52.926510
BONES 1
BONE 4 1.000000

VERT 116
OFFSET -2.367790 2.980559 53.026070
BONES 1
BONE 4 1.000000

VERT 117
OFFSET -2.463459 3.210404 52.985691
BONES 1
BONE 4 1.000000

VERT 118
OFFSET -2.445061 3.346606 53.014019
BONES 1
BONE 4 1.000000

VERT 119
OFFSET -2.528068 3.437715 52.996449
BONES 1
BONE 4 1.000000

VERT 120
OFFSET -2.376370 3.331140 53.080490
BONES 1
BONE 4 1.000000

VERT 121
OFFSET -2.459731 3.434381 53.063679
BONES 1
BONE 4 1.000000

VERT 122
OFFSET -2.553174 3.503109 53.051617
BONES 1
BONE 4 1.000000

VERT 123
OFFSET -2.387292 3.183407 53.047142
BONES 1
BONE 4 1.000000

VERT 124
OFFSET -2.307678 3.309347 53.146954
BONES 1
BONE 4 1.000000

VERT 125
OFFSET -2.386091 3.420751 53.133427
BONES 1
BONE 4 1.000000

VERT 126
OFFSET -2.488273 3.501568 53.122665
BONES 1
BONE 4 1.000000

VERT 127
OFFSET -2.588811 3.530276 53.103352
BONES 1
BONE 4 1.000000

VERT 128
OFFSET -2.665182 3.521195 53.015488
BONES 1
BONE 4 1.000000

VERT 129
OFFSET -2.417049 3.485443 53.201214
BONES 1
BONE 4 1.000000

VERT 130
OFFSET -2.530082 3.527675 53.182621
BONES 1
BONE 4 1.000000

VERT 131
OFFSET -2.624448 3.545781 53.155090
BONES 1
BONE 4 1.000000

VERT 132
OFFSET -2.576161 3.544817 53.235523
BONES 1
BONE 4 1.000000

VERT 133
OFFSET -2.702966 3.545104 53.052162
BONES 1
BONE 4 1.000000

VERT 134
OFFSET -2.769130 3.534448 52.947491
BONES 1
BONE 4 1.000000

VERT 135
OFFSET -2.668722 3.597005 53.216331
BONES 1
BONE 4 1.000000

VERT 136
OFFSET -2.617161 3.591677 53.304161
BONES 1
BONE 4 1.000000

VERT 137
OFFSET -2.731346 3.617332 53.301208
BONES 1
BONE 4 1.000000

VERT 138
OFFSET -2.820918 3.601535 53.134087
BONES 1
BONE 4 1.000000

VERT 139
OFFSET -2.861013 3.585893 52.988163
BONES 1
BONE 4 1.000000

VERT 140
OFFSET -2.854429 3.616493 52.978283
BONES 1
BONE 4 1.000000

VERT 141
OFFSET -2.824492 3.656153 53.152565
BONES 1
BONE 4 1.000000

VERT 142
OFFSET -2.834171 3.638473 52.958984
BONES 1
BONE 4 1.000000

VERT 143
OFFSET -2.864996 3.565195 52.814812
BONES 1
BONE 4 1.000000

VERT 144
OFFSET -2.817487 3.490853 52.808002
BONES 1
BONE 4 1.000000

VERT 145
OFFSET -2.726863 3.508330 52.928982
BONES 1
BONE 4 1.000000

VERT 146
OFFSET -2.864470 3.617599 52.806053
BONES 1
BONE 4 1.000000

VERT 147
OFFSET -2.853101 3.481751 52.598164
BONES 1
BONE 4 1.000000

VERT 148
OFFSET -2.760654 3.462971 52.812664
BONES 1
BONE 4 1.000000

VERT 149
OFFSET -2.945322 3.483060 52.601265
BONES 1
BONE 4 1.000000

VERT 150
OFFSET -2.629376 3.495389 52.976879
BONES 1
BONE 4 1.000000

VERT 151
OFFSET -2.781791 3.716833 53.136227
BONES 1
BONE 4 1.000000

VERT 152
OFFSET -2.859623 3.696178 52.944141
BONES 1
BONE 4 1.000000

VERT 153
OFFSET -2.822984 3.786433 53.142136
BONES 1
BONE 4 1.000000

VERT 154
OFFSET -2.948667 3.714460 52.959099
BONES 1
BONE 4 1.000000

VERT 155
OFFSET -2.959931 3.646131 52.828220
BONES 1
BONE 4 1.000000

VERT 156
OFFSET -3.003502 3.551638 52.869534
BONES 1
BONE 4 1.000000

VERT 157
OFFSET -2.994323 3.616794 53.034405
BONES 1
BONE 4 1.000000

VERT 158
OFFSET -2.897618 3.802223 53.180824
BONES 1
BONE 4 1.000000

VERT 159
OFFSET -2.963262 3.681713 53.252178
BONES 1
BONE 4 1.000000

VERT 160
OFFSET -2.832584 3.467036 53.172188
BONES 1
BONE 4 1.000000

VERT 161
OFFSET -2.767876 3.479249 53.284153
BONES 1
BONE 4 1.000000

VERT 162
OFFSET -2.837942 3.831372 53.317101
BONES 1
BONE 4 1.000000

VERT 163
OFFSET -2.748805 3.813682 53.281902
BONES 1
BONE 4 1.000000

VERT 164
OFFSET -2.695568 3.737158 53.268494
BONES 1
BONE 4 1.000000

VERT 165
OFFSET -2.874126 3.419081 53.043091
BONES 1
BONE 4 1.000000

VERT 166
OFFSET -2.977209 3.406986 52.618702
BONES 1
BONE 4 1.000000

VERT 167
OFFSET -2.904961 3.215513 52.684975
BONES 1
BONE 4 1.000000

VERT 168
OFFSET -2.876831 3.372503 52.440620
BONES 1
BONE 4 1.000000

VERT 169
OFFSET -2.884560 3.057698 52.742844
BONES 1
BONE 4 1.000000

VERT 170
OFFSET -2.955744 2.888546 52.786518
BONES 1
BONE 4 1.000000

VERT 171
OFFSET -2.849910 2.943697 52.572548
BONES 1
BONE 4 1.000000

VERT 172
OFFSET -2.695977 3.487495 53.408562
BONES 1
BONE 4 1.000000

VERT 173
OFFSET -2.912204 3.706620 53.375618
BONES 1
BONE 4 1.000000

VERT 174
OFFSET -2.787472 3.716195 53.521820
BONES 1
BONE 4 1.000000

VERT 175
OFFSET -2.731991 3.831833 53.480648
BONES 1
BONE 4 1.000000

VERT 176
OFFSET -2.590066 3.770693 53.611027
BONES 1
BONE 4 1.000000

VERT 177
OFFSET -2.648413 3.813778 53.422897
BONES 1
BONE 4 1.000000

VERT 178
OFFSET -2.612359 3.741167 53.365543
BONES 1
BONE 4 1.000000

VERT 179
OFFSET -2.510879 3.719426 53.464146
BONES 1
BONE 4 1.000000

VERT 180
OFFSET -2.540131 3.776440 53.534519
BONES 1
BONE 4 1.000000

VERT 181
OFFSET -2.565808 3.632476 53.488041
BONES 1
BONE 4 1.000000

VERT 182
OFFSET -2.678305 3.663399 53.401390
BONES 1
BONE 4 1.000000

VERT 183
OFFSET -2.452993 3.570654 53.542294
BONES 1
BONE 4 1.000000

VERT 184
OFFSET -2.586817 3.597610 53.470551
BONES 1
BONE 4 1.000000

VERT 185
OFFSET -2.675809 3.613707 53.376781
BONES 1
BONE 4 1.000000

VERT 186
OFFSET -2.546704 3.566523 53.399624
BONES 1
BONE 4 1.000000

VERT 187
OFFSET -2.457242 3.533397 53.479439
BONES 1
BONE 4 1.000000

VERT 188
OFFSET -2.436129 3.492920 53.399845
BONES 1
BONE 4 1.000000

VERT 189
OFFSET -2.341913 3.443124 53.462963
BONES 1
BONE 4 1.000000

VERT 190
OFFSET -2.383854 3.467695 53.336884
BONES 1
BONE 4 1.000000

VERT 191
OFFSET -2.458478 3.505564 53.269119
BONES 1
BONE 4 1.000000

VERT 192
OFFSET -2.340660 3.434004 53.269272
BONES 1
BONE 4 1.000000

VERT 193
OFFSET -2.297651 3.411139 53.406284
BONES 1
BONE 4 1.000000

VERT 194
OFFSET -2.278491 3.414310 53.542999
BONES 1
BONE 4 1.000000

VERT 195
OFFSET -2.347815 3.461707 53.542881
BONES 1
BONE 4 1.000000

VERT 196
OFFSET -2.350345 3.469557 53.577133
BONES 1
BONE 4 1.000000

VERT 197
OFFSET -2.295795 3.570966 53.578495
BONES 1
BONE 4 1.000000

VERT 198
OFFSET -2.233063 3.506268 53.562153
BONES 1
BONE 4 1.000000

VERT 199
OFFSET -2.187519 3.459394 53.532112
BONES 1
BONE 4 1.000000

VERT 200
OFFSET -2.187024 3.333020 53.482082
BONES 1
BONE 4 1.000000

VERT 201
OFFSET -2.141974 3.406818 53.502075
BONES 1
BONE 4 1.000000

VERT 202
OFFSET -2.033613 3.360252 53.551765
BONES 1
BONE 4 1.000000

VERT 203
OFFSET -2.172598 3.503982 53.648399
BONES 1
BONE 4 1.000000

VERT 204
OFFSET -2.265180 3.583230 53.674023
BONES 1
BONE 4 1.000000

VERT 205
OFFSET -2.414931 3.692908 53.633224
BONES 1
BONE 4 1.000000

VERT 206
OFFSET -2.401993 3.657349 53.540306
BONES 1
BONE 4 1.000000

VERT 207
OFFSET -2.444958 3.667657 53.692257
BONES 1
BONE 4 1.000000

VERT 208
OFFSET -2.235979 3.365190 53.325531
BONES 1
BONE 4 1.000000

VERT 209
OFFSET -2.196972 3.298303 53.236294
BONES 1
BONE 4 1.000000

VERT 210
OFFSET -2.315238 3.381986 53.200443
BONES 1
BONE 4 1.000000

VERT 211
OFFSET -2.193192 3.252013 53.209549
BONES 1
BONE 4 1.000000

VERT 212
OFFSET -2.192131 3.216899 53.181061
BONES 1
BONE 4 1.000000

VERT 213
OFFSET -2.193855 3.142553 53.161877
BONES 1
BONE 4 1.000000

VERT 214
OFFSET -2.511100 3.529750 53.329151
BONES 1
BONE 4 1.000000

VERT 215
OFFSET -2.771076 3.668897 53.304920
BONES 1
BONE 4 1.000000

VERT 216
OFFSET -2.208488 2.492077 52.067535
BONES 2
BONE 35 0.109562
BONE 4 0.890438

VERT 217
OFFSET -2.241606 2.411853 52.099876
BONES 2
BONE 35 0.172640
BONE 4 0.827360

VERT 218
OFFSET -2.168783 2.476644 52.178848
BONES 3
BONE 33 0.073653
BONE 4 0.759924
BONE 35 0.166424

VERT 219
OFFSET -2.252323 2.460051 52.049282
BONES 2
BONE 35 0.068599
BONE 4 0.931401

VERT 220
OFFSET -0.134300 0.102325 50.731483
BONES 2
BONE 37 0.800000
BONE 4 0.200000

VERT 221
OFFSET -0.132394 0.205332 50.767002
BONES 2
BONE 37 0.800000
BONE 4 0.200000

VERT 222
OFFSET -0.126415 0.365713 50.855488
BONES 2
BONE 37 0.800000
BONE 4 0.200000

VERT 223
OFFSET -0.411131 0.248705 50.683056
BONES 2
BONE 37 0.900000
BONE 4 0.100000

VERT 224
OFFSET -0.415400 0.124011 50.630180
BONES 2
BONE 37 0.900000
BONE 4 0.100000

VERT 225
OFFSET -0.399530 0.426644 50.761608
BONES 2
BONE 37 0.900000
BONE 4 0.100000

VERT 226
OFFSET -0.380032 0.594545 50.918362
BONES 2
BONE 37 0.900000
BONE 4 0.100000

VERT 227
OFFSET -0.108920 0.532680 50.970230
BONES 2
BONE 37 0.800000
BONE 4 0.200000

VERT 228
OFFSET 0.355516 0.285779 51.277424
BONES 8
BONE 29 0.094366
BONE 37 0.030972
BONE 38 0.682902
BONE 23 0.191760
BONE 24 0.000000
BONE 27 0.000000
BONE 28 0.000000
BONE 30 0.000000

VERT 229
OFFSET 0.034847 0.686452 51.247108
BONES 2
BONE 37 1.000000
BONE 4 0.000000

VERT 230
OFFSET 0.292302 0.564092 51.299110
BONES 8
BONE 37 0.183037
BONE 29 0.201516
BONE 38 0.548129
BONE 27 0.027114
BONE 23 0.040204
BONE 24 0.000000
BONE 28 0.000000
BONE 30 0.000000

VERT 231
OFFSET 0.286927 0.574736 51.330643
BONES 9
BONE 37 0.202043
BONE 4 0.000000
BONE 38 0.534480
BONE 29 0.206532
BONE 27 0.049314
BONE 23 0.007631
BONE 24 0.000000
BONE 28 0.000000
BONE 30 0.000000

VERT 232
OFFSET 0.313712 0.500994 51.296398
BONES 8
BONE 37 0.127924
BONE 29 0.186789
BONE 38 0.594268
BONE 27 0.009153
BONE 23 0.081867
BONE 24 0.000000
BONE 28 0.000000
BONE 30 0.000000

VERT 233
OFFSET 0.341976 0.370089 51.287064
BONES 8
BONE 37 0.047439
BONE 29 0.141482
BONE 38 0.629853
BONE 23 0.181226
BONE 27 0.000000
BONE 24 0.000000
BONE 28 0.000000
BONE 30 0.000000

VERT 234
OFFSET -0.252139 0.728046 51.285534
BONES 2
BONE 37 1.000000
BONE 4 0.000000

VERT 235
OFFSET 0.093063 0.671438 51.385345
BONES 2
BONE 37 1.000000
BONE 4 0.000000

VERT 236
OFFSET 0.311198 0.533817 51.349636
BONES 8
BONE 37 0.153892
BONE 29 0.199415
BONE 38 0.597713
BONE 27 0.048980
BONE 23 0.000000
BONE 24 0.000000
BONE 28 0.000000
BONE 30 0.000000

VERT 237
OFFSET -0.513313 0.695074 51.226627
BONES 2
BONE 37 1.000000
BONE 4 0.000000

VERT 238
OFFSET -0.334564 0.584805 51.569092
BONES 2
BONE 37 1.000000
BONE 4 0.000000

VERT 239
OFFSET -0.617266 0.528901 51.456013
BONES 2
BONE 37 1.000000
BONE 4 0.000000

VERT 240
OFFSET -0.336645 0.456305 51.764935
BONES 2
BONE 37 1.000000
BONE 4 0.000000

VERT 241
OFFSET 0.037364 0.444348 51.726040
BONES 2
BONE 37 1.000000
BONE 4 0.000000

VERT 242
OFFSET -0.052892 0.603934 51.601490
BONES 2
BONE 37 1.000000
BONE 4 0.000000

VERT 243
OFFSET 0.202334 0.575561 51.612022
BONES 2
BONE 37 1.000000
BONE 4 0.000000

VERT 244
OFFSET 0.250388 0.521603 51.655548
BONES 2
BONE 37 1.000000
BONE 4 0.000000

VERT 245
OFFSET 0.117858 0.288567 51.854073
BONES 2
BONE 37 1.000000
BONE 4 0.000000

VERT 246
OFFSET -0.343363 0.284967 51.876881
BONES 2
BONE 37 1.000000
BONE 4 0.000000

VERT 247
OFFSET -0.780560 0.433537 51.418564
BONES 2
BONE 37 1.000000
BONE 4 0.000000

VERT 248
OFFSET -0.834072 0.298195 51.421089
BONES 2
BONE 37 1.000000
BONE 4 0.000000

VERT 249
OFFSET -0.829793 0.148756 51.416576
BONES 2
BONE 37 1.000000
BONE 4 0.000000

VERT 250
OFFSET -0.347374 0.138463 51.908981
BONES 2
BONE 37 1.000000
BONE 4 0.000000

VERT 251
OFFSET 0.341008 0.381442 51.737263
BONES 2
BONE 37 1.000000
BONE 4 0.000000

VERT 252
OFFSET 0.344930 0.422819 51.340637
BONES 8
BONE 37 0.058341
BONE 29 0.161845
BONE 38 0.612163
BONE 27 0.167651
BONE 23 0.000000
BONE 24 0.000000
BONE 28 0.000000
BONE 30 0.000000

VERT 253
OFFSET 0.404525 0.209726 51.753273
BONES 2
BONE 37 1.000000
BONE 4 0.000000

VERT 254
OFFSET 0.376597 0.290665 51.323631
BONES 8
BONE 37 0.016228
BONE 29 0.102526
BONE 38 0.693085
BONE 27 0.188057
BONE 28 0.000104
BONE 23 0.000000
BONE 24 0.000000
BONE 30 0.000000

VERT 255
OFFSET 0.439838 0.104522 51.756969
BONES 2
BONE 37 1.000000
BONE 4 0.000000

VERT 256
OFFSET 0.150065 0.143840 51.898773
BONES 2
BONE 37 1.000000
BONE 4 0.000000

VERT 257
OFFSET -0.969623 0.167533 50.930412
BONES 2
BONE 37 1.000000
BONE 4 0.000000

VERT 258
OFFSET -0.825513 -0.000682 51.412056
BONES 2
BONE 37 1.000000
BONE 4 0.000000

VERT 259
OFFSET -0.974381 -0.000682 50.928574
BONES 2
BONE 37 1.000000
BONE 4 0.000000

VERT 260
OFFSET 0.449924 -0.000682 51.760662
BONES 2
BONE 37 1.000000
BONE 4 0.000000

VERT 261
OFFSET 0.159716 -0.000682 51.913311
BONES 2
BONE 37 1.000000
BONE 4 0.000000

VERT 262
OFFSET -0.356392 -0.000682 51.920158
BONES 2
BONE 37 1.000000
BONE 4 0.000000

VERT 263
OFFSET -0.755982 0.145678 50.648991
BONES 2
BONE 37 0.855000
BONE 4 0.145000

VERT 264
OFFSET -0.762852 -0.000682 50.638889
BONES 2
BONE 37 0.855000
BONE 4 0.145000

VERT 265
OFFSET -0.745666 0.292038 50.701469
BONES 2
BONE 37 0.855000
BONE 4 0.145000

VERT 266
OFFSET -0.961434 0.335748 50.943527
BONES 2
BONE 37 1.000000
BONE 4 0.000000

VERT 267
OFFSET -0.925400 0.477965 50.985329
BONES 2
BONE 37 1.000000
BONE 4 0.000000

VERT 268
OFFSET -0.722178 0.477291 50.782242
BONES 2
BONE 37 0.855000
BONE 4 0.145000

VERT 269
OFFSET -0.679744 0.624410 50.943966
BONES 2
BONE 37 0.855000
BONE 4 0.145000

VERT 270
OFFSET -0.816403 0.620183 51.089733
BONES 2
BONE 37 1.000000
BONE 4 0.000000

VERT 271
OFFSET -0.416949 -0.000682 50.608562
BONES 2
BONE 37 0.900000
BONE 4 0.100000

VERT 272
OFFSET -0.134498 -0.000682 50.719864
BONES 2
BONE 37 0.800000
BONE 4 0.200000

VERT 273
OFFSET -0.415400 -0.125376 50.630180
BONES 2
BONE 37 0.900000
BONE 4 0.100000

VERT 274
OFFSET -0.134300 -0.103689 50.731483
BONES 2
BONE 37 0.800000
BONE 4 0.200000

VERT 275
OFFSET -0.411131 -0.250069 50.683056
BONES 2
BONE 37 0.900000
BONE 4 0.100000

VERT 276
OFFSET -0.132394 -0.206697 50.767002
BONES 2
BONE 37 0.800000
BONE 4 0.200000

VERT 277
OFFSET -0.755982 -0.147042 50.648991
BONES 2
BONE 37 0.855000
BONE 4 0.145000

VERT 278
OFFSET -0.745666 -0.293402 50.701469
BONES 2
BONE 37 0.855000
BONE 4 0.145000

VERT 279
OFFSET -0.399530 -0.428008 50.761608
BONES 2
BONE 37 0.900000
BONE 4 0.100000

VERT 280
OFFSET -0.126415 -0.367077 50.855488
BONES 2
BONE 37 0.800000
BONE 4 0.200000

VERT 281
OFFSET -0.380032 -0.595909 50.918362
BONES 2
BONE 37 0.900000
BONE 4 0.100000

VERT 282
OFFSET -0.108920 -0.534044 50.970230
BONES 2
BONE 37 0.800000
BONE 4 0.200000

VERT 283
OFFSET 0.034847 -0.687816 51.247108
BONES 2
BONE 37 1.000000
BONE 4 0.000000

VERT 284
OFFSET 0.286927 -0.576100 51.330643
BONES 9
BONE 37 0.212346
BONE 4 0.000000
BONE 38 0.561733
BONE 30 0.206942
BONE 28 0.018979
BONE 24 0.000000
BONE 27 0.000000
BONE 29 0.000000
BONE 23 0.000000

VERT 285
OFFSET 0.093063 -0.672803 51.385345
BONES 2
BONE 37 1.000000
BONE 4 0.000000

VERT 286
OFFSET -0.252139 -0.729410 51.285534
BONES 2
BONE 37 1.000000
BONE 4 0.000000

VERT 287
OFFSET -0.052892 -0.605298 51.601490
BONES 2
BONE 37 1.000000
BONE 4 0.000000

VERT 288
OFFSET -0.334564 -0.586169 51.569092
BONES 2
BONE 37 1.000000
BONE 4 0.000000

VERT 289
OFFSET 0.037364 -0.445712 51.726040
BONES 2
BONE 37 1.000000
BONE 4 0.000000

VERT 290
OFFSET -0.336645 -0.457669 51.764935
BONES 2
BONE 37 1.000000
BONE 4 0.000000

VERT 291
OFFSET -0.617266 -0.530265 51.456013
BONES 2
BONE 37 1.000000
BONE 4 0.000000

VERT 292
OFFSET -0.513313 -0.696439 51.226627
BONES 2
BONE 37 1.000000
BONE 4 0.000000

VERT 293
OFFSET 0.202334 -0.576925 51.612022
BONES 2
BONE 37 1.000000
BONE 4 0.000000

VERT 294
OFFSET 0.311198 -0.535181 51.349636
BONES 8
BONE 37 0.157838
BONE 30 0.185844
BONE 38 0.613039
BONE 28 0.043280
BONE 24 0.000000
BONE 27 0.000000
BONE 29 0.000000
BONE 23 0.000000

VERT 295
OFFSET 0.250388 -0.522967 51.655548
BONES 2
BONE 37 1.000000
BONE 4 0.000000

VERT 296
OFFSET 0.117858 -0.289931 51.854073
BONES 2
BONE 37 1.000000
BONE 4 0.000000

VERT 297
OFFSET -0.343363 -0.286332 51.876881
BONES 2
BONE 37 1.000000
BONE 4 0.000000

VERT 298
OFFSET -0.780560 -0.434902 51.418564
BONES 2
BONE 37 1.000000
BONE 4 0.000000

VERT 299
OFFSET -0.834072 -0.299560 51.421089
BONES 2
BONE 37 1.000000
BONE 4 0.000000

VERT 300
OFFSET -0.829793 -0.150121 51.416576
BONES 2
BONE 37 1.000000
BONE 4 0.000000

VERT 301
OFFSET -0.347374 -0.139828 51.908981
BONES 2
BONE 37 1.000000
BONE 4 0.000000

VERT 302
OFFSET 0.341008 -0.382806 51.737263
BONES 2
BONE 37 1.000000
BONE 4 0.000000

VERT 303
OFFSET 0.404525 -0.211090 51.753273
BONES 2
BONE 37 1.000000
BONE 4 0.000000

VERT 304
OFFSET -0.969623 -0.168897 50.930412
BONES 2
BONE 37 1.000000
BONE 4 0.000000

VERT 305
OFFSET -0.825513 -0.000682 51.412056
BONES 2
BONE 37 1.000000
BONE 4 0.000000

VERT 306
OFFSET -0.974381 -0.000682 50.928574
BONES 2
BONE 37 1.000000
BONE 4 0.000000

VERT 307
OFFSET 0.439838 -0.105886 51.756969
BONES 2
BONE 37 1.000000
BONE 4 0.000000

VERT 308
OFFSET 0.399231 -0.099042 51.298210
BONES 7
BONE 30 0.016586
BONE 38 0.741556
BONE 28 0.197716
BONE 27 0.044142
BONE 23 0.000000
BONE 24 0.000000
BONE 29 0.000000

VERT 309
OFFSET 0.150065 -0.145204 51.898773
BONES 2
BONE 37 1.000000
BONE 4 0.000000

VERT 310
OFFSET 0.449924 -0.000682 51.760662
BONES 2
BONE 37 1.000000
BONE 4 0.000000

VERT 311
OFFSET 0.159716 -0.000682 51.913311
BONES 2
BONE 37 1.000000
BONE 4 0.000000

VERT 312
OFFSET -0.961434 -0.337113 50.943527
BONES 2
BONE 37 1.000000
BONE 4 0.000000

VERT 313
OFFSET -0.722178 -0.478655 50.782242
BONES 2
BONE 37 0.855000
BONE 4 0.145000

VERT 314
OFFSET -0.925400 -0.479330 50.985329
BONES 2
BONE 37 1.000000
BONE 4 0.000000

VERT 315
OFFSET -0.679744 -0.625775 50.943966
BONES 2
BONE 37 0.855000
BONE 4 0.145000

VERT 316
OFFSET -0.816403 -0.621547 51.089733
BONES 2
BONE 37 1.000000
BONE 4 0.000000

VERT 317
OFFSET -0.356392 -0.000682 51.920158
BONES 2
BONE 37 1.000000
BONE 4 0.000000

VERT 318
OFFSET -2.019077 0.964850 50.638683
BONES 2
BONE 4 0.832948
BONE 35 0.167052

VERT 319
OFFSET -2.017797 1.013980 50.735294
BONES 2
BONE 4 0.647359
BONE 35 0.352641

VERT 320
OFFSET -2.183716 1.098089 50.827522
BONES 2
BONE 4 0.666219
BONE 35 0.333781

VERT 321
OFFSET -2.154125 1.154953 50.917919
BONES 2
BONE 35 0.497898
BONE 4 0.502102

VERT 322
OFFSET -1.980992 1.084652 50.817432
BONES 2
BONE 4 0.465223
BONE 35 0.534777

VERT 323
OFFSET -2.092077 1.246106 50.996780
BONES 3
BONE 4 0.322534
BONE 33 0.037554
BONE 35 0.639912

VERT 324
OFFSET -2.323983 1.219354 51.016701
BONES 2
BONE 35 0.463739
BONE 4 0.536261

VERT 325
OFFSET -2.251551 1.309687 51.097027
BONES 2
BONE 4 0.422022
BONE 35 0.577978

VERT 326
OFFSET -2.160931 1.421459 51.175800
BONES 3
BONE 4 0.258588
BONE 33 0.076663
BONE 35 0.664749

VERT 327
OFFSET -2.302085 1.489991 51.296963
BONES 2
BONE 35 0.566402
BONE 4 0.433598

VERT 328
OFFSET -2.410045 1.372431 51.212574
BONES 2
BONE 4 0.502276
BONE 35 0.497724

VERT 329
OFFSET -2.494194 1.282572 51.125530
BONES 2
BONE 35 0.426304
BONE 4 0.573696

VERT 330
OFFSET -2.347064 1.171662 50.914356
BONES 2
BONE 4 0.684509
BONE 35 0.315491

VERT 331
OFFSET -2.175317 1.628243 51.351532
BONES 3
BONE 33 0.136682
BONE 4 0.295691
BONE 35 0.567627

VERT 332
OFFSET -2.324978 1.676108 51.480591
BONES 3
BONE 4 0.439355
BONE 33 0.073604
BONE 35 0.487041

VERT 333
OFFSET -2.442198 1.543774 51.414135
BONES 2
BONE 4 0.557541
BONE 35 0.442459

VERT 334
OFFSET -2.562420 1.413288 51.334053
BONES 2
BONE 35 0.401464
BONE 4 0.598536

VERT 335
OFFSET -2.627016 1.323872 51.221992
BONES 2
BONE 4 0.692849
BONE 35 0.307151

VERT 336
OFFSET -2.683913 1.436523 51.439098
BONES 2
BONE 35 0.247821
BONE 4 0.752180

VERT 337
OFFSET -2.580261 1.569207 51.531803
BONES 2
BONE 4 0.694915
BONE 35 0.305085

VERT 338
OFFSET -2.724426 1.570537 51.673862
BONES 2
BONE 35 0.157728
BONE 4 0.842272

VERT 339
OFFSET -2.581862 1.802863 51.799377
BONES 2
BONE 4 0.782020
BONE 35 0.217980

VERT 340
OFFSET -2.460525 1.726149 51.617252
BONES 3
BONE 4 0.600918
BONE 33 0.031760
BONE 35 0.367322

VERT 341
OFFSET -2.433442 1.942553 51.827038
BONES 3
BONE 4 0.714091
BONE 33 0.005604
BONE 35 0.280305

VERT 342
OFFSET -2.535472 2.043549 52.031532
BONES 2
BONE 35 0.115893
BONE 4 0.884107

VERT 343
OFFSET -2.398834 2.133571 51.987320
BONES 2
BONE 35 0.221770
BONE 4 0.778230

VERT 344
OFFSET -2.290978 2.078665 51.849224
BONES 3
BONE 33 0.057531
BONE 4 0.643055
BONE 35 0.299414

VERT 345
OFFSET -2.315027 1.879609 51.672520
BONES 3
BONE 33 0.076911
BONE 4 0.531284
BONE 35 0.391805

VERT 346
OFFSET -2.176808 1.825117 51.534904
BONES 3
BONE 33 0.158522
BONE 4 0.356146
BONE 35 0.485331

VERT 347
OFFSET -2.014664 1.777827 51.402538
BONES 3
BONE 33 0.241956
BONE 4 0.224942
BONE 35 0.533103

VERT 348
OFFSET -2.166997 2.018718 51.714386
BONES 3
BONE 33 0.156151
BONE 4 0.461911
BONE 35 0.381938

VERT 349
OFFSET -2.362500 2.274900 52.077641
BONES 2
BONE 35 0.147585
BONE 4 0.852415

VERT 350
