// Export time: Mon Nov 16 22:35:51 2020

// Exported using Blender v2.90.1
// Export filename: 'E:/blackops3/mod_xmodel/iw4/suomi/ch_head_gk_suomi_lod2.XMODEL_EXPORT'
// Source filename: 'E:/blackops3/mod_xmodel/iw4/suomi/suomi.blend'
MODEL
VERSION 6

NUMBONES 58
BONE 0 -1 "tag_origin"
BONE 1 0 "j_spineupper"
BONE 2 1 "j_spine4"
BONE 3 2 "j_neck"
BONE 4 3 "j_head"
BONE 5 4 "j_brow_le"
BONE 6 4 "j_brow_ri"
BONE 7 4 "j_browouter_le"
BONE 8 4 "j_browouter_ri"
BONE 9 4 "j_cheek_le"
BONE 10 4 "j_cheek_ri"
BONE 11 4 "j_cheeklower_le"
BONE 12 4 "j_cheeklower_ri"
BONE 13 4 "j_eye_lid_bot_le"
BONE 14 4 "j_eye_lid_bot_ri"
BONE 15 4 "j_eye_lid_top_le"
BONE 16 4 "j_eye_lid_top_ri"
BONE 17 4 "j_eyeball_le"
BONE 18 4 "j_eyeball_ri"
BONE 19 4 "j_head_end"
BONE 20 19 "j_helmet"
BONE 21 4 "j_jaw"
BONE 22 21 "j_chin_skinroll"
BONE 23 21 "j_lip_bot_le"
BONE 24 21 "j_lip_bot_ri"
BONE 25 4 "j_levator_le"
BONE 26 4 "j_levator_ri"
BONE 27 4 "j_lip_top_le"
BONE 28 4 "j_lip_top_ri"
BONE 29 4 "j_mouth_le"
BONE 30 4 "j_mouth_ri"
BONE 31 4 "j_nvg"
BONE 32 4 "tag_eye"
BONE 33 4 "CheekUp_S_L"
BONE 34 4 "CheekUp_S_R"
BONE 35 4 "CheekLow_S_L"
BONE 36 4 "CheekLow_S_R"
BONE 37 4 "MouthCavity"
BONE 38 4 "MouthMove"
BONE 39 4 "Eye_Rz_L"
BONE 40 39 "CheekUp2_L"
BONE 41 39 "Eye02_S_L"
BONE 42 39 "Eye03_S_L"
BONE 43 39 "Eye04_S_L"
BONE 44 39 "Eye05_S_L"
BONE 45 39 "Eye06_S_L"
BONE 46 39 "Eye07_S_L"
BONE 47 39 "Eye08_S_L"
BONE 48 4 "Eye_Rz_R"
BONE 49 48 "CheekUp2_R"
BONE 50 48 "Eye01_S_R"
BONE 51 48 "Eye02_S_R"
BONE 52 48 "Eye03_S_R"
BONE 53 48 "Eye04_S_R"
BONE 54 48 "Eye05_S_R"
BONE 55 48 "Eye06_S_R"
BONE 56 48 "Eye07_S_R"
BONE 57 48 "Eye08_S_R"

BONE 0
OFFSET 0.000000 0.000000 0.000000
SCALE 1.000000 1.000000 1.000000
X 1.000000 0.000000 0.000000
Y 0.000000 1.000000 0.000000
Z 0.000000 0.000000 1.000000

BONE 1
OFFSET -2.255859 0.000183 41.858334
SCALE 1.000000 1.000000 1.000000
X 0.020427 -0.000062 0.999791
Y 0.999791 0.000062 -0.020427
Z -0.000060 1.000000 0.000064

BONE 2
OFFSET -2.465509 0.000013 44.630543
SCALE 1.000000 1.000000 1.000000
X 0.047000 -0.000059 0.998895
Y 0.998895 0.000063 -0.047000
Z -0.000060 1.000000 0.000061

BONE 3
OFFSET -2.534840 -0.000582 48.708759
SCALE 1.000000 1.000000 1.000000
X 0.309776 -0.000037 0.950810
Y 0.950810 0.000075 -0.309776
Z -0.000060 1.000000 0.000058

BONE 4
OFFSET -2.534840 -0.000582 50.884945
SCALE 1.000000 1.000000 1.000000
X 0.216387 -0.000040 0.976308
Y 0.976308 0.000072 -0.216387
Z -0.000061 1.000000 0.000055

BONE 5
OFFSET 1.061707 1.372809 54.814789
SCALE 1.000000 1.000000 1.000000
X 0.000647 1.000000 -0.000106
Y -0.998863 0.000642 -0.047682
Z -0.047682 0.000137 0.998863

BONE 6
OFFSET 1.071035 -1.397870 54.811729
SCALE 1.000000 1.000000 1.000000
X 0.000009 1.000000 0.000095
Y 0.998890 -0.000013 0.047113
Z 0.047113 0.000094 -0.998890

BONE 7
OFFSET 0.719010 2.288752 54.702343
SCALE 1.000000 1.000000 1.000000
X 0.000662 0.999996 -0.000128
Y -0.998862 0.000654 -0.047699
Z -0.047699 0.000159 0.998862

BONE 8
OFFSET 0.747290 -2.263157 54.704506
SCALE 1.000000 1.000000 1.000000
X 0.000021 1.000000 0.000092
Y 0.998894 -0.000025 0.047025
Z 0.047025 0.000091 -0.998894

BONE 9
OFFSET -0.431932 1.533045 52.773571
SCALE 1.000000 1.000000 1.000000
X 0.000640 0.999998 -0.000131
Y -0.998866 0.000633 -0.047603
Z -0.047603 0.000161 0.998866

BONE 10
OFFSET -0.448457 -1.472631 52.826965
SCALE 1.000000 1.000000 1.000000
X 0.000012 1.000000 0.000086
Y 0.998889 -0.000016 0.047121
Z 0.047121 0.000085 -0.998889

BONE 11
OFFSET -0.440225 1.377437 51.801128
SCALE 1.000000 1.000000 1.000000
X 0.170277 0.000000 0.985396
Y 0.985396 0.000013 -0.170278
Z -0.000013 1.000000 0.000002

BONE 12
OFFSET -0.403714 -1.376289 51.825867
SCALE 1.000000 1.000000 1.000000
X 0.170380 -0.000001 0.985379
Y 0.985379 0.000016 -0.170380
Z -0.000015 1.000000 0.000004

BONE 13
OFFSET -0.644040 0.932544 53.224907
SCALE 1.000000 1.000000 1.000000
X -0.065611 0.997121 0.038027
Y -0.996954 -0.063895 -0.044724
Z -0.042166 -0.040845 0.998276

BONE 14
OFFSET -0.643782 -0.890798 53.219456
SCALE 1.000000 1.000000 1.000000
X 0.066604 0.997041 -0.038394
Y 0.996923 -0.064903 0.043961
Z 0.041339 -0.041204 -0.998295

BONE 15
OFFSET -0.643687 0.931717 53.285461
SCALE 1.000000 1.000000 1.000000
X -0.065504 0.997129 0.037993
Y -0.996957 -0.063784 -0.044823
Z -0.042271 -0.040813 0.998272

BONE 16
OFFSET -0.643171 -0.891910 53.274517
SCALE 1.000000 1.000000 1.000000
X 0.066554 0.997044 -0.038390
Y 0.996938 -0.064866 0.043670
Z 0.041051 -0.041178 -0.998308

BONE 17
OFFSET -1.977807 0.840015 53.098667
SCALE 1.000000 1.000000 1.000000
X -0.205898 0.978521 -0.010106
Y -0.977363 -0.206146 -0.047599
Z -0.048659 0.000076 0.998815

BONE 18
OFFSET -1.977071 -0.839186 53.101200
SCALE 1.000000 1.000000 1.000000
X 0.207725 0.978138 0.009803
Y 0.977071 -0.207956 0.045679
Z 0.046719 0.000090 -0.998908

BONE 19
OFFSET -2.360085 -0.000540 55.533272
SCALE 1.000000 1.000000 1.000000
X 0.170275 0.000001 0.985397
Y 0.985397 -0.000000 -0.170275
Z 0.000000 1.000000 -0.000001

BONE 20
OFFSET -3.163847 -0.000538 56.541691
SCALE 1.000000 1.000000 1.000000
X 0.995880 -0.000065 0.090684
Y 0.000083 1.000000 -0.000192
Z -0.090684 0.000199 0.995880

BONE 21
OFFSET -1.906365 -0.000285 51.280998
SCALE 1.000000 1.000000 1.000000
X 0.000647 1.000000 -0.000098
Y -0.998857 0.000642 -0.047788
Z -0.047788 0.000129 0.998858

BONE 22
OFFSET 0.546593 -0.002016 49.831612
SCALE 1.000000 1.000000 1.000000
X 0.000647 1.000000 -0.000099
Y -0.998871 0.000642 -0.047504
Z -0.047504 0.000129 0.998871

BONE 23
OFFSET 0.423428 0.186396 51.206402
SCALE 1.000000 1.000000 1.000000
X 0.000647 1.000000 -0.000084
Y -0.998862 0.000643 -0.047693
Z -0.047693 0.000115 0.998862

BONE 24
OFFSET 0.423400 -0.187551 51.206409
SCALE 1.000000 1.000000 1.000000
X 0.000636 1.000000 -0.000057
Y 0.998858 -0.000633 0.047788
Z 0.047788 -0.000087 -0.998858

BONE 25
OFFSET 0.246653 0.460663 52.495052
SCALE 1.000000 1.000000 1.000000
X 0.000649 0.999995 -0.000070
Y -0.998862 0.000643 -0.047692
Z -0.047691 0.000101 0.998862

BONE 26
OFFSET 0.266883 -0.443783 52.499672
SCALE 1.000000 1.000000 1.000000
X 0.000017 1.000000 0.000087
Y 0.998894 -0.000021 0.047025
Z 0.047025 0.000086 -0.998894

BONE 27
OFFSET 0.525056 0.186394 51.376423
SCALE 1.000000 1.000000 1.000000
X 0.000646 0.999998 -0.000089
Y -0.998862 0.000640 -0.047692
Z -0.047692 0.000119 0.998862

BONE 28
OFFSET 0.525055 -0.187579 51.376415
SCALE 1.000000 1.000000 1.000000
X 0.000011 1.000000 0.000093
Y 0.998894 -0.000015 0.047020
Z 0.047020 0.000092 -0.998894

BONE 29
OFFSET 0.379583 0.549297 51.319664
SCALE 1.000000 1.000000 1.000000
X 0.000649 1.000000 -0.000116
Y -0.998862 0.000643 -0.047694
Z -0.047694 0.000147 0.998862

BONE 30
OFFSET 0.379583 -0.550482 51.319664
SCALE 1.000000 1.000000 1.000000
X 0.000009 1.000000 0.000099
Y 0.998894 -0.000013 0.047021
Z 0.047021 0.000099 -0.998894

BONE 31
OFFSET 1.484026 -0.000537 54.832466
SCALE 1.000000 1.000000 1.000000
X 0.985422 0.000010 -0.170125
Y -0.170125 0.000000 -0.985422
Z -0.000009 1.000000 0.000002

BONE 32
OFFSET -0.106214 -0.000149 53.098900
SCALE 1.000000 1.000000 1.000000
X 0.922505 -0.000063 0.385985
Y 0.000068 1.000000 0.000001
Z -0.385985 0.000025 0.922505

BONE 33
OFFSET -0.602409 1.490057 51.867226
SCALE 1.000000 1.000000 1.000000
X -0.000000 1.000000 0.000000
Y -0.000000 -0.000000 1.000000
Z 1.000000 0.000000 0.000000

BONE 34
OFFSET -0.602407 -1.491421 51.866852
SCALE 1.000000 1.000000 1.000000
X -0.000000 1.000000 0.000000
Y -0.000000 -0.000000 1.000000
Z 1.000000 0.000000 0.000000

BONE 35
OFFSET -1.723391 0.740560 50.867191
SCALE 1.000000 1.000000 1.000000
X -0.000000 1.000000 -0.000000
Y 0.000000 0.000000 1.000000
Z 1.000000 0.000000 -0.000000

BONE 36
OFFSET -1.723391 -0.741925 50.867191
SCALE 1.000000 1.000000 1.000000
X -0.000000 1.000000 -0.000000
Y 0.000000 0.000000 1.000000
Z 1.000000 0.000000 -0.000000

BONE 37
OFFSET -0.422607 -0.000682 51.279503
SCALE 1.000000 1.000000 1.000000
X -0.000000 1.000000 -0.000000
Y 0.000000 -0.000000 1.000000
Z 1.000000 0.000000 -0.000000

BONE 38
OFFSET 0.467669 -0.000682 51.279503
SCALE 1.000000 1.000000 1.000000
X -0.000000 1.000000 -0.000000
Y -0.000000 -0.000000 1.000000
Z 1.000000 0.000000 -0.000000

BONE 39
OFFSET -0.470989 1.391954 53.400696
SCALE 1.000000 1.000000 1.000000
X -0.000000 1.000000 -0.000000
Y 0.000000 -0.000000 1.000000
Z 1.000000 0.000000 -0.000000

BONE 40
OFFSET -1.054287 1.334474 52.404564
SCALE 1.000000 1.000000 1.000000
X -0.000000 1.000000 -0.000000
Y -0.000000 -0.000000 1.000000
Z 1.000000 0.000000 -0.000000

BONE 41
OFFSET 0.232299 1.008034 53.377338
SCALE 1.000000 1.000000 1.000000
X -0.000000 1.000000 -0.000000
Y -0.000000 0.000000 1.000000
Z 1.000000 0.000000 -0.000000

BONE 42
OFFSET 0.325849 1.540242 53.952705
SCALE 1.000000 1.000000 1.000000
X -0.000000 1.000000 -0.000000
Y -0.000000 -0.000000 1.000000
Z 1.000000 0.000000 -0.000000

BONE 43
OFFSET 0.113236 1.950822 53.600941
SCALE 1.000000 1.000000 1.000000
X -0.000000 1.000000 -0.000000
Y -0.000000 -0.000000 1.000000
Z 1.000000 0.000000 -0.000000

BONE 44
OFFSET -0.035792 2.181473 53.486126
SCALE 1.000000 1.000000 1.000000
X -0.000000 1.000000 -0.000000
Y 0.000000 -0.000000 1.000000
Z 1.000000 0.000000 -0.000000

BONE 45
OFFSET -0.143754 1.937462 52.921627
SCALE 1.000000 1.000000 1.000000
X -0.000000 1.000000 -0.000000
Y 0.000000 -0.000000 1.000000
Z 1.000000 0.000000 -0.000000

BONE 46
OFFSET 0.029619 1.360779 52.778843
SCALE 1.000000 1.000000 1.000000
X -0.000000 1.000000 -0.000000
Y -0.000000 -0.000000 1.000000
Z 1.000000 0.000000 -0.000000

BONE 47
OFFSET 0.195788 0.837626 52.941898
SCALE 1.000000 1.000000 1.000000
X -0.000000 1.000000 -0.000000
Y -0.000000 -0.000000 1.000000
Z 1.000000 0.000000 -0.000000

BONE 48
OFFSET -0.470989 -1.392697 53.400654
SCALE 1.000000 1.000000 1.000000
X -0.000000 1.000000 0.000000
Y -0.000000 -0.000000 1.000000
Z 1.000000 0.000000 0.000000

BONE 49
OFFSET -1.054286 -1.335217 52.404530
SCALE 1.000000 1.000000 1.000000
X -0.000000 1.000000 0.000000
Y 0.000000 -0.000000 1.000000
Z 1.000000 0.000000 -0.000000

BONE 50
OFFSET 0.251430 -0.857242 53.300644
SCALE 1.000000 1.000000 1.000000
X -0.000000 1.000000 0.000000
Y 0.000000 -0.000000 1.000000
Z 1.000000 0.000000 -0.000000

BONE 51
OFFSET 0.232204 -1.008014 53.377361
SCALE 1.000000 1.000000 1.000000
X -0.000000 1.000000 0.000000
Y -0.000000 0.000000 1.000000
Z 1.000000 0.000000 -0.000000

BONE 52
OFFSET 0.333494 -1.496676 53.950314
SCALE 1.000000 1.000000 1.000000
X -0.000000 1.000000 0.000000
Y 0.000000 -0.000000 1.000000
Z 1.000000 0.000000 -0.000000

BONE 53
OFFSET 0.114590 -1.952256 53.601486
SCALE 1.000000 1.000000 1.000000
X -0.000000 1.000000 0.000000
Y -0.000000 -0.000000 1.000000
Z 1.000000 0.000000 -0.000000

BONE 54
OFFSET -0.035807 -2.183543 53.486084
SCALE 1.000000 1.000000 1.000000
X -0.000000 1.000000 0.000000
Y 0.000000 -0.000000 1.000000
Z 1.000000 0.000000 -0.000000

BONE 55
OFFSET -0.143136 -1.937480 52.922176
SCALE 1.000000 1.000000 1.000000
X -0.000000 1.000000 0.000000
Y 0.000000 -0.000000 1.000000
Z 1.000000 0.000000 -0.000000

BONE 56
OFFSET 0.028974 -1.360754 52.779503
SCALE 1.000000 1.000000 1.000000
X -0.000000 1.000000 0.000000
Y 0.000000 -0.000000 1.000000
Z 1.000000 0.000000 -0.000000

BONE 57
OFFSET 0.194552 -0.838586 52.941292
SCALE 1.000000 1.000000 1.000000
X -0.000000 1.000000 0.000000
Y -0.000000 -0.000000 1.000000
Z 1.000000 0.000000 -0.000000


NUMVERTS 2152
VERT 0
OFFSET -2.564456 3.352149 53.525322
BONES 1
BONE 4 1.000000

VERT 1
OFFSET -2.570598 3.244022 53.581993
BONES 1
BONE 4 1.000000

VERT 2
OFFSET -2.745543 3.235511 53.477165
BONES 1
BONE 4 1.000000

VERT 3
OFFSET -2.678981 3.474571 53.419853
BONES 1
BONE 4 1.000000

VERT 4
OFFSET -2.912313 3.167181 53.312061
BONES 1
BONE 4 1.000000

VERT 5
OFFSET -2.830721 3.475946 53.184498
BONES 1
BONE 4 1.000000

VERT 6
OFFSET -2.893471 3.254569 53.065304
BONES 1
BONE 4 1.000000

VERT 7
OFFSET -2.961917 3.054126 53.072544
BONES 1
BONE 4 1.000000

VERT 8
OFFSET -2.906570 3.387058 52.937496
BONES 1
BONE 4 1.000000

VERT 9
OFFSET -2.396677 3.307395 53.574493
BONES 1
BONE 4 1.000000

VERT 10
OFFSET -2.418930 3.198889 53.603405
BONES 1
BONE 4 1.000000

VERT 11
OFFSET -2.534646 3.431711 53.550018
BONES 1
BONE 4 1.000000

VERT 12
OFFSET -2.740538 3.711129 53.571850
BONES 1
BONE 4 1.000000

VERT 13
OFFSET -2.267263 3.160128 53.624817
BONES 1
BONE 4 1.000000

VERT 14
OFFSET -2.284538 3.367822 53.718933
BONES 1
BONE 4 1.000000

VERT 15
OFFSET -2.027599 3.201192 53.608421
BONES 1
BONE 4 1.000000

VERT 16
OFFSET -2.505353 3.573520 53.703499
BONES 1
BONE 4 1.000000

VERT 17
OFFSET -2.285854 3.546193 53.721893
BONES 1
BONE 4 1.000000

VERT 18
OFFSET -2.124139 3.405024 53.682281
BONES 1
BONE 4 1.000000

VERT 19
OFFSET -2.081007 3.146514 53.566494
BONES 1
BONE 4 1.000000

VERT 20
OFFSET -1.894749 3.121088 53.508163
BONES 1
BONE 4 1.000000

VERT 21
OFFSET -1.954209 3.214595 53.552860
BONES 1
BONE 4 1.000000

VERT 22
OFFSET -1.775155 3.079002 53.357494
BONES 3
BONE 33 0.058786
BONE 40 0.013888
BONE 4 0.927326

VERT 23
OFFSET -1.872010 3.130924 53.341118
BONES 2
BONE 33 0.045923
BONE 4 0.954077

VERT 24
OFFSET -2.036041 3.368555 53.565086
BONES 1
BONE 4 1.000000

VERT 25
OFFSET -2.011181 3.195261 53.291126
BONES 1
BONE 4 1.000000

VERT 26
OFFSET -1.987066 3.115771 53.124218
BONES 2
BONE 33 0.035821
BONE 4 0.964179

VERT 27
OFFSET -1.819736 3.047228 53.157379
BONES 3
BONE 33 0.078333
BONE 40 0.015832
BONE 4 0.905835

VERT 28
OFFSET -2.068311 3.299068 53.429485
BONES 1
BONE 4 1.000000

VERT 29
OFFSET -2.076378 3.203826 53.287613
BONES 1
BONE 4 1.000000

VERT 30
OFFSET -2.070713 3.118162 53.214413
BONES 1
BONE 4 1.000000

VERT 31
OFFSET -2.004376 3.040269 53.001408
BONES 2
BONE 33 0.053610
BONE 4 0.946390

VERT 32
OFFSET -2.105403 2.895218 52.992382
BONES 1
BONE 4 1.000000

VERT 33
OFFSET -2.331239 3.036025 53.125454
BONES 1
BONE 4 1.000000

VERT 34
OFFSET -2.310981 3.157867 53.108654
BONES 1
BONE 4 1.000000

VERT 35
OFFSET -2.177951 2.944877 52.820618
BONES 2
BONE 4 0.999389
BONE 33 0.000611

VERT 36
OFFSET -2.196586 2.878973 52.864811
BONES 1
BONE 4 1.000000

VERT 37
OFFSET -2.194046 2.802806 52.867519
BONES 1
BONE 4 1.000000

VERT 38
OFFSET -2.062453 2.843141 52.688663
BONES 3
BONE 33 0.128243
BONE 40 0.018283
BONE 4 0.853474

VERT 39
OFFSET -2.180174 2.763845 52.584930
BONES 2
BONE 4 0.996588
BONE 35 0.003412

VERT 40
OFFSET -2.089887 2.760050 52.524273
BONES 3
BONE 33 0.139981
BONE 35 0.032501
BONE 4 0.827518

VERT 41
OFFSET -1.996186 2.706475 52.517555
BONES 4
BONE 40 0.059794
BONE 35 0.029557
BONE 4 0.684452
BONE 33 0.226197

VERT 42
OFFSET -1.930888 2.827493 52.674065
BONES 3
BONE 33 0.188814
BONE 40 0.038062
BONE 4 0.773123

VERT 43
OFFSET -1.886993 2.921684 52.825706
BONES 3
BONE 33 0.134942
BONE 40 0.022025
BONE 4 0.843032

VERT 44
OFFSET -2.055851 2.630924 52.367607
BONES 4
BONE 35 0.095549
BONE 40 0.033740
BONE 4 0.645902
BONE 33 0.224809

VERT 45
OFFSET -2.093589 2.680459 52.321892
BONES 2
BONE 4 0.937239
BONE 35 0.062761

VERT 46
OFFSET -2.107358 2.561845 52.274307
BONES 3
BONE 35 0.141177
BONE 4 0.689191
BONE 33 0.169632

VERT 47
OFFSET -2.221410 2.749357 52.300903
BONES 1
BONE 4 1.000000

VERT 48
OFFSET -2.436175 2.859099 52.628780
BONES 1
BONE 4 1.000000

VERT 49
OFFSET -2.436876 2.881990 52.851566
BONES 1
BONE 4 1.000000

VERT 50
OFFSET -2.425360 2.881293 52.314854
BONES 1
BONE 4 1.000000

VERT 51
OFFSET -2.469412 2.957903 52.512859
BONES 1
BONE 4 1.000000

VERT 52
OFFSET -2.298746 2.768723 52.080334
BONES 1
BONE 4 1.000000

VERT 53
OFFSET -2.158272 2.585361 52.046680
BONES 2
BONE 4 0.965486
BONE 35 0.034514

VERT 54
OFFSET -2.321940 2.666226 51.975853
BONES 1
BONE 4 1.000000

VERT 55
OFFSET -2.274959 2.536153 51.989384
BONES 2
BONE 35 0.003533
BONE 4 0.996467

VERT 56
OFFSET -2.420754 2.655299 52.015049
BONES 1
BONE 4 1.000000

VERT 57
OFFSET -2.336743 2.405018 52.075123
BONES 2
BONE 35 0.070565
BONE 4 0.929435

VERT 58
OFFSET -2.519829 2.909101 52.078251
BONES 1
BONE 4 1.000000

VERT 59
OFFSET -2.502815 2.421819 52.183968
BONES 1
BONE 4 1.000000

VERT 60
OFFSET -2.617310 2.817528 52.139011
BONES 1
BONE 4 1.000000

VERT 61
OFFSET -2.790003 3.071089 52.299355
BONES 1
BONE 4 1.000000

VERT 62
OFFSET -2.768120 2.884975 52.399982
BONES 1
BONE 4 1.000000

VERT 63
OFFSET -2.746038 2.603493 52.386471
BONES 1
BONE 4 1.000000

VERT 64
OFFSET -2.827943 3.022110 52.532505
BONES 1
BONE 4 1.000000

VERT 65
OFFSET -2.745044 3.188775 52.272270
BONES 1
BONE 4 1.000000

VERT 66
OFFSET -2.842914 3.422014 52.517990
BONES 1
BONE 4 1.000000

VERT 67
OFFSET -2.911629 3.265224 52.459030
BONES 1
BONE 4 1.000000

VERT 68
OFFSET -2.642692 3.130395 52.369499
BONES 1
BONE 4 1.000000

VERT 69
OFFSET -2.817590 3.378311 52.612350
BONES 1
BONE 4 1.000000

VERT 70
OFFSET -2.636747 3.296148 52.574261
BONES 1
BONE 4 1.000000

VERT 71
OFFSET -2.511814 3.082629 52.410198
BONES 1
BONE 4 1.000000

VERT 72
OFFSET -2.562054 3.242397 52.588989
BONES 1
BONE 4 1.000000

VERT 73
OFFSET -2.560599 3.156691 52.719086
BONES 1
BONE 4 1.000000

VERT 74
OFFSET -2.569026 3.359029 52.888130
BONES 1
BONE 4 1.000000

VERT 75
OFFSET -2.528744 3.233545 52.933018
BONES 1
BONE 4 1.000000

VERT 76
OFFSET -2.647749 3.422777 52.851276
BONES 1
BONE 4 1.000000

VERT 77
OFFSET -2.367790 2.980559 53.026070
BONES 1
BONE 4 1.000000

VERT 78
OFFSET -2.409156 3.177249 53.029385
BONES 1
BONE 4 1.000000

VERT 79
OFFSET -2.417611 3.439943 53.112782
BONES 1
BONE 4 1.000000

VERT 80
OFFSET -2.306152 3.307941 53.146049
BONES 1
BONE 4 1.000000

VERT 81
OFFSET -2.511240 3.510370 53.102455
BONES 1
BONE 4 1.000000

VERT 82
OFFSET -2.434026 3.492834 53.181248
BONES 1
BONE 4 1.000000

VERT 83
OFFSET -2.725822 3.525259 52.967880
BONES 1
BONE 4 1.000000

VERT 84
OFFSET -2.559865 3.544675 53.257725
BONES 1
BONE 4 1.000000

VERT 85
OFFSET -2.653660 3.597758 53.240475
BONES 1
BONE 4 1.000000

VERT 86
OFFSET -2.714826 3.619149 53.328941
BONES 1
BONE 4 1.000000

VERT 87
OFFSET -2.820918 3.601535 53.134087
BONES 1
BONE 4 1.000000

VERT 88
OFFSET -2.863712 3.589988 52.975372
BONES 1
BONE 4 1.000000

VERT 89
OFFSET -2.824492 3.656153 53.152565
BONES 1
BONE 4 1.000000

VERT 90
OFFSET -2.863731 3.582638 52.836349
BONES 1
BONE 4 1.000000

VERT 91
OFFSET -2.811648 3.481717 52.800739
BONES 1
BONE 4 1.000000

VERT 92
OFFSET -2.865556 3.654039 52.864605
BONES 1
BONE 4 1.000000

VERT 93
OFFSET -2.945322 3.483060 52.601265
BONES 1
BONE 4 1.000000

VERT 94
OFFSET -2.781791 3.716833 53.136227
BONES 1
BONE 4 1.000000

VERT 95
OFFSET -2.798727 3.807817 53.209122
BONES 1
BONE 4 1.000000

VERT 96
OFFSET -2.958853 3.680853 52.885826
BONES 1
BONE 4 1.000000

VERT 97
OFFSET -3.005975 3.581688 52.931168
BONES 1
BONE 4 1.000000

VERT 98
OFFSET -2.875279 3.823615 53.256260
BONES 1
BONE 4 1.000000

VERT 99
OFFSET -2.939937 3.699874 53.326118
BONES 1
BONE 4 1.000000

VERT 100
OFFSET -2.637396 3.743185 53.340057
BONES 1
BONE 4 1.000000

VERT 101
OFFSET -2.977209 3.406986 52.618702
BONES 1
BONE 4 1.000000

VERT 102
OFFSET -2.904961 3.215513 52.684975
BONES 1
BONE 4 1.000000

VERT 103
OFFSET -2.876831 3.372503 52.440620
BONES 1
BONE 4 1.000000

VERT 104
OFFSET -2.884560 3.057698 52.742844
BONES 1
BONE 4 1.000000

VERT 105
OFFSET -2.955744 2.888546 52.786518
BONES 1
BONE 4 1.000000

VERT 106
OFFSET -2.731991 3.831833 53.480648
BONES 1
BONE 4 1.000000

VERT 107
OFFSET -2.590066 3.770693 53.611027
BONES 1
BONE 4 1.000000

VERT 108
OFFSET -2.588149 3.798754 53.484905
BONES 1
BONE 4 1.000000

VERT 109
OFFSET -2.510879 3.719426 53.464146
BONES 1
BONE 4 1.000000

VERT 110
OFFSET -2.585678 3.608613 53.481617
BONES 1
BONE 4 1.000000

VERT 111
OFFSET -2.746033 3.671929 53.336681
BONES 1
BONE 4 1.000000

VERT 112
OFFSET -2.452993 3.570654 53.542294
BONES 1
BONE 4 1.000000

VERT 113
OFFSET -2.480322 3.543795 53.466492
BONES 1
BONE 4 1.000000

VERT 114
OFFSET -2.338945 3.442466 53.460613
BONES 1
BONE 4 1.000000

VERT 115
OFFSET -2.281226 3.397469 53.310497
BONES 1
BONE 4 1.000000

VERT 116
OFFSET -2.338877 3.461254 53.575592
BONES 1
BONE 4 1.000000

VERT 117
OFFSET -2.328553 3.600159 53.575932
BONES 1
BONE 4 1.000000

VERT 118
OFFSET -2.213306 3.488387 53.552452
BONES 1
BONE 4 1.000000

VERT 119
OFFSET -2.187024 3.333020 53.482082
BONES 1
BONE 4 1.000000

VERT 120
OFFSET -2.237986 3.562988 53.672020
BONES 1
BONE 4 1.000000

VERT 121
OFFSET -2.414931 3.692908 53.633224
BONES 1
BONE 4 1.000000

VERT 122
OFFSET -2.444958 3.667657 53.692257
BONES 1
BONE 4 1.000000

VERT 123
OFFSET -2.273488 3.356441 53.214554
BONES 1
BONE 4 1.000000

VERT 124
OFFSET -2.235605 2.410284 52.099598
BONES 3
BONE 33 0.002891
BONE 4 0.824713
BONE 35 0.172396

VERT 125
OFFSET -0.133436 0.146329 50.743111
BONES 2
BONE 4 0.200000
BONE 37 0.800000

VERT 126
OFFSET -0.126415 0.365713 50.855488
BONES 2
BONE 37 0.800000
BONE 4 0.200000

VERT 127
OFFSET -0.416249 0.122338 50.630737
BONES 2
BONE 37 0.900000
BONE 4 0.100000

VERT 128
OFFSET -0.399530 0.426644 50.761608
BONES 2
BONE 37 0.900000
BONE 4 0.100000

VERT 129
OFFSET -0.380032 0.594545 50.918362
BONES 2
BONE 37 0.900000
BONE 4 0.100000

VERT 130
OFFSET -0.108920 0.532680 50.970230
BONES 2
BONE 37 0.800000
BONE 4 0.200000

VERT 131
OFFSET 0.034847 0.686452 51.247108
BONES 2
BONE 37 1.000000
BONE 4 0.000000

VERT 132
OFFSET -0.252139 0.728046 51.285534
BONES 2
BONE 37 1.000000
BONE 4 0.000000

VERT 133
OFFSET 0.093063 0.671438 51.385345
BONES 2
BONE 37 1.000000
BONE 4 0.000000

VERT 134
OFFSET -0.513313 0.695074 51.226627
BONES 2
BONE 37 1.000000
BONE 4 0.000000

VERT 135
OFFSET -0.334564 0.584805 51.569092
BONES 2
BONE 37 1.000000
BONE 4 0.000000

VERT 136
OFFSET -0.617266 0.528901 51.456013
BONES 2
BONE 37 1.000000
BONE 4 0.000000

VERT 137
OFFSET -0.336645 0.456305 51.764935
BONES 2
BONE 37 1.000000
BONE 4 0.000000

VERT 138
OFFSET 0.037364 0.444348 51.726040
BONES 2
BONE 37 1.000000
BONE 4 0.000000

VERT 139
OFFSET -0.052892 0.603934 51.601490
BONES 2
BONE 37 1.000000
BONE 4 0.000000

VERT 140
OFFSET 0.240204 0.546249 51.637669
BONES 1
BONE 37 1.000000

VERT 141
OFFSET 0.117858 0.288567 51.854073
BONES 2
BONE 37 1.000000
BONE 4 0.000000

VERT 142
OFFSET -0.346731 0.249236 51.890064
BONES 1
BONE 37 1.000000

VERT 143
OFFSET -0.780560 0.433537 51.418564
BONES 2
BONE 37 1.000000
BONE 4 0.000000

VERT 144
OFFSET -0.835799 0.284779 51.412403
BONES 1
BONE 37 1.000000

VERT 145
OFFSET 0.341008 0.381442 51.737263
BONES 2
BONE 37 1.000000
BONE 4 0.000000

VERT 146
OFFSET 0.430091 0.139134 51.759140
BONES 1
BONE 37 1.000000

VERT 147
OFFSET 0.349955 0.403498 51.340122
BONES 5
BONE 28 0.000012
BONE 27 0.172208
BONE 38 0.623040
BONE 29 0.153997
BONE 37 0.050743

VERT 148
OFFSET 0.150065 0.143840 51.898773
BONES 2
BONE 37 1.000000
BONE 4 0.000000

VERT 149
OFFSET -0.964857 0.302763 50.942421
BONES 1
BONE 37 1.000000

VERT 150
OFFSET -0.825513 -0.000682 51.412056
BONES 2
BONE 37 1.000000
BONE 4 0.000000

VERT 151
OFFSET -0.974381 -0.000682 50.928574
BONES 2
BONE 37 1.000000
BONE 4 0.000000

VERT 152
OFFSET 0.449924 -0.000682 51.760662
BONES 2
BONE 37 1.000000
BONE 4 0.000000

VERT 153
OFFSET 0.159716 -0.000682 51.913311
BONES 2
BONE 37 1.000000
BONE 4 0.000000

VERT 154
OFFSET -0.356392 -0.000682 51.920158
BONES 2
BONE 37 1.000000
BONE 4 0.000000

VERT 155
OFFSET -0.750932 0.185355 50.659023
BONES 2
BONE 4 0.145000
BONE 37 0.855000

VERT 156
OFFSET -0.762852 -0.000682 50.638889
BONES 2
BONE 37 0.855000
BONE 4 0.145000

VERT 157
OFFSET -0.925400 0.477965 50.985329
BONES 2
BONE 37 1.000000
BONE 4 0.000000

VERT 158
OFFSET -0.722178 0.477291 50.782242
BONES 2
BONE 37 0.855000
BONE 4 0.145000

VERT 159
OFFSET -0.679744 0.624410 50.943966
BONES 2
BONE 37 0.855000
BONE 4 0.145000

VERT 160
OFFSET -0.816403 0.620183 51.089733
BONES 2
BONE 37 1.000000
BONE 4 0.000000

VERT 161
OFFSET -0.416949 -0.000682 50.608562
BONES 2
BONE 37 0.900000
BONE 4 0.100000

VERT 162
OFFSET -0.134498 -0.000682 50.719864
BONES 2
BONE 37 0.800000
BONE 4 0.200000

VERT 163
OFFSET -0.416248 -0.123694 50.630737
BONES 2
BONE 37 0.900000
BONE 4 0.100000

VERT 164
OFFSET -0.133435 -0.147692 50.743111
BONES 2
BONE 4 0.200000
BONE 37 0.800000

VERT 165
OFFSET -0.750934 -0.186718 50.659027
BONES 2
BONE 4 0.145000
BONE 37 0.855000

VERT 166
OFFSET -0.399530 -0.428008 50.761608
BONES 2
BONE 37 0.900000
BONE 4 0.100000

VERT 167
OFFSET -0.126415 -0.367077 50.855488
BONES 2
BONE 37 0.800000
BONE 4 0.200000

VERT 168
OFFSET -0.380032 -0.595909 50.918362
BONES 2
BONE 37 0.900000
BONE 4 0.100000

VERT 169
OFFSET -0.108920 -0.534044 50.970230
BONES 2
BONE 37 0.800000
BONE 4 0.200000

VERT 170
OFFSET 0.034847 -0.687816 51.247108
BONES 2
BONE 37 1.000000
BONE 4 0.000000

VERT 171
OFFSET 0.093063 -0.672803 51.385345
BONES 2
BONE 37 1.000000
BONE 4 0.000000

VERT 172
OFFSET -0.252139 -0.729410 51.285534
BONES 2
BONE 37 1.000000
BONE 4 0.000000

VERT 173
OFFSET -0.052892 -0.605298 51.601490
BONES 2
BONE 37 1.000000
BONE 4 0.000000

VERT 174
OFFSET -0.334564 -0.586169 51.569092
BONES 2
BONE 37 1.000000
BONE 4 0.000000

VERT 175
OFFSET 0.037364 -0.445712 51.726040
BONES 2
BONE 37 1.000000
BONE 4 0.000000

VERT 176
OFFSET -0.336645 -0.457669 51.764935
BONES 2
BONE 37 1.000000
BONE 4 0.000000

VERT 177
OFFSET -0.617266 -0.530265 51.456013
BONES 2
BONE 37 1.000000
BONE 4 0.000000

VERT 178
OFFSET -0.513313 -0.696439 51.226627
BONES 2
BONE 37 1.000000
BONE 4 0.000000

VERT 179
OFFSET 0.240204 -0.547613 51.637669
BONES 1
BONE 37 1.000000

VERT 180
OFFSET 0.312415 -0.534017 51.349644
BONES 4
BONE 28 0.045109
BONE 38 0.613366
BONE 30 0.185011
BONE 37 0.156514

VERT 181
OFFSET 0.117858 -0.289931 51.854073
BONES 2
BONE 37 1.000000
BONE 4 0.000000

VERT 182
OFFSET -0.346729 -0.250597 51.890068
BONES 1
BONE 37 1.000000

VERT 183
OFFSET -0.780560 -0.434902 51.418564
BONES 2
BONE 37 1.000000
BONE 4 0.000000

VERT 184
OFFSET -0.835798 -0.286141 51.412407
BONES 1
BONE 37 1.000000

VERT 185
OFFSET 0.341008 -0.382806 51.737263
BONES 2
BONE 37 1.000000
BONE 4 0.000000

VERT 186
OFFSET 0.430092 -0.140497 51.759140
BONES 1
BONE 37 1.000000

VERT 187
OFFSET -0.964857 -0.304128 50.942421
BONES 1
BONE 37 1.000000

VERT 188
OFFSET -0.825513 -0.000682 51.412056
BONES 2
BONE 37 1.000000
BONE 4 0.000000

VERT 189
OFFSET -0.974381 -0.000682 50.928574
BONES 2
BONE 37 1.000000
BONE 4 0.000000

VERT 190
OFFSET 0.150065 -0.145204 51.898773
BONES 2
BONE 37 1.000000
BONE 4 0.000000

VERT 191
OFFSET 0.449924 -0.000682 51.760662
BONES 2
BONE 37 1.000000
BONE 4 0.000000

VERT 192
OFFSET 0.159716 -0.000682 51.913311
BONES 2
BONE 37 1.000000
BONE 4 0.000000

VERT 193
OFFSET -0.722178 -0.478655 50.782242
BONES 2
BONE 37 0.855000
BONE 4 0.145000

VERT 194
OFFSET -0.925400 -0.479330 50.985329
BONES 2
BONE 37 1.000000
BONE 4 0.000000

VERT 195
OFFSET -0.679744 -0.625775 50.943966
BONES 2
BONE 37 0.855000
BONE 4 0.145000

VERT 196
OFFSET -0.816403 -0.621547 51.089733
BONES 2
BONE 37 1.000000
BONE 4 0.000000

VERT 197
OFFSET -0.356392 -0.000682 51.920158
BONES 2
BONE 37 1.000000
BONE 4 0.000000

VERT 198
OFFSET -2.013585 0.988545 50.701012
BONES 2
BONE 35 0.280669
BONE 4 0.719331

VERT 199
OFFSET -2.187667 1.087687 50.804390
BONES 2
BONE 35 0.299134
BONE 4 0.700866

VERT 200
OFFSET -2.033915 1.089737 50.828281
BONES 2
BONE 4 0.473916
BONE 35 0.526084

VERT 201
OFFSET -2.065494 1.299074 51.037628
BONES 3
BONE 4 0.313379
BONE 33 0.051695
BONE 35 0.634926

VERT 202
OFFSET -2.437104 1.272593 51.104214
BONES 2
BONE 35 0.441128
BONE 4 0.558872

VERT 203
OFFSET -2.228747 1.459063 51.235542
BONES 3
BONE 35 0.616233
BONE 33 0.038844
BONE 4 0.344923

VERT 204
OFFSET -2.470030 1.189370 50.894684
BONES 2
BONE 4 0.849583
BONE 35 0.150417

VERT 205
OFFSET -1.966549 1.614486 51.227730
BONES 3
BONE 33 0.221661
BONE 4 0.202519
BONE 35 0.575820

VERT 206
OFFSET -2.473208 1.630534 51.525520
BONES 3
BONE 35 0.376497
BONE 33 0.014462
BONE 4 0.609041

VERT 207
OFFSET -2.646988 1.440118 51.413193
BONES 2
BONE 4 0.710617
BONE 35 0.289383

VERT 208
OFFSET -2.638778 1.272303 51.132271
BONES 2
BONE 35 0.235822
BONE 4 0.764179

VERT 209
OFFSET -2.775318 1.469967 51.595863
BONES 2
BONE 4 0.870740
BONE 35 0.129260

VERT 210
OFFSET -2.555617 2.021098 52.027737
BONES 2
BONE 4 0.886957
BONE 35 0.113044

VERT 211
OFFSET -2.317111 2.181414 51.970543
BONES 3
BONE 4 0.728605
BONE 33 0.030340
BONE 35 0.241056

VERT 212
OFFSET -2.138731 2.132759 51.810642
BONES 3
BONE 35 0.346075
BONE 4 0.492503
BONE 33 0.161422

VERT 213
OFFSET -2.362500 2.274900 52.077641
BONES 2
BONE 35 0.147585
BONE 4 0.852415

VERT 214
OFFSET -2.502815 2.421819 52.183968
BONES 1
BONE 4 1.000000

VERT 215
OFFSET -2.774061 2.327149 52.400242
BONES 1
BONE 4 1.000000

VERT 216
OFFSET -2.336743 2.405018 52.075123
BONES 2
BONE 35 0.070565
BONE 4 0.929435

VERT 217
OFFSET -2.149465 2.365450 52.070339
BONES 4
BONE 40 0.001981
BONE 35 0.242131
BONE 4 0.616253
BONE 33 0.139634

VERT 218
OFFSET -2.241606 2.411853 52.099876
BONES 2
BONE 35 0.172640
BONE 4 0.827360

VERT 219
OFFSET -2.168783 2.476644 52.178848
BONES 3
BONE 33 0.073653
BONE 4 0.759924
BONE 35 0.166424

VERT 220
OFFSET -1.700456 1.850178 51.341003
BONES 3
BONE 33 0.388429
BONE 4 0.128717
BONE 35 0.482854

VERT 221
OFFSET -1.867752 2.234669 51.836178
BONES 4
BONE 40 0.031938
BONE 33 0.349637
BONE 4 0.324602
BONE 35 0.293823

VERT 222
OFFSET -1.557890 1.957639 51.407391
BONES 3
BONE 33 0.508679
BONE 4 0.085466
BONE 35 0.405855

VERT 223
OFFSET -1.168883 2.090383 51.518044
BONES 4
BONE 40 0.072666
BONE 4 0.025757
BONE 33 0.626199
BONE 35 0.275378

VERT 224
OFFSET -1.104858 1.751776 51.086945
BONES 3
BONE 35 0.399445
BONE 4 0.067956
BONE 33 0.532600

VERT 225
OFFSET -1.625755 1.496074 51.001625
BONES 3
BONE 33 0.251585
BONE 4 0.178633
BONE 35 0.569782

VERT 226
OFFSET -1.323988 1.225172 50.730736
BONES 3
BONE 33 0.117821
BONE 4 0.307998
BONE 35 0.574181

VERT 227
OFFSET -1.770199 1.034694 50.747356
BONES 3
BONE 35 0.598361
BONE 4 0.395012
BONE 33 0.006627

VERT 228
OFFSET -1.098432 1.430974 50.824795
BONES 3
BONE 33 0.305258
BONE 4 0.217627
BONE 35 0.477115

VERT 229
OFFSET -0.858236 1.673051 51.006664
BONES 3
BONE 33 0.577876
BONE 35 0.323460
BONE 4 0.098664

VERT 230
OFFSET -0.716499 1.200353 50.665848
BONES 3
BONE 4 0.364849
BONE 33 0.295098
BONE 35 0.340053

VERT 231
OFFSET -1.440594 0.780762 50.508774
BONES 2
BONE 4 0.459291
BONE 35 0.540709

VERT 232
OFFSET -1.307259 0.692512 50.436558
BONES 3
BONE 35 0.502304
BONE 33 0.001291
BONE 4 0.496405

VERT 233
OFFSET -1.380319 0.507444 50.369553
BONES 2
BONE 35 0.384651
BONE 4 0.615349

VERT 234
OFFSET -0.598551 1.570314 50.959648
BONES 4
BONE 40 0.003356
BONE 4 0.150206
BONE 35 0.250021
BONE 33 0.596417

VERT 235
OFFSET -0.654409 1.815925 51.173008
BONES 4
BONE 35 0.223514
BONE 33 0.700494
BONE 40 0.031485
BONE 4 0.044507

VERT 236
OFFSET -0.855116 1.923956 51.272678
BONES 4
BONE 35 0.299356
BONE 33 0.665444
BONE 4 0.001081
BONE 40 0.034118

VERT 237
OFFSET -0.262341 1.578774 51.084595
BONES 5
BONE 4 0.110361
BONE 38 0.020285
BONE 33 0.734322
BONE 35 0.128558
BONE 40 0.006474

VERT 238
OFFSET -0.450451 1.125795 50.674534
BONES 3
BONE 35 0.232958
BONE 4 0.370036
BONE 33 0.397006

VERT 239
OFFSET -0.099002 1.347072 51.015205
BONES 4
BONE 35 0.082140
BONE 38 0.077918
BONE 33 0.668400
BONE 4 0.171542

VERT 240
OFFSET -0.371638 0.752264 50.471226
BONES 3
BONE 4 0.716362
BONE 33 0.122868
BONE 35 0.160770

VERT 241
OFFSET -0.526303 0.747676 50.409168
BONES 3
BONE 4 0.716461
BONE 35 0.225879
BONE 33 0.057660

VERT 242
OFFSET -0.762094 0.827370 50.433140
BONES 3
BONE 4 0.615736
BONE 33 0.050795
BONE 35 0.333469

VERT 243
OFFSET -0.415690 0.536087 50.295120
BONES 2
BONE 4 0.927961
BONE 35 0.072039

VERT 244
OFFSET -0.603479 0.447259 50.211479
BONES 2
BONE 35 0.087065
BONE 4 0.912935

VERT 245
OFFSET -0.323023 0.663538 50.434547
BONES 3
BONE 4 0.825537
BONE 33 0.084510
BONE 35 0.089953

VERT 246
OFFSET -0.082220 0.545126 50.584064
BONES 5
BONE 38 0.170349
BONE 4 0.729029
BONE 33 0.087536
BONE 35 0.007941
BONE 29 0.005144

VERT 247
OFFSET -0.238694 0.408967 50.305405
BONES 3
BONE 35 0.020737
BONE 4 0.979086
BONE 38 0.000177

VERT 248
OFFSET -0.335348 0.323268 50.181755
BONES 1
BONE 4 1.000000

VERT 249
OFFSET -0.052576 0.286926 50.438583
BONES 2
BONE 4 0.927458
BONE 38 0.072542

VERT 250
OFFSET 0.021347 0.051074 50.395226
BONES 2
BONE 4 0.939518
BONE 38 0.060482

VERT 251
OFFSET 0.058379 0.265558 50.609756
BONES 4
BONE 29 0.007711
BONE 4 0.690113
BONE 38 0.299305
BONE 33 0.002871

VERT 252
OFFSET 0.093134 0.634463 50.870159
BONES 4
BONE 38 0.312086
BONE 4 0.456767
BONE 29 0.032987
BONE 33 0.198160

VERT 253
OFFSET 0.113382 -0.000682 50.633778
BONES 2
BONE 4 0.745676
BONE 38 0.254324

VERT 254
OFFSET -0.059006 0.009196 50.231010
BONES 1
BONE 4 1.000000

VERT 255
OFFSET -0.095839 0.123584 50.235413
BONES 1
BONE 4 1.000000

VERT 256
OFFSET -0.207750 0.197964 50.186043
BONES 1
BONE 4 1.000000

VERT 257
OFFSET -0.253296 0.030294 50.112061
BONES 1
BONE 4 1.000000

VERT 258
OFFSET -0.171113 -0.000682 50.143757
BONES 1
BONE 4 1.000000

VERT 259
OFFSET -0.542866 0.327989 50.162369
BONES 2
BONE 35 0.000012
BONE 4 0.999988

VERT 260
OFFSET -0.441862 0.147878 50.101875
BONES 1
BONE 4 1.000000

VERT 261
OFFSET -0.406464 -0.000682 50.089836
BONES 1
BONE 4 1.000000

VERT 262
OFFSET -0.668595 0.004935 50.114449
BONES 1
BONE 4 1.000000

VERT 263
OFFSET -0.897549 0.544724 50.282234
BONES 2
BONE 4 0.719944
BONE 35 0.280056

VERT 264
OFFSET -0.973906 1.015588 50.548721
BONES 3
BONE 35 0.454472
BONE 33 0.098078
BONE 4 0.447449

VERT 265
OFFSET -0.906052 0.231363 50.180378
BONES 2
BONE 35 0.033185
BONE 4 0.966815

VERT 266
OFFSET -1.246322 0.168464 50.252323
BONES 2
BONE 35 0.093029
BONE 4 0.906971

VERT 267
OFFSET -1.471702 0.376214 50.321938
BONES 2
BONE 35 0.205910
BONE 4 0.794090

VERT 268
OFFSET -1.588018 0.626711 50.435539
BONES 2
BONE 4 0.685921
BONE 35 0.314079

VERT 269
OFFSET -1.287313 -0.127296 50.255806
BONES 2
BONE 36 0.056339
BONE 4 0.943661

VERT 270
OFFSET -1.515162 0.212095 50.274204
BONES 2
BONE 35 0.057147
BONE 4 0.942853

VERT 271
OFFSET -1.734681 0.781396 50.532795
BONES 2
BONE 35 0.315013
BONE 4 0.684987

VERT 272
OFFSET -1.878591 0.872313 50.598721
BONES 2
BONE 4 0.758891
BONE 35 0.241109

VERT 273
OFFSET -1.780521 0.702203 50.410137
BONES 2
BONE 35 0.045358
BONE 4 0.954642

VERT 274
OFFSET -1.917701 0.740800 50.328526
BONES 1
BONE 4 1.000000

VERT 275
OFFSET -2.087822 0.925561 50.425766
BONES 2
BONE 35 0.000791
BONE 4 0.999209

VERT 276
OFFSET -1.786988 0.573580 50.250748
BONES 1
BONE 4 1.000000

VERT 277
OFFSET -1.620148 0.509484 50.332363
BONES 2
BONE 35 0.058487
BONE 4 0.941513

VERT 278
OFFSET -1.602765 0.240033 50.146431
BONES 1
BONE 4 1.000000

VERT 279
OFFSET -2.273437 1.086742 50.647060
BONES 2
BONE 35 0.035335
BONE 4 0.964665

VERT 280
OFFSET -2.286638 1.049114 50.539890
BONES 1
BONE 4 1.000000

VERT 281
OFFSET -2.525035 1.148953 50.677670
BONES 1
BONE 4 1.000000

VERT 282
OFFSET -2.537439 1.163911 50.788437
BONES 2
BONE 35 0.013654
BONE 4 0.986346

VERT 283
OFFSET -2.800934 1.263101 51.213085
BONES 2
BONE 4 0.857431
BONE 35 0.142569

VERT 284
OFFSET -2.811288 1.157607 50.821331
BONES 1
BONE 4 1.000000

VERT 285
OFFSET -2.800205 1.162191 50.916763
BONES 2
BONE 4 0.990328
BONE 35 0.009672

VERT 286
OFFSET -3.081940 1.086355 50.966412
BONES 1
BONE 4 1.000000

VERT 287
OFFSET -2.941418 1.219893 51.310551
BONES 2
BONE 4 0.944320
BONE 35 0.055680

VERT 288
OFFSET -3.225176 1.075245 51.499302
BONES 2
BONE 4 0.989545
BONE 35 0.010455

VERT 289
OFFSET -3.042317 1.099823 51.062717
BONES 2
BONE 4 0.984162
BONE 35 0.015838

VERT 290
OFFSET -3.584322 0.730880 51.512825
BONES 1
BONE 4 1.000000

VERT 291
OFFSET -3.083545 1.301517 51.737183
BONES 1
BONE 4 1.000000

VERT 292
OFFSET -3.620516 0.898413 51.968987
BONES 1
BONE 4 1.000000

VERT 293
OFFSET -3.366248 1.291400 52.060577
BONES 1
BONE 4 1.000000

VERT 294
OFFSET -3.600196 1.467966 52.447224
BONES 1
BONE 4 1.000000

VERT 295
OFFSET -2.924468 1.497262 51.846741
BONES 2
BONE 4 0.970377
BONE 35 0.029623

VERT 296
OFFSET -2.880984 1.942125 52.249844
BONES 1
BONE 4 1.000000

VERT 297
OFFSET -3.314344 2.045000 52.700180
BONES 1
BONE 4 1.000000

VERT 298
OFFSET -3.052592 2.657125 52.829929
BONES 1
BONE 4 1.000000

VERT 299
OFFSET -3.787011 2.131127 53.248497
BONES 1
BONE 4 1.000000

VERT 300
OFFSET -3.926852 1.741340 53.042313
BONES 1
BONE 4 1.000000

VERT 301
OFFSET -4.100666 1.369058 52.844681
BONES 1
BONE 4 1.000000

VERT 302
OFFSET -2.820000 2.693246 52.508324
BONES 1
BONE 4 1.000000

VERT 303
OFFSET -2.680241 2.547121 52.320053
BONES 1
BONE 4 1.000000

VERT 304
OFFSET -2.955744 2.888546 52.786518
BONES 1
BONE 4 1.000000

VERT 305
OFFSET -3.094394 2.892281 53.158775
BONES 1
BONE 4 1.000000

VERT 306
OFFSET -3.698207 2.574247 53.588394
BONES 1
BONE 4 1.000000

VERT 307
OFFSET -3.058486 3.049278 53.407734
BONES 1
BONE 4 1.000000

VERT 308
OFFSET -3.664992 2.867889 54.118610
BONES 1
BONE 4 1.000000

VERT 309
OFFSET -2.961917 3.054126 53.072544
BONES 1
BONE 4 1.000000

VERT 310
OFFSET -2.912313 3.167181 53.312061
BONES 1
BONE 4 1.000000

VERT 311
OFFSET -2.889944 3.174279 53.641796
BONES 1
BONE 4 1.000000

VERT 312
OFFSET -3.593360 2.959850 54.584614
BONES 1
BONE 4 1.000000

VERT 313
OFFSET -2.599012 3.193381 53.818985
BONES 1
BONE 4 1.000000

VERT 314
OFFSET -2.745543 3.235511 53.477165
BONES 1
BONE 4 1.000000

VERT 315
OFFSET -2.568290 3.238727 53.581711
BONES 1
BONE 4 1.000000

VERT 316
OFFSET -2.150691 3.164631 54.157547
BONES 1
BONE 4 1.000000

VERT 317
OFFSET -3.367886 3.121519 55.099480
BONES 1
BONE 4 1.000000

VERT 318
OFFSET -2.266906 3.161928 53.624729
BONES 1
BONE 4 1.000000

VERT 319
OFFSET -2.009905 3.176410 54.644512
BONES 1
BONE 4 1.000000

VERT 320
OFFSET -1.894431 3.124781 53.507877
BONES 1
BONE 4 1.000000

VERT 321
OFFSET -1.775155 3.079002 53.357494
BONES 3
BONE 33 0.058786
BONE 40 0.013888
BONE 4 0.927326

VERT 322
OFFSET -1.573804 2.991885 53.175934
BONES 4
BONE 40 0.065963
BONE 4 0.827826
BONE 39 0.008400
BONE 33 0.097810

VERT 323
OFFSET -1.819736 3.047228 53.157379
BONES 3
BONE 33 0.078333
BONE 40 0.015832
BONE 4 0.905835

VERT 324
OFFSET -1.375705 3.061990 53.599422
BONES 3
BONE 4 0.963281
BONE 39 0.020916
BONE 40 0.015803

VERT 325
OFFSET -1.236810 2.925018 53.263893
BONES 4
BONE 40 0.103157
BONE 4 0.796829
BONE 33 0.040129
BONE 39 0.059885

VERT 326
OFFSET -0.952629 2.926291 53.493519
BONES 3
BONE 4 0.899965
BONE 40 0.056111
BONE 39 0.043924

VERT 327
OFFSET -1.191448 2.744199 52.911255
BONES 4
BONE 40 0.162951
BONE 4 0.557520
BONE 39 0.144937
BONE 33 0.134593

VERT 328
OFFSET -1.398866 2.742743 52.750275
BONES 4
BONE 40 0.164622
BONE 39 0.078226
BONE 4 0.534518
BONE 33 0.222634

VERT 329
OFFSET -0.918836 2.769017 53.099926
BONES 4
BONE 39 0.192049
BONE 4 0.640531
BONE 33 0.015764
BONE 40 0.151656

VERT 330
OFFSET -0.675571 2.952279 53.679153
BONES 4
BONE 40 0.037235
BONE 44 0.002094
BONE 4 0.821611
BONE 39 0.139061

VERT 331
OFFSET -0.921239 2.528877 52.605003
BONES 4
BONE 39 0.253127
BONE 4 0.318405
BONE 33 0.184826
BONE 40 0.243641

VERT 332
OFFSET -0.684017 2.520298 52.791313
BONES 5
BONE 44 0.000210
BONE 39 0.424911
BONE 4 0.318094
BONE 33 0.024596
BONE 40 0.232190

VERT 333
OFFSET -0.569882 2.768423 53.274479
BONES 4
BONE 40 0.118831
BONE 4 0.520201
BONE 39 0.325031
BONE 44 0.035937

VERT 334
OFFSET -1.075224 2.533565 52.489056
BONES 4
BONE 33 0.289439
BONE 39 0.134341
BONE 4 0.337957
BONE 40 0.238263

VERT 335
OFFSET -0.689128 2.357946 52.443787
BONES 4
BONE 4 0.129885
BONE 39 0.347010
BONE 33 0.240805
BONE 40 0.282299

VERT 336
OFFSET -0.421017 2.253852 52.537025
BONES 4
BONE 33 0.100916
BONE 4 0.067635
BONE 39 0.567258
BONE 40 0.264191

VERT 337
OFFSET -0.450420 2.213308 52.282928
BONES 4
BONE 33 0.323387
BONE 39 0.396107
BONE 4 0.012725
BONE 40 0.267781

VERT 338
OFFSET -0.214976 2.070890 52.115276
BONES 4
BONE 45 0.001330
BONE 33 0.429093
BONE 39 0.350897
BONE 40 0.218681

VERT 339
OFFSET -0.212198 2.087474 52.492569
BONES 4
BONE 40 0.221326
BONE 39 0.590433
BONE 45 0.077565
BONE 33 0.110676

VERT 340
OFFSET -0.339687 2.265851 52.752411
BONES 4
BONE 4 0.072004
BONE 45 0.123951
BONE 39 0.588545
BONE 40 0.215501

VERT 341
