// Export time: Mon Nov 09 08:56:53 2020

// Exported using Blender v2.90.1
// Export filename: 'E:/blackops3/mod_xmodel/iw4/ump45/ch_viewhands_gk_ump45.XMODEL_EXPORT'
// Source filename: 'E:/blackops3/mod_xmodel/iw4/ump45/ump45.blend'
MODEL
VERSION 6

NUMBONES 66
BONE 0 -1 "tag_origin"
BONE 1 0 "tag_sync"
BONE 2 0 "tag_view"
BONE 3 2 "tag_ads"
BONE 4 3 "tag_torso"
BONE 5 4 "j_shoulder_le"
BONE 6 5 "j_elbow_le"
BONE 7 6 "j_sleave_reshape_bottom_le_1"
BONE 8 6 "j_sleave_reshape_bottom_le_2"
BONE 9 6 "j_sleave_reshape_top_le_1"
BONE 10 6 "j_sleave_reshape_top_le_2"
BONE 11 6 "j_sleave_reshape_top_le_3"
BONE 12 6 "j_wrist_le"
BONE 13 12 "j_index_le_0"
BONE 14 13 "j_index_le_1"
BONE 15 14 "j_index_le_2"
BONE 16 12 "j_mid_le_0"
BONE 17 16 "j_mid_le_1"
BONE 18 17 "j_mid_le_2"
BONE 19 12 "j_pinkypalm_le"
BONE 20 19 "j_pinky_le_0"
BONE 21 20 "j_pinky_le_1"
BONE 22 21 "j_pinky_le_2"
BONE 23 12 "j_ringpalm_le"
BONE 24 23 "j_ring_le_0"
BONE 25 24 "j_ring_le_1"
BONE 26 25 "j_ring_le_2"
BONE 27 12 "j_thumb_le_0"
BONE 28 27 "j_thumb_le_1"
BONE 29 28 "j_thumb_le_2"
BONE 30 12 "j_webbing_le"
BONE 31 12 "tag_knife_attach"
BONE 32 12 "tag_weapon_left"
BONE 33 6 "j_wristtwist_le"
BONE 34 4 "j_shoulder_ri"
BONE 35 34 "j_elbow_ri"
BONE 36 35 "j_sleave_reshape_top_ri_1"
BONE 37 35 "j_sleave_reshape_top_ri_2"
BONE 38 35 "j_sleave_reshape_top_ri_3"
BONE 39 35 "j_wrist_ri"
BONE 40 39 "j_index_ri_0"
BONE 41 40 "j_index_ri_1"
BONE 42 41 "j_index_ri_2"
BONE 43 39 "j_mid_ri_0"
BONE 44 43 "j_mid_ri_1"
BONE 45 44 "j_mid_ri_2"
BONE 46 39 "j_pinkypalm_ri"
BONE 47 46 "j_pinky_ri_0"
BONE 48 47 "j_pinky_ri_1"
BONE 49 48 "j_pinky_ri_2"
BONE 50 39 "j_ringpalm_ri"
BONE 51 50 "j_ring_ri_0"
BONE 52 51 "j_ring_ri_1"
BONE 53 52 "j_ring_ri_2"
BONE 54 39 "j_thumb_ri_0"
BONE 55 54 "j_thumb_ri_1"
BONE 56 55 "j_thumb_ri_2"
BONE 57 39 "j_webbing_ri"
BONE 58 39 "tag_weapon_right"
BONE 59 35 "j_wristtwist_ri"
BONE 60 4 "tag_weapon"
BONE 61 2 "tag_cambone"
BONE 62 61 "tag_camera"
BONE 63 62 "tag_gasmask"
BONE 64 62 "tag_gasmask2"
BONE 65 62 "tag_player"

BONE 0
OFFSET 0.000000 0.000000 0.000000
SCALE 1.000000 1.000000 1.000000
X 1.000000 0.000000 0.000000
Y 0.000000 1.000000 0.000000
Z 0.000000 0.000000 1.000000

BONE 1
OFFSET 0.000000 0.000000 0.000000
SCALE 1.000000 1.000000 1.000000
X -1.000000 0.000000 0.000000
Y 0.000000 -1.000000 0.000000
Z 0.000000 0.000000 1.000000

BONE 2
OFFSET 0.000000 0.000000 59.999878
SCALE 1.000000 1.000000 1.000000
X 1.000000 0.000000 0.000000
Y 0.000000 1.000000 0.000000
Z 0.000000 0.000000 1.000000

BONE 3
OFFSET 0.000000 0.000000 59.999878
SCALE 1.000000 1.000000 1.000000
X 1.000000 0.000000 0.000000
Y 0.000000 1.000000 0.000000
Z 0.000000 0.000000 1.000000

BONE 4
OFFSET -4.631825 0.000000 58.622925
SCALE 1.000000 1.000000 1.000000
X 1.000000 0.000000 0.000000
Y 0.000000 1.000000 0.000000
Z 0.000000 0.000000 1.000000

BONE 5
OFFSET -3.506023 7.937274 56.812973
SCALE 1.000000 1.000000 1.000000
X 0.472945 0.011169 -0.881021
Y 0.446826 -0.864842 0.228898
Z -0.759388 -0.501919 -0.414013

BONE 6
OFFSET 2.214777 8.071105 46.159027
SCALE 1.000000 1.000000 1.000000
X 0.999978 -0.002794 0.005968
Y -0.006007 -0.014000 0.999883
Z -0.002711 -0.999898 -0.014016

BONE 7
OFFSET 12.124463 8.954909 45.174290
SCALE 1.000000 1.000000 1.000000
X 1.000000 -0.000001 0.000009
Y 0.000001 1.000000 -0.000302
Z -0.000009 0.000302 0.999999

BONE 8
OFFSET 11.738594 7.332065 44.949814
SCALE 1.000000 1.000000 1.000000
X 1.000000 -0.000001 0.000009
Y 0.000001 1.000000 -0.000302
Z -0.000009 0.000302 0.999999

BONE 9
OFFSET 12.633780 8.807507 47.714695
SCALE 1.000000 1.000000 1.000000
X 1.000000 -0.000001 0.000009
Y 0.000001 1.000000 -0.000302
Z -0.000009 0.000302 0.999999

BONE 10
OFFSET 12.529325 7.480321 47.911331
SCALE 1.000000 1.000000 1.000000
X 1.000000 -0.000001 0.000009
Y 0.000001 1.000000 -0.000302
Z -0.000009 0.000302 0.999999

BONE 11
OFFSET 12.149410 6.888658 46.941299
SCALE 1.000000 1.000000 1.000000
X 1.000000 -0.000006 0.000009
Y 0.000006 1.000000 -0.000302
Z -0.000009 0.000302 0.999999

BONE 12
OFFSET 13.784297 8.038947 46.227501
SCALE 1.000000 1.000000 1.000000
X 0.996698 -0.023013 0.077862
Y -0.077681 0.008662 0.996940
Z -0.023617 -0.999697 0.006846

BONE 13
OFFSET 17.617733 8.327334 47.279938
SCALE 1.000000 1.000000 1.000000
X 0.770400 -0.621766 0.141035
Y -0.611707 -0.783202 -0.111394
Z 0.179720 -0.000454 -0.983717

BONE 14
OFFSET 18.973940 7.232815 47.528202
SCALE 1.000000 1.000000 1.000000
X 0.426097 -0.903304 0.049828
Y -0.880202 -0.426665 -0.207848
Z 0.209010 0.044704 -0.976891

BONE 15
OFFSET 19.479258 6.132238 47.648102
SCALE 1.000000 1.000000 1.000000
X 0.139917 -0.988398 0.059092
Y -0.965343 -0.149445 -0.213957
Z 0.220306 -0.027108 -0.975053

BONE 16
OFFSET 17.591476 8.141093 46.191448
SCALE 1.000000 1.000000 1.000000
X 0.786590 -0.616936 0.025782
Y -0.616627 -0.787013 -0.019537
Z 0.032344 -0.000530 -0.999476

BONE 17
OFFSET 19.127935 6.936082 46.241768
SCALE 1.000000 1.000000 1.000000
X 0.028255 -0.999545 -0.010487
Y -0.999559 -0.028348 0.008851
Z -0.009144 0.010232 -0.999905

BONE 18
OFFSET 19.169182 5.476373 46.226456
SCALE 1.000000 1.000000 1.000000
X -0.530149 -0.847898 0.003102
Y -0.845611 0.528981 0.071564
Z -0.062320 0.035317 -0.997431

BONE 19
OFFSET 14.705996 7.808183 45.227348
SCALE 1.000000 1.000000 1.000000
X 0.860586 -0.066808 -0.504903
Y -0.090729 -0.995612 -0.022905
Z -0.501158 0.065521 -0.862871

BONE 20
OFFSET 16.701145 7.526505 44.215675
SCALE 1.000000 1.000000 1.000000
X 0.856290 -0.436660 -0.275854
Y -0.415495 -0.899626 0.134299
Z -0.306809 -0.000383 -0.951770

BONE 21
OFFSET 17.913340 6.908494 43.825142
SCALE 1.000000 1.000000 1.000000
X 0.129598 -0.991002 -0.033443
Y -0.958716 -0.133843 0.250897
Z -0.253115 -0.000454 -0.967435

BONE 22
OFFSET 18.028244 6.030082 43.795486
SCALE 1.000000 1.000000 1.000000
X -0.508497 -0.843972 0.170708
Y -0.800343 0.536386 0.267842
Z -0.317617 -0.000428 -0.948218

BONE 23
OFFSET 14.876869 7.948464 45.905972
SCALE 1.000000 1.000000 1.000000
X 0.972233 -0.030597 -0.232005
Y -0.040602 -0.998434 -0.038470
Z -0.230465 0.046821 -0.971953

BONE 24
OFFSET 17.366528 7.898151 45.160259
SCALE 1.000000 1.000000 1.000000
X 0.831795 -0.508876 -0.221723
Y -0.491577 -0.860839 0.131557
Z -0.257814 -0.000434 -0.966194

BONE 25
OFFSET 18.782507 7.032079 44.782749
SCALE 1.000000 1.000000 1.000000
X 0.018860 -0.999819 0.002444
Y -0.972635 -0.017781 0.231658
Z -0.231572 -0.006746 -0.972794

BONE 26
OFFSET 18.808640 5.646797 44.786110
SCALE 1.000000 1.000000 1.000000
X -0.560765 -0.817119 0.133634
Y -0.795047 0.576468 0.188637
Z -0.231175 -0.000464 -0.972911

BONE 27
OFFSET 14.147945 7.626542 47.227299
SCALE 1.000000 1.000000 1.000000
X 0.614116 -0.475323 0.630022
Y -0.500840 0.382229 0.776569
Z -0.609935 -0.792445 -0.003328

BONE 28
OFFSET 15.388931 6.595095 48.664013
SCALE 1.000000 1.000000 1.000000
X 0.914606 -0.402881 0.034398
Y -0.079049 -0.094726 0.992359
Z -0.396544 -0.910337 -0.118484

BONE 29
OFFSET 16.825531 5.848554 48.646923
SCALE 1.000000 1.000000 1.000000
X 0.780331 -0.439748 -0.444640
Y 0.353920 -0.275646 0.893733
Z -0.515581 -0.854775 -0.059460

BONE 30
OFFSET 16.720488 7.446053 48.053772
SCALE 1.000000 1.000000 1.000000
X 0.946253 -0.301270 -0.117647
Y 0.309129 0.949423 0.055093
Z 0.095098 -0.088500 0.991525

BONE 31
OFFSET 16.492071 6.448713 45.911648
SCALE 1.000000 1.000000 1.000000
X -0.281242 0.000229 -0.959636
Y 0.023725 0.999696 -0.006714
Z 0.959343 -0.024656 -0.281162

BONE 32
OFFSET 10.527629 0.000051 51.873215
SCALE 1.000000 1.000000 1.000000
X 0.000184 -1.000000 0.000247
Y 1.000000 0.000184 0.000001
Z -0.000001 0.000247 0.999999

BONE 33
OFFSET 10.719042 8.047467 46.209358
SCALE 1.000000 1.000000 1.000000
X 0.999978 -0.002793 0.005952
Y -0.005991 -0.014005 0.999883
Z -0.002710 -0.999898 -0.014022

BONE 34
OFFSET -3.506025 -7.937268 56.812973
SCALE 1.000000 1.000000 1.000000
X -0.472998 0.011758 0.880984
Y -0.447265 -0.864695 -0.228595
Z 0.759096 -0.502158 0.414258

BONE 35
OFFSET 2.213812 -8.079960 46.159515
SCALE 1.000000 1.000000 1.000000
X -0.999980 -0.002284 -0.005883
Y 0.005915 -0.014539 -0.999876
Z 0.002198 -0.999891 0.014551

BONE 36
OFFSET 12.632690 -8.821078 47.715439
SCALE 1.000000 1.000000 1.000000
X -1.000000 0.000460 0.000034
Y 0.000459 0.999999 -0.000302
Z -0.000034 -0.000303 -0.999999

BONE 37
OFFSET 12.528914 -7.493718 47.911316
SCALE 1.000000 1.000000 1.000000
X -1.000000 0.000497 0.000034
Y 0.000497 0.999999 -0.000302
Z -0.000034 -0.000303 -0.999999

BONE 38
OFFSET 12.149213 -6.902361 46.940983
SCALE 1.000000 1.000000 1.000000
X -1.000000 0.000497 0.000034
Y 0.000497 0.999999 -0.000302
Z -0.000034 -0.000303 -0.999999

BONE 39
OFFSET 13.783486 -8.053933 46.227898
SCALE 1.000000 1.000000 1.000000
X -0.996716 -0.022550 -0.077765
Y 0.077600 0.008085 -0.996951
Z 0.023110 -0.999712 -0.006309

BONE 40
OFFSET 17.616829 -8.343825 47.280422
SCALE 1.000000 1.000000 1.000000
X -0.770682 -0.621497 -0.140673
Y 0.611347 -0.783415 0.111869
Z -0.179732 0.000216 0.983715

BONE 41
OFFSET 18.973583 -7.249909 47.528034
SCALE 1.000000 1.000000 1.000000
X -0.426588 -0.903101 -0.049298
Y 0.879996 -0.427026 0.207980
Z -0.208878 0.045340 0.976889

BONE 42
OFFSET 19.479437 -6.149568 47.647289
SCALE 1.000000 1.000000 1.000000
X -0.140457 -0.988355 -0.058532
Y 0.965280 -0.149849 0.213960
Z -0.220239 -0.026447 0.975086

BONE 43
OFFSET 17.590559 -8.158133 46.191841
SCALE 1.000000 1.000000 1.000000
X -0.786903 -0.616553 -0.025402
Y 0.616229 -0.787313 0.019990
Z -0.032324 0.000078 0.999476

BONE 44
OFFSET 19.127653 -6.953895 46.241489
SCALE 1.000000 1.000000 1.000000
X -0.028780 -0.999524 0.011041
Y 0.999543 -0.028879 -0.008873
Z 0.009188 0.010782 0.999899

BONE 45
OFFSET 19.169659 -5.494211 46.225315
SCALE 1.000000 1.000000 1.000000
X 0.529715 -0.848171 -0.002675
Y 0.845878 0.528509 -0.071888
Z 0.062387 0.035818 0.997408

BONE 46
OFFSET 14.705197 -7.824217 45.227608
SCALE 1.000000 1.000000 1.000000
X -0.860615 -0.066104 0.504946
Y 0.090270 -0.995639 0.023509
Z 0.501191 0.065814 0.862830

BONE 47
OFFSET 16.700331 -7.544147 44.215816
SCALE 1.000000 1.000000 1.000000
X -0.856495 -0.436076 0.276139
Y 0.415028 -0.899909 -0.133845
Z 0.306867 -0.000031 0.951751

BONE 48
OFFSET 17.912775 -6.927029 43.824959
SCALE 1.000000 1.000000 1.000000
X -0.130118 -0.990915 0.034003
Y 0.958626 -0.134488 -0.250896
Z 0.253190 -0.000049 0.967416

BONE 49
OFFSET 18.028088 -6.048684 43.794804
SCALE 1.000000 1.000000 1.000000
X 0.508034 -0.844342 -0.170255
Y 0.800633 0.535803 -0.268144
Z 0.317629 -0.000085 0.948214

BONE 50
OFFSET 14.876054 -7.964232 45.906311
SCALE 1.000000 1.000000 1.000000
X -0.972150 -0.029910 0.232442
Y 0.040062 -0.998432 0.039074
Z 0.230910 0.047299 0.971824

BONE 51
OFFSET 17.365585 -7.915647 45.160572
SCALE 1.000000 1.000000 1.000000
X -0.832053 -0.508308 0.222056
Y 0.491117 -0.861174 -0.131082
Z 0.257860 -0.000011 0.966181

BONE 52
OFFSET 18.781870 -7.050598 44.782570
SCALE 1.000000 1.000000 1.000000
X -0.019347 -0.999810 -0.001872
Y 0.972622 -0.018388 -0.231663
Z 0.231585 -0.006302 0.972793

BONE 53
OFFSET 18.808681 -5.665335 44.785133
SCALE 1.000000 1.000000 1.000000
X 0.560365 -0.817465 -0.133198
Y 0.795326 0.575978 -0.188958
Z 0.231186 -0.000050 0.972908

BONE 54
OFFSET 14.147421 -7.641216 47.227375
SCALE 1.000000 1.000000 1.000000
X -0.614371 -0.475356 -0.629749
Y 0.501011 0.381556 -0.776789
Z 0.609537 -0.792748 0.003741

BONE 55
OFFSET 15.389072 -6.609695 48.663418
SCALE 1.000000 1.000000 1.000000
X -0.914816 -0.402429 -0.034074
Y 0.078904 -0.095348 -0.992311
Z 0.396087 -0.910471 0.118978

BONE 56
OFFSET 16.826050 -5.863911 48.645885
SCALE 1.000000 1.000000 1.000000
X -0.780517 -0.439099 0.444954
Y -0.354151 -0.275946 -0.893549
Z 0.515140 -0.855012 0.059873

BONE 57
OFFSET 16.719723 -7.429388 48.053761
SCALE 1.000000 1.000000 1.000000
X -0.946393 -0.300745 0.117862
Y -0.308666 0.949547 -0.055546
Z -0.095211 -0.088949 -0.991474

BONE 58
OFFSET 10.531308 -0.010291 51.868797
SCALE 1.000000 1.000000 1.000000
X -0.000635 -0.999999 0.000094
Y 0.998879 -0.000639 -0.047322
Z 0.047323 0.000064 0.998879

BONE 59
OFFSET 10.718169 -8.060826 46.209774
SCALE 1.000000 1.000000 1.000000
X -0.999980 -0.002280 -0.005883
Y 0.005915 -0.014540 -0.999876
Z 0.002195 -0.999891 0.014552

BONE 60
OFFSET 10.527947 0.000000 51.870216
SCALE 1.000000 1.000000 1.000000
X 1.000000 0.000000 0.000000
Y 0.000000 1.000000 0.000000
Z 0.000000 0.000000 1.000000

BONE 61
OFFSET 0.000000 0.000000 59.999878
SCALE 1.000000 1.000000 1.000000
X 1.000000 0.000000 0.000000
Y 0.000000 1.000000 0.000000
Z 0.000000 0.000000 1.000000

BONE 62
OFFSET 0.000000 0.000000 59.999878
SCALE 1.000000 1.000000 1.000000
X 1.000000 0.000000 0.000000
Y 0.000000 1.000000 0.000000
Z 0.000000 0.000000 1.000000

BONE 63
OFFSET 1.540439 0.000000 64.135620
SCALE 1.000000 1.000000 1.000000
X 1.000000 0.000000 0.000000
Y 0.000000 1.000000 0.000000
Z 0.000000 0.000000 1.000000

BONE 64
OFFSET -4.631825 0.000000 58.622925
SCALE 1.000000 1.000000 1.000000
X 1.000000 0.000000 0.000000
Y 0.000000 1.000000 0.000000
Z 0.000000 0.000000 1.000000

BONE 65
OFFSET 0.000000 0.000000 59.999878
SCALE 1.000000 1.000000 1.000000
X 1.000000 0.000000 0.000000
Y 0.000000 1.000000 0.000000
Z 0.000000 0.000000 1.000000


NUMVERTS 3856
VERT 0
OFFSET 17.498293 7.179471 45.780827
BONES 2
BONE 16 0.856173
BONE 12 0.143827

VERT 1
OFFSET 17.779596 6.992795 46.198895
BONES 1
BONE 16 1.000000

VERT 2
OFFSET 17.417454 7.100245 46.203609
BONES 2
BONE 16 0.785610
BONE 12 0.214390

VERT 3
OFFSET 17.861837 7.082127 45.838207
BONES 1
BONE 16 1.000000

VERT 4
OFFSET 17.587210 7.122973 45.514534
BONES 2
BONE 24 0.871856
BONE 12 0.128144

VERT 5
OFFSET 17.132919 7.049178 45.723072
BONES 1
BONE 12 1.000000

VERT 6
OFFSET 17.392868 7.098509 45.332993
BONES 2
BONE 24 0.756633
BONE 12 0.243367

VERT 7
OFFSET 17.055038 6.994704 46.228489
BONES 1
BONE 12 1.000000

VERT 8
OFFSET 17.571293 7.174019 46.598499
BONES 2
BONE 16 0.838336
BONE 12 0.161664

VERT 9
OFFSET 17.894793 7.088849 46.541492
BONES 1
BONE 16 1.000000

VERT 10
OFFSET 17.704948 6.997590 45.135895
BONES 1
BONE 24 1.000000

VERT 11
OFFSET 17.904499 7.080376 45.388321
BONES 1
BONE 24 1.000000

VERT 12
OFFSET 17.344933 7.244106 44.928024
BONES 2
BONE 24 0.732560
BONE 12 0.267440

VERT 13
OFFSET 16.923729 7.003753 45.058163
BONES 1
BONE 12 1.000000

VERT 14
OFFSET 16.191536 6.890105 45.874908
BONES 1
BONE 12 1.000000

VERT 15
OFFSET 16.110104 6.843217 45.247059
BONES 1
BONE 12 1.000000

VERT 16
OFFSET 15.441422 6.800405 45.989376
BONES 1
BONE 12 1.000000

VERT 17
OFFSET 15.327203 6.730094 45.407825
BONES 1
BONE 12 1.000000

VERT 18
OFFSET 14.519284 6.698583 45.555367
BONES 1
BONE 12 1.000000

VERT 19
OFFSET 17.404118 7.065766 44.557373
BONES 2
BONE 20 0.837257
BONE 12 0.162743

VERT 20
OFFSET 17.689171 7.118813 44.810822
BONES 1
BONE 24 1.000000

VERT 21
OFFSET 16.271873 6.901216 46.304375
BONES 1
BONE 12 1.000000

VERT 22
OFFSET 15.742898 6.826106 46.424465
BONES 1
BONE 12 1.000000

VERT 23
OFFSET 13.737771 6.867885 45.637726
BONES 1
BONE 12 1.000000

VERT 24
OFFSET 13.682923 7.007602 45.134399
BONES 1
BONE 12 1.000000

VERT 25
OFFSET 14.411557 6.850224 44.910236
BONES 1
BONE 12 1.000000

VERT 26
OFFSET 15.225022 6.846194 44.706326
BONES 1
BONE 12 1.000000

VERT 27
OFFSET 15.982264 6.939681 44.520622
BONES 1
BONE 12 1.000000

VERT 28
OFFSET 16.624500 7.056907 44.369366
BONES 1
BONE 12 1.000000

VERT 29
OFFSET 17.047504 7.012278 44.458580
BONES 2
BONE 20 0.710527
BONE 12 0.289473

VERT 30
OFFSET 17.370417 6.727814 44.102322
BONES 2
BONE 20 0.734748
BONE 21 0.265252

VERT 31
OFFSET 17.589430 6.833771 44.292145
BONES 2
BONE 20 0.735294
BONE 21 0.264706

VERT 32
OFFSET 17.255676 6.849263 43.755444
BONES 2
BONE 20 0.832099
BONE 21 0.167901

VERT 33
OFFSET 16.907320 7.265343 44.033051
BONES 2
BONE 20 0.646977
BONE 12 0.353023

VERT 34
OFFSET 17.977970 6.951694 47.331676
BONES 1
BONE 13 1.000000

VERT 35
OFFSET 18.001141 7.131837 47.751163
BONES 1
BONE 13 1.000000

VERT 36
OFFSET 17.625402 7.323980 47.711750
BONES 2
BONE 13 0.727218
BONE 12 0.272782

VERT 37
OFFSET 17.607222 7.073648 47.149746
BONES 2
BONE 13 0.719386
BONE 12 0.280614

VERT 38
OFFSET 17.735750 7.098823 46.829468
BONES 2
BONE 13 0.869665
BONE 12 0.130335

VERT 39
OFFSET 17.229897 7.064750 46.784748
BONES 1
BONE 12 1.000000

VERT 40
OFFSET 16.456249 6.905860 46.702969
BONES 1
BONE 12 1.000000

VERT 41
OFFSET 16.204491 6.647658 47.233032
BONES 3
BONE 12 0.562726
BONE 27 0.345700
BONE 28 0.091574

VERT 42
OFFSET 15.300594 6.465985 46.733120
BONES 2
BONE 12 0.500000
BONE 27 0.500000

VERT 43
OFFSET 14.688001 6.696943 46.159382
BONES 1
BONE 12 1.000000

VERT 44
OFFSET 13.773353 6.864094 46.201374
BONES 1
BONE 12 1.000000

VERT 45
OFFSET 13.227447 7.156489 45.472927
BONES 1
BONE 12 1.000000

VERT 46
OFFSET 16.791302 7.005532 47.396633
BONES 2
BONE 12 0.858156
BONE 28 0.141844

VERT 47
OFFSET 17.197567 7.306941 47.493965
BONES 1
BONE 12 1.000000

VERT 48
OFFSET 16.809528 7.379795 47.721416
BONES 3
BONE 12 0.828303
BONE 28 0.116470
BONE 27 0.055227

VERT 49
OFFSET 16.524536 6.727374 47.812069
BONES 3
BONE 28 0.472034
BONE 12 0.362778
BONE 27 0.165188

VERT 50
OFFSET 15.677999 6.187806 47.421177
BONES 2
BONE 27 0.790607
BONE 28 0.209393

VERT 51
OFFSET 14.910087 6.234095 47.180172
BONES 2
BONE 27 0.701794
BONE 12 0.298206

VERT 52
OFFSET 16.645176 7.253914 48.092644
BONES 3
BONE 12 0.421526
BONE 28 0.294997
BONE 27 0.283477

VERT 53
OFFSET 16.061749 5.735951 48.882351
BONES 2
BONE 28 0.729743
BONE 29 0.270257

VERT 54
OFFSET 16.292862 5.497045 48.372025
BONES 2
BONE 29 0.900000
BONE 28 0.100000

VERT 55
OFFSET 16.476688 5.583980 48.719360
BONES 2
BONE 29 0.900000
BONE 28 0.100000

VERT 56
OFFSET 15.941946 5.542569 48.433067
BONES 2
BONE 28 0.759061
BONE 29 0.240939

VERT 57
OFFSET 15.435942 6.120393 48.822304
BONES 2
BONE 28 0.769215
BONE 27 0.230785

VERT 58
OFFSET 15.391812 5.825870 48.344154
BONES 2
BONE 28 0.625044
BONE 27 0.374956

VERT 59
OFFSET 14.974062 6.426538 48.672283
BONES 2
BONE 27 0.636563
BONE 28 0.363437

VERT 60
OFFSET 14.962581 6.049578 48.156868
BONES 2
BONE 27 0.701821
BONE 28 0.298179

VERT 61
OFFSET 14.527751 6.749480 48.292179
BONES 2
BONE 27 0.946524
BONE 12 0.053476

VERT 62
OFFSET 14.563993 6.295754 47.753185
BONES 2
BONE 27 0.815279
BONE 12 0.184721

VERT 63
OFFSET 14.087200 7.093281 47.790920
BONES 2
BONE 27 0.660316
BONE 12 0.339684

VERT 64
OFFSET 14.077467 6.619054 47.290112
BONES 2
BONE 27 0.670633
BONE 12 0.329367

VERT 65
OFFSET 14.287807 6.515573 46.823582
BONES 2
BONE 27 0.750000
BONE 12 0.250000

VERT 66
OFFSET 13.653110 6.868122 46.786381
BONES 1
BONE 12 1.000000

VERT 67
OFFSET 13.239450 7.086769 46.307804
BONES 2
BONE 12 0.943635
BONE 33 0.056365

VERT 68
OFFSET 12.922379 7.516526 45.549953
BONES 2
BONE 12 0.642122
BONE 33 0.357878

VERT 69
OFFSET 13.647969 7.339393 47.421833
BONES 1
BONE 12 1.000000

VERT 70
OFFSET 13.301362 7.761259 47.360046
BONES 2
BONE 12 0.934524
BONE 33 0.065476

VERT 71
OFFSET 13.211456 7.307596 46.891186
BONES 2
BONE 12 0.911331
BONE 33 0.088669

VERT 72
OFFSET 12.944795 7.448354 46.256454
BONES 2
BONE 12 0.611405
BONE 33 0.388595

VERT 73
OFFSET 13.075568 7.670701 46.957478
BONES 2
BONE 12 0.605107
BONE 33 0.394893

VERT 74
OFFSET 13.161282 8.046645 47.324451
BONES 2
BONE 12 0.610511
BONE 33 0.389489

VERT 75
OFFSET 15.638562 5.879289 47.825264
BONES 2
BONE 28 0.685719
BONE 27 0.314281

VERT 76
OFFSET 15.297234 6.026421 47.630787
BONES 3
BONE 27 0.696887
BONE 28 0.234350
BONE 12 0.068763

VERT 77
OFFSET 15.999852 6.157126 47.627178
BONES 3
BONE 28 0.688477
BONE 27 0.254291
BONE 12 0.057232

VERT 78
OFFSET 16.636131 6.368363 48.022930
BONES 2
BONE 28 0.723655
BONE 29 0.276345

VERT 79
OFFSET 16.338005 6.017977 47.816120
BONES 2
BONE 28 0.761580
BONE 29 0.238420

VERT 80
OFFSET 16.426029 6.028548 47.899654
BONES 2
BONE 29 0.900000
BONE 28 0.100000

VERT 81
OFFSET 16.059437 5.688172 47.978077
BONES 2
BONE 28 0.729736
BONE 29 0.270264

VERT 82
OFFSET 16.272816 5.695405 48.024040
BONES 2
BONE 29 0.900000
BONE 28 0.100000

VERT 83
OFFSET 16.678772 6.305390 48.054646
BONES 2
BONE 29 0.900000
BONE 28 0.100000

VERT 84
OFFSET 17.968029 7.730057 45.639233
BONES 2
BONE 16 0.843267
BONE 12 0.156733

VERT 85
OFFSET 18.359156 7.741202 45.723469
BONES 1
BONE 16 1.000000

VERT 86
OFFSET 18.138777 7.363013 45.656689
BONES 1
BONE 16 1.000000

VERT 87
OFFSET 18.142584 8.046771 45.734013
BONES 2
BONE 16 0.830712
BONE 12 0.169288

VERT 88
OFFSET 18.488768 7.941451 46.117626
BONES 1
BONE 16 1.000000

VERT 89
OFFSET 18.021996 7.678210 45.508606
BONES 2
BONE 24 0.862628
BONE 12 0.137372

VERT 90
OFFSET 18.202011 7.356413 45.449211
BONES 1
BONE 24 1.000000

VERT 91
OFFSET 18.155958 7.686430 46.766956
BONES 2
BONE 13 0.843538
BONE 12 0.156462

VERT 92
OFFSET 18.040981 7.736737 46.629894
BONES 2
BONE 16 0.838778
BONE 12 0.161222

VERT 93
OFFSET 18.183313 7.372004 46.653301
BONES 1
BONE 16 1.000000

VERT 94
OFFSET 18.184259 8.052459 46.504124
BONES 2
BONE 16 0.850687
BONE 12 0.149313

VERT 95
OFFSET 18.384329 7.758135 46.531803
BONES 1
BONE 16 1.000000

VERT 96
OFFSET 18.181110 8.261594 46.110817
BONES 2
BONE 16 0.688006
BONE 12 0.311994

VERT 97
OFFSET 17.837879 8.447286 45.638309
BONES 2
BONE 12 0.684690
BONE 16 0.315310

VERT 98
OFFSET 17.810173 8.409072 45.548531
BONES 2
BONE 12 0.661224
BONE 24 0.338776

VERT 99
OFFSET 18.088318 8.001114 45.409203
BONES 2
BONE 24 0.825723
BONE 12 0.174277

VERT 100
OFFSET 18.323547 7.719660 45.352234
BONES 1
BONE 24 1.000000

VERT 101
OFFSET 17.961731 8.173361 45.096905
BONES 2
BONE 24 0.760564
BONE 12 0.239436

VERT 102
OFFSET 18.254982 7.897400 44.997013
BONES 1
BONE 24 1.000000

VERT 103
OFFSET 17.784294 8.033215 44.796429
BONES 2
BONE 24 0.787502
BONE 12 0.212498

VERT 104
OFFSET 17.011875 8.794772 45.254879
BONES 1
BONE 12 1.000000

VERT 105
OFFSET 17.087528 8.824140 45.672913
BONES 1
BONE 12 1.000000

VERT 106
OFFSET 17.751232 8.358019 47.630096
BONES 2
BONE 12 0.724975
BONE 13 0.275025

VERT 107
OFFSET 17.048897 8.731965 47.141605
BONES 1
BONE 12 1.000000

VERT 108
OFFSET 17.119934 8.425376 47.605694
BONES 1
BONE 12 1.000000

VERT 109
OFFSET 17.779903 8.591387 47.148834
BONES 2
BONE 12 0.743257
BONE 13 0.256743

VERT 110
OFFSET 17.903725 8.427334 46.695576
BONES 2
BONE 12 0.711708
BONE 13 0.288292

VERT 111
OFFSET 18.243853 8.029994 46.874397
BONES 2
BONE 13 0.761206
BONE 12 0.238794

VERT 112
OFFSET 17.888206 8.455186 46.583080
BONES 2
BONE 12 0.661726
BONE 16 0.338274

VERT 113
OFFSET 17.787216 8.708920 46.129673
BONES 2
BONE 12 0.734541
BONE 16 0.265459

VERT 114
OFFSET 17.081203 8.825688 46.179485
BONES 1
BONE 12 1.000000

VERT 115
OFFSET 17.084038 8.296422 45.694870
BONES 1
BONE 12 1.000000

VERT 116
OFFSET 17.008640 8.266246 45.292160
BONES 1
BONE 12 1.000000

VERT 117
OFFSET 16.867752 8.094941 44.896717
BONES 1
BONE 12 1.000000

VERT 118
OFFSET 16.862732 8.620315 44.852650
BONES 1
BONE 12 1.000000

VERT 119
OFFSET 16.683090 7.928634 44.487247
BONES 1
BONE 12 1.000000

VERT 120
OFFSET 16.659519 8.459428 44.405674
BONES 1
BONE 12 1.000000

VERT 121
OFFSET 16.186222 7.944726 44.552517
BONES 1
BONE 12 1.000000

VERT 122
OFFSET 17.166813 8.323528 44.301807
BONES 2
BONE 12 0.750000
BONE 20 0.250000

VERT 123
OFFSET 16.945992 8.038987 43.931755
BONES 2
BONE 12 0.750329
BONE 20 0.249671

VERT 124
OFFSET 16.529694 8.005168 43.992504
BONES 1
BONE 12 1.000000

VERT 125
OFFSET 17.291666 7.779852 43.846649
BONES 2
BONE 20 0.720000
BONE 12 0.280000

VERT 126
OFFSET 17.542337 7.885286 44.058746
BONES 2
BONE 20 0.825695
BONE 12 0.174305

VERT 127
OFFSET 17.697239 7.793327 44.386738
BONES 2
BONE 20 0.760565
BONE 12 0.239435

VERT 128
OFFSET 17.438683 8.256777 44.669018
BONES 2
BONE 12 0.747823
BONE 20 0.252177

VERT 129
OFFSET 17.460747 8.345471 44.826603
BONES 2
BONE 12 0.749194
BONE 24 0.250806

VERT 130
OFFSET 17.537079 8.589623 45.194790
BONES 2
BONE 12 0.750000
BONE 24 0.250000

VERT 131
OFFSET 17.652491 7.768419 44.733322
BONES 2
BONE 24 0.791209
BONE 12 0.208791

VERT 132
OFFSET 17.663939 7.531485 44.499397
BONES 2
BONE 20 0.810811
BONE 12 0.189189

VERT 133
OFFSET 18.006340 7.751957 44.692078
BONES 1
BONE 24 1.000000

VERT 134
OFFSET 17.835457 7.430348 44.645172
BONES 1
BONE 24 1.000000

VERT 135
OFFSET 17.816366 7.091404 44.277832
BONES 2
BONE 20 0.743875
BONE 21 0.256125

VERT 136
OFFSET 17.960012 7.362383 44.159000
BONES 2
BONE 20 0.833333
BONE 21 0.166667

VERT 137
OFFSET 17.907312 7.455964 43.839108
BONES 2
BONE 20 0.833333
BONE 21 0.166667

VERT 138
OFFSET 17.654453 7.359490 43.571472
BONES 2
BONE 20 0.813029
BONE 21 0.186971

VERT 139
OFFSET 16.131454 8.457200 44.451031
BONES 1
BONE 12 1.000000

VERT 140
OFFSET 15.959095 7.940532 44.079395
BONES 1
BONE 12 1.000000

VERT 141
OFFSET 16.502064 7.458840 43.970951
BONES 1
BONE 12 1.000000

VERT 142
OFFSET 16.840240 7.598405 43.850826
BONES 2
BONE 12 0.695697
BONE 20 0.304303

VERT 143
OFFSET 17.016283 7.485003 43.743984
BONES 2
BONE 20 0.850394
BONE 12 0.149606

VERT 144
OFFSET 17.393749 7.112191 43.537239
BONES 2
BONE 20 0.833333
BONE 21 0.166667

VERT 145
OFFSET 15.915208 7.355403 44.088688
BONES 1
BONE 12 1.000000

VERT 146
OFFSET 14.496968 7.968250 44.390957
BONES 1
BONE 12 1.000000

VERT 147
OFFSET 15.175466 7.292396 44.266281
BONES 1
BONE 12 1.000000

VERT 148
OFFSET 14.392072 7.321604 44.469517
BONES 1
BONE 12 1.000000

VERT 149
OFFSET 15.247933 7.917197 44.220383
BONES 1
BONE 12 1.000000

VERT 150
OFFSET 13.713550 7.457737 44.671310
BONES 1
BONE 12 1.000000

VERT 151
OFFSET 13.863435 8.060615 44.554447
BONES 1
BONE 12 1.000000

VERT 152
OFFSET 14.682122 8.528974 44.665012
BONES 1
BONE 12 1.000000

VERT 153
OFFSET 14.083264 8.603415 44.796665
BONES 1
BONE 12 1.000000

VERT 154
OFFSET 13.236648 7.606205 44.865643
BONES 2
BONE 12 0.947370
BONE 33 0.052630

VERT 155
OFFSET 16.444485 8.970279 45.647297
BONES 1
BONE 12 1.000000

VERT 156
OFFSET 16.312668 8.756377 44.970596
BONES 1
BONE 12 1.000000

VERT 157
OFFSET 15.880673 8.792750 45.034267
BONES 1
BONE 12 1.000000

VERT 158
OFFSET 15.717786 8.458137 44.522957
BONES 1
BONE 12 1.000000

VERT 159
OFFSET 15.421887 8.481345 44.608257
BONES 1
BONE 12 1.000000

VERT 160
OFFSET 15.081368 8.491839 44.607853
BONES 1
BONE 12 1.000000

VERT 161
OFFSET 16.063828 9.051068 46.269783
BONES 1
BONE 12 1.000000

VERT 162
OFFSET 16.477062 9.018224 46.233006
BONES 1
BONE 12 1.000000

VERT 163
OFFSET 16.016922 9.017314 45.686749
BONES 1
BONE 12 1.000000

VERT 164
OFFSET 15.873811 8.279338 45.082249
BONES 1
BONE 12 1.000000

VERT 165
OFFSET 15.745927 7.944831 44.622952
BONES 1
BONE 12 1.000000

VERT 166
OFFSET 15.442636 7.952104 44.676739
BONES 1
BONE 12 1.000000

VERT 167
OFFSET 15.113870 7.986473 44.723568
BONES 1
BONE 12 1.000000

VERT 168
OFFSET 15.314721 8.360526 45.134754
BONES 1
BONE 12 1.000000

VERT 169
OFFSET 16.049084 8.531419 46.280003
BONES 1
BONE 12 1.000000

VERT 170
OFFSET 16.042389 8.396787 46.755337
BONES 1
BONE 12 1.000000

VERT 171
OFFSET 16.003956 8.498403 45.718021
BONES 1
BONE 12 1.000000

VERT 172
OFFSET 15.439187 8.939712 46.830097
BONES 1
BONE 12 1.000000

VERT 173
OFFSET 15.430589 8.745658 47.203041
BONES 1
BONE 12 1.000000

VERT 174
OFFSET 15.450559 8.220945 47.137951
BONES 1
BONE 12 1.000000

VERT 175
OFFSET 15.746644 8.240275 47.155888
BONES 1
BONE 12 1.000000

VERT 176
OFFSET 15.729970 8.752741 47.188202
BONES 1
BONE 12 1.000000

VERT 177
OFFSET 16.049744 8.223369 47.123722
BONES 1
BONE 12 1.000000

VERT 178
OFFSET 16.047951 8.749856 47.175068
BONES 1
BONE 12 1.000000

VERT 179
OFFSET 16.053688 8.912019 46.758427
BONES 1
BONE 12 1.000000

VERT 180
OFFSET 16.487434 8.889144 46.732906
BONES 1
BONE 12 1.000000

VERT 181
OFFSET 16.538319 8.382613 46.729420
BONES 1
BONE 12 1.000000

VERT 182
OFFSET 16.528801 8.508420 46.238476
BONES 1
BONE 12 1.000000

VERT 183
OFFSET 16.495434 8.462575 45.662998
BONES 1
BONE 12 1.000000

VERT 184
OFFSET 16.366058 8.251962 44.992744
BONES 1
BONE 12 1.000000

VERT 185
OFFSET 15.727197 8.523064 47.548489
BONES 1
BONE 12 1.000000

VERT 186
OFFSET 16.448601 8.462337 47.584988
BONES 1
BONE 12 1.000000

VERT 187
OFFSET 16.460320 8.743342 47.169987
BONES 1
BONE 12 1.000000

VERT 188
OFFSET 16.500534 8.219291 47.107288
BONES 1
BONE 12 1.000000

VERT 189
OFFSET 16.532444 7.824244 47.995800
BONES 3
BONE 12 0.676048
BONE 27 0.240354
BONE 28 0.083598

VERT 190
OFFSET 17.186958 7.914683 47.767010
BONES 1
BONE 12 1.000000

VERT 191
OFFSET 15.776925 8.105072 47.953335
BONES 2
BONE 12 0.618124
BONE 27 0.381876

VERT 192
OFFSET 18.174397 7.509134 47.904064
BONES 1
BONE 13 1.000000

VERT 193
OFFSET 17.765860 7.901337 47.796940
BONES 2
BONE 13 0.734694
BONE 12 0.265306

VERT 194
OFFSET 16.174713 7.462116 48.378593
BONES 3
BONE 27 0.641232
BONE 12 0.257331
BONE 28 0.101437

VERT 195
OFFSET 15.346252 7.776007 48.333145
BONES 2
BONE 27 0.731111
BONE 12 0.268889

VERT 196
OFFSET 14.775889 8.180541 47.890743
BONES 2
BONE 27 0.537081
BONE 12 0.462919

VERT 197
OFFSET 14.370409 7.702091 48.026630
BONES 2
BONE 27 0.696718
BONE 12 0.303282

VERT 198
OFFSET 13.874335 7.920135 47.663723
BONES 1
BONE 12 1.000000

VERT 199
OFFSET 14.164498 8.482983 47.489063
BONES 1
BONE 12 1.000000

VERT 200
OFFSET 13.641561 8.114999 47.587372
BONES 1
BONE 12 1.000000

VERT 201
OFFSET 13.711419 8.594126 47.446808
BONES 1
BONE 12 1.000000

VERT 202
OFFSET 13.471601 8.241350 47.540348
BONES 2
BONE 12 0.920016
BONE 33 0.079984

VERT 203
OFFSET 13.331609 8.533792 47.421753
BONES 2
BONE 12 0.632026
BONE 33 0.367974

VERT 204
OFFSET 13.849013 8.969744 47.083279
BONES 1
BONE 12 1.000000

VERT 205
OFFSET 14.876305 7.337244 48.502403
BONES 2
BONE 27 0.881004
BONE 12 0.118996

VERT 206
OFFSET 15.764253 7.339736 48.747253
BONES 2
BONE 27 0.705350
BONE 28 0.294650

VERT 207
OFFSET 16.438766 6.970159 48.442719
BONES 2
BONE 28 0.666929
BONE 27 0.333071

VERT 208
OFFSET 16.642830 6.486987 48.844242
BONES 2
BONE 28 0.803572
BONE 29 0.196428

VERT 209
OFFSET 16.754200 6.582167 48.444775
BONES 2
BONE 28 0.684783
BONE 29 0.315217

VERT 210
OFFSET 16.156418 6.953487 48.849545
BONES 2
BONE 28 0.666612
BONE 27 0.333388

VERT 211
OFFSET 15.320144 6.953876 48.886253
BONES 2
BONE 27 0.625076
BONE 28 0.374924

VERT 212
OFFSET 16.857456 6.390046 48.378555
BONES 2
BONE 29 0.900000
BONE 28 0.100000

VERT 213
OFFSET 16.874229 6.226459 48.700806
BONES 2
BONE 29 0.900000
BONE 28 0.100000

VERT 214
OFFSET 16.369267 6.135714 49.044037
BONES 2
BONE 28 0.684783
BONE 29 0.315217

VERT 215
OFFSET 15.760107 6.610536 49.035885
BONES 2
BONE 28 0.666667
BONE 27 0.333333

VERT 216
OFFSET 16.721008 5.896031 48.849197
BONES 2
BONE 29 0.900000
BONE 28 0.100000

VERT 217
OFFSET 18.116783 7.025030 46.964424
BONES 1
BONE 13 1.000000

VERT 218
OFFSET 18.232386 8.186824 47.279041
BONES 2
BONE 13 0.825688
BONE 12 0.174312

VERT 219
OFFSET 18.064251 8.107398 47.647259
BONES 2
BONE 13 0.760564
BONE 12 0.239436

VERT 220
OFFSET 17.049217 8.195523 47.100948
BONES 1
BONE 12 1.000000

VERT 221
OFFSET 18.406483 7.792325 47.752209
BONES 1
BONE 13 1.000000

VERT 222
OFFSET 18.545521 7.891277 47.357254
BONES 1
BONE 13 1.000000

VERT 223
OFFSET 18.526680 7.706930 46.966625
BONES 1
BONE 13 1.000000

VERT 224
OFFSET 18.375187 7.325326 46.840244
BONES 1
BONE 13 1.000000

VERT 225
OFFSET 17.063339 8.266232 46.689228
BONES 1
BONE 12 1.000000

VERT 226
OFFSET 17.062840 8.791533 46.686798
BONES 1
BONE 12 1.000000

VERT 227
OFFSET 17.082008 8.300714 46.187675
BONES 1
BONE 12 1.000000

VERT 228
OFFSET 15.473516 9.093404 46.339367
BONES 1
BONE 12 1.000000

VERT 229
OFFSET 15.059384 9.131897 46.384197
BONES 1
BONE 12 1.000000

VERT 230
OFFSET 15.419930 9.092087 45.745369
BONES 1
BONE 12 1.000000

VERT 231
OFFSET 15.014520 9.151332 45.790005
BONES 1
BONE 12 1.000000

VERT 232
OFFSET 14.404611 9.232194 45.872326
BONES 1
BONE 12 1.000000

VERT 233
OFFSET 14.279283 9.013155 45.254154
BONES 1
BONE 12 1.000000

VERT 234
OFFSET 14.875638 8.930882 45.157116
BONES 1
BONE 12 1.000000

VERT 235
OFFSET 15.279473 8.865068 45.105465
BONES 1
BONE 12 1.000000

VERT 236
OFFSET 13.019583 7.857652 44.944218
BONES 2
BONE 12 0.610331
BONE 33 0.389669

VERT 237
OFFSET 13.338939 8.115075 44.695354
BONES 2
BONE 12 0.945139
BONE 33 0.054861

VERT 238
OFFSET 13.617564 8.693810 44.882175
BONES 1
BONE 12 1.000000

VERT 239
OFFSET 15.453404 8.581237 45.764950
BONES 1
BONE 12 1.000000

VERT 240
OFFSET 15.506398 8.582631 46.348507
BONES 1
BONE 12 1.000000

VERT 241
OFFSET 15.473054 8.432953 46.830151
BONES 1
BONE 12 1.000000

VERT 242
OFFSET 13.045341 8.251945 44.772938
BONES 2
BONE 12 0.604225
BONE 33 0.395775

VERT 243
OFFSET 13.174528 8.768484 44.975956
BONES 2
BONE 12 0.595593
BONE 33 0.404407

VERT 244
OFFSET 13.802255 9.110412 45.310627
BONES 1
BONE 12 1.000000

VERT 245
OFFSET 13.275303 9.144528 45.379536
BONES 2
BONE 12 0.563177
BONE 33 0.436823

VERT 246
OFFSET 13.342666 9.324247 45.971790
BONES 2
BONE 12 0.630890
BONE 33 0.369110

VERT 247
OFFSET 13.904756 9.321416 45.928341
BONES 1
BONE 12 1.000000

VERT 248
OFFSET 13.915782 9.237672 46.556362
BONES 1
BONE 12 1.000000

VERT 249
OFFSET 14.425035 9.170199 46.482288
BONES 1
BONE 12 1.000000

VERT 250
OFFSET 14.345639 8.930407 47.009159
BONES 1
BONE 12 1.000000

VERT 251
OFFSET 14.958230 8.742644 47.276733
BONES 1
BONE 12 1.000000

VERT 252
OFFSET 15.150849 8.492368 47.589931
BONES 1
BONE 12 1.000000

VERT 253
OFFSET 15.014016 8.969169 46.875950
BONES 1
BONE 12 1.000000

VERT 254
OFFSET 12.583722 7.388869 46.266613
BONES 1
BONE 33 1.000000

VERT 255
OFFSET 12.555823 7.468448 45.498642
BONES 1
BONE 33 1.000000

VERT 256
OFFSET 12.162223 7.534020 46.260025
BONES 1
BONE 33 1.000000

VERT 257
OFFSET 12.129827 7.598287 45.560501
BONES 1
BONE 33 1.000000

VERT 258
OFFSET 12.568517 7.780890 44.872192
BONES 1
BONE 33 1.000000

VERT 259
OFFSET 12.586902 8.261425 44.610901
BONES 1
BONE 33 1.000000

VERT 260
OFFSET 12.666080 8.865855 44.835213
BONES 1
BONE 33 1.000000

VERT 261
OFFSET 12.731162 9.291171 45.298027
BONES 1
BONE 33 1.000000

VERT 262
OFFSET 12.768598 9.485396 45.981010
BONES 1
BONE 33 1.000000

VERT 263
OFFSET 13.356621 9.241607 46.576656
BONES 2
BONE 12 0.599758
BONE 33 0.400242

VERT 264
OFFSET 12.792771 9.391444 46.670219
BONES 1
BONE 33 1.000000

VERT 265
OFFSET 13.346830 8.975398 47.083691
BONES 2
BONE 12 0.563141
BONE 33 0.436859

VERT 266
OFFSET 12.817679 9.088788 47.250660
BONES 1
BONE 33 1.000000

VERT 267
OFFSET 12.694503 7.638089 47.004318
BONES 1
BONE 33 1.000000

VERT 268
OFFSET 12.342315 8.147536 47.379951
BONES 1
BONE 33 1.000000

VERT 269
OFFSET 12.258510 7.752545 46.925545
BONES 1
BONE 33 1.000000

VERT 270
OFFSET 12.783019 8.082664 47.498535
BONES 1
BONE 33 1.000000

VERT 271
OFFSET 12.380742 8.619331 47.469002
BONES 1
BONE 33 1.000000

VERT 272
OFFSET 12.833465 8.621387 47.600662
BONES 1
BONE 33 1.000000

VERT 273
OFFSET 12.369266 9.028258 47.160110
BONES 1
BONE 33 1.000000

VERT 274
OFFSET 12.346358 9.299144 46.630081
BONES 1
BONE 33 1.000000

VERT 275
OFFSET 12.322707 9.380473 45.999313
BONES 1
BONE 33 1.000000

VERT 276
OFFSET 12.285243 9.209714 45.384144
BONES 1
BONE 33 1.000000

VERT 277
OFFSET 12.223470 8.826677 44.955238
BONES 1
BONE 33 1.000000

VERT 278
OFFSET 12.156173 8.300582 44.763985
BONES 1
BONE 33 1.000000

VERT 279
OFFSET 12.132880 7.868005 45.000610
BONES 1
BONE 33 1.000000

VERT 280
OFFSET 9.287199 8.799011 48.903454
BONES 1
BONE 33 1.000000

VERT 281
OFFSET 8.425741 7.396526 48.890606
BONES 2
BONE 33 0.756262
BONE 6 0.243738

VERT 282
OFFSET 8.952238 7.330398 48.656250
BONES 1
BONE 33 1.000000

VERT 283
OFFSET 8.312052 8.826877 49.221817
BONES 2
BONE 33 0.851126
BONE 6 0.148874

VERT 284
OFFSET 10.558096 10.538966 47.232422
BONES 1
BONE 33 1.000000

VERT 285
OFFSET 10.936171 10.010270 46.960117
BONES 1
BONE 33 1.000000

VERT 286
OFFSET 10.886015 10.215887 46.207005
BONES 1
BONE 33 1.000000

VERT 287
OFFSET 10.978350 9.442946 47.534874
BONES 1
BONE 33 1.000000

VERT 288
OFFSET 10.607164 9.800826 48.002586
BONES 1
BONE 33 1.000000

VERT 289
OFFSET 10.657507 8.655643 48.299530
BONES 1
BONE 33 1.000000

VERT 290
OFFSET 10.095516 10.048424 48.326797
BONES 1
BONE 33 1.000000

VERT 291
OFFSET 10.115503 8.731460 48.633743
BONES 1
BONE 33 1.000000

VERT 292
OFFSET 10.114172 7.512361 48.239044
BONES 1
BONE 33 1.000000

VERT 293
OFFSET 9.137037 6.403172 47.690514
BONES 1
BONE 33 1.000000

VERT 294
OFFSET 8.532812 6.417309 47.923813
BONES 2
BONE 33 0.806284
BONE 6 0.193716

VERT 295
OFFSET 7.528355 6.500846 47.999702
BONES 2
BONE 33 0.504002
BONE 6 0.495998

VERT 296
OFFSET 8.171664 6.309581 46.436226
BONES 2
BONE 33 0.735222
BONE 6 0.264778

VERT 297
OFFSET 7.565340 6.056732 46.542736
BONES 2
BONE 33 0.518514
BONE 6 0.481486

VERT 298
OFFSET 6.766857 6.001535 46.638920
BONES 2
BONE 6 0.713284
BONE 33 0.286716

VERT 299
OFFSET 6.722167 6.426304 48.151592
BONES 2
BONE 6 0.728982
BONE 33 0.271018

VERT 300
OFFSET 10.027693 10.893216 47.428825
BONES 1
BONE 33 1.000000

VERT 301
OFFSET 9.358957 6.149037 46.523556
BONES 1
BONE 33 1.000000

VERT 302
OFFSET 10.084642 6.200971 46.392822
BONES 1
BONE 33 1.000000

VERT 303
OFFSET 11.023870 8.560939 47.748257
BONES 1
BONE 33 1.000000

VERT 304
OFFSET 11.008657 7.698915 47.581261
BONES 1
BONE 33 1.000000

VERT 305
OFFSET 10.633062 7.552169 48.020821
BONES 1
BONE 33 1.000000

VERT 306
OFFSET 10.581404 6.763736 47.350609
BONES 1
BONE 33 1.000000

VERT 307
OFFSET 10.944271 7.171554 47.047714
BONES 1
BONE 33 1.000000

VERT 308
OFFSET 10.868805 6.976985 46.301193
BONES 1
BONE 33 1.000000

VERT 309
OFFSET 10.452726 6.465133 46.356789
BONES 1
BONE 33 1.000000

VERT 310
OFFSET 10.077835 6.598277 47.536415
BONES 1
BONE 33 1.000000

VERT 311
OFFSET 7.431209 7.441232 49.017273
BONES 2
BONE 33 0.507975
BONE 6 0.492025

VERT 312
OFFSET 6.627567 7.456754 49.074493
BONES 2
BONE 6 0.697510
BONE 33 0.302490

VERT 313
OFFSET 5.904552 6.503973 48.125927
BONES 2
BONE 6 0.824467
BONE 33 0.175533

VERT 314
OFFSET 5.941135 6.000503 46.692833
BONES 2
BONE 6 0.835605
BONE 33 0.164395

VERT 315
OFFSET 5.103481 6.083857 46.707176
BONES 2
BONE 6 0.924971
BONE 33 0.075029

VERT 316
OFFSET 4.981901 6.612910 48.068836
BONES 2
BONE 6 0.933206
BONE 33 0.066794

VERT 317
OFFSET 4.142986 6.593450 48.085403
BONES 1
BONE 6 1.000000

VERT 318
OFFSET 4.699539 7.536006 49.048080
BONES 2
BONE 6 0.927041
BONE 33 0.072959

VERT 319
OFFSET 3.856053 7.548096 49.066750
BONES 1
BONE 6 1.000000

VERT 320
OFFSET 3.509709 8.759331 49.321968
BONES 1
BONE 6 1.000000

VERT 321
OFFSET 3.232262 7.589654 48.534115
BONES 2
BONE 6 0.774815
BONE 5 0.225185

VERT 322
OFFSET 3.017907 8.784512 48.616695
BONES 2
BONE 6 0.732645
BONE 5 0.267355

VERT 323
OFFSET 2.656418 8.857145 48.553692
BONES 2
BONE 5 0.573410
BONE 6 0.426590

VERT 324
OFFSET 2.619339 9.925211 48.461964
BONES 2
BONE 6 0.726669
BONE 5 0.273331

VERT 325
OFFSET 2.271353 9.948135 48.318130
BONES 2
BONE 5 0.609701
BONE 6 0.390299

VERT 326
OFFSET 1.685880 10.769159 47.771370
BONES 2
BONE 5 0.646838
BONE 6 0.353162

VERT 327
OFFSET 1.963553 10.087831 49.035431
BONES 2
BONE 5 0.871980
BONE 6 0.128020

VERT 328
OFFSET 1.225441 10.805998 48.581860
BONES 2
BONE 5 0.945085
BONE 6 0.054915

VERT 329
OFFSET 3.320294 6.404817 47.815422
BONES 2
BONE 6 0.806112
BONE 5 0.193888

VERT 330
OFFSET 4.408936 8.792706 49.312126
BONES 2
BONE 6 0.947222
BONE 33 0.052778

VERT 331
OFFSET 2.613925 9.004152 49.187424
BONES 2
BONE 5 0.889431
BONE 6 0.110569

VERT 332
OFFSET 2.463533 7.842261 48.705429
BONES 2
BONE 5 0.802551
BONE 6 0.197449

VERT 333
OFFSET 2.227872 9.111544 50.183365
BONES 1
BONE 5 1.000000

VERT 334
OFFSET 3.051330 10.672577 47.736023
BONES 2
BONE 6 0.943841
BONE 5 0.056159

VERT 335
OFFSET 2.283614 10.622406 47.497532
BONES 2
BONE 6 0.708371
BONE 5 0.291629

VERT 336
OFFSET 1.859599 10.685744 46.516003
BONES 2
BONE 6 0.720376
BONE 5 0.279624

VERT 337
OFFSET 2.967136 10.715197 46.685772
BONES 1
BONE 6 1.000000

VERT 338
OFFSET 3.839123 11.089182 46.614868
BONES 2
BONE 6 0.940900
BONE 33 0.059100

VERT 339
OFFSET 2.967722 10.380280 45.590790
BONES 1
BONE 6 1.000000

VERT 340
OFFSET 3.827757 10.699259 45.380753
BONES 1
BONE 6 1.000000

VERT 341
OFFSET 4.075333 9.861856 44.613426
BONES 2
