// Export time: Sun Nov 15 17:00:40 2020

// Exported using Blender v2.90.1
// Export filename: 'E:/blackops3/mod_xmodel/iw4/p90/ch_body_gk_p90_lod3.XMODEL_EXPORT'
// Source filename: 'E:/blackops3/mod_xmodel/iw4/p90/p90.blend'
MODEL
VERSION 6

NUMBONES 75
BONE 0 -1 "tag_origin"
BONE 1 0 "j_mainroot"
BONE 2 1 "j_hip_le"
BONE 3 2 "j_knee_le"
BONE 4 3 "j_ankle_le"
BONE 5 4 "j_ball_le"
BONE 6 2 "Sk_06_01"
BONE 7 1 "j_hip_ri"
BONE 8 7 "j_knee_ri"
BONE 9 8 "j_ankle_ri"
BONE 10 9 "j_ball_ri"
BONE 11 7 "Sk_02_01"
BONE 12 1 "j_spinelower"
BONE 13 12 "j_spineupper"
BONE 14 13 "j_spine4"
BONE 15 14 "j_clavicle_le"
BONE 16 15 "j_shoulder_le"
BONE 17 16 "j_elbow_le"
BONE 18 17 "j_wrist_le"
BONE 19 18 "j_index_le_1"
BONE 20 19 "j_index_le_2"
BONE 21 20 "j_index_le_3"
BONE 22 18 "j_mid_le_1"
BONE 23 22 "j_mid_le_2"
BONE 24 23 "j_mid_le_3"
BONE 25 18 "j_pinky_le_1"
BONE 26 25 "j_pinky_le_2"
BONE 27 26 "j_pinky_le_3"
BONE 28 18 "j_ring_le_1"
BONE 29 28 "j_ring_le_2"
BONE 30 29 "j_ring_le_3"
BONE 31 18 "j_thumb_le_1"
BONE 32 31 "j_thumb_le_2"
BONE 33 32 "j_thumb_le_3"
BONE 34 18 "j_wrist_le1"
BONE 35 34 "tag_weapon_left"
BONE 36 17 "j_wristtwist_le"
BONE 37 16 "j_shouldertwist_le"
BONE 38 37 "tag_reflector_arm_le"
BONE 39 14 "j_clavicle_ri"
BONE 40 39 "j_shoulder_ri"
BONE 41 40 "j_elbow_ri"
BONE 42 41 "j_wrist_ri"
BONE 43 42 "j_index_ri_1"
BONE 44 43 "j_index_ri_2"
BONE 45 44 "j_index_ri_3"
BONE 46 42 "j_mid_ri_1"
BONE 47 46 "j_mid_ri_2"
BONE 48 47 "j_mid_ri_3"
BONE 49 42 "j_pinky_ri_1"
BONE 50 49 "j_pinky_ri_2"
BONE 51 50 "j_pinky_ri_3"
BONE 52 42 "j_ring_ri_1"
BONE 53 52 "j_ring_ri_2"
BONE 54 53 "j_ring_ri_3"
BONE 55 42 "j_thumb_ri_1"
BONE 56 55 "j_thumb_ri_2"
BONE 57 56 "j_thumb_ri_3"
BONE 58 42 "j_wrist_ri1"
BONE 59 58 "tag_weapon_right"
BONE 60 58 "j_gun"
BONE 61 41 "j_wristtwist_ri"
BONE 62 40 "j_shouldertwist_ri"
BONE 63 62 "tag_reflector_arm_ri"
BONE 64 14 "j_neck"
BONE 65 64 "j_head"
BONE 66 14 "j_shoulderraise_le"
BONE 67 14 "j_shoulderraise_ri"
BONE 68 14 "tag_bipod"
BONE 69 14 "tag_inhand"
BONE 70 14 "tag_shield_back"
BONE 71 14 "tag_stowed_back"
BONE 72 14 "tag_weapon_chest"
BONE 73 1 "tag_stowed_hip_rear"
BONE 74 0 "tag_sync"

BONE 0
OFFSET 0.000000 0.000000 0.000000
SCALE 1.000000 1.000000 1.000000
X 1.000000 0.000000 0.000000
Y 0.000000 1.000000 0.000000
Z 0.000000 0.000000 1.000000

BONE 1
OFFSET -2.246438 -0.000157 36.129963
SCALE 1.000000 1.000000 1.000000
X -0.024715 -0.000056 0.999695
Y 0.999695 0.000059 0.024715
Z -0.000060 1.000000 0.000054

BONE 2
OFFSET -2.581748 2.911299 34.295086
SCALE 1.000000 1.000000 1.000000
X -0.018045 0.000123 -0.999837
Y 0.999827 -0.004513 -0.018046
Z -0.004515 -0.999990 -0.000041

BONE 3
OFFSET -2.872795 2.913208 18.174147
SCALE 1.000000 1.000000 1.000000
X -0.070091 0.000350 -0.997541
Y 0.997530 -0.004502 -0.070092
Z -0.004515 -0.999990 -0.000034

BONE 4
OFFSET -3.878371 2.918279 3.870413
SCALE 1.000000 1.000000 1.000000
X 0.006914 0.007021 -0.999952
Y 0.999755 -0.021051 0.006765
Z -0.021002 -0.999754 -0.007165

BONE 5
OFFSET 0.001379 2.908061 0.768713
SCALE 1.000000 1.000000 1.000000
X 0.983365 -0.021946 0.180310
Y -0.180423 -0.003264 0.983584
Z -0.020998 -0.999754 -0.007169

BONE 6
OFFSET -2.850012 4.355124 34.181946
SCALE 1.000000 1.000000 1.000000
X 0.300913 0.915098 0.268414
Y -0.066523 0.300915 -0.951328
Z -0.951328 0.268411 0.151425

BONE 7
OFFSET -2.581748 -2.909818 34.295097
SCALE 1.000000 1.000000 1.000000
X 0.018002 -0.000426 0.999989
Y -0.999839 -0.000203 0.017993
Z 0.000195 -1.000000 -0.000430

BONE 8
OFFSET -2.872825 -2.902964 18.172472
SCALE 1.000000 1.000000 1.000000
X 0.070039 0.001330 0.997694
Y -0.997545 -0.000232 0.070038
Z 0.000324 -0.999999 0.001310

BONE 9
OFFSET -3.878122 -2.922098 3.867183
SCALE 1.000000 1.000000 1.000000
X -0.006955 0.008336 1.000000
Y -0.999650 -0.025594 -0.006752
Z 0.025537 -0.999638 0.008512

BONE 10
OFFSET 0.001036 -2.898439 0.764914
SCALE 1.000000 1.000000 1.000000
X -0.983267 -0.026645 -0.180252
Y 0.180375 -0.003755 -0.983737
Z 0.025532 -0.999638 0.008499

BONE 11
OFFSET -2.850012 -4.355123 34.181946
SCALE 1.000000 1.000000 1.000000
X -0.300927 0.915084 -0.268492
Y -0.066532 -0.300957 -0.951459
Z -0.951324 -0.268415 0.151460

BONE 12
OFFSET -2.000000 0.000000 40.264172
SCALE 1.000000 1.000000 1.000000
X -0.029891 -0.000053 0.999553
Y 0.999553 0.000059 0.029891
Z -0.000060 1.000000 0.000051

BONE 13
OFFSET -2.371330 0.000194 43.695026
SCALE 1.000000 1.000000 1.000000
X 0.020430 -0.000061 0.999791
Y 0.999791 0.000062 -0.020430
Z -0.000060 1.000000 0.000063

BONE 14
OFFSET -2.590294 0.000017 46.590385
SCALE 1.000000 1.000000 1.000000
X 0.046980 -0.000058 0.998896
Y 0.998896 0.000063 -0.046980
Z -0.000060 1.000000 0.000061

BONE 15
OFFSET -2.814283 1.294652 49.573990
SCALE 1.000000 1.000000 1.000000
X 0.022152 0.997269 0.071844
Y -0.999643 0.021022 0.016489
Z 0.014933 -0.072316 0.997317

BONE 16
OFFSET -2.833058 3.844012 49.544037
SCALE 1.000000 1.000000 1.000000
X -0.008390 0.999996 -0.012543
Y -0.996268 -0.009424 -0.085799
Z -0.085903 0.011651 0.996271

BONE 17
OFFSET -3.221411 12.704752 49.545982
SCALE 1.000000 1.000000 1.000000
X -0.007234 0.999943 0.016563
Y -0.996345 -0.005784 -0.085226
Z -0.085111 -0.017247 0.996262

BONE 18
OFFSET -3.228142 21.470222 49.544376
SCALE 1.000000 1.000000 1.000000
X -0.109673 0.991346 -0.073740
Y -0.070440 -0.081631 -0.994198
Z -0.991469 -0.103857 0.078790

BONE 19
OFFSET -2.517802 23.573847 49.580868
SCALE 1.000000 1.000000 1.000000
X 0.078396 0.994033 -0.077370
Y -0.214848 -0.058819 -0.974904
Z -0.973496 0.093033 0.208927

BONE 20
OFFSET -2.426604 24.731985 49.490665
SCALE 1.000000 1.000000 1.000000
X 0.077941 0.993925 -0.079198
Y -0.215017 -0.060693 -0.974752
Z -0.973495 0.092984 0.208952

BONE 21
OFFSET -2.366086 25.504293 49.429100
SCALE 1.000000 1.000000 1.000000
X 0.078865 0.994150 -0.075364
Y -0.214701 -0.056767 -0.975059
Z -0.973491 0.093061 0.208940

BONE 22
OFFSET -3.042940 23.667986 49.668396
SCALE 1.000000 1.000000 1.000000
X 0.000067 0.997023 -0.078618
Y -0.052044 -0.078387 -0.995592
Z -0.998645 0.004154 0.051879

BONE 23
OFFSET -3.042936 24.946514 49.567554
SCALE 1.000000 1.000000 1.000000
X 0.000120 0.997122 -0.077355
Y -0.051974 -0.077122 -0.995694
Z -0.998648 0.004136 0.051810

BONE 24
OFFSET -3.042960 25.798435 49.501495
SCALE 1.000000 1.000000 1.000000
X -0.000875 0.995418 -0.096861
Y -0.051887 -0.096656 -0.993991
Z -0.998653 0.004152 0.051728

BONE 25
OFFSET -3.983359 23.225470 49.359295
SCALE 1.000000 1.000000 1.000000
X -0.125094 0.989142 -0.078632
Y -0.032873 -0.083221 -0.996016
Z -0.991600 -0.122023 0.042938

BONE 26
OFFSET -4.116831 24.280056 49.275421
SCALE 1.000000 1.000000 1.000000
X -0.124899 0.989238 -0.077720
Y -0.032902 -0.082298 -0.996092
Z -0.991624 -0.121866 0.042839

BONE 27
OFFSET -4.189481 24.854187 49.230343
SCALE 1.000000 1.000000 1.000000
X -0.124889 0.989143 -0.078938
Y -0.032621 -0.083490 -0.996002
Z -0.991634 -0.121826 0.042705

BONE 28
OFFSET -3.539289 23.494993 49.569569
SCALE 1.000000 1.000000 1.000000
X -0.063793 0.995158 -0.076325
Y 0.009690 -0.075738 -0.997109
Z -0.997916 -0.064350 -0.004804

BONE 29
OFFSET -3.617415 24.712223 49.476097
SCALE 1.000000 1.000000 1.000000
X -0.061946 0.994889 -0.081203
Y 0.010137 -0.080606 -0.996723
Z -0.998028 -0.062568 -0.005085

BONE 30
OFFSET -3.668127 25.524168 49.409908
SCALE 1.000000 1.000000 1.000000
X -0.061722 0.993338 -0.098538
Y 0.011251 -0.097907 -0.995158
Z -0.998030 -0.062533 -0.005125

BONE 31
OFFSET -2.423355 21.556105 49.222801
SCALE 1.000000 1.000000 1.000000
X 0.534902 0.834707 -0.131611
Y -0.836637 0.545000 0.055420
Z 0.117971 0.080346 0.989789

BONE 32
OFFSET -1.762842 22.587257 49.060505
SCALE 1.000000 1.000000 1.000000
X 0.533900 0.835003 -0.133790
Y -0.837106 0.544268 0.055549
Z 0.119185 0.082217 0.989490

BONE 33
OFFSET -1.279000 23.344225 48.939545
SCALE 1.000000 1.000000 1.000000
X 0.615218 0.783118 -0.091555
Y -0.783165 0.620401 0.042829
Z 0.090329 0.045230 0.994916

BONE 34
OFFSET 0.746777 20.250889 47.916157
SCALE 1.000000 1.000000 1.000000
X -0.109658 0.991349 -0.073728
Y -0.070443 -0.081617 -0.994199
Z -0.991470 -0.103844 0.078790

BONE 35
OFFSET 13.407910 14.211752 23.656832
SCALE 1.000000 1.000000 1.000000
X 0.528937 0.848704 0.008939
Y -0.504090 0.305620 0.807772
Z 0.682728 -0.431874 0.589491

BONE 36
OFFSET -3.226096 18.903976 49.544643
SCALE 1.000000 1.000000 1.000000
X -0.007251 0.999943 0.016549
Y -0.996350 -0.005804 -0.085171
Z -0.085056 -0.017235 0.996267

BONE 37
OFFSET -2.835951 4.193286 49.539833
SCALE 1.000000 1.000000 1.000000
X -0.008410 0.999998 -0.012377
Y -0.996266 -0.009429 -0.085821
Z -0.085924 0.011483 0.996271

BONE 38
OFFSET -2.712312 4.810127 51.174515
SCALE 1.000000 1.000000 1.000000
X 0.038171 -0.292545 0.955573
Y -0.939650 -0.335886 -0.065239
Z 0.340001 -0.895441 -0.287576

BONE 39
OFFSET -2.816299 -1.293437 49.574184
SCALE 1.000000 1.000000 1.000000
X -0.019465 0.997197 -0.072243
Y 0.999656 0.018141 -0.018941
Z -0.017577 -0.072587 -0.997207

BONE 40
OFFSET -2.833058 -3.840991 49.544033
SCALE 1.000000 1.000000 1.000000
X 0.006085 0.999907 0.012172
Y 0.996469 -0.007083 0.083660
Z 0.083739 0.011620 -0.996420

BONE 41
OFFSET -3.202081 -12.702797 49.545731
SCALE 1.000000 1.000000 1.000000
X 0.007698 0.999827 -0.016949
Y 0.996544 -0.006268 0.082830
Z 0.082710 -0.017528 -0.996420

BONE 42
OFFSET -3.212716 -21.468290 49.544434
SCALE 1.000000 1.000000 1.000000
X 0.061373 0.989093 0.133895
Y -0.083627 -0.128581 0.988167
Z 0.994606 -0.071844 0.074823

BONE 43
OFFSET -2.502678 -23.573351 49.580830
SCALE 1.000000 1.000000 1.000000
X -0.078732 0.993720 0.079514
Y 0.055661 -0.075255 0.995610
Z 0.995341 0.082812 -0.049386

BONE 44
OFFSET -2.410915 -24.732195 49.487988
SCALE 1.000000 1.000000 1.000000
X -0.078890 0.993911 0.076920
Y 0.055432 -0.072668 0.995815
Z 0.995341 0.082823 -0.049362

BONE 45
OFFSET -2.349559 -25.504507 49.428333
SCALE 1.000000 1.000000 1.000000
X -0.078146 0.992844 0.090295
Y 0.056511 -0.086014 0.994690
Z 0.995339 0.082834 -0.049385

BONE 46
OFFSET -3.027817 -23.667488 49.668354
SCALE 1.000000 1.000000 1.000000
X -0.000551 0.996837 0.079466
Y -0.103004 -0.079099 0.991531
Z 0.994681 -0.007639 0.102722

BONE 47
OFFSET -3.027173 -24.947008 49.566402
SCALE 1.000000 1.000000 1.000000
X -0.000265 0.997083 0.076324
Y -0.102965 -0.075946 0.991782
Z 0.994685 -0.007596 0.102685

BONE 48
OFFSET -3.026901 -25.800360 49.501102
SCALE 1.000000 1.000000 1.000000
X -0.009587 0.986120 0.165759
Y -0.102556 -0.165862 0.980802
Z 0.994681 -0.007597 0.102722

BONE 49
OFFSET -3.968233 -23.224970 49.359219
SCALE 1.000000 1.000000 1.000000
X 0.125626 0.989036 0.077628
Y -0.120016 -0.062522 0.990801
Z 0.984792 -0.133787 0.110845

BONE 50
OFFSET -4.102341 -24.281162 49.276352
SCALE 1.000000 1.000000 1.000000
X 0.125277 0.988880 0.080137
Y -0.120325 -0.065033 0.990602
Z 0.984798 -0.133742 0.110840

BONE 51
OFFSET -4.175216 -24.855728 49.229843
SCALE 1.000000 1.000000 1.000000
X 0.172995 0.979566 0.102584
Y -0.122468 -0.081952 0.989083
Z 0.977279 -0.183670 0.105788

BONE 52
OFFSET -3.524167 -23.494461 49.569633
SCALE 1.000000 1.000000 1.000000
X 0.062965 0.994978 0.077808
Y -0.161535 -0.066774 0.984605
Z 0.984857 -0.074564 0.156519

BONE 53
OFFSET -3.601302 -24.711540 49.474468
SCALE 1.000000 1.000000 1.000000
X 0.063269 0.995132 0.075564
Y -0.161346 -0.064520 0.984787
Z 0.984868 -0.074498 0.156479

BONE 54
OFFSET -3.652802 -25.522957 49.412819
SCALE 1.000000 1.000000 1.000000
X 0.057512 0.992236 0.110272
Y -0.163480 -0.099604 0.981506
Z 0.984869 -0.074475 0.156482

BONE 55
OFFSET -2.408230 -21.555607 49.222839
SCALE 1.000000 1.000000 1.000000
X -0.534105 0.834853 0.133236
Y 0.844033 0.517547 0.140549
Z 0.048382 0.187523 -0.981068

BONE 56
OFFSET -1.749105 -22.586290 49.058266
SCALE 1.000000 1.000000 1.000000
X -0.534620 0.834536 0.133157
Y 0.843706 0.518053 0.140646
Z 0.048392 0.187538 -0.981065

BONE 57
OFFSET -1.263868 -23.343874 48.937408
SCALE 1.000000 1.000000 1.000000
X -0.498096 0.855901 0.139050
Y 0.865767 0.481919 0.134914
Z 0.048463 0.187585 -0.981052

BONE 58
OFFSET -7.335293 -22.873850 50.463772
SCALE 1.000000 1.000000 1.000000
X 0.061375 0.989096 0.133874
Y -0.083627 -0.128559 0.988170
Z 0.994605 -0.071844 0.074825

BONE 59
OFFSET -11.896450 -27.380152 52.502296
SCALE 1.000000 1.000000 1.000000
X 0.551095 -0.832664 0.054454
Y 0.586006 0.339737 -0.735647
Z 0.594047 0.437321 0.675174

BONE 60
OFFSET -11.896448 -27.380152 52.502289
SCALE 1.000000 1.000000 1.000000
X 0.550824 -0.832797 0.055169
Y 0.613678 0.359321 -0.703057
Z 0.565679 0.421116 0.708991

BONE 61
OFFSET -3.209612 -18.902035 49.544842
SCALE 1.000000 1.000000 1.000000
X 0.007656 0.999827 -0.016961
Y 0.996546 -0.006226 0.082810
Z 0.082691 -0.017537 -0.996421

BONE 62
OFFSET -2.834984 -4.155392 49.540207
SCALE 1.000000 1.000000 1.000000
X 0.006092 0.999907 0.012166
Y 0.996469 -0.007089 0.083660
Z 0.083739 0.011614 -0.996420

BONE 63
OFFSET -2.706003 -4.772559 51.174332
SCALE 1.000000 1.000000 1.000000
X -0.043233 0.244832 0.968601
Y 0.926300 -0.353402 0.130673
Z 0.374299 0.902865 -0.211509

BONE 64
OFFSET -2.587651 0.000000 50.848793
SCALE 1.000000 1.000000 1.000000
X 0.309732 -0.000041 0.950824
Y 0.950824 0.000075 -0.309732
Z -0.000059 1.000000 0.000063

BONE 65
OFFSET -2.587649 0.000000 53.127945
SCALE 1.000000 1.000000 1.000000
X 0.216405 -0.000040 0.976304
Y 0.976304 0.000072 -0.216405
Z -0.000061 1.000000 0.000055

BONE 66
OFFSET -2.458492 3.614100 52.967113
SCALE 1.000000 1.000000 1.000000
X -0.019310 -0.997191 -0.072370
Y 0.999659 -0.017985 -0.018923
Z 0.017568 -0.072710 0.997198

BONE 67
OFFSET -2.458054 -3.614768 52.966812
SCALE 1.000000 1.000000 1.000000
X 0.022393 -0.997213 0.071705
Y -0.999638 -0.021265 0.016472
Z -0.014901 -0.072099 -0.997305

BONE 68
OFFSET 14.913536 -25.607283 28.284517
SCALE 1.000000 1.000000 1.000000
X 1.000000 -0.000075 0.000096
Y 0.000075 1.000000 0.000046
Z -0.000096 -0.000046 1.000000

BONE 69
OFFSET 9.785292 -25.608130 35.073860
SCALE 1.000000 1.000000 1.000000
X -0.000141 1.000000 0.000191
Y 0.764292 0.000231 -0.644871
Z -0.644871 0.000055 -0.764291

BONE 70
OFFSET -10.153400 0.719062 46.947102
SCALE 1.000000 1.000000 1.000000
X -0.989756 -0.000180 0.142772
Y 0.000181 -1.000000 -0.000000
Z 0.142772 0.000026 0.989756

BONE 71
OFFSET -8.494514 -4.128101 45.040150
SCALE 1.000000 1.000000 1.000000
X -0.007008 0.025909 -0.999639
Y -0.984168 -0.177222 0.002306
Z -0.177096 0.983823 0.026744

BONE 72
OFFSET 9.785294 -25.608130 35.073868
SCALE 1.000000 1.000000 1.000000
X 1.000000 -0.000009 0.000096
Y 0.000009 1.000000 -0.000001
Z -0.000096 0.000001 1.000000

BONE 73
OFFSET -8.449753 -2.354258 33.218346
SCALE 1.000000 1.000000 1.000000
X -0.188058 0.137975 0.972418
Y 0.149131 -0.974592 0.167124
Z 0.970770 0.176447 0.162704

BONE 74
OFFSET -0.002047 -0.000000 -0.000000
SCALE 1.000000 1.000000 1.000000
X -1.000000 0.000000 0.000000
Y 0.000000 -1.000000 0.000000
Z 0.000000 0.000000 1.000000


NUMVERTS 1503
VERT 0
OFFSET -5.708978 -0.051488 29.416281
BONES 3
BONE 7 0.478795
BONE 1 0.042905
BONE 2 0.478300

VERT 1
OFFSET -5.986033 3.626882 29.334454
BONES 2
BONE 2 0.922956
BONE 1 0.077044

VERT 2
OFFSET -7.153029 3.475932 35.153179
BONES 3
BONE 12 0.000245
BONE 2 0.108200
BONE 1 0.891555

VERT 3
OFFSET -7.143564 0.872692 35.715523
BONES 4
BONE 12 0.006332
BONE 2 0.004338
BONE 1 0.987277
BONE 7 0.002053

VERT 4
OFFSET -4.759470 5.652472 34.364384
BONES 3
BONE 12 0.003159
BONE 1 0.609228
BONE 2 0.387613

VERT 5
OFFSET -5.521453 -4.748346 29.380146
BONES 2
BONE 1 0.072388
BONE 7 0.927612

VERT 6
OFFSET -1.657588 -5.194148 29.344217
BONES 2
BONE 7 0.990000
BONE 1 0.010000

VERT 7
OFFSET -1.763632 -5.404603 34.012196
BONES 2
BONE 7 0.537948
BONE 1 0.462052

VERT 8
OFFSET -0.188507 -3.411969 29.352140
BONES 3
BONE 2 0.002786
BONE 7 0.985933
BONE 1 0.011282

VERT 9
OFFSET -0.053602 -3.520507 34.969753
BONES 3
BONE 12 0.007050
BONE 1 0.636031
BONE 7 0.356919

VERT 10
OFFSET -0.712847 -3.610757 39.291088
BONES 3
BONE 12 0.349134
BONE 7 0.001425
BONE 1 0.649442

VERT 11
OFFSET 0.299883 -0.035877 33.996502
BONES 4
BONE 7 0.127222
BONE 12 0.014166
BONE 1 0.685565
BONE 2 0.173047

VERT 12
OFFSET -0.165673 3.980754 29.475552
BONES 4
BONE 7 0.003840
BONE 1 0.032138
BONE 12 0.000233
BONE 2 0.963789

VERT 13
OFFSET -1.870451 5.432483 34.009914
BONES 2
BONE 1 0.456655
BONE 2 0.543345

VERT 14
OFFSET -0.444325 4.381711 29.362339
BONES 2
BONE 1 0.013252
BONE 2 0.986748

VERT 15
OFFSET -2.780471 5.635515 29.317278
BONES 2
BONE 2 0.990000
BONE 1 0.010000

VERT 16
OFFSET -7.304815 -2.907091 35.321671
BONES 3
BONE 12 0.000350
BONE 1 0.926036
BONE 7 0.073614

VERT 17
OFFSET -4.532624 -5.848362 32.762310
BONES 2
BONE 1 0.431686
BONE 7 0.568314

VERT 18
OFFSET -0.805735 3.650535 39.299389
BONES 3
BONE 2 0.001520
BONE 1 0.649588
BONE 12 0.348892

VERT 19
OFFSET 0.428219 1.061551 38.353516
BONES 2
BONE 1 0.611452
BONE 12 0.388548

VERT 20
OFFSET -3.269457 -3.719723 39.679211
BONES 2
BONE 12 0.375713
BONE 1 0.624287

VERT 21
OFFSET -3.281423 3.709648 39.701923
BONES 2
BONE 12 0.376105
BONE 1 0.623895

VERT 22
OFFSET -5.145220 -4.636802 36.735153
BONES 3
BONE 12 0.004626
BONE 7 0.053536
BONE 1 0.941837

VERT 23
OFFSET -4.821294 1.579130 39.515247
BONES 2
BONE 1 0.559770
BONE 12 0.440230

VERT 24
OFFSET -4.777194 -1.708309 39.530533
BONES 2
BONE 12 0.430401
BONE 1 0.569599

VERT 25
OFFSET 0.344403 -1.242626 38.406185
BONES 2
BONE 1 0.613593
BONE 12 0.386407

VERT 26
OFFSET -4.808066 5.402580 29.355118
BONES 2
BONE 2 0.960998
BONE 1 0.039002

VERT 27
OFFSET -6.016462 -2.827769 29.373447
BONES 2
BONE 1 0.063350
BONE 7 0.936650

VERT 28
OFFSET -3.890154 -5.718657 29.345856
BONES 2
BONE 7 0.984052
BONE 1 0.015948

VERT 29
OFFSET -1.920019 -0.418263 31.203291
BONES 2
BONE 1 0.200686
BONE 7 0.799314

VERT 30
OFFSET -0.113968 -1.804358 31.617723
BONES 2
BONE 7 0.853943
BONE 1 0.146057

VERT 31
OFFSET -4.065013 -0.289411 32.180000
BONES 3
BONE 2 0.001539
BONE 7 0.092493
BONE 1 0.905968

VERT 32
OFFSET -2.485690 -5.833951 32.201962
BONES 2
BONE 7 0.815827
BONE 1 0.184173

VERT 33
OFFSET -5.393115 -1.032011 31.056051
BONES 2
BONE 7 0.656832
BONE 1 0.343168

VERT 34
OFFSET -7.059484 -1.148781 33.751476
BONES 2
BONE 7 0.055296
BONE 1 0.944704

VERT 35
OFFSET -4.946160 -5.109517 35.286507
BONES 3
BONE 12 0.007770
BONE 7 0.246113
BONE 1 0.746117

VERT 36
OFFSET -7.058961 -3.006378 35.723373
BONES 3
BONE 7 0.064695
BONE 12 0.001070
BONE 1 0.934235

VERT 37
OFFSET -4.103427 -2.643118 40.118252
BONES 2
BONE 12 0.440100
BONE 1 0.559900

VERT 38
OFFSET -6.839501 0.068193 35.147911
BONES 4
BONE 7 0.000217
BONE 2 0.000421
BONE 12 0.002086
BONE 1 0.997276

VERT 39
OFFSET -3.259213 -3.307193 41.470676
BONES 2
BONE 1 0.170940
BONE 12 0.829060

VERT 40
OFFSET -5.616585 -4.913968 30.993908
BONES 2
BONE 1 0.273486
BONE 7 0.726514

VERT 41
OFFSET -0.169805 -2.895627 35.417683
BONES 3
BONE 1 0.776410
BONE 12 0.027111
BONE 7 0.196480

VERT 42
OFFSET 0.615891 -0.501335 40.622540
BONES 2
BONE 12 0.923027
BONE 1 0.076973

VERT 43
OFFSET -0.961057 -3.443007 41.094475
BONES 3
BONE 7 0.001511
BONE 1 0.145419
BONE 12 0.853070

VERT 44
OFFSET -1.921206 0.412874 31.207357
BONES 2
BONE 1 0.200577
BONE 2 0.799423

VERT 45
OFFSET -0.114046 1.799091 31.619194
BONES 2
BONE 2 0.853935
BONE 1 0.146065

VERT 46
OFFSET -0.195859 3.161409 35.467632
BONES 3
BONE 12 0.010083
BONE 2 0.214727
BONE 1 0.775191

VERT 47
OFFSET -2.476373 5.837209 32.198338
BONES 2
BONE 1 0.183640
BONE 2 0.816360

VERT 48
OFFSET -0.657370 1.090852 32.561665
BONES 3
BONE 2 0.169912
BONE 1 0.829895
BONE 7 0.000193

VERT 49
OFFSET -1.205783 -0.785255 32.134876
BONES 3
BONE 2 0.000427
BONE 1 0.874855
BONE 7 0.124718

VERT 50
OFFSET -4.763930 0.758152 31.140503
BONES 2
BONE 2 0.534017
BONE 1 0.465983

VERT 51
OFFSET -5.964329 -0.003109 32.924057
BONES 3
BONE 7 0.011162
BONE 1 0.971891
BONE 2 0.016947

VERT 52
OFFSET -4.946799 5.111114 35.281967
BONES 3
BONE 12 0.007743
BONE 2 0.246393
BONE 1 0.745864

VERT 53
OFFSET -7.077739 2.910092 35.785011
BONES 3
BONE 12 0.000655
BONE 1 0.941635
BONE 2 0.057709

VERT 54
OFFSET -4.199462 0.265617 41.316578
BONES 2
BONE 1 0.157011
BONE 12 0.842989

VERT 55
OFFSET -3.694147 2.381843 41.417946
BONES 2
BONE 1 0.153122
BONE 12 0.846878

VERT 56
OFFSET -1.357136 3.529083 41.178558
BONES 3
BONE 2 0.003068
BONE 12 0.800876
BONE 1 0.196056

VERT 57
OFFSET -0.460508 2.688381 40.902687
BONES 2
BONE 1 0.142993
BONE 12 0.857007

VERT 58
OFFSET 0.489355 0.731063 37.047054
BONES 3
BONE 2 0.001739
BONE 1 0.801521
BONE 12 0.196740

VERT 59
OFFSET 0.259683 -0.000000 38.851860
BONES 2
BONE 12 0.594217
BONE 1 0.405783

VERT 60
OFFSET -6.532221 1.856112 32.451008
BONES 2
BONE 1 0.779042
BONE 2 0.220958

VERT 61
OFFSET -5.616903 4.909524 30.990839
BONES 2
BONE 1 0.273586
BONE 2 0.726414

VERT 62
OFFSET -0.684752 -23.976761 48.839558
BONES 4
BONE 42 0.000001
BONE 55 0.000043
BONE 57 0.984975
BONE 56 0.014981

VERT 63
OFFSET -1.997629 -23.011168 49.185642
BONES 8
BONE 44 0.009824
BONE 45 0.000015
BONE 55 0.238222
BONE 57 0.050442
BONE 56 0.277057
BONE 42 0.319437
BONE 46 0.001156
BONE 43 0.103847

VERT 64
OFFSET -2.511214 -20.871048 49.138641
BONES 4
BONE 56 0.000797
BONE 42 0.842183
BONE 55 0.006669
BONE 41 0.150351

VERT 65
OFFSET -3.830763 -20.857834 49.048286
BONES 7
BONE 50 0.000003
BONE 52 0.000010
BONE 56 0.000039
BONE 49 0.001230
BONE 41 0.158637
BONE 55 0.003335
BONE 42 0.836746

VERT 66
OFFSET -2.470691 -20.876638 49.885948
BONES 4
BONE 56 0.000356
BONE 42 0.834387
BONE 55 0.003430
BONE 41 0.161827

VERT 67
OFFSET -3.612131 -20.820179 49.827774
BONES 3
BONE 42 0.828678
BONE 41 0.171322
BONE 49 0.000000

VERT 68
OFFSET -2.291036 -26.201088 49.479156
BONES 5
BONE 46 0.000001
BONE 42 0.000002
BONE 45 0.982031
BONE 43 0.001382
BONE 44 0.016584

VERT 69
OFFSET -4.318075 -25.548386 49.249485
BONES 6
BONE 42 0.000004
BONE 49 0.003039
BONE 52 0.000001
BONE 53 0.000094
BONE 51 0.976043
BONE 50 0.020820

VERT 70
OFFSET -3.586277 -23.436924 49.786785
BONES 13
BONE 55 0.000800
BONE 41 0.000698
BONE 43 0.014096
BONE 48 0.000002
BONE 47 0.015340
BONE 53 0.024316
BONE 54 0.000033
BONE 42 0.357816
BONE 52 0.269890
BONE 49 0.234499
BONE 50 0.005998
BONE 51 0.000006
BONE 46 0.076507

VERT 71
OFFSET -2.477029 -23.869545 49.747402
BONES 8
BONE 52 0.000737
BONE 56 0.005752
BONE 55 0.015340
BONE 45 0.000134
BONE 43 0.517676
BONE 44 0.034518
BONE 42 0.262028
BONE 46 0.163814

VERT 72
OFFSET -3.126835 -24.181526 49.375229
BONES 11
BONE 53 0.005632
BONE 49 0.002310
BONE 54 0.000574
BONE 55 0.000705
BONE 43 0.181286
BONE 44 0.005470
BONE 45 0.000090
BONE 42 0.038473
BONE 46 0.300468
BONE 52 0.463861
BONE 47 0.001132

VERT 73
OFFSET -3.903939 -23.790991 49.124393
BONES 10
BONE 50 0.006715
BONE 51 0.000032
BONE 42 0.083091
BONE 46 0.000924
BONE 52 0.272150
BONE 49 0.635398
BONE 54 0.000001
BONE 53 0.001297
BONE 43 0.000048
BONE 55 0.000345

VERT 74
OFFSET -3.696340 -26.251625 49.386082
BONES 5
BONE 54 0.971769
BONE 46 0.000020
BONE 52 0.004871
BONE 49 0.000008
BONE 53 0.023331

VERT 75
OFFSET -3.014987 -26.535795 49.531456
BONES 5
BONE 48 0.955264
BONE 46 0.003782
BONE 47 0.040944
BONE 43 0.000008
BONE 42 0.000001

VERT 76
OFFSET -0.685298 23.976723 48.839546
BONES 4
BONE 18 0.000001
BONE 31 0.000043
BONE 33 0.984974
BONE 32 0.014982

VERT 77
OFFSET -1.998174 23.011124 49.185642
BONES 8
BONE 20 0.009823
BONE 21 0.000015
BONE 31 0.238223
BONE 33 0.050439
BONE 32 0.277064
BONE 18 0.319431
BONE 22 0.001156
BONE 19 0.103849

VERT 78
OFFSET -2.512247 20.869789 49.139374
BONES 4
BONE 32 0.000867
BONE 18 0.841672
BONE 31 0.007210
BONE 17 0.150251

VERT 79
OFFSET -3.830699 20.854315 49.047245
BONES 7
BONE 26 0.000003
BONE 28 0.000010
BONE 32 0.000039
BONE 25 0.001233
BONE 17 0.158624
BONE 31 0.003359
BONE 18 0.836732

VERT 80
OFFSET -2.472331 20.876583 49.885986
BONES 4
BONE 32 0.000352
BONE 18 0.834403
BONE 31 0.003402
BONE 17 0.161842

VERT 81
OFFSET -3.586822 23.436949 49.786774
BONES 13
BONE 26 0.006000
BONE 27 0.000006
BONE 22 0.076632
BONE 18 0.357750
BONE 31 0.000803
BONE 17 0.000696
BONE 19 0.014126
BONE 28 0.269787
BONE 24 0.000002
BONE 23 0.015364
BONE 25 0.234504
BONE 29 0.024299
BONE 30 0.000033

VERT 82
OFFSET -2.477575 23.869520 49.747406
BONES 8
BONE 28 0.000738
BONE 22 0.163848
BONE 19 0.517679
BONE 32 0.005752
BONE 18 0.262001
BONE 31 0.015341
BONE 20 0.034508
BONE 21 0.000134

VERT 83
OFFSET -3.613885 20.820255 49.827728
BONES 3
BONE 18 0.828682
BONE 17 0.171318
BONE 25 0.000000

VERT 84
OFFSET -2.291577 26.201050 49.479137
BONES 5
BONE 21 0.982029
BONE 20 0.016586
BONE 22 0.000001
BONE 19 0.001382
BONE 18 0.000002

VERT 85
OFFSET -3.015533 26.535757 49.531467
BONES 5
BONE 19 0.000008
BONE 18 0.000001
BONE 22 0.003787
BONE 23 0.040946
BONE 24 0.955258

VERT 86
OFFSET -4.318623 25.548351 49.249481
BONES 6
BONE 18 0.000004
BONE 25 0.003040
BONE 28 0.000001
BONE 29 0.000094
BONE 27 0.976043
BONE 26 0.020818

VERT 87
OFFSET -3.127380 24.181494 49.375237
BONES 11
BONE 29 0.005633
BONE 30 0.000574
BONE 25 0.002310
BONE 31 0.000705
BONE 19 0.181291
BONE 20 0.005470
BONE 21 0.000090
BONE 18 0.038473
BONE 22 0.300473
BONE 28 0.463852
BONE 23 0.001132

VERT 88
OFFSET -3.904483 23.790953 49.124393
BONES 10
BONE 26 0.006713
BONE 27 0.000032
BONE 18 0.083095
BONE 22 0.000923
BONE 28 0.272151
BONE 25 0.635396
BONE 29 0.001295
BONE 30 0.000001
BONE 19 0.000048
BONE 31 0.000346

VERT 89
OFFSET -3.696885 26.251598 49.386089
BONES 5
BONE 30 0.971768
BONE 22 0.000020
BONE 28 0.004871
BONE 25 0.000008
BONE 29 0.023333

VERT 90
OFFSET -5.364668 3.073854 4.641480
BONES 2
BONE 3 0.976085
BONE 4 0.023915

VERT 91
OFFSET -5.852831 3.080489 5.035076
BONES 2
BONE 4 0.023915
BONE 3 0.976085

VERT 92
OFFSET -5.630621 2.465414 4.765548
BONES 2
BONE 4 0.047071
BONE 3 0.952929

VERT 93
OFFSET -5.369542 3.063082 4.218430
BONES 2
BONE 4 0.045844
BONE 3 0.954156

VERT 94
OFFSET -5.962223 2.465441 5.036520
BONES 2
BONE 3 0.976573
BONE 4 0.023427

VERT 95
OFFSET -5.439467 2.463979 4.790346
BONES 7
BONE 13 0.000000
BONE 4 0.023427
BONE 3 0.976573
BONE 11 0.000000
BONE 6 0.000000
BONE 36 0.000000
BONE 61 0.000000

VERT 96
OFFSET -5.467587 2.464339 4.770511
BONES 7
BONE 13 0.000000
BONE 4 0.023427
BONE 3 0.976573
BONE 11 0.000000
BONE 6 0.000000
BONE 36 0.000000
BONE 61 0.000000

VERT 97
OFFSET 0.240077 1.163643 0.630172
BONES 3
BONE 3 0.000301
BONE 5 0.697752
BONE 4 0.301947

VERT 98
OFFSET -3.396898 1.521837 0.131569
BONES 3
BONE 3 0.004227
BONE 4 0.969504
BONE 5 0.026268

VERT 99
OFFSET -5.632843 1.634473 0.147911
BONES 2
BONE 3 0.025748
BONE 4 0.974252

VERT 100
OFFSET -3.368709 4.186213 0.570613
BONES 2
BONE 3 0.005786
BONE 4 0.994214

VERT 101
OFFSET -5.289685 3.780476 -0.168120
BONES 2
BONE 3 0.008205
BONE 4 0.991795

VERT 102
OFFSET 2.686056 3.538871 1.757142
BONES 3
BONE 3 0.000023
BONE 4 0.010122
BONE 5 0.989855

VERT 103
OFFSET 3.181103 2.021267 0.343848
BONES 2
BONE 4 0.000457
BONE 5 0.999543

VERT 104
OFFSET 2.409336 1.717467 1.448850
BONES 2
BONE 4 0.001582
BONE 5 0.998418

VERT 105
OFFSET -5.435833 2.376875 3.248425
BONES 2
BONE 3 0.738317
BONE 4 0.261684

VERT 106
OFFSET -5.725975 3.153362 2.376228
BONES 2
BONE 3 0.371080
BONE 4 0.628920

VERT 107
OFFSET -4.184683 1.461057 2.807610
BONES 2
BONE 4 0.389845
BONE 3 0.610155

VERT 108
OFFSET 0.314090 1.914776 1.949281
BONES 3
BONE 4 0.475108
BONE 3 0.004057
BONE 5 0.520836

VERT 109
OFFSET 1.207733 4.749263 0.002675
BONES 3
BONE 4 0.138394
BONE 5 0.861583
BONE 3 0.000024

VERT 110
OFFSET -2.328199 3.744668 5.832880
BONES 2
BONE 4 0.002974
BONE 3 0.997026

VERT 111
OFFSET -4.951381 2.003941 4.998856
BONES 2
BONE 4 0.023868
BONE 3 0.976132

VERT 112
OFFSET -3.247706 1.476275 1.384221
BONES 2
BONE 3 0.057947
BONE 4 0.942054

VERT 113
OFFSET -3.029566 1.790293 5.653903
BONES 2
BONE 3 0.993094
BONE 4 0.006906

VERT 114
OFFSET -4.110914 4.024212 2.944637
BONES 2
BONE 3 0.683742
BONE 4 0.316258

VERT 115
OFFSET -4.954077 3.560031 4.987339
BONES 2
BONE 3 0.975777
BONE 4 0.024223

VERT 116
OFFSET -1.497285 2.310048 3.575477
BONES 3
BONE 5 0.000941
BONE 3 0.479374
BONE 4 0.519684

VERT 117
OFFSET -1.526979 3.686039 3.046525
BONES 3
BONE 3 0.411885
BONE 4 0.534449
BONE 5 0.053666

VERT 118
OFFSET -3.620949 3.831978 3.848199
BONES 2
BONE 4 0.086426
BONE 3 0.913574

VERT 119
OFFSET -2.222295 2.340583 5.294950
BONES 2
BONE 4 0.022050
BONE 3 0.977950

VERT 120
OFFSET -4.644665 2.441585 3.094349
BONES 2
BONE 4 0.187015
BONE 3 0.812985

VERT 121
OFFSET -0.091373 1.729882 1.909216
BONES 3
BONE 3 0.001244
BONE 5 0.328576
BONE 4 0.670180

VERT 122
OFFSET -0.006896 2.080608 2.076839
BONES 3
BONE 3 0.007631
BONE 4 0.767829
BONE 5 0.224540

VERT 123
OFFSET 0.170231 2.002871 2.045010
BONES 2
BONE 4 0.650563
BONE 5 0.349437

VERT 124
OFFSET -0.069501 2.111461 2.245072
BONES 3
BONE 4 0.826704
BONE 3 0.011273
BONE 5 0.162024

VERT 125
OFFSET 0.158594 2.046676 2.101412
BONES 2
BONE 4 0.649317
BONE 5 0.350683

VERT 126
OFFSET -0.138036 2.014026 2.194590
BONES 3
BONE 4 0.883675
BONE 3 0.014786
BONE 5 0.101539

VERT 127
OFFSET -0.086262 2.154879 2.278666
BONES 3
BONE 4 0.810504
BONE 3 0.010274
BONE 5 0.179223

VERT 128
OFFSET 0.201695 2.150486 2.106789
BONES 2
BONE 4 0.643914
BONE 5 0.356086

VERT 129
OFFSET 0.120980 2.228813 2.225798
BONES 2
BONE 4 0.643914
BONE 5 0.356086

VERT 130
OFFSET 0.077274 2.197768 2.202847
BONES 2
BONE 5 0.356086
BONE 4 0.643914

VERT 131
OFFSET 0.158330 2.121735 2.095082
BONES 2
BONE 4 0.646185
BONE 5 0.353815

VERT 132
OFFSET 0.034733 2.250249 2.228375
BONES 2
BONE 4 0.643914
BONE 5 0.356086

VERT 133
OFFSET -0.115904 2.095155 2.206434
BONES 3
BONE 5 0.101539
BONE 3 0.014786
BONE 4 0.883675

VERT 134
OFFSET -0.870078 1.797653 2.219109
BONES 3
BONE 5 0.005529
BONE 4 0.939342
BONE 3 0.055130

VERT 135
OFFSET -0.685933 2.080679 2.428590
BONES 3
BONE 4 0.908976
BONE 3 0.033123
BONE 5 0.057901

VERT 136
OFFSET -0.538643 1.989477 2.368475
BONES 3
BONE 4 0.883675
BONE 3 0.014786
BONE 5 0.101539

VERT 137
OFFSET -0.745977 2.092003 2.627360
BONES 3
BONE 3 0.055130
BONE 4 0.939342
BONE 5 0.005529

VERT 138
OFFSET -0.534057 2.028689 2.440840
BONES 3
BONE 4 0.883675
BONE 3 0.014786
BONE 5 0.101539

VERT 139
OFFSET -0.543872 2.054401 2.410520
BONES 3
BONE 4 0.883675
BONE 3 0.014786
BONE 5 0.101539

VERT 140
OFFSET -0.832950 2.034645 2.582037
BONES 3
BONE 5 0.005529
BONE 4 0.939342
BONE 3 0.055130

VERT 141
OFFSET -0.495857 2.192413 2.545118
BONES 3
BONE 5 0.059324
BONE 3 0.032525
BONE 4 0.908151

VERT 142
OFFSET -0.528618 2.167709 2.588170
BONES 3
BONE 4 0.912970
BONE 3 0.036018
BONE 5 0.051012

VERT 143
OFFSET -0.571186 2.147008 2.555553
BONES 3
BONE 5 0.005529
BONE 4 0.939342
BONE 3 0.055130

VERT 144
OFFSET -0.762352 2.100698 2.582092
BONES 3
BONE 3 0.055130
BONE 4 0.939342
BONE 5 0.005529

VERT 145
OFFSET -1.520286 1.892984 2.757761
BONES 2
BONE 4 0.788931
BONE 3 0.211069

VERT 146
OFFSET -1.289955 2.099827 2.883416
BONES 2
BONE 3 0.211069
BONE 4 0.788931

VERT 147
OFFSET -1.119553 2.071479 2.839493
BONES 2
BONE 4 0.788931
BONE 3 0.211069

VERT 148
OFFSET -1.326017 2.065470 3.076544
BONES 7
BONE 13 0.000000
BONE 4 0.788931
BONE 3 0.211069
BONE 11 0.000000
BONE 6 0.000000
BONE 36 0.000000
BONE 61 0.000000

VERT 149
OFFSET -1.128687 2.077847 2.903784
BONES 2
BONE 3 0.211069
BONE 4 0.788931

VERT 150
OFFSET -1.389639 2.074002 3.109278
BONES 2
BONE 4 0.788931
BONE 3 0.211069

VERT 151
OFFSET -1.157458 2.185690 3.072257
BONES 2
BONE 4 0.788931
BONE 3 0.211069

VERT 152
OFFSET -1.116354 2.230633 3.064382
BONES 2
BONE 4 0.788931
BONE 3 0.211069

VERT 153
OFFSET -1.147523 2.200007 3.131402
BONES 2
BONE 3 0.211069
BONE 4 0.788931

VERT 154
OFFSET -1.343456 2.110631 3.082180
BONES 2
BONE 3 0.211069
BONE 4 0.788931

VERT 155
OFFSET -1.170263 2.094849 2.884934
BONES 7
BONE 13 0.000000
BONE 4 0.788931
BONE 3 0.211069
BONE 11 0.000000
BONE 6 0.000000
BONE 36 0.000000
BONE 61 0.000000

VERT 156
OFFSET -2.272894 2.204894 4.965197
BONES 2
BONE 4 0.025711
BONE 3 0.974289

VERT 157
OFFSET -2.427732 2.117799 5.123594
BONES 2
BONE 4 0.025711
BONE 3 0.974289

VERT 158
OFFSET -2.192307 2.107772 4.176956
BONES 2
BONE 4 0.106781
BONE 3 0.893219

VERT 159
OFFSET -2.044773 2.150537 4.127874
BONES 2
BONE 4 0.105446
BONE 3 0.894554

VERT 160
OFFSET -2.015402 1.850092 3.123838
BONES 2
BONE 3 0.469313
BONE 4 0.530687

VERT 161
OFFSET -2.278770 1.783134 3.144612
BONES 2
BONE 4 0.530687
BONE 3 0.469313

VERT 162
OFFSET -2.343596 3.672401 4.989486
BONES 2
BONE 4 0.024828
BONE 3 0.975172

VERT 163
OFFSET -2.291584 3.660781 5.137053
BONES 2
BONE 3 0.975172
BONE 4 0.024828

VERT 164
OFFSET -2.296356 3.715454 4.032556
BONES 2
BONE 3 0.897940
BONE 4 0.102060

VERT 165
OFFSET -2.138156 3.676560 4.094697
BONES 2
BONE 3 0.897940
BONE 4 0.102060

VERT 166
OFFSET -2.255244 3.858903 3.188614
BONES 2
BONE 3 0.493408
BONE 4 0.506592

VERT 167
OFFSET -2.017486 3.825016 3.101942
BONES 2
BONE 4 0.546837
BONE 3 0.453163

VERT 168
OFFSET -1.497710 3.880570 2.638070
BONES 3
BONE 5 0.002805
BONE 4 0.858947
BONE 3 0.138248

VERT 169
OFFSET -1.296196 3.667167 2.894486
BONES 3
BONE 3 0.156075
BONE 4 0.839363
BONE 5 0.004563

VERT 170
OFFSET -1.411385 3.740376 3.040597
BONES 2
BONE 4 0.770141
BONE 3 0.229859

VERT 171
OFFSET -1.107124 3.708244 2.883835
BONES 3
BONE 3 0.072946
BONE 4 0.917350
BONE 5 0.009704

VERT 172
OFFSET -1.346923 3.736769 3.035633
BONES 2
BONE 3 0.229859
BONE 4 0.770141

VERT 173
OFFSET -1.076499 3.696139 2.831820
BONES 3
BONE 5 0.009704
BONE 4 0.917350
BONE 3 0.072946

VERT 174
OFFSET -1.189030 3.612890 3.093048
BONES 2
BONE 4 0.770141
BONE 3 0.229859

VERT 175
OFFSET -1.194880 3.656950 3.054148
BONES 2
BONE 3 0.229859
BONE 4 0.770141

VERT 176
OFFSET -1.121556 3.676168 2.863626
BONES 3
BONE 3 0.072946
BONE 4 0.917350
BONE 5 0.009704

VERT 177
OFFSET -1.223765 3.626155 3.045167
BONES 2
BONE 3 0.229859
BONE 4 0.770141

VERT 178
OFFSET -1.356206 3.701704 3.017170
BONES 2
BONE 3 0.229859
BONE 4 0.770141

VERT 179
OFFSET -0.853672 3.950418 2.149962
BONES 3
BONE 5 0.115693
BONE 3 0.014028
BONE 4 0.870279

VERT 180
OFFSET -0.696178 3.682727 2.393635
BONES 3
BONE 3 0.044816
BONE 4 0.894250
BONE 5 0.060934

VERT 181
OFFSET -0.829895 3.762242 2.506019
BONES 3
BONE 3 0.072946
BONE 4 0.917350
BONE 5 0.009704

VERT 182
OFFSET -0.534088 3.737963 2.396259
BONES 3
BONE 4 0.871161
BONE 3 0.016703
BONE 5 0.112135

VERT 183
OFFSET -0.764781 3.748027 2.519325
BONES 7
BONE 5 0.009704
BONE 4 0.917350
BONE 3 0.072946
BONE 11 0.000000
BONE 6 0.000000
BONE 36 0.000000
BONE 61 0.000000

VERT 184
OFFSET -0.506884 3.748842 2.330562
BONES 3
BONE 5 0.112135
BONE 3 0.016703
BONE 4 0.871161

VERT 185
OFFSET -0.643911 3.614879 2.618535
BONES 3
BONE 5 0.048562
BONE 4 0.899828
BONE 3 0.051610

VERT 186
OFFSET -0.683308 3.638047 2.573295
BONES 3
BONE 5 0.032209
BONE 4 0.907202
BONE 3 0.060589

VERT 187
OFFSET -0.527015 3.683988 2.390964
BONES 3
BONE 4 0.871161
BONE 3 0.016703
BONE 5 0.112135

VERT 188
OFFSET -0.618147 3.569085 2.614830
BONES 3
BONE 5 0.072126
BONE 4 0.889203
BONE 3 0.038672

VERT 189
OFFSET -0.776672 3.694409 2.525184
BONES 3
BONE 3 0.072946
BONE 4 0.917350
BONE 5 0.009704

VERT 190
OFFSET -0.055493 3.946519 1.816901
BONES 2
BONE 5 0.563615
BONE 4 0.436385

VERT 191
OFFSET -0.005446 3.621912 2.040963
BONES 2
BONE 4 0.422578
BONE 5 0.577422

VERT 192
OFFSET -0.141817 3.684769 2.179014
BONES 2
BONE 4 0.661902
BONE 5 0.338098

VERT 193
OFFSET 0.150866 3.661797 2.061404
BONES 7
BONE 5 0.757431
BONE 13 0.000000
BONE 4 0.242569
BONE 11 0.000000
BONE 6 0.000000
BONE 36 0.000000
BONE 61 0.000000

VERT 194
OFFSET -0.084512 3.667385 2.180673
BONES 2
BONE 4 0.661902
BONE 5 0.338098

VERT 195
OFFSET 0.179073 3.682743 2.002929
BONES 2
BONE 4 0.242569
BONE 5 0.757431

VERT 196
OFFSET 0.199929 3.538130 2.130589
BONES 2
BONE 4 0.148279
BONE 5 0.851721

VERT 197
OFFSET 0.168953 3.615505 2.032271
BONES 2
BONE 5 0.799005
BONE 4 0.200995

VERT 198
OFFSET 0.034219 3.488280 2.200668
BONES 2
BONE 5 0.427251
BONE 4 0.572749

VERT 199
OFFSET 0.004141 3.501257 2.239599
BONES 2
BONE 5 0.338098
BONE 4 0.661902

VERT 200
OFFSET 0.128612 3.529943 2.174307
BONES 2
BONE 5 0.540282
BONE 4 0.459718

VERT 201
OFFSET -0.113488 3.681764 2.129664
BONES 2
BONE 4 0.661902
BONE 5 0.338098

VERT 202
OFFSET -1.517301 2.915793 4.411302
BONES 3
BONE 5 0.000446
BONE 3 0.869243
BONE 4 0.130311

VERT 203
OFFSET -1.703355 2.925371 4.538152
BONES 2
BONE 4 0.061275
BONE 3 0.938725

VERT 204
OFFSET -1.340652 3.100681 3.897195
BONES 3
BONE 5 0.002924
BONE 4 0.347012
BONE 3 0.650064

VERT 205
OFFSET -1.757801 2.982705 4.536800
BONES 2
BONE 3 0.974831
BONE 4 0.025169

VERT 206
OFFSET -1.573457 2.913165 4.529710
BONES 7
BONE 13 0.000000
BONE 4 0.104361
BONE 3 0.895639
BONE 11 0.000000
BONE 6 0.000000
BONE 36 0.000000
BONE 61 0.000000

VERT 207
OFFSET -2.242074 1.653671 4.205978
BONES 2
BONE 3 0.892540
BONE 4 0.107460

VERT 208
OFFSET -2.050131 1.729667 4.186268
BONES 2
BONE 3 0.892733
BONE 4 0.107267

VERT 209
OFFSET -1.678272 2.909145 4.748425
BONES 2
BONE 3 0.974831
BONE 4 0.025169

VERT 210
OFFSET -2.185726 1.795326 4.224627
BONES 2
BONE 4 0.107460
BONE 3 0.892540

VERT 211
OFFSET -1.766734 2.439940 4.543269
BONES 2
BONE 3 0.924785
BONE 4 0.075215

VERT 212
OFFSET -1.803568 2.296148 4.589532
BONES 2
BONE 3 0.974764
BONE 4 0.025236

VERT 213
OFFSET -1.698336 2.916456 4.608905
BONES 2
BONE 3 0.974831
BONE 4 0.025169

VERT 214
OFFSET -1.653742 2.913927 4.544980
BONES 7
BONE 13 0.000000
BONE 4 0.025169
BONE 3 0.974831
BONE 11 0.000000
BONE 6 0.000000
BONE 36 0.000000
BONE 61 0.000000

VERT 215
OFFSET -1.678092 2.920102 4.512527
BONES 7
BONE 13 0.000000
BONE 4 0.025169
BONE 3 0.974831
BONE 11 0.000000
BONE 6 0.000000
BONE 36 0.000000
BONE 61 0.000000

VERT 216
OFFSET -1.687362 2.988258 4.917313
BONES 7
BONE 13 0.000000
BONE 4 0.025169
BONE 3 0.974831
BONE 11 0.000000
BONE 6 0.000000
BONE 36 0.000000
BONE 61 0.000000

VERT 217
OFFSET -1.789936 3.424988 4.546206
BONES 2
BONE 3 0.964876
BONE 4 0.035124

VERT 218
OFFSET -2.324243 4.064275 3.926578
BONES 2
BONE 3 0.897731
BONE 4 0.102269

VERT 219
OFFSET -1.606520 3.065005 4.179945
BONES 2
BONE 3 0.896093
BONE 4 0.103907

VERT 220
OFFSET -1.736385 2.998040 4.522472
BONES 2
BONE 3 0.974831
BONE 4 0.025169

VERT 221
OFFSET -2.189506 4.026395 3.943053
BONES 2
BONE 3 0.897940
BONE 4 0.102060

VERT 222
OFFSET -2.195498 3.974936 4.323097
BONES 2
BONE 4 0.088905
BONE 3 0.911095

VERT 223
OFFSET -1.576600 2.996529 4.429844
BONES 2
BONE 4 0.027867
BONE 3 0.972133

VERT 224
OFFSET -2.187180 3.965166 4.019574
BONES 2
BONE 3 0.897940
BONE 4 0.102060

VERT 225
OFFSET -1.684776 2.994722 4.606787
BONES 7
BONE 13 0.000000
BONE 4 0.025169
BONE 3 0.974831
BONE 11 0.000000
BONE 6 0.000000
BONE 36 0.000000
BONE 61 0.000000

VERT 226
OFFSET -1.733372 2.907748 4.365365
BONES 2
BONE 3 0.899170
BONE 4 0.100830

VERT 227
OFFSET -1.801993 2.924586 4.621840
BONES 2
BONE 3 0.969554
BONE 4 0.030446

VERT 228
OFFSET -1.645088 3.046295 4.537382
BONES 2
BONE 3 0.953301
BONE 4 0.046699

VERT 229
OFFSET -0.518450 3.621042 2.547801
BONES 3
BONE 4 0.871391
BONE 3 0.016994
BONE 5 0.111615

VERT 230
OFFSET -0.008805 2.132154 2.223228
BONES 3
BONE 5 0.226589
BONE 3 0.007510
BONE 4 0.765901

VERT 231
OFFSET -0.648511 3.651995 2.582945
BONES 3
BONE 4 0.904337
BONE 3 0.057101
BONE 5 0.038562

VERT 232
OFFSET 0.127930 2.126851 2.215244
BONES 3
BONE 4 0.644836
BONE 5 0.355089
BONE 3 0.000074

VERT 233
OFFSET -0.636194 3.674169 2.478330
BONES 8
BONE 5 0.112135
BONE 13 0.000000
BONE 3 0.016703
BONE 4 0.871161
BONE 11 0.000000
BONE 6 0.000000
BONE 36 0.000000
BONE 61 0.000000

VERT 234
OFFSET 0.033919 2.212028 2.264431
BONES 2
BONE 5 0.355725
BONE 4 0.644275

VERT 235
OFFSET 0.071248 3.586001 2.128169
BONES 2
BONE 4 0.661902
BONE 5 0.338098

VERT 236
OFFSET -0.587639 3.717253 2.597669
BONES 3
BONE 3 0.024897
BONE 4 0.877891
BONE 5 0.097212

VERT 237
OFFSET -0.833538 2.694549 2.994949
BONES 3
BONE 3 0.217650
BONE 4 0.782308
BONE 5 0.000042

VERT 238
OFFSET -1.105960 2.203929 3.079168
BONES 3
BONE 3 0.212052
BONE 4 0.787933
BONE 5 0.000015

VERT 239
OFFSET -1.068177 2.176706 3.010286
BONES 3
BONE 5 0.000227
BONE 3 0.206944
BONE 4 0.792829

VERT 240
OFFSET -1.677310 3.875207 3.364918
BONES 2
