// Export time: Sun Nov 15 17:00:29 2020

// Exported using Blender v2.90.1
// Export filename: 'E:/blackops3/mod_xmodel/iw4/p90/ch_body_gk_p90_lod2.XMODEL_EXPORT'
// Source filename: 'E:/blackops3/mod_xmodel/iw4/p90/p90.blend'
MODEL
VERSION 6

NUMBONES 75
BONE 0 -1 "tag_origin"
BONE 1 0 "j_mainroot"
BONE 2 1 "j_hip_le"
BONE 3 2 "j_knee_le"
BONE 4 3 "j_ankle_le"
BONE 5 4 "j_ball_le"
BONE 6 2 "Sk_06_01"
BONE 7 1 "j_hip_ri"
BONE 8 7 "j_knee_ri"
BONE 9 8 "j_ankle_ri"
BONE 10 9 "j_ball_ri"
BONE 11 7 "Sk_02_01"
BONE 12 1 "j_spinelower"
BONE 13 12 "j_spineupper"
BONE 14 13 "j_spine4"
BONE 15 14 "j_clavicle_le"
BONE 16 15 "j_shoulder_le"
BONE 17 16 "j_elbow_le"
BONE 18 17 "j_wrist_le"
BONE 19 18 "j_index_le_1"
BONE 20 19 "j_index_le_2"
BONE 21 20 "j_index_le_3"
BONE 22 18 "j_mid_le_1"
BONE 23 22 "j_mid_le_2"
BONE 24 23 "j_mid_le_3"
BONE 25 18 "j_pinky_le_1"
BONE 26 25 "j_pinky_le_2"
BONE 27 26 "j_pinky_le_3"
BONE 28 18 "j_ring_le_1"
BONE 29 28 "j_ring_le_2"
BONE 30 29 "j_ring_le_3"
BONE 31 18 "j_thumb_le_1"
BONE 32 31 "j_thumb_le_2"
BONE 33 32 "j_thumb_le_3"
BONE 34 18 "j_wrist_le1"
BONE 35 34 "tag_weapon_left"
BONE 36 17 "j_wristtwist_le"
BONE 37 16 "j_shouldertwist_le"
BONE 38 37 "tag_reflector_arm_le"
BONE 39 14 "j_clavicle_ri"
BONE 40 39 "j_shoulder_ri"
BONE 41 40 "j_elbow_ri"
BONE 42 41 "j_wrist_ri"
BONE 43 42 "j_index_ri_1"
BONE 44 43 "j_index_ri_2"
BONE 45 44 "j_index_ri_3"
BONE 46 42 "j_mid_ri_1"
BONE 47 46 "j_mid_ri_2"
BONE 48 47 "j_mid_ri_3"
BONE 49 42 "j_pinky_ri_1"
BONE 50 49 "j_pinky_ri_2"
BONE 51 50 "j_pinky_ri_3"
BONE 52 42 "j_ring_ri_1"
BONE 53 52 "j_ring_ri_2"
BONE 54 53 "j_ring_ri_3"
BONE 55 42 "j_thumb_ri_1"
BONE 56 55 "j_thumb_ri_2"
BONE 57 56 "j_thumb_ri_3"
BONE 58 42 "j_wrist_ri1"
BONE 59 58 "tag_weapon_right"
BONE 60 58 "j_gun"
BONE 61 41 "j_wristtwist_ri"
BONE 62 40 "j_shouldertwist_ri"
BONE 63 62 "tag_reflector_arm_ri"
BONE 64 14 "j_neck"
BONE 65 64 "j_head"
BONE 66 14 "j_shoulderraise_le"
BONE 67 14 "j_shoulderraise_ri"
BONE 68 14 "tag_bipod"
BONE 69 14 "tag_inhand"
BONE 70 14 "tag_shield_back"
BONE 71 14 "tag_stowed_back"
BONE 72 14 "tag_weapon_chest"
BONE 73 1 "tag_stowed_hip_rear"
BONE 74 0 "tag_sync"

BONE 0
OFFSET 0.000000 0.000000 0.000000
SCALE 1.000000 1.000000 1.000000
X 1.000000 0.000000 0.000000
Y 0.000000 1.000000 0.000000
Z 0.000000 0.000000 1.000000

BONE 1
OFFSET -2.246438 -0.000157 36.129963
SCALE 1.000000 1.000000 1.000000
X -0.024715 -0.000056 0.999695
Y 0.999695 0.000059 0.024715
Z -0.000060 1.000000 0.000054

BONE 2
OFFSET -2.581748 2.911299 34.295086
SCALE 1.000000 1.000000 1.000000
X -0.018045 0.000123 -0.999837
Y 0.999827 -0.004513 -0.018046
Z -0.004515 -0.999990 -0.000041

BONE 3
OFFSET -2.872795 2.913208 18.174147
SCALE 1.000000 1.000000 1.000000
X -0.070091 0.000350 -0.997541
Y 0.997530 -0.004502 -0.070092
Z -0.004515 -0.999990 -0.000034

BONE 4
OFFSET -3.878371 2.918279 3.870413
SCALE 1.000000 1.000000 1.000000
X 0.006914 0.007021 -0.999952
Y 0.999755 -0.021051 0.006765
Z -0.021002 -0.999754 -0.007165

BONE 5
OFFSET 0.001379 2.908061 0.768713
SCALE 1.000000 1.000000 1.000000
X 0.983365 -0.021946 0.180310
Y -0.180423 -0.003264 0.983584
Z -0.020998 -0.999754 -0.007169

BONE 6
OFFSET -2.850012 4.355124 34.181946
SCALE 1.000000 1.000000 1.000000
X 0.300913 0.915098 0.268414
Y -0.066523 0.300915 -0.951328
Z -0.951328 0.268411 0.151425

BONE 7
OFFSET -2.581748 -2.909818 34.295097
SCALE 1.000000 1.000000 1.000000
X 0.018002 -0.000426 0.999989
Y -0.999839 -0.000203 0.017993
Z 0.000195 -1.000000 -0.000430

BONE 8
OFFSET -2.872825 -2.902964 18.172472
SCALE 1.000000 1.000000 1.000000
X 0.070039 0.001330 0.997694
Y -0.997545 -0.000232 0.070038
Z 0.000324 -0.999999 0.001310

BONE 9
OFFSET -3.878122 -2.922098 3.867183
SCALE 1.000000 1.000000 1.000000
X -0.006955 0.008336 1.000000
Y -0.999650 -0.025594 -0.006752
Z 0.025537 -0.999638 0.008512

BONE 10
OFFSET 0.001036 -2.898439 0.764914
SCALE 1.000000 1.000000 1.000000
X -0.983267 -0.026645 -0.180252
Y 0.180375 -0.003755 -0.983737
Z 0.025532 -0.999638 0.008499

BONE 11
OFFSET -2.850012 -4.355123 34.181946
SCALE 1.000000 1.000000 1.000000
X -0.300927 0.915084 -0.268492
Y -0.066532 -0.300957 -0.951459
Z -0.951324 -0.268415 0.151460

BONE 12
OFFSET -2.000000 0.000000 40.264172
SCALE 1.000000 1.000000 1.000000
X -0.029891 -0.000053 0.999553
Y 0.999553 0.000059 0.029891
Z -0.000060 1.000000 0.000051

BONE 13
OFFSET -2.371330 0.000194 43.695026
SCALE 1.000000 1.000000 1.000000
X 0.020430 -0.000061 0.999791
Y 0.999791 0.000062 -0.020430
Z -0.000060 1.000000 0.000063

BONE 14
OFFSET -2.590294 0.000017 46.590385
SCALE 1.000000 1.000000 1.000000
X 0.046980 -0.000058 0.998896
Y 0.998896 0.000063 -0.046980
Z -0.000060 1.000000 0.000061

BONE 15
OFFSET -2.814283 1.294652 49.573990
SCALE 1.000000 1.000000 1.000000
X 0.022152 0.997269 0.071844
Y -0.999643 0.021022 0.016489
Z 0.014933 -0.072316 0.997317

BONE 16
OFFSET -2.833058 3.844012 49.544037
SCALE 1.000000 1.000000 1.000000
X -0.008390 0.999996 -0.012543
Y -0.996268 -0.009424 -0.085799
Z -0.085903 0.011651 0.996271

BONE 17
OFFSET -3.221411 12.704752 49.545982
SCALE 1.000000 1.000000 1.000000
X -0.007234 0.999943 0.016563
Y -0.996345 -0.005784 -0.085226
Z -0.085111 -0.017247 0.996262

BONE 18
OFFSET -3.228142 21.470222 49.544376
SCALE 1.000000 1.000000 1.000000
X -0.109673 0.991346 -0.073740
Y -0.070440 -0.081631 -0.994198
Z -0.991469 -0.103857 0.078790

BONE 19
OFFSET -2.517802 23.573847 49.580868
SCALE 1.000000 1.000000 1.000000
X 0.078396 0.994033 -0.077370
Y -0.214848 -0.058819 -0.974904
Z -0.973496 0.093033 0.208927

BONE 20
OFFSET -2.426604 24.731985 49.490665
SCALE 1.000000 1.000000 1.000000
X 0.077941 0.993925 -0.079198
Y -0.215017 -0.060693 -0.974752
Z -0.973495 0.092984 0.208952

BONE 21
OFFSET -2.366086 25.504293 49.429100
SCALE 1.000000 1.000000 1.000000
X 0.078865 0.994150 -0.075364
Y -0.214701 -0.056767 -0.975059
Z -0.973491 0.093061 0.208940

BONE 22
OFFSET -3.042940 23.667986 49.668396
SCALE 1.000000 1.000000 1.000000
X 0.000067 0.997023 -0.078618
Y -0.052044 -0.078387 -0.995592
Z -0.998645 0.004154 0.051879

BONE 23
OFFSET -3.042936 24.946514 49.567554
SCALE 1.000000 1.000000 1.000000
X 0.000120 0.997122 -0.077355
Y -0.051974 -0.077122 -0.995694
Z -0.998648 0.004136 0.051810

BONE 24
OFFSET -3.042960 25.798435 49.501495
SCALE 1.000000 1.000000 1.000000
X -0.000875 0.995418 -0.096861
Y -0.051887 -0.096656 -0.993991
Z -0.998653 0.004152 0.051728

BONE 25
OFFSET -3.983359 23.225470 49.359295
SCALE 1.000000 1.000000 1.000000
X -0.125094 0.989142 -0.078632
Y -0.032873 -0.083221 -0.996016
Z -0.991600 -0.122023 0.042938

BONE 26
OFFSET -4.116831 24.280056 49.275421
SCALE 1.000000 1.000000 1.000000
X -0.124899 0.989238 -0.077720
Y -0.032902 -0.082298 -0.996092
Z -0.991624 -0.121866 0.042839

BONE 27
OFFSET -4.189481 24.854187 49.230343
SCALE 1.000000 1.000000 1.000000
X -0.124889 0.989143 -0.078938
Y -0.032621 -0.083490 -0.996002
Z -0.991634 -0.121826 0.042705

BONE 28
OFFSET -3.539289 23.494993 49.569569
SCALE 1.000000 1.000000 1.000000
X -0.063793 0.995158 -0.076325
Y 0.009690 -0.075738 -0.997109
Z -0.997916 -0.064350 -0.004804

BONE 29
OFFSET -3.617415 24.712223 49.476097
SCALE 1.000000 1.000000 1.000000
X -0.061946 0.994889 -0.081203
Y 0.010137 -0.080606 -0.996723
Z -0.998028 -0.062568 -0.005085

BONE 30
OFFSET -3.668127 25.524168 49.409908
SCALE 1.000000 1.000000 1.000000
X -0.061722 0.993338 -0.098538
Y 0.011251 -0.097907 -0.995158
Z -0.998030 -0.062533 -0.005125

BONE 31
OFFSET -2.423355 21.556105 49.222801
SCALE 1.000000 1.000000 1.000000
X 0.534902 0.834707 -0.131611
Y -0.836637 0.545000 0.055420
Z 0.117971 0.080346 0.989789

BONE 32
OFFSET -1.762842 22.587257 49.060505
SCALE 1.000000 1.000000 1.000000
X 0.533900 0.835003 -0.133790
Y -0.837106 0.544268 0.055549
Z 0.119185 0.082217 0.989490

BONE 33
OFFSET -1.279000 23.344225 48.939545
SCALE 1.000000 1.000000 1.000000
X 0.615218 0.783118 -0.091555
Y -0.783165 0.620401 0.042829
Z 0.090329 0.045230 0.994916

BONE 34
OFFSET 0.746777 20.250889 47.916157
SCALE 1.000000 1.000000 1.000000
X -0.109658 0.991349 -0.073728
Y -0.070443 -0.081617 -0.994199
Z -0.991470 -0.103844 0.078790

BONE 35
OFFSET 13.407910 14.211752 23.656832
SCALE 1.000000 1.000000 1.000000
X 0.528937 0.848704 0.008939
Y -0.504090 0.305620 0.807772
Z 0.682728 -0.431874 0.589491

BONE 36
OFFSET -3.226096 18.903976 49.544643
SCALE 1.000000 1.000000 1.000000
X -0.007251 0.999943 0.016549
Y -0.996350 -0.005804 -0.085171
Z -0.085056 -0.017235 0.996267

BONE 37
OFFSET -2.835951 4.193286 49.539833
SCALE 1.000000 1.000000 1.000000
X -0.008410 0.999998 -0.012377
Y -0.996266 -0.009429 -0.085821
Z -0.085924 0.011483 0.996271

BONE 38
OFFSET -2.712312 4.810127 51.174515
SCALE 1.000000 1.000000 1.000000
X 0.038171 -0.292545 0.955573
Y -0.939650 -0.335886 -0.065239
Z 0.340001 -0.895441 -0.287576

BONE 39
OFFSET -2.816299 -1.293437 49.574184
SCALE 1.000000 1.000000 1.000000
X -0.019465 0.997197 -0.072243
Y 0.999656 0.018141 -0.018941
Z -0.017577 -0.072587 -0.997207

BONE 40
OFFSET -2.833058 -3.840991 49.544033
SCALE 1.000000 1.000000 1.000000
X 0.006085 0.999907 0.012172
Y 0.996469 -0.007083 0.083660
Z 0.083739 0.011620 -0.996420

BONE 41
OFFSET -3.202081 -12.702797 49.545731
SCALE 1.000000 1.000000 1.000000
X 0.007698 0.999827 -0.016949
Y 0.996544 -0.006268 0.082830
Z 0.082710 -0.017528 -0.996420

BONE 42
OFFSET -3.212716 -21.468290 49.544434
SCALE 1.000000 1.000000 1.000000
X 0.061373 0.989093 0.133895
Y -0.083627 -0.128581 0.988167
Z 0.994606 -0.071844 0.074823

BONE 43
OFFSET -2.502678 -23.573351 49.580830
SCALE 1.000000 1.000000 1.000000
X -0.078732 0.993720 0.079514
Y 0.055661 -0.075255 0.995610
Z 0.995341 0.082812 -0.049386

BONE 44
OFFSET -2.410915 -24.732195 49.487988
SCALE 1.000000 1.000000 1.000000
X -0.078890 0.993911 0.076920
Y 0.055432 -0.072668 0.995815
Z 0.995341 0.082823 -0.049362

BONE 45
OFFSET -2.349559 -25.504507 49.428333
SCALE 1.000000 1.000000 1.000000
X -0.078146 0.992844 0.090295
Y 0.056511 -0.086014 0.994690
Z 0.995339 0.082834 -0.049385

BONE 46
OFFSET -3.027817 -23.667488 49.668354
SCALE 1.000000 1.000000 1.000000
X -0.000551 0.996837 0.079466
Y -0.103004 -0.079099 0.991531
Z 0.994681 -0.007639 0.102722

BONE 47
OFFSET -3.027173 -24.947008 49.566402
SCALE 1.000000 1.000000 1.000000
X -0.000265 0.997083 0.076324
Y -0.102965 -0.075946 0.991782
Z 0.994685 -0.007596 0.102685

BONE 48
OFFSET -3.026901 -25.800360 49.501102
SCALE 1.000000 1.000000 1.000000
X -0.009587 0.986120 0.165759
Y -0.102556 -0.165862 0.980802
Z 0.994681 -0.007597 0.102722

BONE 49
OFFSET -3.968233 -23.224970 49.359219
SCALE 1.000000 1.000000 1.000000
X 0.125626 0.989036 0.077628
Y -0.120016 -0.062522 0.990801
Z 0.984792 -0.133787 0.110845

BONE 50
OFFSET -4.102341 -24.281162 49.276352
SCALE 1.000000 1.000000 1.000000
X 0.125277 0.988880 0.080137
Y -0.120325 -0.065033 0.990602
Z 0.984798 -0.133742 0.110840

BONE 51
OFFSET -4.175216 -24.855728 49.229843
SCALE 1.000000 1.000000 1.000000
X 0.172995 0.979566 0.102584
Y -0.122468 -0.081952 0.989083
Z 0.977279 -0.183670 0.105788

BONE 52
OFFSET -3.524167 -23.494461 49.569633
SCALE 1.000000 1.000000 1.000000
X 0.062965 0.994978 0.077808
Y -0.161535 -0.066774 0.984605
Z 0.984857 -0.074564 0.156519

BONE 53
OFFSET -3.601302 -24.711540 49.474468
SCALE 1.000000 1.000000 1.000000
X 0.063269 0.995132 0.075564
Y -0.161346 -0.064520 0.984787
Z 0.984868 -0.074498 0.156479

BONE 54
OFFSET -3.652802 -25.522957 49.412819
SCALE 1.000000 1.000000 1.000000
X 0.057512 0.992236 0.110272
Y -0.163480 -0.099604 0.981506
Z 0.984869 -0.074475 0.156482

BONE 55
OFFSET -2.408230 -21.555607 49.222839
SCALE 1.000000 1.000000 1.000000
X -0.534105 0.834853 0.133236
Y 0.844033 0.517547 0.140549
Z 0.048382 0.187523 -0.981068

BONE 56
OFFSET -1.749105 -22.586290 49.058266
SCALE 1.000000 1.000000 1.000000
X -0.534620 0.834536 0.133157
Y 0.843706 0.518053 0.140646
Z 0.048392 0.187538 -0.981065

BONE 57
OFFSET -1.263868 -23.343874 48.937408
SCALE 1.000000 1.000000 1.000000
X -0.498096 0.855901 0.139050
Y 0.865767 0.481919 0.134914
Z 0.048463 0.187585 -0.981052

BONE 58
OFFSET -7.335293 -22.873850 50.463772
SCALE 1.000000 1.000000 1.000000
X 0.061375 0.989096 0.133874
Y -0.083627 -0.128559 0.988170
Z 0.994605 -0.071844 0.074825

BONE 59
OFFSET -11.896450 -27.380152 52.502296
SCALE 1.000000 1.000000 1.000000
X 0.551095 -0.832664 0.054454
Y 0.586006 0.339737 -0.735647
Z 0.594047 0.437321 0.675174

BONE 60
OFFSET -11.896448 -27.380152 52.502289
SCALE 1.000000 1.000000 1.000000
X 0.550824 -0.832797 0.055169
Y 0.613678 0.359321 -0.703057
Z 0.565679 0.421116 0.708991

BONE 61
OFFSET -3.209612 -18.902035 49.544842
SCALE 1.000000 1.000000 1.000000
X 0.007656 0.999827 -0.016961
Y 0.996546 -0.006226 0.082810
Z 0.082691 -0.017537 -0.996421

BONE 62
OFFSET -2.834984 -4.155392 49.540207
SCALE 1.000000 1.000000 1.000000
X 0.006092 0.999907 0.012166
Y 0.996469 -0.007089 0.083660
Z 0.083739 0.011614 -0.996420

BONE 63
OFFSET -2.706003 -4.772559 51.174332
SCALE 1.000000 1.000000 1.000000
X -0.043233 0.244832 0.968601
Y 0.926300 -0.353402 0.130673
Z 0.374299 0.902865 -0.211509

BONE 64
OFFSET -2.587651 0.000000 50.848793
SCALE 1.000000 1.000000 1.000000
X 0.309732 -0.000041 0.950824
Y 0.950824 0.000075 -0.309732
Z -0.000059 1.000000 0.000063

BONE 65
OFFSET -2.587649 0.000000 53.127945
SCALE 1.000000 1.000000 1.000000
X 0.216405 -0.000040 0.976304
Y 0.976304 0.000072 -0.216405
Z -0.000061 1.000000 0.000055

BONE 66
OFFSET -2.458492 3.614100 52.967113
SCALE 1.000000 1.000000 1.000000
X -0.019310 -0.997191 -0.072370
Y 0.999659 -0.017985 -0.018923
Z 0.017568 -0.072710 0.997198

BONE 67
OFFSET -2.458054 -3.614768 52.966812
SCALE 1.000000 1.000000 1.000000
X 0.022393 -0.997213 0.071705
Y -0.999638 -0.021265 0.016472
Z -0.014901 -0.072099 -0.997305

BONE 68
OFFSET 14.913536 -25.607283 28.284517
SCALE 1.000000 1.000000 1.000000
X 1.000000 -0.000075 0.000096
Y 0.000075 1.000000 0.000046
Z -0.000096 -0.000046 1.000000

BONE 69
OFFSET 9.785292 -25.608130 35.073860
SCALE 1.000000 1.000000 1.000000
X -0.000141 1.000000 0.000191
Y 0.764292 0.000231 -0.644871
Z -0.644871 0.000055 -0.764291

BONE 70
OFFSET -10.153400 0.719062 46.947102
SCALE 1.000000 1.000000 1.000000
X -0.989756 -0.000180 0.142772
Y 0.000181 -1.000000 -0.000000
Z 0.142772 0.000026 0.989756

BONE 71
OFFSET -8.494514 -4.128101 45.040150
SCALE 1.000000 1.000000 1.000000
X -0.007008 0.025909 -0.999639
Y -0.984168 -0.177222 0.002306
Z -0.177096 0.983823 0.026744

BONE 72
OFFSET 9.785294 -25.608130 35.073868
SCALE 1.000000 1.000000 1.000000
X 1.000000 -0.000009 0.000096
Y 0.000009 1.000000 -0.000001
Z -0.000096 0.000001 1.000000

BONE 73
OFFSET -8.449753 -2.354258 33.218346
SCALE 1.000000 1.000000 1.000000
X -0.188058 0.137975 0.972418
Y 0.149131 -0.974592 0.167124
Z 0.970770 0.176447 0.162704

BONE 74
OFFSET -0.002047 -0.000000 -0.000000
SCALE 1.000000 1.000000 1.000000
X -1.000000 0.000000 0.000000
Y 0.000000 -1.000000 0.000000
Z 0.000000 0.000000 1.000000


NUMVERTS 2807
VERT 0
OFFSET -6.012889 -0.001819 30.593964
BONES 3
BONE 2 0.356221
BONE 1 0.276856
BONE 7 0.366923

VERT 1
OFFSET -5.810948 1.326991 29.361887
BONES 3
BONE 2 0.899545
BONE 7 0.065680
BONE 1 0.034775

VERT 2
OFFSET -5.705429 -0.388830 29.332283
BONES 3
BONE 1 0.009966
BONE 7 0.614419
BONE 2 0.375616

VERT 3
OFFSET -6.358863 2.169030 31.455465
BONES 3
BONE 2 0.447812
BONE 7 0.004641
BONE 1 0.547547

VERT 4
OFFSET -6.016407 2.819476 29.373287
BONES 2
BONE 1 0.063347
BONE 2 0.936653

VERT 5
OFFSET -5.733159 4.264027 29.469833
BONES 2
BONE 2 0.911201
BONE 1 0.088799

VERT 6
OFFSET -4.329095 5.562659 29.332287
BONES 2
BONE 1 0.020000
BONE 2 0.980000

VERT 7
OFFSET -4.043726 5.912262 31.951851
BONES 2
BONE 1 0.286569
BONE 2 0.713431

VERT 8
OFFSET -6.569780 4.162125 33.452076
BONES 2
BONE 2 0.235849
BONE 1 0.764151

VERT 9
OFFSET -7.179617 2.702967 34.202965
BONES 2
BONE 2 0.080162
BONE 1 0.919838

VERT 10
OFFSET -7.139794 0.649323 34.734718
BONES 2
BONE 2 0.006798
BONE 1 0.993202

VERT 11
OFFSET -6.639960 0.023883 32.363941
BONES 3
BONE 7 0.115551
BONE 2 0.127933
BONE 1 0.756516

VERT 12
OFFSET -5.326274 5.372164 33.582485
BONES 2
BONE 1 0.623363
BONE 2 0.376637

VERT 13
OFFSET -6.221627 3.748989 36.417107
BONES 3
BONE 12 0.000575
BONE 1 0.957613
BONE 2 0.041813

VERT 14
OFFSET -7.001495 1.718997 36.092888
BONES 2
BONE 2 0.005193
BONE 1 0.994807

VERT 15
OFFSET -6.443880 0.566934 36.871601
BONES 2
BONE 1 0.996179
BONE 12 0.003821

VERT 16
OFFSET -4.076917 4.788473 37.070206
BONES 3
BONE 12 0.008972
BONE 1 0.935123
BONE 2 0.055904

VERT 17
OFFSET -6.358756 -2.169994 31.454245
BONES 3
BONE 7 0.447973
BONE 2 0.004643
BONE 1 0.547383

VERT 18
OFFSET -5.732942 -4.272658 29.472507
BONES 2
BONE 7 0.911168
BONE 1 0.088832

VERT 19
OFFSET -4.042456 -5.915493 31.948980
BONES 2
BONE 1 0.285719
BONE 7 0.714281

VERT 20
OFFSET -3.221271 -5.677279 29.339029
BONES 2
BONE 1 0.010000
BONE 7 0.990000

VERT 21
OFFSET -2.191012 -5.415338 29.339924
BONES 2
BONE 1 0.010000
BONE 7 0.990000

VERT 22
OFFSET -1.375733 -5.250421 32.142212
BONES 2
BONE 1 0.171865
BONE 7 0.828135

VERT 23
OFFSET -0.681847 -4.204794 29.369221
BONES 2
BONE 1 0.011971
BONE 7 0.988029

VERT 24
OFFSET -0.012128 -3.204938 33.151669
BONES 2
BONE 7 0.700136
BONE 1 0.299864

VERT 25
OFFSET -0.195323 -3.656819 36.190308
BONES 3
BONE 1 0.860927
BONE 7 0.127307
BONE 12 0.011766

VERT 26
OFFSET -0.947764 -3.877106 39.164577
BONES 3
BONE 12 0.299882
BONE 7 0.007167
BONE 1 0.692950

VERT 27
OFFSET -2.168097 -5.135759 35.660141
BONES 2
BONE 1 0.721840
BONE 7 0.278160

VERT 28
OFFSET 0.098170 -1.236742 33.026581
BONES 3
BONE 2 0.015567
BONE 7 0.323000
BONE 1 0.661433

VERT 29
OFFSET 0.453913 -0.711078 36.059536
BONES 4
BONE 7 0.010929
BONE 2 0.000625
BONE 12 0.067975
BONE 1 0.920471

VERT 30
OFFSET 0.139216 1.422301 33.517906
BONES 4
BONE 2 0.394777
BONE 1 0.597100
BONE 12 0.001632
BONE 7 0.006491

VERT 31
OFFSET -0.195539 3.658178 36.188084
BONES 3
BONE 1 0.860532
BONE 12 0.011653
BONE 2 0.127815

VERT 32
OFFSET -0.947750 3.877122 39.164539
BONES 3
BONE 12 0.299916
BONE 2 0.007181
BONE 1 0.692902

VERT 33
OFFSET -1.443923 5.273245 32.355732
BONES 2
BONE 2 0.812440
BONE 1 0.187560

VERT 34
OFFSET -2.170599 5.142858 35.628830
BONES 2
BONE 1 0.718732
BONE 2 0.281268

VERT 35
OFFSET -0.554471 4.404663 31.298634
BONES 2
BONE 1 0.090437
BONE 2 0.909563

VERT 36
OFFSET -2.191075 5.406353 29.335127
BONES 2
BONE 1 0.010000
BONE 2 0.990000

VERT 37
OFFSET -3.221342 5.668269 29.333748
BONES 2
BONE 1 0.010000
BONE 2 0.990000

VERT 38
OFFSET -0.009087 3.172989 33.189674
BONES 2
BONE 1 0.354235
BONE 2 0.645765

VERT 39
OFFSET -0.153146 3.146855 29.341932
BONES 3
BONE 7 0.003972
BONE 2 0.985416
BONE 1 0.010612

VERT 40
OFFSET -6.951570 -0.785978 35.996964
BONES 3
BONE 7 0.001142
BONE 1 0.998438
BONE 12 0.000419

VERT 41
OFFSET -7.117910 -0.749088 34.210800
BONES 2
BONE 1 0.987493
BONE 7 0.012507

VERT 42
OFFSET -7.179618 -2.702980 34.203072
BONES 2
BONE 1 0.919844
BONE 7 0.080156

VERT 43
OFFSET -6.569913 -4.162122 33.453049
BONES 2
BONE 1 0.764218
BONE 7 0.235782

VERT 44
OFFSET -5.326136 -5.372451 33.583485
BONES 2
BONE 7 0.376678
BONE 1 0.623322

VERT 45
OFFSET -0.742141 3.451729 39.159832
BONES 2
BONE 1 0.637713
BONE 12 0.362287

VERT 46
OFFSET 0.254847 1.596203 38.494263
BONES 2
BONE 12 0.382647
BONE 1 0.617353

VERT 47
OFFSET 0.453334 0.388811 38.262478
BONES 2
BONE 1 0.604509
BONE 12 0.395492

VERT 48
OFFSET -0.393288 3.021014 38.945164
BONES 2
BONE 1 0.640340
BONE 12 0.359660

VERT 49
OFFSET -2.376345 -3.914720 39.613567
BONES 2
BONE 12 0.360101
BONE 1 0.639899

VERT 50
OFFSET -3.085911 -3.690212 39.651981
BONES 2
BONE 1 0.622068
BONE 12 0.377932

VERT 51
OFFSET -6.834209 -2.243624 36.388218
BONES 3
BONE 12 0.000674
BONE 1 0.991992
BONE 7 0.007334

VERT 52
OFFSET -4.832822 -1.204762 39.528664
BONES 2
BONE 12 0.436283
BONE 1 0.563717

VERT 53
OFFSET -5.334172 1.556154 38.657486
BONES 2
BONE 1 0.832475
BONE 12 0.167525

VERT 54
OFFSET -3.929275 3.086514 39.733391
BONES 2
BONE 1 0.610598
BONE 12 0.389402

VERT 55
OFFSET -3.085905 3.690215 39.651985
BONES 2
BONE 1 0.622069
BONE 12 0.377931

VERT 56
OFFSET -6.067967 -3.935091 36.355850
BONES 3
BONE 12 0.000235
BONE 7 0.050622
BONE 1 0.949143

VERT 57
OFFSET -4.076885 -4.788005 37.071232
BONES 3
BONE 1 0.935100
BONE 7 0.056224
BONE 12 0.008676

VERT 58
OFFSET -4.627709 1.958674 39.645039
BONES 2
BONE 12 0.429689
BONE 1 0.570311

VERT 59
OFFSET -4.893373 0.561739 39.499207
BONES 2
BONE 12 0.465550
BONE 1 0.534450

VERT 60
OFFSET -4.502847 -2.201500 39.679771
BONES 2
BONE 1 0.576432
BONE 12 0.423568

VERT 61
OFFSET -3.915865 -3.101704 39.724514
BONES 2
BONE 12 0.388736
BONE 1 0.611264

VERT 62
OFFSET -1.518079 -3.834583 39.347244
BONES 2
BONE 12 0.363414
BONE 1 0.636586

VERT 63
OFFSET -0.683162 -3.383116 39.041241
BONES 2
BONE 12 0.363341
BONE 1 0.636659

VERT 64
OFFSET -0.353990 -2.996058 38.931633
BONES 2
BONE 1 0.643161
BONE 12 0.356839

VERT 65
OFFSET 0.344403 -1.242626 38.406185
BONES 2
BONE 1 0.613593
BONE 12 0.386407

VERT 66
OFFSET -1.518095 3.834587 39.347221
BONES 2
BONE 12 0.363414
BONE 1 0.636586

VERT 67
OFFSET -2.376357 3.914719 39.613571
BONES 2
BONE 12 0.360101
BONE 1 0.639899

VERT 68
OFFSET -5.172646 5.072678 29.375795
BONES 2
BONE 1 0.057479
BONE 2 0.942521

VERT 69
OFFSET -0.690775 4.546151 29.336226
BONES 2
BONE 2 0.990000
BONE 1 0.010000

VERT 70
OFFSET -6.016462 -2.827769 29.373447
BONES 2
BONE 1 0.063350
BONE 7 0.936650

VERT 71
OFFSET -5.172669 -5.081219 29.379625
BONES 2
BONE 1 0.057458
BONE 7 0.942542

VERT 72
OFFSET -4.329023 -5.571595 29.337297
BONES 2
BONE 1 0.020000
BONE 7 0.980000

VERT 73
OFFSET -1.332924 -4.925079 29.339575
BONES 2
BONE 1 0.010000
BONE 7 0.990000

VERT 74
OFFSET -0.235421 -3.258988 29.340809
BONES 2
BONE 1 0.010000
BONE 7 0.990000

VERT 75
OFFSET -0.148271 -1.972496 29.339724
BONES 3
BONE 2 0.023933
BONE 1 0.016556
BONE 7 0.959511

VERT 76
OFFSET -0.361222 4.144228 29.354101
BONES 2
BONE 2 0.989539
BONE 1 0.010461

VERT 77
OFFSET -1.920019 -0.418263 31.203291
BONES 2
BONE 1 0.200686
BONE 7 0.799314

VERT 78
OFFSET -0.516729 -1.282072 31.454826
BONES 2
BONE 1 0.155613
BONE 7 0.844387

VERT 79
OFFSET -3.351349 -0.565792 31.871309
BONES 2
BONE 7 0.163923
BONE 1 0.836077

VERT 80
OFFSET -0.133902 -2.700774 31.799618
BONES 2
BONE 7 0.867272
BONE 1 0.132728

VERT 81
OFFSET -0.971808 -4.759908 32.092934
BONES 2
BONE 1 0.128249
BONE 7 0.871751

VERT 82
OFFSET -0.306017 -3.381012 36.038116
BONES 3
BONE 12 0.014052
BONE 7 0.182405
BONE 1 0.803544

VERT 83
OFFSET -0.308431 -2.192371 34.196182
BONES 2
BONE 1 0.752093
BONE 7 0.247907

VERT 84
OFFSET -0.950765 -4.146205 37.288761
BONES 3
BONE 12 0.069723
BONE 7 0.077248
BONE 1 0.853029

VERT 85
OFFSET -3.113675 -5.782968 32.102455
BONES 2
BONE 7 0.799188
BONE 1 0.200812

VERT 86
OFFSET -0.941792 -1.002431 32.445667
BONES 2
BONE 1 0.817521
BONE 7 0.182479

VERT 87
OFFSET -4.494349 -0.548301 31.123930
BONES 2
BONE 7 0.719150
BONE 1 0.280850

VERT 88
OFFSET -4.906172 -0.861639 31.758238
BONES 2
BONE 7 0.278597
BONE 1 0.721403

VERT 89
OFFSET -5.965983 -1.594249 31.888433
BONES 2
BONE 1 0.656464
BONE 7 0.343536

VERT 90
OFFSET -5.806620 -1.846663 30.997713
BONES 2
BONE 7 0.680166
BONE 1 0.319834

VERT 91
OFFSET -5.824458 -4.184930 30.954460
BONES 2
BONE 7 0.699309
BONE 1 0.300691

VERT 92
OFFSET -4.248850 -0.012801 32.269749
BONES 3
BONE 2 0.002482
BONE 1 0.981585
BONE 7 0.015933

VERT 93
OFFSET -6.058740 -0.054391 33.009819
BONES 3
BONE 2 0.003426
BONE 7 0.014597
BONE 1 0.981976

VERT 94
OFFSET -6.635257 -1.098747 32.914597
BONES 2
BONE 1 0.915554
BONE 7 0.084446

VERT 95
OFFSET -7.128346 -1.511418 34.609325
BONES 2
BONE 1 0.973665
BONE 7 0.026335

VERT 96
OFFSET -6.622031 -3.854335 34.260700
BONES 2
BONE 1 0.839863
BONE 7 0.160137

VERT 97
OFFSET -6.097921 -3.708847 36.358257
BONES 3
BONE 12 0.001001
BONE 1 0.959133
BONE 7 0.039866

VERT 98
OFFSET -4.894657 -5.388444 33.980282
BONES 2
BONE 1 0.646066
BONE 7 0.353934

VERT 99
OFFSET -6.704095 -1.550719 36.378544
BONES 3
BONE 1 0.996583
BONE 12 0.002156
BONE 7 0.001262

VERT 100
OFFSET -4.552811 -1.956635 39.653641
BONES 2
BONE 1 0.635354
BONE 12 0.364646

VERT 101
OFFSET -6.170402 -0.090383 36.648800
BONES 2
BONE 1 0.992478
BONE 12 0.007522

VERT 102
OFFSET -4.667158 -0.000001 39.765804
BONES 2
BONE 12 0.554100
BONE 1 0.445900

VERT 103
OFFSET -3.628745 -3.213435 39.864723
BONES 2
BONE 12 0.500519
BONE 1 0.499481

VERT 104
OFFSET -3.925080 -2.286755 41.445824
BONES 2
BONE 12 0.868287
BONE 1 0.131713

VERT 105
OFFSET -2.577209 -3.358445 41.377613
BONES 2
BONE 1 0.156915
BONE 12 0.843085

VERT 106
OFFSET -4.351202 -0.523649 41.366863
BONES 2
BONE 1 0.118258
BONE 12 0.881742

VERT 107
OFFSET -3.826122 -4.439163 37.678345
BONES 3
BONE 1 0.958085
BONE 12 0.024232
BONE 7 0.017683

VERT 108
OFFSET -4.691804 -5.548935 31.335382
BONES 2
BONE 7 0.779139
BONE 1 0.220861

VERT 109
OFFSET -6.507068 -3.586245 32.619411
BONES 2
BONE 1 0.783646
BONE 7 0.216354

VERT 110
OFFSET 0.166419 -1.719633 37.833958
BONES 3
BONE 7 0.004764
BONE 12 0.355753
BONE 1 0.639482

VERT 111
OFFSET -0.632407 -3.156114 41.005066
BONES 2
BONE 1 0.129133
BONE 12 0.870867

VERT 112
OFFSET 0.382465 -1.204104 40.676460
BONES 2
BONE 1 0.062748
BONE 12 0.937252

VERT 113
OFFSET -2.000153 -4.557785 37.570145
BONES 3
BONE 1 0.854184
BONE 7 0.065062
BONE 12 0.080754

VERT 114
OFFSET -0.698678 -3.240293 39.477512
BONES 2
BONE 1 0.543242
BONE 12 0.456758

VERT 115
OFFSET -1.954367 -3.758125 39.954205
BONES 2
BONE 1 0.514515
BONE 12 0.485485

VERT 116
OFFSET -1.921206 0.412874 31.207357
BONES 2
BONE 1 0.200577
BONE 2 0.799423

VERT 117
OFFSET -0.517042 1.277137 31.457302
BONES 2
BONE 1 0.155607
BONE 2 0.844393

VERT 118
OFFSET -3.351917 0.564454 31.872616
BONES 2
BONE 2 0.163748
BONE 1 0.836252

VERT 119
OFFSET -0.133887 2.697226 31.799860
BONES 2
BONE 2 0.867277
BONE 1 0.132723

VERT 120
OFFSET -0.285873 3.149576 34.982121
BONES 2
BONE 1 0.632663
BONE 2 0.367337

VERT 121
OFFSET -0.395757 3.599767 36.581200
BONES 3
BONE 12 0.021105
BONE 2 0.087872
BONE 1 0.891023

VERT 122
OFFSET -0.314165 2.180126 34.112724
BONES 2
BONE 1 0.700802
BONE 2 0.299198

VERT 123
OFFSET -1.002058 4.805836 32.094471
BONES 2
BONE 2 0.871191
BONE 1 0.128809

VERT 124
OFFSET -3.113652 5.780418 32.098217
BONES 2
BONE 2 0.799188
BONE 1 0.200812

VERT 125
OFFSET 0.486289 0.170469 36.721233
BONES 3
BONE 1 0.884776
BONE 12 0.114927
BONE 2 0.000297

VERT 126
OFFSET -0.285786 0.047158 33.074806
BONES 3
BONE 7 0.001723
BONE 1 0.995603
BONE 2 0.002675

VERT 127
OFFSET -1.800549 -0.105045 32.025932
BONES 3
BONE 7 0.002626
BONE 1 0.996046
BONE 2 0.001328

VERT 128
OFFSET -0.963351 1.001209 32.440563
BONES 2
BONE 2 0.191027
BONE 1 0.808973

VERT 129
OFFSET -4.487809 0.541503 31.127924
BONES 2
BONE 2 0.719398
BONE 1 0.280602

VERT 130
OFFSET -4.906506 0.859952 31.759777
BONES 2
BONE 2 0.278487
BONE 1 0.721513

VERT 131
OFFSET -5.965915 1.592788 31.889145
BONES 2
BONE 1 0.656468
BONE 2 0.343532

VERT 132
OFFSET -5.806913 1.842413 30.999092
BONES 2
BONE 2 0.680148
BONE 1 0.319852

VERT 133
OFFSET -5.824481 4.180428 30.952522
BONES 2
BONE 2 0.699240
BONE 1 0.300760

VERT 134
OFFSET -5.827823 0.290331 32.657848
BONES 2
BONE 2 0.060883
BONE 1 0.939117

VERT 135
OFFSET -6.741371 0.025406 34.473381
BONES 3
BONE 2 0.000583
BONE 1 0.999117
BONE 7 0.000301

VERT 136
OFFSET -7.059111 1.724446 35.391544
BONES 2
BONE 1 0.988062
BONE 2 0.011938

VERT 137
OFFSET -6.621813 3.855069 34.258949
BONES 2
BONE 1 0.839673
BONE 2 0.160327

VERT 138
OFFSET -6.098037 3.708931 36.357990
BONES 3
BONE 12 0.001001
BONE 1 0.959123
BONE 2 0.039876

VERT 139
OFFSET -4.894574 5.388463 33.979836
BONES 2
BONE 1 0.646217
BONE 2 0.353783

VERT 140
OFFSET -2.001064 4.560814 37.560055
BONES 3
BONE 2 0.066033
BONE 1 0.853482
BONE 12 0.080484

VERT 141
OFFSET -6.283423 1.428271 37.053112
BONES 2
BONE 12 0.002884
BONE 1 0.997116

VERT 142
OFFSET -4.558290 1.972194 39.634274
BONES 2
BONE 1 0.639777
BONE 12 0.360223

VERT 143
OFFSET -3.628746 3.213433 39.864727
BONES 2
BONE 12 0.500519
BONE 1 0.499481

VERT 144
OFFSET -3.925080 2.286756 41.445824
BONES 2
BONE 12 0.868287
BONE 1 0.131713

VERT 145
OFFSET -2.042219 3.536680 41.294102
BONES 2
BONE 12 0.843907
BONE 1 0.156094

VERT 146
OFFSET -4.350266 0.439839 41.367046
BONES 2
BONE 1 0.117778
BONE 12 0.882222

VERT 147
OFFSET -1.954368 3.758125 39.954205
BONES 2
BONE 1 0.514514
BONE 12 0.485486

VERT 148
OFFSET -3.826110 4.439128 37.678417
BONES 3
BONE 12 0.024233
BONE 1 0.958087
BONE 2 0.017680

VERT 149
OFFSET -1.011160 4.144924 37.568401
BONES 3
BONE 1 0.862257
BONE 12 0.086640
BONE 2 0.051103

VERT 150
OFFSET -0.698679 3.240293 39.477512
BONES 2
BONE 12 0.456758
BONE 1 0.543242

VERT 151
OFFSET -0.162380 2.435471 40.844410
BONES 2
BONE 12 0.902079
BONE 1 0.097922

VERT 152
OFFSET 0.152951 1.716273 38.131218
BONES 3
BONE 12 0.392094
BONE 1 0.602723
BONE 2 0.005183

VERT 153
OFFSET 0.595822 0.250388 40.640121
BONES 2
BONE 1 0.091389
BONE 12 0.908611

VERT 154
OFFSET 0.259683 -0.000000 38.851860
BONES 2
BONE 12 0.594217
BONE 1 0.405783

VERT 155
OFFSET -4.691967 5.544903 31.331404
BONES 2
BONE 2 0.779103
BONE 1 0.220897

VERT 156
OFFSET -6.861902 1.423000 33.248383
BONES 2
BONE 2 0.075760
BONE 1 0.924240

VERT 157
OFFSET -6.507081 3.585505 32.619129
BONES 2
BONE 2 0.216357
BONE 1 0.783643

VERT 158
OFFSET -2.450639 -20.833487 49.766090
BONES 2
BONE 42 0.839302
BONE 41 0.160698

VERT 159
OFFSET -3.277207 -20.840099 48.994263
BONES 2
BONE 41 0.145221
BONE 42 0.854779

VERT 160
OFFSET -3.871474 -20.883669 49.309299
BONES 2
BONE 42 0.830264
BONE 41 0.169736

VERT 161
OFFSET -0.796000 -23.896500 48.652412
BONES 3
BONE 56 0.012448
BONE 57 0.987546
BONE 55 0.000006

VERT 162
OFFSET -0.755477 -23.833782 48.949402
BONES 4
BONE 55 0.000092
BONE 56 0.014383
BONE 57 0.985524
BONE 42 0.000001

VERT 163
OFFSET -1.580450 -23.212856 48.731487
BONES 4
BONE 55 0.150925
BONE 57 0.251922
BONE 56 0.588318
BONE 42 0.008834

VERT 164
OFFSET -1.008968 -23.954058 49.052937
BONES 2
BONE 57 0.975229
BONE 56 0.024771

VERT 165
OFFSET -1.730579 -23.149910 49.082962
BONES 6
BONE 46 0.000332
BONE 43 0.002663
BONE 55 0.174430
BONE 56 0.746726
BONE 57 0.029970
BONE 42 0.045879

VERT 166
OFFSET -2.158237 -21.792784 48.779167
BONES 3
BONE 42 0.295998
BONE 56 0.082017
BONE 55 0.621984

VERT 167
OFFSET -1.668572 -22.620663 49.347408
BONES 6
BONE 57 0.023934
BONE 42 0.203896
BONE 56 0.503087
BONE 55 0.257592
BONE 41 0.000016
BONE 43 0.011476

VERT 168
OFFSET -2.482569 -20.861776 49.168388
BONES 3
BONE 41 0.151826
BONE 55 0.000630
BONE 42 0.847544

VERT 169
OFFSET -3.675595 -21.557747 48.886131
BONES 5
BONE 56 0.001321
BONE 49 0.001640
BONE 41 0.023260
BONE 55 0.112660
BONE 42 0.861119

VERT 170
OFFSET -3.719267 -20.880997 49.075607
BONES 3
BONE 55 0.000001
BONE 41 0.171252
BONE 42 0.828747

VERT 171
OFFSET -2.392412 -20.889641 49.447590
BONES 4
BONE 42 0.843338
BONE 55 0.006403
BONE 41 0.148769
BONE 56 0.001490

VERT 172
OFFSET -2.757545 -20.874025 49.997883
BONES 4
BONE 41 0.169450
BONE 55 0.004428
BONE 42 0.826093
BONE 56 0.000030

VERT 173
OFFSET -3.373249 -20.819387 49.929413
BONES 2
BONE 41 0.178560
BONE 42 0.821440

VERT 174
OFFSET -3.030092 -23.686121 49.856018
BONES 8
BONE 46 0.309835
BONE 42 0.519803
BONE 55 0.003760
BONE 41 0.001756
BONE 43 0.066886
BONE 52 0.025165
BONE 48 0.000008
BONE 47 0.072788

VERT 175
OFFSET -4.045846 -23.076693 49.529358
BONES 5
BONE 50 0.000087
BONE 52 0.073132
BONE 42 0.497276
BONE 49 0.429436
BONE 46 0.000069

VERT 176
OFFSET -3.769929 -20.882221 49.645569
BONES 3
BONE 49 0.000000
BONE 41 0.164402
BONE 42 0.835598

VERT 177
OFFSET -4.202713 -22.043839 49.208855
BONES 6
BONE 55 0.000125
BONE 41 0.013884
BONE 42 0.932520
BONE 50 0.000132
BONE 49 0.052895
BONE 52 0.000445

VERT 178
OFFSET -3.017009 -26.370552 49.625206
BONES 3
BONE 46 0.000000
BONE 47 0.016616
BONE 48 0.983384

VERT 179
OFFSET -3.215623 -26.343760 49.487255
BONES 3
BONE 48 0.965637
BONE 47 0.033529
BONE 46 0.000833

VERT 180
OFFSET -2.140354 -25.996109 49.441219
BONES 5
BONE 44 0.020963
BONE 43 0.003987
BONE 45 0.975042
BONE 42 0.000006
BONE 46 0.000002

VERT 181
OFFSET -2.666902 -23.956043 49.650448
BONES 7
BONE 52 0.001253
BONE 46 0.277585
BONE 43 0.649878
BONE 44 0.014465
BONE 45 0.000170
BONE 55 0.000036
BONE 42 0.056613

VERT 182
OFFSET -4.376410 -25.447088 49.267391
BONES 6
BONE 42 0.000004
BONE 49 0.002401
BONE 52 0.000001
BONE 53 0.000031
BONE 51 0.988552
BONE 50 0.009012

VERT 183
OFFSET -4.149284 -25.294550 49.345959
BONES 4
BONE 50 0.027011
BONE 51 0.972200
BONE 53 0.000386
BONE 49 0.000402

VERT 184
OFFSET -3.858711 -23.750618 49.484123
BONES 7
BONE 53 0.008432
BONE 54 0.000006
BONE 42 0.058209
BONE 52 0.407116
BONE 49 0.510240
BONE 50 0.015982
BONE 51 0.000015

VERT 185
OFFSET -3.571780 -23.582354 49.792244
BONES 8
BONE 55 0.000025
BONE 54 0.000095
BONE 42 0.560644
BONE 46 0.034910
BONE 52 0.327700
BONE 49 0.009683
BONE 53 0.065919
BONE 41 0.001023

VERT 186
OFFSET -3.853659 -26.053921 49.314766
BONES 3
BONE 52 0.000277
BONE 53 0.036894
BONE 54 0.962829

VERT 187
OFFSET -3.695199 -26.123993 49.492729
BONES 3
BONE 52 0.000038
BONE 54 0.989670
BONE 53 0.010291

VERT 188
OFFSET -2.281066 -23.622950 49.720848
BONES 7
BONE 46 0.000958
BONE 42 0.556066
BONE 44 0.063221
BONE 43 0.328438
BONE 45 0.000084
BONE 55 0.037247
BONE 56 0.013986

VERT 189
OFFSET -2.735164 -24.079220 49.288162
BONES 8
BONE 47 0.000445
BONE 52 0.007471
BONE 46 0.346384
BONE 42 0.040020
BONE 45 0.000291
BONE 44 0.017690
BONE 43 0.585420
BONE 55 0.002279

VERT 190
OFFSET -2.446147 -26.112673 49.478512
BONES 3
BONE 43 0.000028
BONE 45 0.985663
BONE 44 0.014308

VERT 191
OFFSET -2.225816 -23.373209 49.249836
BONES 7
BONE 42 0.427734
BONE 46 0.001540
BONE 55 0.267348
BONE 45 0.000020
BONE 44 0.013367
BONE 43 0.141028
BONE 56 0.148963

VERT 192
OFFSET -3.296049 -24.079826 49.326771
BONES 8
BONE 53 0.006864
BONE 54 0.001007
BONE 42 0.022823
BONE 43 0.000380
BONE 46 0.273097
BONE 52 0.691835
BONE 49 0.003942
BONE 47 0.000052

VERT 193
OFFSET -3.779153 -23.825438 49.203896
BONES 10
BONE 55 0.000008
BONE 43 0.000069
BONE 53 0.001851
BONE 54 0.000002
BONE 49 0.564129
BONE 52 0.384920
BONE 46 0.001319
BONE 42 0.046063
BONE 51 0.000010
BONE 50 0.001631

VERT 194
OFFSET -3.456691 -25.915821 49.313396
BONES 5
BONE 53 0.049415
BONE 49 0.000088
BONE 52 0.050524
BONE 46 0.000213
BONE 54 0.899760

VERT 195
OFFSET -4.195451 -23.632412 49.019657
BONES 6
BONE 51 0.000083
BONE 55 0.001135
BONE 42 0.169671
BONE 49 0.802041
BONE 50 0.018603
BONE 52 0.008467

VERT 196
OFFSET -3.326730 -23.965031 49.587734
BONES 7
BONE 53 0.014229
BONE 49 0.000525
BONE 43 0.000341
BONE 42 0.108271
BONE 47 0.007977
BONE 46 0.312036
BONE 52 0.556621

VERT 197
OFFSET -2.847659 -26.341064 49.454208
BONES 5
BONE 42 0.000004
BONE 43 0.000025
BONE 47 0.070875
BONE 46 0.010601
BONE 48 0.918496

VERT 198
OFFSET -4.224670 -25.353062 49.054710
BONES 6
BONE 42 0.000007
BONE 52 0.000001
BONE 53 0.000153
BONE 51 0.895719
BONE 50 0.093376
BONE 49 0.010744

VERT 199
OFFSET -3.260899 20.839361 48.992435
BONES 2
BONE 18 0.854674
BONE 17 0.145326

VERT 200
OFFSET -2.452321 20.833479 49.766148
BONES 2
BONE 18 0.839302
BONE 17 0.160698

VERT 201
OFFSET -3.873093 20.883633 49.309326
BONES 2
BONE 18 0.830275
BONE 17 0.169725

VERT 202
OFFSET -0.796547 23.896463 48.652401
BONES 3
BONE 32 0.012448
BONE 33 0.987546
BONE 31 0.000006

VERT 203
OFFSET -0.756022 23.833744 48.949390
BONES 4
BONE 31 0.000092
BONE 32 0.014385
BONE 33 0.985522
BONE 18 0.000001

VERT 204
OFFSET -1.581004 23.212807 48.731483
BONES 4
BONE 31 0.150949
BONE 33 0.251886
BONE 32 0.588328
BONE 18 0.008837

VERT 205
OFFSET -1.009503 23.954031 49.052921
BONES 2
BONE 33 0.975231
BONE 32 0.024769

VERT 206
OFFSET -1.731120 23.149876 49.082954
BONES 6
BONE 22 0.000332
BONE 19 0.002663
BONE 31 0.174429
BONE 32 0.746725
BONE 33 0.029971
BONE 18 0.045879

VERT 207
OFFSET -2.158946 21.792431 48.779221
BONES 3
BONE 18 0.296228
BONE 32 0.081876
BONE 31 0.621896

VERT 208
OFFSET -1.669124 22.620577 49.347427
BONES 6
BONE 33 0.023932
BONE 18 0.203912
BONE 32 0.503056
BONE 31 0.257609
BONE 17 0.000016
BONE 19 0.011476

VERT 209
OFFSET -2.483134 20.859495 49.169559
BONES 3
BONE 17 0.151860
BONE 31 0.000628
BONE 18 0.847512

VERT 210
OFFSET -3.676434 21.557652 48.886135
BONES 5
BONE 32 0.001320
BONE 25 0.001639
BONE 17 0.023238
BONE 31 0.112588
BONE 18 0.861215

VERT 211
OFFSET -3.720844 20.880968 49.075584
BONES 3
BONE 31 0.000001
BONE 17 0.171251
BONE 18 0.828748

VERT 212
OFFSET -2.393991 20.889256 49.447628
BONES 4
BONE 18 0.843390
BONE 31 0.006310
BONE 17 0.148823
BONE 32 0.001477

VERT 213
OFFSET -2.759212 20.874006 49.997906
BONES 4
BONE 17 0.169457
BONE 31 0.004410
BONE 18 0.826104
BONE 32 0.000029

VERT 214
OFFSET -3.374908 20.819387 49.929428
BONES 2
BONE 17 0.178560
BONE 18 0.821440

VERT 215
OFFSET -3.030636 23.685879 49.856049
BONES 8
BONE 22 0.309802
BONE 18 0.519878
BONE 31 0.003762
BONE 17 0.001757
BONE 19 0.066884
BONE 28 0.025164
BONE 24 0.000008
BONE 23 0.072746

VERT 216
OFFSET -2.281611 23.622805 49.720860
BONES 7
BONE 21 0.000084
BONE 20 0.063226
BONE 31 0.037256
BONE 18 0.556126
BONE 32 0.013988
BONE 19 0.328363
BONE 22 0.000958

VERT 217
OFFSET -3.572333 23.582729 49.792183
BONES 8
BONE 25 0.009675
BONE 18 0.560497
BONE 17 0.001015
BONE 31 0.000025
BONE 22 0.034935
BONE 28 0.327804
BONE 29 0.065953
BONE 30 0.000095

VERT 218
OFFSET -4.046390 23.076654 49.529346
BONES 5
BONE 26 0.000087
BONE 28 0.073110
BONE 18 0.497155
BONE 25 0.429580
BONE 22 0.000069

VERT 219
OFFSET -3.771620 20.882206 49.645527
BONES 3
BONE 25 0.000000
BONE 17 0.164400
BONE 18 0.835600

VERT 220
OFFSET -4.203359 22.044584 49.208767
BONES 6
BONE 31 0.000125
BONE 17 0.013868
BONE 18 0.932381
BONE 26 0.000132
BONE 25 0.053047
BONE 28 0.000446

VERT 221
OFFSET -2.140899 25.996071 49.441208
BONES 5
BONE 18 0.000006
BONE 19 0.003987
BONE 22 0.000002
BONE 20 0.020967
BONE 21 0.975038

VERT 222
OFFSET -2.667447 23.956017 49.650452
BONES 7
BONE 28 0.001253
BONE 20 0.014452
BONE 18 0.056600
BONE 19 0.649887
BONE 22 0.277603
BONE 31 0.000036
BONE 21 0.000169

VERT 223
OFFSET -2.446687 26.112638 49.478493
BONES 3
BONE 19 0.000028
BONE 20 0.014309
BONE 21 0.985662

VERT 224
OFFSET -3.017555 26.370512 49.625225
BONES 3
BONE 22 0.000000
BONE 23 0.016620
BONE 24 0.983379

VERT 225
OFFSET -3.216169 26.343729 49.487259
BONES 3
BONE 24 0.965635
BONE 23 0.033530
BONE 22 0.000835

VERT 226
OFFSET -3.327275 23.964993 49.587742
BONES 7
BONE 29 0.014229
BONE 25 0.000525
BONE 19 0.000341
BONE 23 0.007974
BONE 22 0.312030
BONE 18 0.108274
BONE 28 0.556626

VERT 227
OFFSET -4.376957 25.447052 49.267387
BONES 6
BONE 18 0.000004
BONE 25 0.002402
BONE 28 0.000001
BONE 29 0.000031
BONE 27 0.988552
BONE 26 0.009010

VERT 228
OFFSET -4.149829 25.294502 49.345955
BONES 4
BONE 26 0.027035
BONE 27 0.972176
BONE 29 0.000387
BONE 25 0.000403

VERT 229
OFFSET -3.859259 23.750591 49.484116
BONES 7
BONE 30 0.000006
BONE 29 0.008433
BONE 18 0.058208
BONE 28 0.407104
BONE 25 0.510246
BONE 26 0.015988
BONE 27 0.000015

VERT 230
OFFSET -3.854206 26.053896 49.314770
BONES 3
BONE 28 0.000277
BONE 29 0.036890
BONE 30 0.962833

VERT 231
OFFSET -3.695749 26.123957 49.492741
BONES 3
BONE 28 0.000038
BONE 30 0.989667
BONE 29 0.010295

VERT 232
OFFSET -2.735711 24.079180 49.288162
BONES 8
BONE 23 0.000445
BONE 28 0.007470
BONE 22 0.346372
BONE 18 0.040018
BONE 21 0.000291
BONE 20 0.017688
BONE 19 0.585437
BONE 31 0.002279

VERT 233
OFFSET -2.226360 23.373184 49.249832
BONES 7
BONE 18 0.427733
BONE 22 0.001540
BONE 31 0.267347
BONE 21 0.000020
BONE 20 0.013366
BONE 19 0.141034
BONE 32 0.148960

VERT 234
OFFSET -3.296592 24.079798 49.326778
BONES 8
BONE 29 0.006865
BONE 30 0.001006
BONE 18 0.022823
BONE 19 0.000380
BONE 22 0.273115
BONE 28 0.691817
BONE 23 0.000052
BONE 25 0.003941

VERT 235
OFFSET -3.779697 23.825397 49.203896
BONES 10
BONE 31 0.000008
BONE 19 0.000069
BONE 30 0.000002
BONE 29 0.001849
BONE 25 0.564136
BONE 28 0.384917
BONE 22 0.001318
BONE 18 0.046061
BONE 27 0.000010
BONE 26 0.001631

VERT 236
OFFSET -3.457240 25.915813 49.313396
BONES 5
BONE 29 0.049412
BONE 25 0.000088
