// Export time: Fri Nov 13 10:52:45 2020

// Exported using Blender v2.90.1
// Export filename: 'E:/blackops3/mod_xmodel/iw4/p90/ch_head_gk_p90_lod3.XMODEL_EXPORT'
// Source filename: 'E:/blackops3/mod_xmodel/iw4/p90/p90.blend'
MODEL
VERSION 6

NUMBONES 54
BONE 0 -1 "tag_origin"
BONE 1 0 "j_spineupper"
BONE 2 1 "j_neck"
BONE 3 2 "j_head"
BONE 4 3 "j_brow_le"
BONE 5 3 "j_brow_ri"
BONE 6 3 "j_browouter_le"
BONE 7 3 "j_browouter_ri"
BONE 8 3 "j_cheek_le"
BONE 9 3 "j_cheek_ri"
BONE 10 3 "j_cheeklower_le"
BONE 11 3 "j_cheeklower_ri"
BONE 12 3 "j_eye_lid_bot_le"
BONE 13 3 "j_eye_lid_bot_ri"
BONE 14 3 "j_eye_lid_top_le"
BONE 15 3 "j_eye_lid_top_ri"
BONE 16 3 "j_eyeball_le"
BONE 17 3 "j_eyeball_ri"
BONE 18 3 "j_head_end"
BONE 19 18 "j_helmet"
BONE 20 3 "j_jaw"
BONE 21 20 "j_chin_skinroll"
BONE 22 20 "j_lip_bot_le"
BONE 23 20 "j_lip_bot_ri"
BONE 24 3 "j_levator_le"
BONE 25 3 "j_levator_ri"
BONE 26 3 "j_lip_top_le"
BONE 27 3 "j_lip_top_ri"
BONE 28 3 "j_mouth_le"
BONE 29 3 "j_mouth_ri"
BONE 30 3 "j_nvg"
BONE 31 3 "tag_eye"
BONE 32 3 "MouthCavity"
BONE 33 3 "MouthMove"
BONE 34 3 "Eye_Rz_L"
BONE 35 34 "CheekUp2_L"
BONE 36 34 "Eye01_S_L"
BONE 37 34 "Eye02_S_L"
BONE 38 34 "Eye03_S_L"
BONE 39 34 "Eye04_S_L"
BONE 40 34 "Eye05_S_L"
BONE 41 34 "Eye06_S_L"
BONE 42 34 "Eye07_S_L"
BONE 43 34 "Eye08_S_L"
BONE 44 3 "Eye_Rz_R"
BONE 45 44 "CheekUp2_R"
BONE 46 44 "Eye01_S_R"
BONE 47 44 "Eye02_S_R"
BONE 48 44 "Eye03_S_R"
BONE 49 44 "Eye04_S_R"
BONE 50 44 "Eye05_S_R"
BONE 51 44 "Eye06_S_R"
BONE 52 44 "Eye07_S_R"
BONE 53 44 "Eye08_S_R"

BONE 0
OFFSET 0.000000 0.000000 0.000000
SCALE 1.000000 1.000000 1.000000
X 1.000000 0.000000 0.000000
Y 0.000000 1.000000 0.000000
Z 0.000000 0.000000 1.000000

BONE 1
OFFSET -2.371330 0.000194 43.695026
SCALE 1.000000 1.000000 1.000000
X 0.020430 -0.000061 0.999791
Y 0.999791 0.000062 -0.020430
Z -0.000060 1.000000 0.000063

BONE 2
OFFSET -2.587651 0.000000 50.848793
SCALE 1.000000 1.000000 1.000000
X 0.309729 -0.000041 0.950825
Y 0.950825 0.000075 -0.309729
Z -0.000059 1.000000 0.000063

BONE 3
OFFSET -2.587649 0.000000 53.127945
SCALE 1.000000 1.000000 1.000000
X 0.216405 -0.000040 0.976304
Y 0.976303 0.000072 -0.216405
Z -0.000061 1.000000 0.000055

BONE 4
OFFSET 0.714521 1.145360 56.027264
SCALE 1.000000 1.000000 1.000000
X 0.000657 0.999997 -0.000111
Y -0.998859 0.000650 -0.047740
Z -0.047740 0.000142 0.998860

BONE 5
OFFSET 0.723714 -1.166465 56.027916
SCALE 1.000000 1.000000 1.000000
X 0.000011 1.000000 0.000102
Y 0.998894 -0.000016 0.047002
Z 0.047002 0.000102 -0.998895

BONE 6
OFFSET 0.372678 1.960856 56.052624
SCALE 1.000000 1.000000 1.000000
X 0.000657 1.000000 -0.000131
Y -0.998864 0.000650 -0.047642
Z -0.047641 0.000162 0.998864

BONE 7
OFFSET 0.400730 -1.936971 56.050892
SCALE 1.000000 1.000000 1.000000
X 0.000011 1.000000 0.000109
Y 0.998895 -0.000016 0.046997
Z 0.046997 0.000108 -0.998895

BONE 8
OFFSET -0.385249 1.606187 55.105927
SCALE 1.000000 1.000000 1.000000
X 0.000643 0.999998 -0.000128
Y -0.998868 0.000636 -0.047555
Z -0.047554 0.000159 0.998868

BONE 9
OFFSET -0.402554 -1.541697 55.161854
SCALE 1.000000 1.000000 1.000000
X 0.000014 1.000000 0.000089
Y 0.998890 -0.000019 0.047094
Z 0.047094 0.000088 -0.998890

BONE 10
OFFSET -0.393933 1.443216 54.087479
SCALE 1.000000 1.000000 1.000000
X 0.170265 0.000001 0.985398
Y 0.985398 0.000012 -0.170265
Z -0.000012 1.000000 0.000001

BONE 11
OFFSET -0.355695 -1.440795 54.113384
SCALE 1.000000 1.000000 1.000000
X 0.170269 0.000002 0.985398
Y 0.985398 0.000015 -0.170269
Z -0.000015 1.000000 0.000000

BONE 12
OFFSET -0.607391 0.977275 55.578621
SCALE 1.000000 1.000000 1.000000
X -0.065611 0.997120 0.038026
Y -0.996950 -0.063892 -0.044805
Z -0.042247 -0.040850 0.998272

BONE 13
OFFSET -0.607121 -0.932334 55.572906
SCALE 1.000000 1.000000 1.000000
X 0.066597 0.997041 -0.038394
Y 0.996922 -0.064895 0.043984
Z 0.041363 -0.041205 -0.998294

BONE 14
OFFSET -0.607022 0.976408 55.642036
SCALE 1.000000 1.000000 1.000000
X -0.065482 0.997129 0.037998
Y -0.996962 -0.063768 -0.044711
Z -0.042159 -0.040811 0.998277

BONE 15
OFFSET -0.606480 -0.933499 55.630581
SCALE 1.000000 1.000000 1.000000
X 0.066543 0.997045 -0.038371
Y 0.996937 -0.064854 0.043707
Z 0.041089 -0.041161 -0.998307

BONE 16
OFFSET -1.980935 0.911727 55.186008
SCALE 1.000000 1.000000 1.000000
X -0.205906 0.978519 -0.010113
Y -0.977368 -0.206155 -0.047461
Z -0.048526 0.000111 0.998822

BONE 17
OFFSET -1.981581 -0.910679 55.185982
SCALE 1.000000 1.000000 1.000000
X 0.207722 0.978139 0.009779
Y 0.977074 -0.207952 0.045636
Z 0.046672 0.000076 -0.998910

BONE 18
OFFSET -2.404627 0.000044 57.996201
SCALE 1.000000 1.000000 1.000000
X 0.170358 0.000009 0.985382
Y 0.985382 -0.000000 -0.170358
Z -0.000001 1.000000 -0.000009

BONE 19
OFFSET -3.246418 0.000047 59.052326
SCALE 1.000000 1.000000 1.000000
X 0.995888 -0.000059 0.090593
Y 0.000076 1.000000 -0.000183
Z -0.090593 0.000189 0.995888

BONE 20
OFFSET -2.160999 0.000451 53.430218
SCALE 1.000000 1.000000 1.000000
X 0.000648 0.999999 -0.000098
Y -0.998855 0.000642 -0.047824
Z -0.047824 0.000129 0.998856

BONE 21
OFFSET 0.408017 -0.001362 51.912258
SCALE 1.000000 1.000000 1.000000
X 0.000648 0.999999 -0.000103
Y -0.998869 0.000642 -0.047547
Z -0.047547 0.000133 0.998869

BONE 22
OFFSET 0.147148 0.222882 53.252510
SCALE 1.000000 1.000000 1.000000
X 0.000648 0.999999 -0.000084
Y -0.998860 0.000643 -0.047733
Z -0.047733 0.000115 0.998860

BONE 23
OFFSET 0.147148 -0.221822 53.252510
SCALE 1.000000 1.000000 1.000000
X 0.001068 0.999999 0.000192
Y 0.998873 -0.000382 0.047457
Z 0.046967 0.000142 -0.998896

BONE 24
OFFSET 0.325444 0.483067 54.814240
SCALE 1.000000 1.000000 1.000000
X 0.000646 1.000000 -0.000075
Y -0.998860 0.000642 -0.047728
Z -0.047728 0.000106 0.998860

BONE 25
OFFSET 0.346629 -0.464171 54.819069
SCALE 1.000000 1.000000 1.000000
X 0.000014 1.000000 0.000081
Y 0.998886 -0.000018 0.047181
Z 0.047181 0.000080 -0.998886

BONE 26
OFFSET 0.205400 0.222882 53.385635
SCALE 1.000000 1.000000 1.000000
X 0.000648 0.999995 -0.000085
Y -0.998860 0.000642 -0.047731
Z -0.047731 0.000116 0.998860

BONE 27
OFFSET 0.205400 -0.221822 53.385635
SCALE 1.000000 1.000000 1.000000
X 0.000011 1.000000 0.000106
Y 0.998895 -0.000016 0.047004
Z 0.047004 0.000106 -0.998895

BONE 28
OFFSET 0.092722 0.450853 53.321400
SCALE 1.000000 1.000000 1.000000
X 0.000646 1.000000 -0.000116
Y -0.998864 0.000640 -0.047641
Z -0.047641 0.000147 0.998865

BONE 29
OFFSET 0.092723 -0.449793 53.321392
SCALE 1.000000 1.000000 1.000000
X 0.000000 1.000000 0.000110
Y 0.998891 -0.000006 0.047092
Z 0.047092 0.000110 -0.998891

BONE 30
OFFSET 1.621360 0.000047 57.262234
SCALE 1.000000 1.000000 1.000000
X 0.985417 0.000006 -0.170153
Y -0.170153 0.000000 -0.985418
Z -0.000006 1.000000 0.000001

BONE 31
OFFSET -0.044119 0.000453 55.446651
SCALE 1.000000 1.000000 1.000000
X 0.922511 -0.000082 0.385970
Y 0.000090 1.000000 -0.000002
Z -0.385970 0.000037 0.922511

BONE 32
OFFSET -0.677897 0.000001 53.317165
SCALE 1.000000 1.000000 1.000000
X -0.000000 1.000000 0.000000
Y -0.000000 0.000000 1.000000
Z 1.000000 0.000000 0.000000

BONE 33
OFFSET 0.171797 0.000001 53.317165
SCALE 1.000000 1.000000 1.000000
X -0.000000 1.000000 -0.000000
Y -0.000000 0.000000 1.000000
Z 1.000000 0.000000 0.000000

BONE 34
OFFSET -0.805541 1.406756 55.326813
SCALE 1.000000 1.000000 1.000000
X 0.000000 1.000000 0.000000
Y 0.000000 0.000000 1.000000
Z 1.000000 -0.000000 0.000000

BONE 35
OFFSET -0.942562 1.490822 54.305882
SCALE 1.000000 1.000000 1.000000
X -0.000000 1.000000 0.000000
Y 0.000000 -0.000000 1.000000
Z 1.000000 0.000000 0.000000

BONE 36
OFFSET -0.045165 0.750726 55.160583
SCALE 1.000000 1.000000 1.000000
X -0.000000 1.000000 0.000000
Y -0.000000 -0.000000 1.000000
Z 1.000000 0.000000 0.000000

BONE 37
OFFSET -0.148494 1.035236 55.099495
SCALE 1.000000 1.000000 1.000000
X -0.000000 1.000000 0.000000
Y -0.000000 -0.000000 1.000000
Z 1.000000 0.000000 0.000000

BONE 38
OFFSET -0.061973 1.518929 55.723816
SCALE 1.000000 1.000000 1.000000
X -0.000000 1.000000 0.000000
Y -0.000000 -0.000000 1.000000
Z 1.000000 0.000000 0.000000

BONE 39
OFFSET -0.145424 1.910318 55.874100
SCALE 1.000000 1.000000 1.000000
X -0.000000 1.000000 0.000000
Y -0.000000 -0.000000 1.000000
Z 1.000000 0.000000 0.000000

BONE 40
OFFSET -0.395656 2.159327 55.441959
SCALE 1.000000 1.000000 1.000000
X -0.000000 1.000000 0.000000
Y 0.000000 -0.000000 1.000000
Z 1.000000 0.000000 0.000000

BONE 41
OFFSET -0.502150 1.953610 54.849831
SCALE 1.000000 1.000000 1.000000
X -0.000000 1.000000 0.000000
Y 0.000000 -0.000000 1.000000
Z 1.000000 0.000000 0.000000

BONE 42
OFFSET -0.316596 1.400582 54.670643
SCALE 1.000000 1.000000 1.000000
X -0.000000 1.000000 0.000000
Y -0.000000 -0.000000 1.000000
Z 1.000000 0.000000 0.000000

BONE 43
OFFSET -0.157973 0.888021 54.735077
SCALE 1.000000 1.000000 1.000000
X -0.000000 1.000000 0.000000
Y -0.000000 -0.000000 1.000000
Z 1.000000 0.000000 0.000000

BONE 44
OFFSET -0.805540 -1.407387 55.326794
SCALE 1.000000 1.000000 1.000000
X -0.000000 1.000000 0.000000
Y -0.000000 0.000000 1.000000
Z 1.000000 0.000000 0.000000

BONE 45
OFFSET -0.942561 -1.491453 54.305866
SCALE 1.000000 1.000000 1.000000
X -0.000000 1.000000 0.000000
Y -0.000000 -0.000000 1.000000
Z 1.000000 0.000000 0.000000

BONE 46
OFFSET -0.046814 -0.750942 55.159588
SCALE 1.000000 1.000000 1.000000
X -0.000000 1.000000 0.000000
Y -0.000000 -0.000000 1.000000
Z 1.000000 0.000000 0.000000

BONE 47
OFFSET -0.148580 -1.035131 55.099453
SCALE 1.000000 1.000000 1.000000
X -0.000000 1.000000 0.000000
Y -0.000000 -0.000000 1.000000
Z 1.000000 0.000000 0.000000

BONE 48
OFFSET -0.053670 -1.476800 55.717567
SCALE 1.000000 1.000000 1.000000
X -0.000000 1.000000 0.000000
Y -0.000000 -0.000000 1.000000
Z 1.000000 0.000000 0.000000

BONE 49
OFFSET -0.144349 -1.911615 55.873821
SCALE 1.000000 1.000000 1.000000
X -0.000000 1.000000 0.000000
Y 0.000000 -0.000000 1.000000
Z 1.000000 0.000000 0.000000

BONE 50
OFFSET -0.395697 -2.161238 55.442043
SCALE 1.000000 1.000000 1.000000
X -0.000000 1.000000 0.000000
Y -0.000000 -0.000000 1.000000
Z 1.000000 0.000000 0.000000

BONE 51
OFFSET -0.501464 -1.953493 54.850521
SCALE 1.000000 1.000000 1.000000
X -0.000000 1.000000 0.000000
Y -0.000000 -0.000000 1.000000
Z 1.000000 0.000000 0.000000

BONE 52
OFFSET -0.317191 -1.400444 54.671375
SCALE 1.000000 1.000000 1.000000
X -0.000000 1.000000 0.000000
Y -0.000000 -0.000000 1.000000
Z 1.000000 0.000000 0.000000

BONE 53
OFFSET -0.159285 -0.888924 54.734249
SCALE 1.000000 1.000000 1.000000
X -0.000000 1.000000 0.000000
Y -0.000000 -0.000000 1.000000
Z 1.000000 0.000000 0.000000


NUMVERTS 581
VERT 0
OFFSET -2.931240 3.016042 54.958202
BONES 1
BONE 3 1.000000

VERT 1
OFFSET -2.660505 2.990005 55.319355
BONES 1
BONE 3 1.000000

VERT 2
OFFSET -2.290582 2.669829 55.459831
BONES 1
BONE 3 1.000000

VERT 3
OFFSET -2.730559 3.272066 55.458477
BONES 1
BONE 3 1.000000

VERT 4
OFFSET -2.224975 3.165209 55.485100
BONES 1
BONE 3 1.000000

VERT 5
OFFSET -2.109962 2.821142 55.107468
BONES 1
BONE 3 1.000000

VERT 6
OFFSET -2.116167 2.651830 54.854988
BONES 1
BONE 3 1.000000

VERT 7
OFFSET -2.394657 2.692955 54.929893
BONES 1
BONE 3 1.000000

VERT 8
OFFSET -2.281617 2.505383 54.510796
BONES 2
BONE 3 0.999906
BONE 35 0.000094

VERT 9
OFFSET -2.285285 2.491906 54.690712
BONES 1
BONE 3 1.000000

VERT 10
OFFSET -2.117094 2.239714 54.328426
BONES 2
BONE 35 0.033832
BONE 3 0.966168

VERT 11
OFFSET -2.229459 2.316803 53.883682
BONES 1
BONE 3 1.000000

VERT 12
OFFSET -2.526814 2.537019 54.590729
BONES 1
BONE 3 1.000000

VERT 13
OFFSET -2.521495 2.567618 54.122173
BONES 1
BONE 3 1.000000

VERT 14
OFFSET -2.378042 2.309584 53.783955
BONES 1
BONE 3 1.000000

VERT 15
OFFSET -2.759707 2.704668 53.990429
BONES 1
BONE 3 1.000000

VERT 16
OFFSET -2.929119 2.626775 54.402260
BONES 1
BONE 3 1.000000

VERT 17
OFFSET -2.878741 2.908445 54.217361
BONES 1
BONE 3 1.000000

VERT 18
OFFSET -3.028311 3.032748 54.357845
BONES 1
BONE 3 1.000000

VERT 19
OFFSET -2.710371 3.034007 54.649097
BONES 1
BONE 3 1.000000

VERT 20
OFFSET -2.514597 3.077578 54.933933
BONES 1
BONE 3 1.000000

VERT 21
OFFSET -2.897876 3.230072 55.007557
BONES 1
BONE 3 1.000000

VERT 22
OFFSET -2.906826 3.305387 54.896336
BONES 1
BONE 3 1.000000

VERT 23
OFFSET -2.967814 3.404084 55.029072
BONES 1
BONE 3 1.000000

VERT 24
OFFSET -3.067707 3.252870 54.995647
BONES 1
BONE 3 1.000000

VERT 25
OFFSET -2.567366 3.349391 55.445274
BONES 1
BONE 3 1.000000

VERT 26
OFFSET -2.493469 3.156221 55.389072
BONES 1
BONE 3 1.000000

VERT 27
OFFSET -2.384062 3.231748 55.408970
BONES 1
BONE 3 1.000000

VERT 28
OFFSET -0.490958 0.000001 52.700077
BONES 2
BONE 32 0.842109
BONE 3 0.157891

VERT 29
OFFSET -0.485165 0.452256 52.927021
BONES 2
BONE 32 0.849884
BONE 3 0.150116

VERT 30
OFFSET -0.272134 0.619899 53.479053
BONES 1
BONE 32 1.000000

VERT 31
OFFSET -0.911147 0.597513 53.216122
BONES 1
BONE 32 1.000000

VERT 32
OFFSET -1.057179 0.351368 53.449955
BONES 1
BONE 32 1.000000

VERT 33
OFFSET -0.607459 0.290070 53.879589
BONES 1
BONE 32 1.000000

VERT 34
OFFSET 0.024657 0.361515 53.771011
BONES 1
BONE 32 1.000000

VERT 35
OFFSET -1.167910 0.442562 52.993103
BONES 2
BONE 3 0.039020
BONE 32 0.960980

VERT 36
OFFSET -0.981438 0.000000 52.674915
BONES 2
BONE 32 0.855000
BONE 3 0.145000

VERT 37
OFFSET -0.485165 -0.452256 52.927021
BONES 2
BONE 32 0.849884
BONE 3 0.150116

VERT 38
OFFSET -0.313576 -0.635103 53.433464
BONES 1
BONE 32 1.000000

VERT 39
OFFSET -0.137670 -0.192184 53.908489
BONES 1
BONE 32 1.000000

VERT 40
OFFSET -0.607413 -0.263865 53.899101
BONES 1
BONE 32 1.000000

VERT 41
OFFSET -1.056510 -0.355561 53.448017
BONES 1
BONE 32 1.000000

VERT 42
OFFSET -0.002738 -0.419582 53.706516
BONES 1
BONE 32 1.000000

VERT 43
OFFSET 0.160069 -0.033245 53.782360
BONES 1
BONE 32 1.000000

VERT 44
OFFSET 0.136079 0.007822 53.321880
BONES 6
BONE 28 0.018848
BONE 26 0.132286
BONE 27 0.144693
BONE 33 0.676967
BONE 29 0.017769
BONE 32 0.009438

VERT 45
OFFSET -1.140845 -0.484709 53.025200
BONES 2
BONE 3 0.020957
BONE 32 0.979043

VERT 46
OFFSET -2.329570 1.107672 53.160213
BONES 1
BONE 3 1.000000

VERT 47
OFFSET -2.453350 1.326619 53.463474
BONES 1
BONE 3 1.000000

VERT 48
OFFSET -2.717160 1.772101 54.050289
BONES 1
BONE 3 1.000000

VERT 49
OFFSET -2.282919 1.961196 53.952106
BONES 2
BONE 35 0.000153
BONE 3 0.999847

VERT 50
OFFSET -2.478740 1.984914 53.941738
BONES 1
BONE 3 1.000000

VERT 51
OFFSET -1.647889 1.774141 53.483421
BONES 2
BONE 3 0.978063
BONE 35 0.021937

VERT 52
OFFSET -1.283096 1.342620 52.984169
BONES 1
BONE 3 1.000000

VERT 53
OFFSET -0.933122 1.065121 52.754768
BONES 1
BONE 3 1.000000

VERT 54
OFFSET -1.201800 0.245237 52.443962
BONES 1
BONE 3 1.000000

VERT 55
OFFSET -0.949476 1.662890 53.229210
BONES 3
BONE 34 0.000244
BONE 35 0.031909
BONE 3 0.967847

VERT 56
OFFSET -0.461124 1.297712 53.069183
BONES 3
BONE 35 0.004575
BONE 33 0.029951
BONE 3 0.965474

VERT 57
OFFSET -0.553761 0.239087 52.359760
BONES 2
BONE 33 0.000039
BONE 3 0.999961

VERT 58
OFFSET -0.216009 0.169201 52.503208
BONES 3
BONE 3 0.938597
BONE 28 0.000165
BONE 33 0.061238

VERT 59
OFFSET -0.394900 0.000469 52.340416
BONES 1
BONE 3 1.000000

VERT 60
OFFSET -0.636930 -0.078531 52.300014
BONES 1
BONE 3 1.000000

VERT 61
OFFSET -1.425400 -0.037850 52.479450
BONES 1
BONE 3 1.000000

VERT 62
OFFSET -1.569658 0.553483 52.649441
BONES 1
BONE 3 1.000000

VERT 63
OFFSET -1.660826 0.316323 52.394756
BONES 1
BONE 3 1.000000

VERT 64
OFFSET -2.175220 0.980377 52.689793
BONES 1
BONE 3 1.000000

VERT 65
OFFSET -2.727668 1.178725 52.997704
BONES 1
BONE 3 1.000000

VERT 66
OFFSET -2.841237 1.216043 53.421040
BONES 1
BONE 3 1.000000

VERT 67
OFFSET -3.300446 0.976426 53.279396
BONES 1
BONE 3 1.000000

VERT 68
OFFSET -3.199142 1.122438 53.743137
BONES 1
BONE 3 1.000000

VERT 69
OFFSET -3.922941 0.631955 54.200188
BONES 1
BONE 3 1.000000

VERT 70
OFFSET -3.880280 1.677356 55.008232
BONES 1
BONE 3 1.000000

VERT 71
OFFSET -3.151465 2.335848 54.853271
BONES 1
BONE 3 1.000000

VERT 72
OFFSET -4.185672 1.113043 54.644924
BONES 1
BONE 3 1.000000

VERT 73
OFFSET -3.766108 2.079360 55.397907
BONES 1
BONE 3 1.000000

VERT 74
OFFSET -3.659637 2.569226 56.385757
BONES 1
BONE 3 1.000000

VERT 75
OFFSET -2.978616 2.657580 55.035160
BONES 1
BONE 3 1.000000

VERT 76
OFFSET -2.720272 2.667539 55.360619
BONES 1
BONE 3 1.000000

VERT 77
OFFSET -1.953139 2.632261 55.310482
BONES 2
BONE 35 0.002888
BONE 3 0.997112

VERT 78
OFFSET -3.438568 2.731436 56.896332
BONES 1
BONE 3 1.000000

VERT 79
OFFSET -0.884838 2.617158 55.451054
BONES 4
BONE 40 0.003016
BONE 35 0.042265
BONE 34 0.128557
BONE 3 0.826162

VERT 80
OFFSET -1.072508 2.084773 53.856987
BONES 3
BONE 3 0.781067
BONE 34 0.051260
BONE 35 0.167673

VERT 81
OFFSET -0.338466 1.905232 54.053017
BONES 4
BONE 41 0.016568
BONE 34 0.332733
BONE 3 0.478390
BONE 35 0.172309

VERT 82
OFFSET -0.619466 1.951980 53.759022
BONES 3
BONE 35 0.167162
BONE 3 0.747999
BONE 34 0.084839

VERT 83
OFFSET -0.460733 2.026594 54.839653
BONES 5
BONE 35 0.001799
BONE 42 0.019922
BONE 34 0.521095
BONE 41 0.396956
BONE 40 0.060229

VERT 84
OFFSET -0.217368 1.412739 53.432674
BONES 4
BONE 34 0.039922
BONE 35 0.019832
BONE 3 0.838776
BONE 33 0.101470

VERT 85
OFFSET -1.859289 2.397740 54.638771
BONES 3
BONE 3 0.930689
BONE 34 0.000056
BONE 35 0.069256

VERT 86
OFFSET -0.006791 1.186454 53.826233
BONES 5
BONE 42 0.000123
BONE 34 0.361521
BONE 3 0.598368
BONE 35 0.006815
BONE 33 0.033174

VERT 87
OFFSET -0.201553 1.737530 54.322414
BONES 6
BONE 43 0.005654
BONE 41 0.040559
BONE 35 0.108218
BONE 3 0.181388
BONE 34 0.598103
BONE 42 0.066078

VERT 88
OFFSET -0.042159 1.078379 54.276756
BONES 5
BONE 35 0.000500
BONE 3 0.220915
BONE 42 0.042128
BONE 34 0.699077
BONE 43 0.037379

VERT 89
OFFSET -0.246222 1.363824 54.604168
BONES 7
BONE 36 0.000541
BONE 40 0.000533
BONE 41 0.052174
BONE 35 0.000011
BONE 34 0.575331
BONE 42 0.277490
BONE 43 0.093920

VERT 90
OFFSET 0.572771 0.330554 53.994587
BONES 4
BONE 28 0.000267
BONE 34 0.105666
BONE 3 0.803626
BONE 33 0.090441

VERT 91
OFFSET -0.119667 0.715552 54.643890
BONES 5
BONE 36 0.043269
BONE 3 0.050762
BONE 34 0.635687
BONE 42 0.045563
BONE 43 0.224719

VERT 92
OFFSET 0.870938 -0.003884 54.117420
BONES 2
BONE 33 0.005464
BONE 3 0.994536

VERT 93
OFFSET 0.538023 0.031755 54.460186
BONES 4
BONE 44 0.000279
BONE 34 0.017425
BONE 3 0.982168
BONE 43 0.000129

VERT 94
OFFSET -0.159471 0.801249 54.774940
BONES 5
BONE 37 0.000007
BONE 43 0.257237
BONE 34 0.541188
BONE 36 0.163792
BONE 42 0.037776

VERT 95
OFFSET -0.457282 1.551324 54.597050
BONES 5
BONE 40 0.000060
BONE 42 0.188948
BONE 34 0.744534
BONE 43 0.011716
BONE 41 0.054742

VERT 96
OFFSET -0.302116 0.724316 54.816597
BONES 6
BONE 37 0.039494
BONE 38 0.000147
BONE 36 0.179082
BONE 42 0.045861
BONE 34 0.673162
BONE 43 0.062254

VERT 97
OFFSET -0.646895 1.422185 55.071636
BONES 4
BONE 37 0.023574
BONE 3 0.000000
BONE 34 0.941005
BONE 38 0.035421

VERT 98
OFFSET -0.100576 0.828965 55.172916
BONES 4
BONE 36 0.174836
BONE 38 0.007550
BONE 34 0.600365
BONE 37 0.217248

VERT 99
OFFSET -0.127966 1.277994 55.367107
BONES 4
BONE 38 0.189269
BONE 34 0.725207
BONE 37 0.078064
BONE 39 0.007460

VERT 100
OFFSET -0.043220 1.346986 55.297642
BONES 6
BONE 3 0.012706
BONE 36 0.003236
BONE 37 0.095582
BONE 39 0.029654
BONE 34 0.650733
BONE 38 0.208089

VERT 101
OFFSET -0.196315 1.849254 55.369141
BONES 5
BONE 38 0.191329
BONE 34 0.612522
BONE 37 0.000490
BONE 39 0.171519
BONE 40 0.024140

VERT 102
OFFSET -0.166666 2.292260 55.697136
BONES 4
BONE 3 0.344327
BONE 39 0.019905
BONE 34 0.635522
BONE 38 0.000246

VERT 103
OFFSET 0.409852 1.013239 55.825291
BONES 4
BONE 3 0.474794
BONE 38 0.000803
BONE 34 0.489565
BONE 37 0.034838

VERT 104
OFFSET 0.725883 1.620571 57.133259
BONES 2
BONE 34 0.052531
BONE 3 0.947469

VERT 105
OFFSET 0.944180 0.216521 56.792183
BONES 3
BONE 44 0.002279
BONE 34 0.027277
BONE 3 0.970443

VERT 106
OFFSET 0.394726 0.078332 55.228107
BONES 5
BONE 36 0.000993
BONE 37 0.002634
BONE 44 0.020139
BONE 34 0.081810
BONE 3 0.894425

VERT 107
OFFSET 0.558638 -0.019803 55.540394
BONES 5
BONE 47 0.003892
BONE 44 0.080276
BONE 34 0.091210
BONE 3 0.822503
BONE 37 0.002119

VERT 108
OFFSET 0.987602 0.105693 57.867760
BONES 2
BONE 3 0.994852
BONE 44 0.005148

VERT 109
OFFSET 0.389346 -0.001589 54.978226
BONES 3
BONE 44 0.036714
BONE 3 0.947136
BONE 34 0.016151

VERT 110
OFFSET -0.002102 0.538824 54.988289
BONES 5
BONE 43 0.051716
BONE 37 0.011773
BONE 36 0.172233
BONE 34 0.642641
BONE 3 0.121637

VERT 111
OFFSET -0.082379 0.764029 54.960732
BONES 5
BONE 38 0.000545
BONE 43 0.024129
BONE 36 0.297701
BONE 34 0.510263
BONE 37 0.167362

VERT 112
OFFSET -3.749034 0.453784 53.443550
BONES 1
BONE 3 1.000000

VERT 113
OFFSET -3.835642 -0.000001 53.471119
BONES 1
BONE 3 1.000000

VERT 114
OFFSET -4.599012 0.431096 54.620541
BONES 1
BONE 3 1.000000

VERT 115
OFFSET -4.390679 0.826805 54.684418
BONES 1
BONE 3 1.000000

VERT 116
OFFSET 0.058501 0.424679 53.318932
BONES 7
BONE 3 0.000772
BONE 23 0.000000
BONE 32 0.059315
BONE 28 0.256969
BONE 33 0.616050
BONE 22 0.031329
BONE 26 0.035565

VERT 117
OFFSET 0.095420 0.465172 53.282970
BONES 7
BONE 23 0.000000
BONE 26 0.000565
BONE 22 0.045824
BONE 28 0.247346
BONE 33 0.630640
BONE 32 0.003738
BONE 3 0.071886

VERT 118
OFFSET 0.227975 -0.001591 53.247944
BONES 6
BONE 29 0.012130
BONE 28 0.008838
BONE 3 0.044728
BONE 33 0.628435
BONE 22 0.161060
BONE 23 0.144810

VERT 119
OFFSET 0.151441 -0.057695 53.309280
BONES 7
BONE 28 0.015719
BONE 23 0.198787
BONE 22 0.123059
BONE 33 0.618289
BONE 3 0.001935
BONE 29 0.031732
BONE 32 0.010480

VERT 120
OFFSET 0.080300 0.101688 53.082607
BONES 6
BONE 29 0.003586
BONE 3 0.218184
BONE 28 0.029098
BONE 33 0.665531
BONE 22 0.072155
BONE 23 0.011447

VERT 121
OFFSET 0.258080 -0.399003 53.453964
BONES 5
BONE 29 0.115496
BONE 3 0.299572
BONE 33 0.536478
BONE 26 0.000006
BONE 27 0.048448

VERT 122
OFFSET 0.222336 0.003586 53.298061
BONES 7
BONE 28 0.009806
BONE 29 0.013102
BONE 3 0.009283
BONE 33 0.646704
BONE 27 0.192689
BONE 26 0.128301
BONE 32 0.000116

VERT 123
OFFSET 0.363347 -0.000000 53.444378
BONES 6
BONE 26 0.061997
BONE 27 0.074018
BONE 33 0.750366
BONE 29 0.013247
BONE 3 0.086054
BONE 28 0.014319

VERT 124
OFFSET 0.210485 0.481478 53.422630
BONES 5
BONE 27 0.000096
BONE 28 0.151238
BONE 3 0.233383
BONE 33 0.548104
BONE 26 0.067179

VERT 125
OFFSET -0.613367 2.374563 54.963902
BONES 6
BONE 39 0.001840
BONE 40 0.072059
BONE 35 0.151948
BONE 34 0.561253
BONE 3 0.157702
BONE 41 0.055197

VERT 126
OFFSET -1.243120 2.779342 56.786728
BONES 1
BONE 3 1.000000

VERT 127
OFFSET -0.279841 2.633996 56.179512
BONES 5
BONE 35 0.000797
BONE 34 0.149340
BONE 40 0.028739
BONE 3 0.821055
BONE 39 0.000068

VERT 128
OFFSET -0.372534 2.410034 55.516621
BONES 6
BONE 41 0.003145
BONE 3 0.143341
BONE 34 0.546812
BONE 39 0.095628
BONE 40 0.209749
BONE 38 0.001324

VERT 129
OFFSET -0.112725 2.430469 57.411694
BONES 1
BONE 3 1.000000

VERT 130
OFFSET 0.313342 2.227597 56.888050
BONES 2
BONE 3 0.946909
BONE 34 0.053091

VERT 131
OFFSET 0.380886 1.703261 58.318874
BONES 1
BONE 3 1.000000

VERT 132
OFFSET 0.704552 0.858433 58.586037
BONES 1
BONE 3 1.000000

VERT 133
OFFSET 0.129021 0.577948 59.670624
BONES 1
BONE 3 1.000000

VERT 134
OFFSET 0.157831 -0.267725 59.664986
BONES 1
BONE 3 1.000000

VERT 135
OFFSET 0.909753 -0.817137 57.594433
BONES 1
BONE 3 1.000000

VERT 136
OFFSET 0.901904 -0.615873 56.920712
BONES 2
BONE 3 0.923877
BONE 44 0.076123

VERT 137
OFFSET -0.043246 -1.348975 55.297604
BONES 6
BONE 48 0.208190
BONE 47 0.095497
BONE 3 0.012668
BONE 44 0.650752
BONE 49 0.029667
BONE 46 0.003227

VERT 138
OFFSET 0.307149 -0.287186 55.238335
BONES 4
BONE 47 0.009481
BONE 3 0.696988
BONE 44 0.289894
BONE 46 0.003637

VERT 139
OFFSET 0.355126 -0.295184 54.433712
BONES 3
BONE 3 0.779684
BONE 44 0.219161
BONE 53 0.001155

VERT 140
OFFSET -0.119793 -0.717451 54.643845
BONES 5
BONE 46 0.043276
BONE 52 0.045602
BONE 44 0.635716
BONE 53 0.224773
BONE 3 0.050633

VERT 141
OFFSET -0.159499 -0.802982 54.774914
BONES 5
BONE 47 0.000007
BONE 53 0.257230
BONE 44 0.541190
BONE 46 0.163805
BONE 52 0.037768

VERT 142
OFFSET -0.246268 -1.365570 54.604095
BONES 7
BONE 50 0.000535
BONE 51 0.052185
BONE 45 0.000011
BONE 52 0.277475
BONE 44 0.575330
BONE 53 0.093922
BONE 46 0.000542

VERT 143
OFFSET 0.628105 -0.251440 53.998901
BONES 4
BONE 44 0.044591
BONE 3 0.841156
BONE 33 0.113987
BONE 29 0.000266

VERT 144
OFFSET 0.049462 -1.064984 53.794090
BONES 5
BONE 45 0.005367
BONE 44 0.323389
BONE 33 0.068323
BONE 3 0.602824
BONE 52 0.000097

VERT 145
OFFSET -0.338555 -1.906579 54.053848
BONES 4
BONE 51 0.016562
BONE 3 0.477633
BONE 44 0.333331
BONE 45 0.172474

VERT 146
OFFSET -0.619648 -1.952548 53.759277
BONES 3
BONE 44 0.084809
BONE 45 0.167139
BONE 3 0.748051

VERT 147
OFFSET -0.949437 -1.662951 53.229267
BONES 3
BONE 44 0.000244
BONE 3 0.967836
BONE 45 0.031920

VERT 148
OFFSET -1.075388 -2.087453 53.861694
BONES 3
BONE 45 0.167897
BONE 3 0.779709
BONE 44 0.052394

VERT 149
OFFSET -0.460770 -2.028338 54.839569
BONES 5
BONE 45 0.001800
BONE 52 0.019919
BONE 44 0.521080
BONE 51 0.396962
BONE 50 0.060240

VERT 150
OFFSET -1.859430 -2.397875 54.638706
BONES 3
BONE 3 0.930742
BONE 44 0.000055
BONE 45 0.069203

VERT 151
OFFSET -0.884763 -2.616955 55.449245
BONES 4
BONE 50 0.003126
BONE 45 0.042512
BONE 44 0.129005
BONE 3 0.825357

VERT 152
OFFSET -2.720272 -2.667538 55.360619
BONES 1
BONE 3 1.000000

VERT 153
OFFSET -3.659636 -2.569225 56.385757
BONES 1
BONE 3 1.000000

VERT 154
OFFSET -3.438567 -2.731436 56.896332
BONES 1
BONE 3 1.000000

VERT 155
OFFSET -2.978615 -2.657581 55.035160
BONES 1
BONE 3 1.000000

VERT 156
OFFSET -3.151465 -2.335848 54.853271
BONES 1
BONE 3 1.000000

VERT 157
OFFSET -3.766107 -2.079360 55.397907
BONES 1
BONE 3 1.000000

VERT 158
OFFSET -2.478740 -1.984914 53.941738
BONES 1
BONE 3 1.000000

VERT 159
OFFSET -2.283234 -1.960794 53.952007
BONES 2
BONE 45 0.000108
BONE 3 0.999892

VERT 160
OFFSET -0.933096 -1.065069 52.754753
BONES 1
BONE 3 1.000000

VERT 161
OFFSET -0.461128 -1.297589 53.069122
BONES 3
BONE 45 0.004575
BONE 3 0.965466
BONE 33 0.029959

VERT 162
OFFSET -0.217378 -1.412752 53.432701
BONES 4
BONE 33 0.101543
BONE 3 0.838563
BONE 44 0.040028
BONE 45 0.019867

VERT 163
OFFSET -0.435908 -0.333148 52.456936
BONES 2
BONE 33 0.000108
BONE 3 0.999892

VERT 164
OFFSET -0.216530 -0.160379 52.503929
BONES 3
BONE 3 0.937358
BONE 29 0.000238
BONE 33 0.062404

VERT 165
OFFSET 0.098545 -0.468762 53.289539
BONES 7
BONE 22 0.000000
BONE 23 0.037830
BONE 33 0.614009
BONE 3 0.100527
BONE 29 0.235277
BONE 32 0.002700
BONE 27 0.009656

VERT 166
OFFSET -1.198243 -0.242523 52.441971
BONES 1
BONE 3 1.000000

VERT 167
OFFSET -1.572964 -0.560282 52.656567
BONES 1
BONE 3 1.000000

VERT 168
OFFSET -2.329570 -1.107672 53.160213
BONES 1
BONE 3 1.000000

VERT 169
OFFSET -2.453348 -1.326620 53.463474
BONES 1
BONE 3 1.000000

VERT 170
OFFSET -1.283098 -1.342568 52.984158
BONES 1
BONE 3 1.000000

VERT 171
OFFSET -1.648035 -1.774233 53.483574
BONES 2
BONE 45 0.021943
BONE 3 0.978058

VERT 172
OFFSET -2.841236 -1.216043 53.421040
BONES 1
BONE 3 1.000000

VERT 173
OFFSET -3.199141 -1.122438 53.743137
BONES 1
BONE 3 1.000000

VERT 174
OFFSET -3.880280 -1.677355 55.008232
BONES 1
BONE 3 1.000000

VERT 175
OFFSET -4.185672 -1.113043 54.644924
BONES 1
BONE 3 1.000000

VERT 176
OFFSET -3.922941 -0.631955 54.200188
BONES 1
BONE 3 1.000000

VERT 177
OFFSET -2.727667 -1.178725 52.997704
BONES 1
BONE 3 1.000000

VERT 178
OFFSET -3.300445 -0.976426 53.279396
BONES 1
BONE 3 1.000000

VERT 179
OFFSET -1.984063 -0.845935 52.577538
BONES 1
BONE 3 1.000000

VERT 180
OFFSET -1.603580 -0.170138 52.357586
BONES 1
BONE 3 1.000000

VERT 181
OFFSET 0.497182 0.000001 53.680607
BONES 4
BONE 29 0.001376
BONE 33 0.560275
BONE 28 0.000538
BONE 3 0.437811

VERT 182
OFFSET 0.328322 0.540731 53.709808
BONES 4
BONE 34 0.058558
BONE 3 0.502269
BONE 28 0.024636
BONE 33 0.414536

VERT 183
OFFSET -0.649938 2.154853 54.942112
BONES 6
BONE 39 0.022097
BONE 40 0.043173
BONE 42 0.002051
BONE 34 0.713096
BONE 41 0.218095
BONE 38 0.001488

VERT 184
OFFSET -0.444450 2.190121 55.149029
BONES 6
BONE 38 0.002774
BONE 41 0.132177
BONE 3 0.000011
BONE 34 0.568222
BONE 40 0.210889
BONE 39 0.085928

VERT 185
OFFSET -0.425593 2.146830 55.352119
BONES 4
BONE 39 0.173861
BONE 34 0.688940
BONE 38 0.039178
BONE 40 0.098022

VERT 186
OFFSET -3.076516 2.804565 57.400158
BONES 1
BONE 3 1.000000

VERT 187
OFFSET -2.343215 2.805046 58.031193
BONES 1
BONE 3 1.000000

VERT 188
OFFSET -1.297883 2.436714 58.844688
BONES 1
BONE 3 1.000000

VERT 189
OFFSET -0.450254 1.862804 59.391312
BONES 1
BONE 3 1.000000

VERT 190
OFFSET -0.137500 1.436490 59.586128
BONES 1
BONE 3 1.000000

VERT 191
OFFSET 0.058130 -0.424993 53.319534
BONES 6
BONE 32 0.055262
BONE 23 0.033405
BONE 33 0.624056
BONE 29 0.261521
BONE 3 0.000851
BONE 27 0.024905

VERT 192
OFFSET -2.660503 -2.990002 55.319355
BONES 1
BONE 3 1.000000

VERT 193
OFFSET -2.931239 -3.016042 54.958202
BONES 1
BONE 3 1.000000

VERT 194
OFFSET -3.028310 -3.032748 54.357841
BONES 1
BONE 3 1.000000

VERT 195
OFFSET -2.929118 -2.626773 54.402260
BONES 1
BONE 3 1.000000

VERT 196
OFFSET -2.878740 -2.908444 54.217361
BONES 1
BONE 3 1.000000

VERT 197
OFFSET -2.759707 -2.704669 53.990429
BONES 1
BONE 3 1.000000

VERT 198
OFFSET -2.378041 -2.309584 53.783955
BONES 1
BONE 3 1.000000

VERT 199
OFFSET -2.229457 -2.316801 53.883682
BONES 1
BONE 3 1.000000

VERT 200
OFFSET -2.117341 -2.238211 54.324879
BONES 2
BONE 45 0.032179
BONE 3 0.967821

VERT 201
OFFSET -2.521495 -2.567618 54.122173
BONES 1
BONE 3 1.000000

VERT 202
OFFSET -2.281620 -2.505381 54.510792
BONES 2
BONE 45 0.000094
BONE 3 0.999906

VERT 203
OFFSET -2.116167 -2.651831 54.854992
BONES 1
BONE 3 1.000000

VERT 204
OFFSET -2.109961 -2.821142 55.107468
BONES 1
BONE 3 1.000000

VERT 205
OFFSET -2.394656 -2.692955 54.929893
BONES 1
BONE 3 1.000000

VERT 206
OFFSET -2.285285 -2.491905 54.690712
BONES 1
BONE 3 1.000000

VERT 207
OFFSET -1.953139 -2.632263 55.310482
BONES 2
BONE 45 0.002888
BONE 3 0.997112

VERT 208
OFFSET -2.224973 -3.165207 55.485096
BONES 1
BONE 3 1.000000

VERT 209
OFFSET -2.514596 -3.077577 54.933933
BONES 1
BONE 3 1.000000

VERT 210
OFFSET -2.493468 -3.156221 55.389072
BONES 1
BONE 3 1.000000

VERT 211
OFFSET -2.526813 -2.537018 54.590729
BONES 1
BONE 3 1.000000

VERT 212
OFFSET -2.710370 -3.034006 54.649097
BONES 1
BONE 3 1.000000

VERT 213
OFFSET -2.897874 -3.230072 55.007557
BONES 1
BONE 3 1.000000

VERT 214
OFFSET -2.384059 -3.231747 55.408970
BONES 1
BONE 3 1.000000

VERT 215
OFFSET -2.567364 -3.349390 55.445274
BONES 1
BONE 3 1.000000

VERT 216
OFFSET -2.967813 -3.404085 55.029072
BONES 1
BONE 3 1.000000

VERT 217
OFFSET -2.730558 -3.272065 55.458477
BONES 1
BONE 3 1.000000

VERT 218
OFFSET -2.290582 -2.669829 55.459831
BONES 1
BONE 3 1.000000

VERT 219
OFFSET -3.067706 -3.252869 54.995647
BONES 1
BONE 3 1.000000

VERT 220
OFFSET -2.906824 -3.305387 54.896336
BONES 1
BONE 3 1.000000

VERT 221
OFFSET -2.717159 -1.772101 54.050289
BONES 1
BONE 3 1.000000

VERT 222
OFFSET -3.749035 -0.453784 53.443550
BONES 1
BONE 3 1.000000

VERT 223
OFFSET -4.563399 -0.000000 54.509827
BONES 1
BONE 3 1.000000

VERT 224
OFFSET -4.599011 -0.431097 54.620541
BONES 1
BONE 3 1.000000

VERT 225
OFFSET -4.390678 -0.826806 54.684418
BONES 1
BONE 3 1.000000

VERT 226
OFFSET -4.743158 -0.000000 54.341267
BONES 1
BONE 3 1.000000

VERT 227
OFFSET -0.613396 -2.376308 54.964188
BONES 6
BONE 49 0.001905
BONE 50 0.072872
BONE 45 0.151411
BONE 44 0.560477
BONE 3 0.159042
BONE 51 0.054293

VERT 228
OFFSET -1.243221 -2.779347 56.786850
BONES 1
BONE 3 1.000000

VERT 229
OFFSET -0.280324 -2.634357 56.177811
BONES 5
BONE 45 0.000829
BONE 44 0.150433
BONE 50 0.029217
BONE 3 0.819451
BONE 49 0.000069

VERT 230
OFFSET -0.372507 -2.411447 55.516373
BONES 6
BONE 51 0.003158
BONE 3 0.143201
BONE 44 0.546825
BONE 49 0.095665
BONE 50 0.209826
BONE 48 0.001325

VERT 231
OFFSET -0.112722 -2.430468 57.411690
BONES 1
BONE 3 1.000000

VERT 232
OFFSET 0.313395 -2.227588 56.888081
BONES 2
BONE 3 0.946920
BONE 44 0.053080

VERT 233
OFFSET 0.447367 -1.554408 58.468170
BONES 1
BONE 3 1.000000

VERT 234
OFFSET 0.065809 -1.993914 55.838749
BONES 6
BONE 47 0.003048
BONE 50 0.000183
BONE 44 0.636275
BONE 49 0.016160
BONE 3 0.340867
BONE 48 0.003467

VERT 235
OFFSET 0.725903 -1.620545 57.133286
BONES 2
BONE 44 0.052540
BONE 3 0.947460

VERT 236
OFFSET -0.444519 -2.191857 55.148834
BONES 6
BONE 3 0.000011
BONE 50 0.210888
BONE 44 0.568216
BONE 48 0.002773
BONE 49 0.085906
BONE 51 0.132206

VERT 237
OFFSET 0.758500 -0.313679 58.733074
BONES 1
BONE 3 1.000000

VERT 238
OFFSET -0.002141 -0.540426 54.988247
BONES 5
BONE 3 0.121560
BONE 46 0.172291
BONE 44 0.642659
BONE 47 0.011781
BONE 53 0.051709

VERT 239
OFFSET -0.082462 -0.765767 54.960529
BONES 5
BONE 44 0.510392
BONE 47 0.167155
BONE 48 0.000538
BONE 46 0.297796
BONE 53 0.024120

VERT 240
OFFSET -0.100654 -0.830690 55.172714
BONES 4
BONE 47 0.217229
BONE 44 0.600383
BONE 48 0.007549
BONE 46 0.174840

VERT 241
OFFSET -0.196369 -1.850953 55.368946
BONES 5
BONE 50 0.024268
BONE 49 0.171544
BONE 47 0.000492
BONE 44 0.612409
BONE 48 0.191288

VERT 242
OFFSET -0.128000 -1.279814 55.367172
BONES 4
BONE 47 0.078035
BONE 49 0.007475
BONE 44 0.725196
BONE 48 0.189294

VERT 243
OFFSET -0.646916 -1.423922 55.071644
BONES 4
BONE 47 0.023574
BONE 3 0.000000
BONE 44 0.941005
BONE 48 0.035421

VERT 244
OFFSET -0.425626 -2.148572 55.351929
BONES 4
BONE 50 0.098041
BONE 49 0.173862
BONE 44 0.688908
BONE 48 0.039189

VERT 245
OFFSET -0.649970 -2.156636 54.942108
BONES 6
BONE 48 0.001488
BONE 52 0.002050
BONE 49 0.022114
BONE 50 0.043174
BONE 44 0.713128
BONE 51 0.218045

VERT 246
OFFSET -0.457318 -1.553054 54.597000
BONES 5
BONE 52 0.188943
BONE 50 0.000060
BONE 44 0.744535
BONE 51 0.054744
BONE 53 0.011718

VERT 247
OFFSET -0.302128 -0.726043 54.816597
BONES 6
BONE 47 0.039514
BONE 48 0.000147
BONE 46 0.179097
BONE 52 0.045859
BONE 44 0.673147
BONE 53 0.062236

VERT 248
OFFSET -0.036123 -1.054625 54.281097
BONES 5
BONE 52 0.048514
BONE 44 0.689894
BONE 53 0.044168
BONE 3 0.216968
BONE 45 0.000457

VERT 249
OFFSET -0.201575 -1.738968 54.322472
BONES 6
BONE 53 0.005651
BONE 3 0.181235
BONE 44 0.598179
BONE 52 0.066113
BONE 45 0.108201
BONE 51 0.040621

VERT 250
OFFSET -0.137500 -1.436490 59.586128
BONES 1
BONE 3 1.000000

VERT 251
OFFSET -0.450255 -1.862804 59.391312
BONES 1
BONE 3 1.000000

VERT 252
OFFSET -1.297883 -2.436714 58.844688
BONES 1
BONE 3 1.000000

VERT 253
OFFSET -2.343212 -2.805045 58.031197
BONES 1
BONE 3 1.000000

VERT 254
OFFSET -3.076515 -2.804565 57.400158
BONES 1
BONE 3 1.000000

VERT 255
OFFSET 0.791327 0.951586 56.445007
BONES 3
BONE 3 0.750000
BONE 6 0.022916
BONE 4 0.227084

VERT 256
OFFSET 0.549403 1.377543 55.803841
BONES 3
BONE 4 0.165233
BONE 6 0.084767
BONE 3 0.750000

VERT 257
OFFSET 0.776773 0.469532 55.937500
BONES 3
BONE 3 0.749999
BONE 6 0.006934
BONE 4 0.243067

VERT 258
OFFSET 0.417270 1.723090 55.785538
BONES 3
BONE 6 0.163123
BONE 4 0.086879
BONE 3 0.749998

VERT 259
OFFSET 0.188069 2.096056 55.741199
BONES 3
BONE 6 0.230065
BONE 4 0.019938
BONE 3 0.749997

VERT 260
OFFSET 0.303566 2.150823 56.287510
BONES 3
BONE 3 0.749998
BONE 4 0.027366
BONE 6 0.222636

VERT 261
OFFSET 0.597865 1.591287 56.376614
BONES 3
BONE 6 0.127120
BONE 4 0.122880
BONE 3 0.750000

VERT 262
OFFSET 0.035538 2.446259 56.172462
BONES 3
BONE 3 0.750000
BONE 4 0.009819
BONE 6 0.240181

VERT 263
OFFSET -0.048230 2.402165 55.609940
BONES 3
BONE 6 0.239206
BONE 4 0.010807
BONE 3 0.749987

VERT 264
OFFSET -0.180243 2.563100 55.613964
BONES 3
BONE 3 0.749999
BONE 4 0.013738
BONE 6 0.236263

VERT 265
OFFSET -0.224940 2.633802 55.721275
BONES 3
BONE 3 0.750000
BONE 4 0.014298
BONE 6 0.235703

VERT 266
OFFSET 0.831330 0.684221 56.410316
BONES 3
BONE 3 0.750000
BONE 6 0.007607
BONE 4 0.242393

VERT 267
OFFSET 0.697527 0.674885 55.770874
BONES 3
BONE 3 0.750000
BONE 6 0.007768
BONE 4 0.242232

VERT 268
OFFSET 0.730763 0.547909 55.819202
BONES 3
BONE 4 0.243703
BONE 6 0.006297
BONE 3 0.750000

VERT 269
OFFSET 0.831178 0.523519 56.259933
BONES 3
BONE 3 0.750000
BONE 6 0.007011
BONE 4 0.242989

VERT 270
OFFSET -0.102206 2.564717 56.056808
BONES 3
BONE 6 0.238974
BONE 4 0.011026
BONE 3 0.750000

VERT 271
OFFSET -0.217682 2.637215 55.840088
BONES 3
BONE 6 0.236278
BONE 4 0.013722
BONE 3 0.750000

VERT 272
OFFSET 0.791381 -0.951362 56.445724
BONES 3
BONE 3 0.749999
BONE 5 0.227102
BONE 7 0.022899

VERT 273
OFFSET 0.549562 -1.377090 55.805412
BONES 3
BONE 7 0.084740
BONE 5 0.165280
BONE 3 0.749980

VERT 274
OFFSET 0.776789 -0.469516 55.938023
BONES 3
BONE 3 0.750000
BONE 5 0.243066
BONE 7 0.006934

VERT 275
OFFSET 0.569051 -1.697364 56.364437
BONES 3
BONE 7 0.131575
BONE 5 0.118437
BONE 3 0.749988

VERT 276
OFFSET 0.394326 -1.731552 55.791992
BONES 3
BONE 3 0.749664
BONE 7 0.163674
BONE 5 0.086662

VERT 277
OFFSET 0.188447 -2.095357 55.745075
BONES 3
BONE 5 0.019974
BONE 7 0.230052
BONE 3 0.749974

VERT 278
OFFSET -0.108083 -2.511880 55.597652
BONES 3
BONE 3 0.749998
BONE 7 0.237060
BONE 5 0.012942

VERT 279
OFFSET 0.304277 -2.124573 56.297501
BONES 3
BONE 5 0.027992
BONE 7 0.222008
BONE 3 0.750000

VERT 280
OFFSET 0.035705 -2.445904 56.176342
BONES 3
BONE 3 0.749994
BONE 7 0.240186
BONE 5 0.009820

VERT 281
OFFSET -0.048120 -2.401880 55.613785
BONES 3
BONE 5 0.010808
BONE 7 0.239193
BONE 3 0.750000

VERT 282
OFFSET -0.224806 -2.633481 55.725067
BONES 3
BONE 3 0.749975
BONE 7 0.235726
BONE 5 0.014299

VERT 283
OFFSET -0.193799 -2.583360 55.637608
BONES 4
BONE 5 0.014060
BONE 6 0.000000
BONE 7 0.235948
BONE 3 0.749992

VERT 284
OFFSET 0.831339 -0.684149 56.410812
BONES 3
BONE 3 0.750000
BONE 5 0.242394
BONE 7 0.007606

VERT 285
OFFSET 0.697458 -0.675160 55.771309
BONES 3
BONE 7 0.007783
BONE 5 0.242217
BONE 3 0.750000

VERT 286
OFFSET 0.730768 -0.547894 55.819721
BONES 4
BONE 7 0.006297
BONE 6 0.000000
BONE 5 0.243703
BONE 3 0.750000

VERT 287
OFFSET 0.831181 -0.523506 56.260471
BONES 3
BONE 3 0.750000
BONE 5 0.242989
BONE 7 0.007011

VERT 288
OFFSET -0.102064 -2.564387 56.060642
BONES 3
BONE 5 0.011026
BONE 7 0.238978
BONE 3 0.749996

VERT 289
OFFSET -0.217547 -2.636892 55.843884
BONES 4
BONE 5 0.013722
BONE 6 0.000000
BONE 7 0.236286
BONE 3 0.749992

VERT 290
OFFSET 0.540147 0.003506 54.459942
BONES 2
BONE 3 0.995352
BONE 44 0.004648

VERT 291
OFFSET 0.311015 -0.280817 54.510365
BONES 2
BONE 44 0.262925
BONE 3 0.737075

VERT 292
OFFSET 0.244342 -0.236468 54.962334
BONES 2
BONE 44 0.317025
BONE 3 0.682975

VERT 293
OFFSET 0.308799 0.279352 54.515869
BONES 2
BONE 34 0.263500
BONE 3 0.736500

VERT 294
OFFSET 0.243050 0.235142 54.962521
BONES 2
BONE 3 0.683866
BONE 34 0.316134

VERT 295
OFFSET 0.371972 0.005743 55.121193
BONES 3
BONE 3 0.967451
BONE 44 0.020811
BONE 34 0.011738

VERT 296
OFFSET 0.476936 -0.292845 55.545326
BONES 2
BONE 3 0.775158
BONE 44 0.224842

VERT 297
OFFSET 0.476829 0.292751 55.538559
BONES 2
BONE 34 0.225496
BONE 3 0.774504

VERT 298
OFFSET 0.530861 0.085370 55.549858
BONES 3
BONE 34 0.081780
BONE 44 0.019993
BONE 3 0.898227

VERT 299
OFFSET 0.873306 0.000033 54.116409
BONES 2
BONE 33 0.005206
BONE 3 0.994793

VERT 300
OFFSET 0.580414 -0.257420 54.076069
BONES 3
BONE 3 0.892565
BONE 44 0.085218
BONE 33 0.022217

VERT 301
OFFSET 0.582364 0.257488 54.083721
BONES 3
BONE 34 0.089103
BONE 3 0.893863
BONE 33 0.017034

VERT 302
OFFSET 0.443590 0.265233 53.758392
BONES 3
BONE 28 0.015370
BONE 3 0.498360
BONE 33 0.486269

VERT 303
OFFSET 0.570927 0.000001 53.742409
BONES 2
BONE 33 0.374056
BONE 3 0.625944

VERT 304
OFFSET 0.443615 -0.265233 53.758373
BONES 3
BONE 29 0.024511
BONE 3 0.493813
BONE 33 0.481676

VERT 305
OFFSET 0.027630 0.211257 53.315254
BONES 3
BONE 27 0.200000
BONE 26 0.200000
BONE 33 0.600000

VERT 306
OFFSET 0.219096 -0.001176 53.484642
BONES 3
BONE 27 0.200000
BONE 26 0.200000
BONE 33 0.600000

VERT 307
OFFSET -0.154829 0.363672 53.356083
BONES 3
BONE 33 0.600000
BONE 26 0.200000
BONE 27 0.200000

VERT 308
OFFSET 0.043278 0.240803 53.524242
BONES 3
BONE 27 0.200000
BONE 26 0.200000
