// Export time: Fri Nov 13 10:51:32 2020

// Exported using Blender v2.90.1
// Export filename: 'E:/blackops3/mod_xmodel/iw4/p90/ch_head_gk_p90_lod1.XMODEL_EXPORT'
// Source filename: 'E:/blackops3/mod_xmodel/iw4/p90/p90.blend'
MODEL
VERSION 6

NUMBONES 54
BONE 0 -1 "tag_origin"
BONE 1 0 "j_spineupper"
BONE 2 1 "j_neck"
BONE 3 2 "j_head"
BONE 4 3 "j_brow_le"
BONE 5 3 "j_brow_ri"
BONE 6 3 "j_browouter_le"
BONE 7 3 "j_browouter_ri"
BONE 8 3 "j_cheek_le"
BONE 9 3 "j_cheek_ri"
BONE 10 3 "j_cheeklower_le"
BONE 11 3 "j_cheeklower_ri"
BONE 12 3 "j_eye_lid_bot_le"
BONE 13 3 "j_eye_lid_bot_ri"
BONE 14 3 "j_eye_lid_top_le"
BONE 15 3 "j_eye_lid_top_ri"
BONE 16 3 "j_eyeball_le"
BONE 17 3 "j_eyeball_ri"
BONE 18 3 "j_head_end"
BONE 19 18 "j_helmet"
BONE 20 3 "j_jaw"
BONE 21 20 "j_chin_skinroll"
BONE 22 20 "j_lip_bot_le"
BONE 23 20 "j_lip_bot_ri"
BONE 24 3 "j_levator_le"
BONE 25 3 "j_levator_ri"
BONE 26 3 "j_lip_top_le"
BONE 27 3 "j_lip_top_ri"
BONE 28 3 "j_mouth_le"
BONE 29 3 "j_mouth_ri"
BONE 30 3 "j_nvg"
BONE 31 3 "tag_eye"
BONE 32 3 "MouthCavity"
BONE 33 3 "MouthMove"
BONE 34 3 "Eye_Rz_L"
BONE 35 34 "CheekUp2_L"
BONE 36 34 "Eye01_S_L"
BONE 37 34 "Eye02_S_L"
BONE 38 34 "Eye03_S_L"
BONE 39 34 "Eye04_S_L"
BONE 40 34 "Eye05_S_L"
BONE 41 34 "Eye06_S_L"
BONE 42 34 "Eye07_S_L"
BONE 43 34 "Eye08_S_L"
BONE 44 3 "Eye_Rz_R"
BONE 45 44 "CheekUp2_R"
BONE 46 44 "Eye01_S_R"
BONE 47 44 "Eye02_S_R"
BONE 48 44 "Eye03_S_R"
BONE 49 44 "Eye04_S_R"
BONE 50 44 "Eye05_S_R"
BONE 51 44 "Eye06_S_R"
BONE 52 44 "Eye07_S_R"
BONE 53 44 "Eye08_S_R"

BONE 0
OFFSET 0.000000 0.000000 0.000000
SCALE 1.000000 1.000000 1.000000
X 1.000000 0.000000 0.000000
Y 0.000000 1.000000 0.000000
Z 0.000000 0.000000 1.000000

BONE 1
OFFSET -2.371330 0.000194 43.695026
SCALE 1.000000 1.000000 1.000000
X 0.020430 -0.000061 0.999791
Y 0.999791 0.000062 -0.020430
Z -0.000060 1.000000 0.000063

BONE 2
OFFSET -2.587651 0.000000 50.848793
SCALE 1.000000 1.000000 1.000000
X 0.309729 -0.000041 0.950825
Y 0.950825 0.000075 -0.309729
Z -0.000059 1.000000 0.000063

BONE 3
OFFSET -2.587649 0.000000 53.127945
SCALE 1.000000 1.000000 1.000000
X 0.216405 -0.000040 0.976304
Y 0.976303 0.000072 -0.216405
Z -0.000061 1.000000 0.000055

BONE 4
OFFSET 0.714521 1.145360 56.027264
SCALE 1.000000 1.000000 1.000000
X 0.000657 0.999997 -0.000111
Y -0.998859 0.000650 -0.047740
Z -0.047740 0.000142 0.998860

BONE 5
OFFSET 0.723714 -1.166465 56.027916
SCALE 1.000000 1.000000 1.000000
X 0.000011 1.000000 0.000102
Y 0.998894 -0.000016 0.047002
Z 0.047002 0.000102 -0.998895

BONE 6
OFFSET 0.372678 1.960856 56.052624
SCALE 1.000000 1.000000 1.000000
X 0.000657 1.000000 -0.000131
Y -0.998864 0.000650 -0.047642
Z -0.047641 0.000162 0.998864

BONE 7
OFFSET 0.400730 -1.936971 56.050892
SCALE 1.000000 1.000000 1.000000
X 0.000011 1.000000 0.000109
Y 0.998895 -0.000016 0.046997
Z 0.046997 0.000108 -0.998895

BONE 8
OFFSET -0.385249 1.606187 55.105927
SCALE 1.000000 1.000000 1.000000
X 0.000643 0.999998 -0.000128
Y -0.998868 0.000636 -0.047555
Z -0.047554 0.000159 0.998868

BONE 9
OFFSET -0.402554 -1.541697 55.161854
SCALE 1.000000 1.000000 1.000000
X 0.000014 1.000000 0.000089
Y 0.998890 -0.000019 0.047094
Z 0.047094 0.000088 -0.998890

BONE 10
OFFSET -0.393933 1.443216 54.087479
SCALE 1.000000 1.000000 1.000000
X 0.170265 0.000001 0.985398
Y 0.985398 0.000012 -0.170265
Z -0.000012 1.000000 0.000001

BONE 11
OFFSET -0.355695 -1.440795 54.113384
SCALE 1.000000 1.000000 1.000000
X 0.170269 0.000002 0.985398
Y 0.985398 0.000015 -0.170269
Z -0.000015 1.000000 0.000000

BONE 12
OFFSET -0.607391 0.977275 55.578621
SCALE 1.000000 1.000000 1.000000
X -0.065611 0.997120 0.038026
Y -0.996950 -0.063892 -0.044805
Z -0.042247 -0.040850 0.998272

BONE 13
OFFSET -0.607121 -0.932334 55.572906
SCALE 1.000000 1.000000 1.000000
X 0.066597 0.997041 -0.038394
Y 0.996922 -0.064895 0.043984
Z 0.041363 -0.041205 -0.998294

BONE 14
OFFSET -0.607022 0.976408 55.642036
SCALE 1.000000 1.000000 1.000000
X -0.065482 0.997129 0.037998
Y -0.996962 -0.063768 -0.044711
Z -0.042159 -0.040811 0.998277

BONE 15
OFFSET -0.606480 -0.933499 55.630581
SCALE 1.000000 1.000000 1.000000
X 0.066543 0.997045 -0.038371
Y 0.996937 -0.064854 0.043707
Z 0.041089 -0.041161 -0.998307

BONE 16
OFFSET -1.980935 0.911727 55.186008
SCALE 1.000000 1.000000 1.000000
X -0.205906 0.978519 -0.010113
Y -0.977368 -0.206155 -0.047461
Z -0.048526 0.000111 0.998822

BONE 17
OFFSET -1.981581 -0.910679 55.185982
SCALE 1.000000 1.000000 1.000000
X 0.207722 0.978139 0.009779
Y 0.977074 -0.207952 0.045636
Z 0.046672 0.000076 -0.998910

BONE 18
OFFSET -2.404627 0.000044 57.996201
SCALE 1.000000 1.000000 1.000000
X 0.170358 0.000009 0.985382
Y 0.985382 -0.000000 -0.170358
Z -0.000001 1.000000 -0.000009

BONE 19
OFFSET -3.246418 0.000047 59.052326
SCALE 1.000000 1.000000 1.000000
X 0.995888 -0.000059 0.090593
Y 0.000076 1.000000 -0.000183
Z -0.090593 0.000189 0.995888

BONE 20
OFFSET -2.160999 0.000451 53.430218
SCALE 1.000000 1.000000 1.000000
X 0.000648 0.999999 -0.000098
Y -0.998855 0.000642 -0.047824
Z -0.047824 0.000129 0.998856

BONE 21
OFFSET 0.408017 -0.001362 51.912258
SCALE 1.000000 1.000000 1.000000
X 0.000648 0.999999 -0.000103
Y -0.998869 0.000642 -0.047547
Z -0.047547 0.000133 0.998869

BONE 22
OFFSET 0.147148 0.222882 53.252510
SCALE 1.000000 1.000000 1.000000
X 0.000648 0.999999 -0.000084
Y -0.998860 0.000643 -0.047733
Z -0.047733 0.000115 0.998860

BONE 23
OFFSET 0.147148 -0.221822 53.252510
SCALE 1.000000 1.000000 1.000000
X 0.001068 0.999999 0.000192
Y 0.998873 -0.000382 0.047457
Z 0.046967 0.000142 -0.998896

BONE 24
OFFSET 0.325444 0.483067 54.814240
SCALE 1.000000 1.000000 1.000000
X 0.000646 1.000000 -0.000075
Y -0.998860 0.000642 -0.047728
Z -0.047728 0.000106 0.998860

BONE 25
OFFSET 0.346629 -0.464171 54.819069
SCALE 1.000000 1.000000 1.000000
X 0.000014 1.000000 0.000081
Y 0.998886 -0.000018 0.047181
Z 0.047181 0.000080 -0.998886

BONE 26
OFFSET 0.205400 0.222882 53.385635
SCALE 1.000000 1.000000 1.000000
X 0.000648 0.999995 -0.000085
Y -0.998860 0.000642 -0.047731
Z -0.047731 0.000116 0.998860

BONE 27
OFFSET 0.205400 -0.221822 53.385635
SCALE 1.000000 1.000000 1.000000
X 0.000011 1.000000 0.000106
Y 0.998895 -0.000016 0.047004
Z 0.047004 0.000106 -0.998895

BONE 28
OFFSET 0.092722 0.450853 53.321400
SCALE 1.000000 1.000000 1.000000
X 0.000646 1.000000 -0.000116
Y -0.998864 0.000640 -0.047641
Z -0.047641 0.000147 0.998865

BONE 29
OFFSET 0.092723 -0.449793 53.321392
SCALE 1.000000 1.000000 1.000000
X 0.000000 1.000000 0.000110
Y 0.998891 -0.000006 0.047092
Z 0.047092 0.000110 -0.998891

BONE 30
OFFSET 1.621360 0.000047 57.262234
SCALE 1.000000 1.000000 1.000000
X 0.985417 0.000006 -0.170153
Y -0.170153 0.000000 -0.985418
Z -0.000006 1.000000 0.000001

BONE 31
OFFSET -0.044119 0.000453 55.446651
SCALE 1.000000 1.000000 1.000000
X 0.922511 -0.000082 0.385970
Y 0.000090 1.000000 -0.000002
Z -0.385970 0.000037 0.922511

BONE 32
OFFSET -0.677897 0.000001 53.317165
SCALE 1.000000 1.000000 1.000000
X -0.000000 1.000000 0.000000
Y -0.000000 0.000000 1.000000
Z 1.000000 0.000000 0.000000

BONE 33
OFFSET 0.171797 0.000001 53.317165
SCALE 1.000000 1.000000 1.000000
X -0.000000 1.000000 -0.000000
Y -0.000000 0.000000 1.000000
Z 1.000000 0.000000 0.000000

BONE 34
OFFSET -0.805541 1.406756 55.326813
SCALE 1.000000 1.000000 1.000000
X 0.000000 1.000000 0.000000
Y 0.000000 0.000000 1.000000
Z 1.000000 -0.000000 0.000000

BONE 35
OFFSET -0.942562 1.490822 54.305882
SCALE 1.000000 1.000000 1.000000
X -0.000000 1.000000 0.000000
Y 0.000000 -0.000000 1.000000
Z 1.000000 0.000000 0.000000

BONE 36
OFFSET -0.045165 0.750726 55.160583
SCALE 1.000000 1.000000 1.000000
X -0.000000 1.000000 0.000000
Y -0.000000 -0.000000 1.000000
Z 1.000000 0.000000 0.000000

BONE 37
OFFSET -0.148494 1.035236 55.099495
SCALE 1.000000 1.000000 1.000000
X -0.000000 1.000000 0.000000
Y -0.000000 -0.000000 1.000000
Z 1.000000 0.000000 0.000000

BONE 38
OFFSET -0.061973 1.518929 55.723816
SCALE 1.000000 1.000000 1.000000
X -0.000000 1.000000 0.000000
Y -0.000000 -0.000000 1.000000
Z 1.000000 0.000000 0.000000

BONE 39
OFFSET -0.145424 1.910318 55.874100
SCALE 1.000000 1.000000 1.000000
X -0.000000 1.000000 0.000000
Y -0.000000 -0.000000 1.000000
Z 1.000000 0.000000 0.000000

BONE 40
OFFSET -0.395656 2.159327 55.441959
SCALE 1.000000 1.000000 1.000000
X -0.000000 1.000000 0.000000
Y 0.000000 -0.000000 1.000000
Z 1.000000 0.000000 0.000000

BONE 41
OFFSET -0.502150 1.953610 54.849831
SCALE 1.000000 1.000000 1.000000
X -0.000000 1.000000 0.000000
Y 0.000000 -0.000000 1.000000
Z 1.000000 0.000000 0.000000

BONE 42
OFFSET -0.316596 1.400582 54.670643
SCALE 1.000000 1.000000 1.000000
X -0.000000 1.000000 0.000000
Y -0.000000 -0.000000 1.000000
Z 1.000000 0.000000 0.000000

BONE 43
OFFSET -0.157973 0.888021 54.735077
SCALE 1.000000 1.000000 1.000000
X -0.000000 1.000000 0.000000
Y -0.000000 -0.000000 1.000000
Z 1.000000 0.000000 0.000000

BONE 44
OFFSET -0.805540 -1.407387 55.326794
SCALE 1.000000 1.000000 1.000000
X -0.000000 1.000000 0.000000
Y -0.000000 0.000000 1.000000
Z 1.000000 0.000000 0.000000

BONE 45
OFFSET -0.942561 -1.491453 54.305866
SCALE 1.000000 1.000000 1.000000
X -0.000000 1.000000 0.000000
Y -0.000000 -0.000000 1.000000
Z 1.000000 0.000000 0.000000

BONE 46
OFFSET -0.046814 -0.750942 55.159588
SCALE 1.000000 1.000000 1.000000
X -0.000000 1.000000 0.000000
Y -0.000000 -0.000000 1.000000
Z 1.000000 0.000000 0.000000

BONE 47
OFFSET -0.148580 -1.035131 55.099453
SCALE 1.000000 1.000000 1.000000
X -0.000000 1.000000 0.000000
Y -0.000000 -0.000000 1.000000
Z 1.000000 0.000000 0.000000

BONE 48
OFFSET -0.053670 -1.476800 55.717567
SCALE 1.000000 1.000000 1.000000
X -0.000000 1.000000 0.000000
Y -0.000000 -0.000000 1.000000
Z 1.000000 0.000000 0.000000

BONE 49
OFFSET -0.144349 -1.911615 55.873821
SCALE 1.000000 1.000000 1.000000
X -0.000000 1.000000 0.000000
Y 0.000000 -0.000000 1.000000
Z 1.000000 0.000000 0.000000

BONE 50
OFFSET -0.395697 -2.161238 55.442043
SCALE 1.000000 1.000000 1.000000
X -0.000000 1.000000 0.000000
Y -0.000000 -0.000000 1.000000
Z 1.000000 0.000000 0.000000

BONE 51
OFFSET -0.501464 -1.953493 54.850521
SCALE 1.000000 1.000000 1.000000
X -0.000000 1.000000 0.000000
Y -0.000000 -0.000000 1.000000
Z 1.000000 0.000000 0.000000

BONE 52
OFFSET -0.317191 -1.400444 54.671375
SCALE 1.000000 1.000000 1.000000
X -0.000000 1.000000 0.000000
Y -0.000000 -0.000000 1.000000
Z 1.000000 0.000000 0.000000

BONE 53
OFFSET -0.159285 -0.888924 54.734249
SCALE 1.000000 1.000000 1.000000
X -0.000000 1.000000 0.000000
Y -0.000000 -0.000000 1.000000
Z 1.000000 0.000000 0.000000


NUMVERTS 4672
VERT 0
OFFSET -2.711789 2.844203 55.287052
BONES 1
BONE 3 1.000000

VERT 1
OFFSET -2.630132 2.847853 55.340271
BONES 1
BONE 3 1.000000

VERT 2
OFFSET -2.821445 2.671062 55.287621
BONES 1
BONE 3 1.000000

VERT 3
OFFSET -2.793446 2.856851 55.233841
BONES 1
BONE 3 1.000000

VERT 4
OFFSET -2.868046 2.836521 55.140057
BONES 1
BONE 3 1.000000

VERT 5
OFFSET -2.942647 2.836746 55.046272
BONES 1
BONE 3 1.000000

VERT 6
OFFSET -2.956590 2.778764 54.926998
BONES 1
BONE 3 1.000000

VERT 7
OFFSET -3.036002 2.515770 54.886398
BONES 1
BONE 3 1.000000

VERT 8
OFFSET -2.970533 2.742301 54.807728
BONES 1
BONE 3 1.000000

VERT 9
OFFSET -2.983011 2.957483 54.741505
BONES 1
BONE 3 1.000000

VERT 10
OFFSET -2.471256 2.814845 55.385998
BONES 1
BONE 3 1.000000

VERT 11
OFFSET -2.497577 2.672053 55.412807
BONES 1
BONE 3 1.000000

VERT 12
OFFSET -2.612320 2.998371 55.359867
BONES 1
BONE 3 1.000000

VERT 13
OFFSET -2.692308 3.011151 55.289730
BONES 1
BONE 3 1.000000

VERT 14
OFFSET -2.737692 3.261541 55.437752
BONES 1
BONE 3 1.000000

VERT 15
OFFSET -2.339288 2.891660 55.503777
BONES 1
BONE 3 1.000000

VERT 16
OFFSET -2.209895 2.808723 55.461514
BONES 1
BONE 3 1.000000

VERT 17
OFFSET -2.452314 2.937020 55.432350
BONES 1
BONE 3 1.000000

VERT 18
OFFSET -2.583274 3.209062 55.512054
BONES 1
BONE 3 1.000000

VERT 19
OFFSET -2.408117 3.102942 55.535576
BONES 1
BONE 3 1.000000

VERT 20
OFFSET -2.365619 3.217585 55.530296
BONES 1
BONE 3 1.000000

VERT 21
OFFSET -2.263109 3.136777 55.509506
BONES 1
BONE 3 1.000000

VERT 22
OFFSET -2.171064 2.997890 55.472248
BONES 1
BONE 3 1.000000

VERT 23
OFFSET -2.184405 3.090726 55.417477
BONES 1
BONE 3 1.000000

VERT 24
OFFSET -2.080502 2.736302 55.398682
BONES 1
BONE 3 1.000000

VERT 25
OFFSET -1.977800 2.645564 55.318363
BONES 1
BONE 3 1.000000

VERT 26
OFFSET -2.079019 2.877580 55.402718
BONES 1
BONE 3 1.000000

VERT 27
OFFSET -2.005980 2.737787 55.317593
BONES 1
BONE 3 1.000000

VERT 28
OFFSET -1.962587 2.620183 55.158928
BONES 1
BONE 3 1.000000

VERT 29
OFFSET -2.038882 2.856770 55.285316
BONES 1
BONE 3 1.000000

VERT 30
OFFSET -2.093252 2.787753 55.103149
BONES 1
BONE 3 1.000000

VERT 31
OFFSET -2.074897 2.700258 54.942795
BONES 1
BONE 3 1.000000

VERT 32
OFFSET -1.913473 2.551475 54.984104
BONES 2
BONE 3 0.984168
BONE 35 0.015832

VERT 33
OFFSET -2.149903 2.967000 55.240349
BONES 1
BONE 3 1.000000

VERT 34
OFFSET -2.207454 2.932400 55.200382
BONES 1
BONE 3 1.000000

VERT 35
OFFSET -2.158105 2.765201 55.027824
BONES 1
BONE 3 1.000000

VERT 36
OFFSET -2.160210 2.834555 55.084316
BONES 1
BONE 3 1.000000

VERT 37
OFFSET -2.141133 2.698364 54.921371
BONES 1
BONE 3 1.000000

VERT 38
OFFSET -2.094793 2.632093 54.823833
BONES 1
BONE 3 1.000000

VERT 39
OFFSET -2.167312 2.598507 54.803387
BONES 1
BONE 3 1.000000

VERT 40
OFFSET -2.167734 2.660799 54.912151
BONES 1
BONE 3 1.000000

VERT 41
OFFSET -2.182349 2.557104 54.809151
BONES 1
BONE 3 1.000000

VERT 42
OFFSET -2.410033 2.686521 54.939045
BONES 1
BONE 3 1.000000

VERT 43
OFFSET -2.284069 2.730418 54.983433
BONES 1
BONE 3 1.000000

VERT 44
OFFSET -2.390676 2.794230 54.922138
BONES 1
BONE 3 1.000000

VERT 45
OFFSET -2.243247 2.616431 54.660038
BONES 1
BONE 3 1.000000

VERT 46
OFFSET -2.277099 2.548681 54.680408
BONES 1
BONE 3 1.000000

VERT 47
OFFSET -2.274581 2.481268 54.683094
BONES 1
BONE 3 1.000000

VERT 48
OFFSET -2.127569 2.544540 54.671829
BONES 1
BONE 3 1.000000

VERT 49
OFFSET -2.262961 2.513462 54.520817
BONES 1
BONE 3 1.000000

VERT 50
OFFSET -2.160409 2.449126 54.529568
BONES 2
BONE 3 0.981717
BONE 35 0.018283

VERT 51
OFFSET -2.259624 2.441132 54.398197
BONES 1
BONE 3 1.000000

VERT 52
OFFSET -2.185569 2.364587 54.372601
BONES 1
BONE 3 1.000000

VERT 53
OFFSET -2.036730 2.390920 54.528320
BONES 2
BONE 3 0.961938
BONE 35 0.038062

VERT 54
OFFSET -2.146216 2.208078 54.252136
BONES 2
BONE 3 0.966260
BONE 35 0.033740

VERT 55
OFFSET -2.161180 2.289924 54.154743
BONES 1
BONE 3 1.000000

VERT 56
OFFSET -2.301714 2.433962 54.121239
BONES 1
BONE 3 1.000000

VERT 57
OFFSET -2.268268 2.472174 54.518997
BONES 1
BONE 3 1.000000

VERT 58
OFFSET -2.514676 2.531090 54.446362
BONES 1
BONE 3 1.000000

VERT 59
OFFSET -2.514971 2.540335 54.551659
BONES 1
BONE 3 1.000000

VERT 60
OFFSET -2.503952 2.550734 54.135067
BONES 1
BONE 3 1.000000

VERT 61
OFFSET -2.539260 2.612271 54.326073
BONES 1
BONE 3 1.000000

VERT 62
OFFSET -2.318334 2.433422 53.971737
BONES 1
BONE 3 1.000000

VERT 63
OFFSET -2.185521 2.211649 53.981430
BONES 1
BONE 3 1.000000

VERT 64
OFFSET -2.373655 2.420179 53.869160
BONES 1
BONE 3 1.000000

VERT 65
OFFSET -2.251325 2.280281 53.855408
BONES 1
BONE 3 1.000000

VERT 66
OFFSET -2.351490 2.334193 53.806469
BONES 1
BONE 3 1.000000

VERT 67
OFFSET -2.347885 2.238559 53.808769
BONES 1
BONE 3 1.000000

VERT 68
OFFSET -2.442665 2.392442 53.811405
BONES 1
BONE 3 1.000000

VERT 69
OFFSET -2.496776 2.346405 53.836079
BONES 1
BONE 3 1.000000

VERT 70
OFFSET -2.362967 2.163362 53.837185
BONES 1
BONE 3 1.000000

VERT 71
OFFSET -2.531163 2.231661 53.904736
BONES 1
BONE 3 1.000000

VERT 72
OFFSET -2.602339 2.576730 53.900261
BONES 1
BONE 3 1.000000

VERT 73
OFFSET -2.546294 2.566748 54.005558
BONES 1
BONE 3 1.000000

VERT 74
OFFSET -2.658592 2.488071 53.932480
BONES 1
BONE 3 1.000000

VERT 75
OFFSET -2.702232 2.361929 54.016144
BONES 1
BONE 3 1.000000

VERT 76
OFFSET -2.865531 2.718716 54.119698
BONES 1
BONE 3 1.000000

VERT 77
OFFSET -2.843832 2.513406 54.219486
BONES 1
BONE 3 1.000000

VERT 78
OFFSET -2.756691 2.095007 54.140228
BONES 1
BONE 3 1.000000

VERT 79
OFFSET -2.913518 2.661745 54.366104
BONES 1
BONE 3 1.000000

VERT 80
OFFSET -2.832078 2.828120 54.100479
BONES 1
BONE 3 1.000000

VERT 81
OFFSET -2.800070 2.827639 54.145447
BONES 1
BONE 3 1.000000

VERT 82
OFFSET -2.891012 2.977369 54.280727
BONES 1
BONE 3 1.000000

VERT 83
OFFSET -2.986136 2.890538 54.278034
BONES 1
BONE 3 1.000000

VERT 84
OFFSET -2.719458 2.771206 54.189262
BONES 1
BONE 3 1.000000

VERT 85
OFFSET -2.821527 2.894228 54.314354
BONES 1
BONE 3 1.000000

VERT 86
OFFSET -2.769418 2.884150 54.318295
BONES 1
BONE 3 1.000000

VERT 87
OFFSET -2.589679 2.728930 54.229614
BONES 1
BONE 3 1.000000

VERT 88
OFFSET -2.620093 2.829275 54.353165
BONES 1
BONE 3 1.000000

VERT 89
OFFSET -2.588658 2.703376 54.430992
BONES 1
BONE 3 1.000000

VERT 90
OFFSET -2.897115 2.995162 54.439445
BONES 1
BONE 3 1.000000

VERT 91
OFFSET -2.801982 2.974980 54.447319
BONES 1
BONE 3 1.000000

VERT 92
OFFSET -2.717309 2.874072 54.322227
BONES 1
BONE 3 1.000000

VERT 93
OFFSET -2.650508 2.904359 54.476727
BONES 1
BONE 3 1.000000

VERT 94
OFFSET -2.638055 2.794480 54.535912
BONES 1
BONE 3 1.000000

VERT 95
OFFSET -2.651314 2.966405 54.680916
BONES 1
BONE 3 1.000000

VERT 96
OFFSET -2.606467 2.862501 54.748047
BONES 1
BONE 3 1.000000

VERT 97
OFFSET -2.586560 2.969773 54.766376
BONES 1
BONE 3 1.000000

VERT 98
OFFSET -2.712801 3.013834 54.652317
BONES 1
BONE 3 1.000000

VERT 99
OFFSET -2.671734 3.034304 54.731415
BONES 1
BONE 3 1.000000

VERT 100
OFFSET -2.763429 3.073392 54.714565
BONES 1
BONE 3 1.000000

VERT 101
OFFSET -2.774796 3.043160 54.635605
BONES 1
BONE 3 1.000000

VERT 102
OFFSET -2.706848 2.944743 54.455200
BONES 1
BONE 3 1.000000

VERT 103
OFFSET -2.515266 2.549579 54.656967
BONES 1
BONE 3 1.000000

VERT 104
OFFSET -2.483696 2.590662 54.741589
BONES 1
BONE 3 1.000000

VERT 105
OFFSET -2.446865 2.638592 54.840321
BONES 1
BONE 3 1.000000

VERT 106
OFFSET -2.541730 2.842019 54.800270
BONES 1
BONE 3 1.000000

VERT 107
OFFSET -2.523487 2.962566 54.828365
BONES 1
BONE 3 1.000000

VERT 108
OFFSET -2.605797 3.043203 54.810944
BONES 1
BONE 3 1.000000

VERT 109
OFFSET -2.455372 2.948878 54.894276
BONES 1
BONE 3 1.000000

VERT 110
OFFSET -2.538034 3.040252 54.877605
BONES 1
BONE 3 1.000000

VERT 111
OFFSET -2.630692 3.101082 54.865643
BONES 1
BONE 3 1.000000

VERT 112
OFFSET -2.466203 2.818124 54.861210
BONES 1
BONE 3 1.000000

VERT 113
OFFSET -2.387258 2.929767 54.960186
BONES 1
BONE 3 1.000000

VERT 114
OFFSET -2.465012 3.028189 54.946774
BONES 1
BONE 3 1.000000

VERT 115
OFFSET -2.566336 3.099718 54.936100
BONES 1
BONE 3 1.000000

VERT 116
OFFSET -2.666029 3.125126 54.916950
BONES 1
BONE 3 1.000000

VERT 117
OFFSET -2.741759 3.117088 54.829826
BONES 1
BONE 3 1.000000

VERT 118
OFFSET -2.495710 3.086252 55.013985
BONES 1
BONE 3 1.000000

VERT 119
OFFSET -2.607794 3.122824 54.995548
BONES 1
BONE 3 1.000000

VERT 120
OFFSET -2.701367 3.138849 54.968250
BONES 1
BONE 3 1.000000

VERT 121
OFFSET -2.653486 3.138065 55.048012
BONES 1
BONE 3 1.000000

VERT 122
OFFSET -2.779226 3.138250 54.866188
BONES 1
BONE 3 1.000000

VERT 123
OFFSET -2.844834 3.128819 54.762390
BONES 1
BONE 3 1.000000

VERT 124
OFFSET -2.745270 3.184185 55.028976
BONES 1
BONE 3 1.000000

VERT 125
OFFSET -2.694141 3.180326 55.116066
BONES 1
BONE 3 1.000000

VERT 126
OFFSET -2.807367 3.202176 55.113144
BONES 1
BONE 3 1.000000

VERT 127
OFFSET -2.896187 3.188195 54.947430
BONES 1
BONE 3 1.000000

VERT 128
OFFSET -2.935945 3.174351 54.802731
BONES 1
BONE 3 1.000000

VERT 129
OFFSET -2.929417 3.201434 54.792931
BONES 1
BONE 3 1.000000

VERT 130
OFFSET -2.899731 3.236535 54.965744
BONES 1
BONE 3 1.000000

VERT 131
OFFSET -2.909329 3.220888 54.773796
BONES 1
BONE 3 1.000000

VERT 132
OFFSET -2.939895 3.156032 54.630829
BONES 1
BONE 3 1.000000

VERT 133
OFFSET -2.892785 3.090234 54.624081
BONES 1
BONE 3 1.000000

VERT 134
OFFSET -2.802922 3.105702 54.744038
BONES 1
BONE 3 1.000000

VERT 135
OFFSET -2.939373 3.202413 54.622147
BONES 1
BONE 3 1.000000

VERT 136
OFFSET -2.928099 3.082179 54.416004
BONES 1
BONE 3 1.000000

VERT 137
OFFSET -2.836429 3.065557 54.628700
BONES 1
BONE 3 1.000000

VERT 138
OFFSET -3.019546 3.083338 54.419075
BONES 1
BONE 3 1.000000

VERT 139
OFFSET -2.706253 3.094249 54.791534
BONES 1
BONE 3 1.000000

VERT 140
OFFSET -2.857388 3.290241 54.949543
BONES 1
BONE 3 1.000000

VERT 141
OFFSET -2.934567 3.271960 54.759075
BONES 1
BONE 3 1.000000

VERT 142
OFFSET -2.898236 3.351841 54.955402
BONES 1
BONE 3 1.000000

VERT 143
OFFSET -3.022863 3.288140 54.773911
BONES 1
BONE 3 1.000000

VERT 144
OFFSET -3.034033 3.227665 54.644135
BONES 1
BONE 3 1.000000

VERT 145
OFFSET -3.077237 3.142598 54.685089
BONES 1
BONE 3 1.000000

VERT 146
OFFSET -3.068136 3.198212 54.848579
BONES 1
BONE 3 1.000000

VERT 147
OFFSET -2.972243 3.365816 54.993774
BONES 1
BONE 3 1.000000

VERT 148
OFFSET -3.037336 3.252002 55.064522
BONES 1
BONE 3 1.000000

VERT 149
OFFSET -2.907755 3.019943 54.985199
BONES 1
BONE 3 1.000000

VERT 150
OFFSET -2.843590 3.013432 55.096230
BONES 1
BONE 3 1.000000

VERT 151
OFFSET -2.913068 3.391615 55.128899
BONES 1
BONE 3 1.000000

VERT 152
OFFSET -2.824680 3.375958 55.094002
BONES 1
BONE 3 1.000000

VERT 153
OFFSET -2.771890 3.308229 55.080704
BONES 1
BONE 3 1.000000

VERT 154
OFFSET -2.948948 2.991395 54.857189
BONES 1
BONE 3 1.000000

VERT 155
OFFSET -3.051166 3.016006 54.436367
BONES 1
BONE 3 1.000000

VERT 156
OFFSET -2.979524 2.805784 54.502087
BONES 1
BONE 3 1.000000

VERT 157
OFFSET -2.951631 2.985487 54.259781
BONES 1
BONE 3 1.000000

VERT 158
OFFSET -2.959294 2.598396 54.559464
BONES 1
BONE 3 1.000000

VERT 159
OFFSET -3.029881 2.373279 54.602779
BONES 1
BONE 3 1.000000

VERT 160
OFFSET -2.924935 2.490401 54.390602
BONES 1
BONE 3 1.000000

VERT 161
OFFSET -2.772295 3.023850 55.219593
BONES 1
BONE 3 1.000000

VERT 162
OFFSET -2.986706 3.267043 55.186924
BONES 1
BONE 3 1.000000

VERT 163
OFFSET -2.863021 3.279222 55.331905
BONES 1
BONE 3 1.000000

VERT 164
OFFSET -2.808007 3.392583 55.291069
BONES 1
BONE 3 1.000000

VERT 165
OFFSET -2.667274 3.357282 55.420361
BONES 1
BONE 3 1.000000

VERT 166
OFFSET -2.725131 3.377060 55.233810
BONES 1
BONE 3 1.000000

VERT 167
OFFSET -2.689379 3.312944 55.176937
BONES 1
BONE 3 1.000000

VERT 168
OFFSET -2.588752 3.305395 55.274704
BONES 1
BONE 3 1.000000

VERT 169
OFFSET -2.617759 3.357923 55.344494
BONES 1
BONE 3 1.000000

VERT 170
OFFSET -2.643220 3.231861 55.298397
BONES 1
BONE 3 1.000000

VERT 171
OFFSET -2.754771 3.245239 55.212479
BONES 1
BONE 3 1.000000

VERT 172
OFFSET -2.531353 3.195816 55.352207
BONES 1
BONE 3 1.000000

VERT 173
OFFSET -2.664053 3.199045 55.281063
BONES 1
BONE 3 1.000000

VERT 174
OFFSET -2.752297 3.201014 55.188084
BONES 1
BONE 3 1.000000

VERT 175
OFFSET -2.624277 3.167520 55.210732
BONES 1
BONE 3 1.000000

VERT 176
OFFSET -2.535567 3.154713 55.289875
BONES 1
BONE 3 1.000000

VERT 177
OFFSET -2.514630 3.110032 55.210957
BONES 1
BONE 3 1.000000

VERT 178
OFFSET -2.421206 3.081571 55.273540
BONES 1
BONE 3 1.000000

VERT 179
OFFSET -2.462794 3.082323 55.148518
BONES 1
BONE 3 1.000000

VERT 180
OFFSET -2.536791 3.106728 55.081322
BONES 1
BONE 3 1.000000

VERT 181
OFFSET -2.419963 3.046712 55.081470
BONES 1
BONE 3 1.000000

VERT 182
OFFSET -2.377316 3.045911 55.217339
BONES 1
BONE 3 1.000000

VERT 183
OFFSET -2.358318 3.074514 55.352909
BONES 1
BONE 3 1.000000

VERT 184
OFFSET -2.427059 3.111595 55.352791
BONES 1
BONE 3 1.000000

VERT 185
OFFSET -2.429568 3.124462 55.386753
BONES 1
BONE 3 1.000000

VERT 186
OFFSET -2.375476 3.211810 55.388103
BONES 1
BONE 3 1.000000

VERT 187
OFFSET -2.313271 3.157730 55.371899
BONES 1
BONE 3 1.000000

VERT 188
OFFSET -2.268109 3.113344 55.342117
BONES 1
BONE 3 1.000000

VERT 189
OFFSET -2.267618 2.993372 55.292500
BONES 1
BONE 3 1.000000

VERT 190
OFFSET -2.222947 3.062864 55.312325
BONES 1
BONE 3 1.000000

VERT 191
OFFSET -2.115497 3.009735 55.361595
BONES 1
BONE 3 1.000000

VERT 192
OFFSET -2.253314 3.173561 55.457420
BONES 1
BONE 3 1.000000

VERT 193
OFFSET -2.345118 3.239787 55.482830
BONES 1
BONE 3 1.000000

VERT 194
OFFSET -2.493611 3.311419 55.442379
BONES 1
BONE 3 1.000000

VERT 195
OFFSET -2.480781 3.270246 55.350235
BONES 1
BONE 3 1.000000

VERT 196
OFFSET -2.523386 3.297375 55.500908
BONES 1
BONE 3 1.000000

VERT 197
OFFSET -2.316161 2.994554 55.137257
BONES 1
BONE 3 1.000000

VERT 198
OFFSET -2.277482 2.928767 55.048767
BONES 1
BONE 3 1.000000

VERT 199
OFFSET -2.394755 2.996008 55.013222
BONES 1
BONE 3 1.000000

VERT 200
OFFSET -2.273734 2.885444 55.022247
BONES 1
BONE 3 1.000000

VERT 201
OFFSET -2.272681 2.852041 54.994007
BONES 1
BONE 3 1.000000

VERT 202
OFFSET -2.274391 2.784272 54.974979
BONES 1
BONE 3 1.000000

VERT 203
OFFSET -2.588972 3.130805 55.140846
BONES 1
BONE 3 1.000000

VERT 204
OFFSET -2.846764 3.247815 55.116825
BONES 1
BONE 3 1.000000

VERT 205
OFFSET -2.263835 2.111507 53.913143
BONES 1
BONE 3 1.000000

VERT 206
OFFSET -2.282228 1.984415 53.958538
BONES 1
BONE 3 1.000000

VERT 207
OFFSET -2.223988 2.049615 54.048504
BONES 1
BONE 3 1.000000

VERT 208
OFFSET -2.316231 2.080337 53.886345
BONES 1
BONE 3 1.000000

VERT 209
OFFSET 0.090502 0.077651 53.296814
BONES 6
BONE 28 0.061050
BONE 33 0.569906
BONE 22 0.121309
BONE 23 0.247735
BONE 27 0.000000
BONE 26 0.000000

VERT 210
OFFSET -0.374852 0.088684 52.802612
BONES 2
BONE 32 0.800000
BONE 3 0.200000

VERT 211
OFFSET -0.373032 0.177367 52.836514
BONES 2
BONE 32 0.800000
BONE 3 0.200000

VERT 212
OFFSET -0.367326 0.315445 52.920971
BONES 2
BONE 32 0.800000
BONE 3 0.200000

VERT 213
OFFSET -0.653004 0.213557 52.752144
BONES 2
BONE 32 0.900000
BONE 3 0.100000

VERT 214
OFFSET -0.657079 0.106779 52.701683
BONES 2
BONE 32 0.900000
BONE 3 0.100000

VERT 215
OFFSET -0.641932 0.365931 52.827114
BONES 2
BONE 32 0.900000
BONE 3 0.100000

VERT 216
OFFSET -0.623322 0.509709 52.976727
BONES 2
BONE 32 0.900000
BONE 3 0.100000

VERT 217
OFFSET -0.350628 0.459193 53.030479
BONES 2
BONE 32 0.800000
BONE 3 0.200000

VERT 218
OFFSET -0.241297 0.585353 53.286236
BONES 2
BONE 32 1.000000
BONE 3 0.000000

VERT 219
OFFSET -0.000707 0.455744 53.328075
BONES 8
BONE 32 0.192327
BONE 3 0.000000
BONE 33 0.508777
BONE 28 0.273894
BONE 26 0.025002
BONE 22 0.000000
BONE 23 0.000000
BONE 27 0.000000

VERT 220
OFFSET 0.025221 0.394886 53.297554
BONES 7
BONE 32 0.134373
BONE 28 0.261031
BONE 33 0.439701
BONE 22 0.164895
BONE 26 0.000000
BONE 23 0.000000
BONE 27 0.000000

VERT 221
OFFSET -0.515200 0.620785 53.322910
BONES 2
BONE 32 1.000000
BONE 3 0.000000

VERT 222
OFFSET -0.185734 0.572563 53.418175
BONES 2
BONE 32 1.000000
BONE 3 0.000000

VERT 223
OFFSET 0.021868 0.421880 53.347301
BONES 7
BONE 32 0.124274
BONE 28 0.232152
BONE 33 0.482677
BONE 26 0.160897
BONE 22 0.000000
BONE 23 0.000000
BONE 27 0.000000

VERT 224
OFFSET -0.764469 0.592698 53.266697
BONES 2
BONE 32 1.000000
BONE 3 0.000000

VERT 225
OFFSET -0.593868 0.498762 53.593544
BONES 2
BONE 32 1.000000
BONE 3 0.000000

VERT 226
OFFSET -0.863683 0.451138 53.485622
BONES 2
BONE 32 1.000000
BONE 3 0.000000

VERT 227
OFFSET -0.595854 0.389296 53.780460
BONES 2
BONE 32 1.000000
BONE 3 0.000000

VERT 228
OFFSET -0.238895 0.379110 53.743336
BONES 2
BONE 32 1.000000
BONE 3 0.000000

VERT 229
OFFSET -0.325036 0.515057 53.624462
BONES 2
BONE 32 1.000000
BONE 3 0.000000

VERT 230
OFFSET -0.081445 0.490887 53.634521
BONES 2
BONE 32 1.000000
BONE 3 0.000000

VERT 231
OFFSET -0.035581 0.444922 53.676064
BONES 2
BONE 32 1.000000
BONE 3 0.000000

VERT 232
OFFSET -0.162069 0.246404 53.865540
BONES 2
BONE 32 1.000000
BONE 3 0.000000

VERT 233
OFFSET -0.602266 0.243338 53.887299
BONES 2
BONE 32 1.000000
BONE 3 0.000000

VERT 234
OFFSET -1.019533 0.369901 53.449879
BONES 2
BONE 32 1.000000
BONE 3 0.000000

VERT 235
OFFSET -1.070607 0.254606 53.452290
BONES 2
BONE 32 1.000000
BONE 3 0.000000

VERT 236
OFFSET -1.066522 0.127303 53.447979
BONES 2
BONE 32 1.000000
BONE 3 0.000000

VERT 237
OFFSET -0.606093 0.118535 53.917938
BONES 2
BONE 32 1.000000
BONE 3 0.000000

VERT 238
OFFSET 0.050908 0.325522 53.754055
BONES 2
BONE 32 1.000000
BONE 3 0.000000

VERT 239
OFFSET 0.111530 0.179242 53.769333
BONES 2
BONE 32 1.000000
BONE 3 0.000000

VERT 240
OFFSET 0.145233 0.089621 53.772861
BONES 2
BONE 32 1.000000
BONE 3 0.000000

VERT 241
OFFSET -0.131330 0.123115 53.908195
BONES 2
BONE 32 1.000000
BONE 3 0.000000

VERT 242
OFFSET -1.199979 0.143299 52.983978
BONES 2
BONE 32 1.000000
BONE 3 0.000000

VERT 243
OFFSET 0.109422 0.078829 53.329556
BONES 6
BONE 28 0.023283
BONE 33 0.609073
BONE 26 0.186673
BONE 27 0.180971
BONE 22 0.000000
BONE 23 0.000000

VERT 244
OFFSET 0.154859 0.000001 53.776382
BONES 2
BONE 32 1.000000
BONE 3 0.000000

VERT 245
OFFSET -0.614701 0.000000 53.928612
BONES 2
BONE 32 1.000000
BONE 3 0.000000

VERT 246
OFFSET 0.107948 0.000001 53.324017
BONES 8
BONE 33 0.565890
BONE 3 0.000000
BONE 26 0.209871
BONE 27 0.224239
BONE 22 0.000000
BONE 23 0.000000
BONE 29 0.000000
BONE 28 0.000000

VERT 247
OFFSET -0.989342 0.121306 52.714241
BONES 2
BONE 32 0.855000
BONE 3 0.145000

VERT 248
OFFSET -0.995670 0.000000 52.704941
BONES 2
BONE 32 0.855000
BONE 3 0.145000

VERT 249
OFFSET -0.979840 0.242611 52.762585
BONES 2
BONE 32 0.855000
BONE 3 0.145000

VERT 250
OFFSET -1.192163 0.286597 52.996498
BONES 2
BONE 32 1.000000
BONE 3 0.000000

VERT 251
OFFSET -1.157771 0.407748 53.036392
BONES 2
BONE 32 1.000000
BONE 3 0.000000

VERT 252
OFFSET -0.958203 0.396152 52.836987
BONES 2
BONE 32 0.855000
BONE 3 0.145000

VERT 253
OFFSET -0.919115 0.518086 52.985966
BONES 2
BONE 32 0.855000
BONE 3 0.145000

VERT 254
OFFSET -1.053743 0.528900 53.136040
BONES 2
BONE 32 1.000000
BONE 3 0.000000

VERT 255
OFFSET -0.658557 0.000000 52.681046
BONES 2
BONE 32 0.900000
BONE 3 0.100000

VERT 256
OFFSET -0.375041 0.000001 52.791523
BONES 2
BONE 32 0.800000
BONE 3 0.200000

VERT 257
OFFSET -0.657079 -0.106778 52.701683
BONES 2
BONE 32 0.900000
BONE 3 0.100000

VERT 258
OFFSET -0.374852 -0.088683 52.802612
BONES 2
BONE 32 0.800000
BONE 3 0.200000

VERT 259
OFFSET -0.653004 -0.213556 52.752144
BONES 2
BONE 32 0.900000
BONE 3 0.100000

VERT 260
OFFSET -0.373032 -0.177366 52.836514
BONES 2
BONE 32 0.800000
BONE 3 0.200000

VERT 261
OFFSET 0.080571 -0.155310 53.295761
BONES 8
BONE 29 0.050429
BONE 32 0.026160
BONE 33 0.609717
BONE 23 0.284232
BONE 22 0.029461
BONE 27 0.000000
BONE 26 0.000000
BONE 28 0.000000

VERT 262
OFFSET -0.989342 -0.121305 52.714241
BONES 2
BONE 32 0.855000
BONE 3 0.145000

VERT 263
OFFSET -0.979840 -0.242610 52.762585
BONES 2
BONE 32 0.855000
BONE 3 0.145000

VERT 264
OFFSET -0.641931 -0.365930 52.827114
BONES 2
BONE 32 0.900000
BONE 3 0.100000

VERT 265
OFFSET -0.367326 -0.315444 52.920971
BONES 2
BONE 32 0.800000
BONE 3 0.200000

VERT 266
OFFSET -0.623322 -0.509708 52.976727
BONES 2
BONE 32 0.900000
BONE 3 0.100000

VERT 267
OFFSET -0.350628 -0.459192 53.030479
BONES 2
BONE 32 0.800000
BONE 3 0.200000

VERT 268
OFFSET -0.241296 -0.585352 53.286236
BONES 2
BONE 32 1.000000
BONE 3 0.000000

VERT 269
OFFSET -0.185734 -0.572562 53.418175
BONES 2
BONE 32 1.000000
BONE 3 0.000000

VERT 270
OFFSET -0.515200 -0.620785 53.322910
BONES 2
BONE 32 1.000000
BONE 3 0.000000

VERT 271
OFFSET -0.325036 -0.515056 53.624462
BONES 2
BONE 32 1.000000
BONE 3 0.000000

VERT 272
OFFSET -0.593868 -0.498761 53.593544
BONES 2
BONE 32 1.000000
BONE 3 0.000000

VERT 273
OFFSET -0.238895 -0.379109 53.743336
BONES 2
BONE 32 1.000000
BONE 3 0.000000

VERT 274
OFFSET -0.595854 -0.389295 53.780460
BONES 2
BONE 32 1.000000
BONE 3 0.000000

VERT 275
OFFSET -0.863683 -0.451138 53.485622
BONES 2
BONE 32 1.000000
BONE 3 0.000000

VERT 276
OFFSET -0.764469 -0.592697 53.266697
BONES 2
BONE 32 1.000000
BONE 3 0.000000

VERT 277
OFFSET -0.081444 -0.490886 53.634521
BONES 2
BONE 32 1.000000
BONE 3 0.000000

VERT 278
OFFSET 0.021868 -0.421879 53.347298
BONES 7
BONE 32 0.140208
BONE 29 0.259254
BONE 33 0.544564
BONE 27 0.055973
BONE 23 0.000000
BONE 22 0.000000
BONE 26 0.000000

VERT 279
OFFSET -0.035581 -0.444921 53.676064
BONES 2
BONE 32 1.000000
BONE 3 0.000000

VERT 280
OFFSET -0.162069 -0.246403 53.865540
BONES 2
BONE 32 1.000000
BONE 3 0.000000

VERT 281
OFFSET -0.602266 -0.243337 53.887299
BONES 2
BONE 32 1.000000
BONE 3 0.000000

VERT 282
OFFSET -1.019533 -0.369900 53.449879
BONES 2
BONE 32 1.000000
BONE 3 0.000000

VERT 283
OFFSET -1.070607 -0.254606 53.452290
BONES 2
BONE 32 1.000000
BONE 3 0.000000

VERT 284
OFFSET -1.066522 -0.127303 53.447979
BONES 2
BONE 32 1.000000
BONE 3 0.000000

VERT 285
OFFSET -0.606093 -0.118534 53.917938
BONES 2
BONE 32 1.000000
BONE 3 0.000000

VERT 286
OFFSET 0.050908 -0.325521 53.754055
BONES 2
BONE 32 1.000000
BONE 3 0.000000

VERT 287
OFFSET 0.053167 -0.329965 53.341614
BONES 7
BONE 32 0.055012
BONE 29 0.168620
BONE 33 0.577238
BONE 27 0.199130
BONE 23 0.000000
BONE 22 0.000000
BONE 26 0.000000

VERT 288
OFFSET 0.111530 -0.179240 53.769333
BONES 2
BONE 32 1.000000
BONE 3 0.000000

VERT 289
OFFSET 0.083690 -0.227511 53.336529
BONES 7
BONE 32 0.015698
BONE 29 0.066129
BONE 33 0.670429
BONE 27 0.247744
BONE 22 0.000000
BONE 23 0.000000
BONE 26 0.000000

VERT 290
OFFSET 0.101875 -0.157659 53.335102
BONES 8
BONE 32 0.011529
BONE 29 0.034855
BONE 33 0.721344
BONE 27 0.232072
BONE 26 0.000200
BONE 22 0.000000
BONE 23 0.000000
BONE 28 0.000000

VERT 291
OFFSET 0.066780 -0.284777 53.337696
BONES 7
BONE 32 0.021198
BONE 29 0.105764
BONE 33 0.650432
BONE 27 0.222606
BONE 22 0.000000
BONE 23 0.000000
BONE 26 0.000000

VERT 292
OFFSET -1.199979 -0.143298 52.983978
BONES 2
BONE 32 1.000000
BONE 3 0.000000

VERT 293
OFFSET -1.062438 0.000000 53.443668
BONES 2
BONE 32 1.000000
BONE 3 0.000000

VERT 294
OFFSET -1.204519 0.000000 52.982224
BONES 2
BONE 32 1.000000
BONE 3 0.000000

VERT 295
OFFSET 0.145233 -0.089620 53.772861
BONES 2
BONE 32 1.000000
BONE 3 0.000000

VERT 296
OFFSET -0.131330 -0.123114 53.908195
BONES 2
BONE 32 1.000000
BONE 3 0.000000

VERT 297
OFFSET -0.122119 0.000001 53.922073
BONES 2
BONE 32 1.000000
BONE 3 0.000000

VERT 298
OFFSET -1.192163 -0.286596 52.996498
BONES 2
BONE 32 1.000000
BONE 3 0.000000

VERT 299
OFFSET -0.958203 -0.396151 52.836987
BONES 2
BONE 32 0.855000
BONE 3 0.145000

VERT 300
OFFSET -1.157771 -0.407747 53.036392
BONES 2
BONE 32 1.000000
BONE 3 0.000000

VERT 301
OFFSET -0.919115 -0.518085 52.985966
BONES 2
BONE 32 0.855000
BONE 3 0.145000

VERT 302
OFFSET -1.053743 -0.528899 53.136040
BONES 2
BONE 32 1.000000
BONE 3 0.000000

VERT 303
OFFSET -1.938441 0.846915 52.806614
BONES 1
BONE 3 1.000000

VERT 304
OFFSET -1.893328 0.823370 52.855019
BONES 1
BONE 3 1.000000

VERT 305
OFFSET -2.055710 0.932550 52.949383
BONES 1
BONE 3 1.000000

VERT 306
OFFSET -2.003166 0.930901 52.996124
BONES 1
BONE 3 1.000000

VERT 307
OFFSET -1.849646 0.837861 52.896824
BONES 1
BONE 3 1.000000

VERT 308
OFFSET -1.947433 0.961147 53.033821
BONES 1
BONE 3 1.000000

VERT 309
OFFSET -2.173812 1.033230 53.104843
BONES 1
BONE 3 1.000000

VERT 310
OFFSET -2.097235 1.058017 53.125477
BONES 1
BONE 3 1.000000

VERT 311
OFFSET -2.037298 1.109851 53.158730
BONES 1
BONE 3 1.000000

VERT 312
OFFSET -2.158995 1.190324 53.261471
BONES 1
BONE 3 1.000000

VERT 313
OFFSET -2.258013 1.144861 53.239162
BONES 1
BONE 3 1.000000

VERT 314
OFFSET -2.344641 1.122847 53.222160
BONES 1
BONE 3 1.000000

VERT 315
OFFSET -2.243969 1.055877 53.055183
BONES 1
BONE 3 1.000000

VERT 316
OFFSET -2.091548 1.299605 53.304478
BONES 1
BONE 3 1.000000

VERT 317
OFFSET -2.238234 1.343810 53.393963
BONES 1
BONE 3 1.000000

VERT 318
OFFSET -2.323434 1.264546 53.362450
BONES 1
BONE 3 1.000000

VERT 319
OFFSET -2.427063 1.203714 53.349873
BONES 1
BONE 3 1.000000

VERT 320
OFFSET -2.513847 1.180473 53.303703
BONES 1
BONE 3 1.000000

VERT 321
OFFSET -2.622982 1.254678 53.440441
BONES 1
BONE 3 1.000000

VERT 322
OFFSET -2.509320 1.315066 53.469212
BONES 1
BONE 3 1.000000

VERT 323
OFFSET -2.725943 1.344085 53.609146
BONES 1
BONE 3 1.000000

VERT 324
OFFSET -2.564371 1.488809 53.680321
BONES 1
BONE 3 1.000000

VERT 325
OFFSET -2.394235 1.386561 53.492905
BONES 1
BONE 3 1.000000

VERT 326
OFFSET -2.411783 1.577581 53.685871
BONES 1
BONE 3 1.000000

VERT 327
OFFSET -2.582563 1.674951 53.882484
BONES 1
BONE 3 1.000000

VERT 328
OFFSET -2.424029 1.764895 53.858437
BONES 1
BONE 3 1.000000

VERT 329
OFFSET -2.285136 1.703580 53.724174
BONES 1
BONE 3 1.000000

VERT 330
OFFSET -2.274040 1.532638 53.566326
BONES 1
BONE 3 1.000000

VERT 331
OFFSET -2.144125 1.511193 53.476936
BONES 1
BONE 3 1.000000

VERT 332
OFFSET -1.997207 1.469380 53.377163
BONES 1
BONE 3 1.000000

VERT 333
OFFSET -2.167832 1.680598 53.632835
BONES 1
BONE 3 1.000000

VERT 334
OFFSET -2.405894 1.866716 53.931255
BONES 1
BONE 3 1.000000

VERT 335
OFFSET -2.313740 1.867031 53.886948
BONES 1
BONE 3 1.000000

VERT 336
OFFSET -2.580755 1.982920 54.005287
BONES 1
BONE 3 1.000000

VERT 337
OFFSET -2.712128 1.781214 54.030659
BONES 1
BONE 3 1.000000

VERT 338
OFFSET -2.398892 2.032105 53.912315
BONES 1
BONE 3 1.000000

VERT 339
OFFSET -2.194299 1.835098 53.793655
BONES 1
BONE 3 1.000000

VERT 340
OFFSET -2.223063 1.963945 53.953037
BONES 1
BONE 3 1.000000

VERT 341
OFFSET -2.134003 2.031877 54.016201
BONES 2
BONE 3 0.990008
BONE 35 0.009992

VERT 342
OFFSET -2.099137 1.942987 53.872478
BONES 1
BONE 3 1.000000

VERT 343
OFFSET -2.064740 1.815320 53.711327
BONES 1
BONE 3 1.000000

VERT 344
OFFSET -2.031383 1.647310 53.541439
BONES 1
BONE 3 1.000000

VERT 345
OFFSET -1.877851 1.614248 53.442562
BONES 1
BONE 3 1.000000

VERT 346
OFFSET -1.840675 1.427239 53.281322
BONES 1
BONE 3 1.000000

VERT 347
OFFSET -1.960639 1.915473 53.791672
BONES 1
BONE 3 1.000000

VERT 348
OFFSET -1.999973 2.018370 53.950043
BONES 2
BONE 3 0.971221
BONE 35 0.028779

VERT 349
OFFSET -1.918675 1.784241 53.619644
BONES 1
BONE 3 1.000000

VERT 350
OFFSET -1.765292 1.747688 53.526569
BONES 1
BONE 3 1.000000

VERT 351
OFFSET -1.805612 1.892655 53.695271
BONES 2
BONE 3 0.979139
BONE 35 0.020861

VERT 352
OFFSET -1.653449 1.861085 53.602009
BONES 2
BONE 3 0.959695
BONE 35 0.040305

VERT 353
OFFSET -1.618247 1.706233 53.421116
BONES 1
BONE 3 1.000000

VERT 354
OFFSET -1.730205 1.573663 53.345303
BONES 1
BONE 3 1.000000

VERT 355
OFFSET -1.493099 1.820749 53.504906
BONES 2
BONE 35 0.040073
BONE 3 0.959927

VERT 356
OFFSET -1.438260 1.650927 53.322701
BONES 1
BONE 3 1.000000

VERT 357
OFFSET -1.557588 1.524552 53.246319
BONES 1
BONE 3 1.000000

VERT 358
OFFSET -1.380966 1.475914 53.132122
BONES 1
BONE 3 1.000000

VERT 359
OFFSET -1.671963 1.382013 53.177372
BONES 1
BONE 3 1.000000

VERT 360
OFFSET -1.497114 1.328899 53.069923
BONES 1
BONE 3 1.000000

VERT 361
OFFSET -1.609738 1.179588 53.011154
BONES 1
BONE 3 1.000000

VERT 362
OFFSET -1.781623 1.226530 53.111687
BONES 1
BONE 3 1.000000

VERT 363
OFFSET -1.709541 1.015799 52.967659
BONES 1
BONE 3 1.000000

VERT 364
OFFSET -1.549850 0.980863 52.880856
BONES 1
BONE 3 1.000000

VERT 365
OFFSET -1.650012 0.836686 52.849644
BONES 1
BONE 3 1.000000

VERT 366
OFFSET -1.323860 1.284007 52.976631
BONES 1
BONE 3 1.000000

VERT 367
OFFSET -1.442299 1.128363 52.923706
BONES 1
BONE 3 1.000000

VERT 368
OFFSET -1.200071 1.412171 53.036079
BONES 1
BONE 3 1.000000

VERT 369
OFFSET -1.253562 1.598387 53.209763
BONES 1
BONE 3 1.000000

VERT 370
OFFSET -1.155017 1.219871 52.892029
BONES 1
BONE 3 1.000000

VERT 371
OFFSET -1.282605 1.072125 52.842529
BONES 1
BONE 3 1.000000

VERT 372
OFFSET -1.128272 1.009735 52.767181
BONES 1
BONE 3 1.000000

VERT 373
OFFSET -1.020651 1.325264 52.957840
BONES 1
BONE 3 1.000000

VERT 374
OFFSET -0.989690 1.131226 52.822811
BONES 1
BONE 3 1.000000

VERT 375
OFFSET -1.391189 0.930300 52.803268
BONES 1
BONE 3 1.000000

VERT 376
OFFSET -1.499301 0.788594 52.777344
BONES 1
BONE 3 1.000000

VERT 377
OFFSET -1.598342 0.658787 52.747959
BONES 1
BONE 3 1.000000

VERT 378
OFFSET -1.451679 0.612762 52.685490
BONES 1
BONE 3 1.000000

VERT 379
OFFSET -1.502664 0.540269 52.639156
BONES 1
BONE 3 1.000000

VERT 380
OFFSET -1.245870 0.877652 52.732094
BONES 1
