// Export time: Fri Nov 13 10:51:51 2020

// Exported using Blender v2.90.1
// Export filename: 'E:/blackops3/mod_xmodel/iw4/p90/ch_head_gk_p90_lod2.XMODEL_EXPORT'
// Source filename: 'E:/blackops3/mod_xmodel/iw4/p90/p90.blend'
MODEL
VERSION 6

NUMBONES 54
BONE 0 -1 "tag_origin"
BONE 1 0 "j_spineupper"
BONE 2 1 "j_neck"
BONE 3 2 "j_head"
BONE 4 3 "j_brow_le"
BONE 5 3 "j_brow_ri"
BONE 6 3 "j_browouter_le"
BONE 7 3 "j_browouter_ri"
BONE 8 3 "j_cheek_le"
BONE 9 3 "j_cheek_ri"
BONE 10 3 "j_cheeklower_le"
BONE 11 3 "j_cheeklower_ri"
BONE 12 3 "j_eye_lid_bot_le"
BONE 13 3 "j_eye_lid_bot_ri"
BONE 14 3 "j_eye_lid_top_le"
BONE 15 3 "j_eye_lid_top_ri"
BONE 16 3 "j_eyeball_le"
BONE 17 3 "j_eyeball_ri"
BONE 18 3 "j_head_end"
BONE 19 18 "j_helmet"
BONE 20 3 "j_jaw"
BONE 21 20 "j_chin_skinroll"
BONE 22 20 "j_lip_bot_le"
BONE 23 20 "j_lip_bot_ri"
BONE 24 3 "j_levator_le"
BONE 25 3 "j_levator_ri"
BONE 26 3 "j_lip_top_le"
BONE 27 3 "j_lip_top_ri"
BONE 28 3 "j_mouth_le"
BONE 29 3 "j_mouth_ri"
BONE 30 3 "j_nvg"
BONE 31 3 "tag_eye"
BONE 32 3 "MouthCavity"
BONE 33 3 "MouthMove"
BONE 34 3 "Eye_Rz_L"
BONE 35 34 "CheekUp2_L"
BONE 36 34 "Eye01_S_L"
BONE 37 34 "Eye02_S_L"
BONE 38 34 "Eye03_S_L"
BONE 39 34 "Eye04_S_L"
BONE 40 34 "Eye05_S_L"
BONE 41 34 "Eye06_S_L"
BONE 42 34 "Eye07_S_L"
BONE 43 34 "Eye08_S_L"
BONE 44 3 "Eye_Rz_R"
BONE 45 44 "CheekUp2_R"
BONE 46 44 "Eye01_S_R"
BONE 47 44 "Eye02_S_R"
BONE 48 44 "Eye03_S_R"
BONE 49 44 "Eye04_S_R"
BONE 50 44 "Eye05_S_R"
BONE 51 44 "Eye06_S_R"
BONE 52 44 "Eye07_S_R"
BONE 53 44 "Eye08_S_R"

BONE 0
OFFSET 0.000000 0.000000 0.000000
SCALE 1.000000 1.000000 1.000000
X 1.000000 0.000000 0.000000
Y 0.000000 1.000000 0.000000
Z 0.000000 0.000000 1.000000

BONE 1
OFFSET -2.371330 0.000194 43.695026
SCALE 1.000000 1.000000 1.000000
X 0.020430 -0.000061 0.999791
Y 0.999791 0.000062 -0.020430
Z -0.000060 1.000000 0.000063

BONE 2
OFFSET -2.587651 0.000000 50.848793
SCALE 1.000000 1.000000 1.000000
X 0.309729 -0.000041 0.950825
Y 0.950825 0.000075 -0.309729
Z -0.000059 1.000000 0.000063

BONE 3
OFFSET -2.587649 0.000000 53.127945
SCALE 1.000000 1.000000 1.000000
X 0.216405 -0.000040 0.976304
Y 0.976303 0.000072 -0.216405
Z -0.000061 1.000000 0.000055

BONE 4
OFFSET 0.714521 1.145360 56.027264
SCALE 1.000000 1.000000 1.000000
X 0.000657 0.999997 -0.000111
Y -0.998859 0.000650 -0.047740
Z -0.047740 0.000142 0.998860

BONE 5
OFFSET 0.723714 -1.166465 56.027916
SCALE 1.000000 1.000000 1.000000
X 0.000011 1.000000 0.000102
Y 0.998894 -0.000016 0.047002
Z 0.047002 0.000102 -0.998895

BONE 6
OFFSET 0.372678 1.960856 56.052624
SCALE 1.000000 1.000000 1.000000
X 0.000657 1.000000 -0.000131
Y -0.998864 0.000650 -0.047642
Z -0.047641 0.000162 0.998864

BONE 7
OFFSET 0.400730 -1.936971 56.050892
SCALE 1.000000 1.000000 1.000000
X 0.000011 1.000000 0.000109
Y 0.998895 -0.000016 0.046997
Z 0.046997 0.000108 -0.998895

BONE 8
OFFSET -0.385249 1.606187 55.105927
SCALE 1.000000 1.000000 1.000000
X 0.000643 0.999998 -0.000128
Y -0.998868 0.000636 -0.047555
Z -0.047554 0.000159 0.998868

BONE 9
OFFSET -0.402554 -1.541697 55.161854
SCALE 1.000000 1.000000 1.000000
X 0.000014 1.000000 0.000089
Y 0.998890 -0.000019 0.047094
Z 0.047094 0.000088 -0.998890

BONE 10
OFFSET -0.393933 1.443216 54.087479
SCALE 1.000000 1.000000 1.000000
X 0.170265 0.000001 0.985398
Y 0.985398 0.000012 -0.170265
Z -0.000012 1.000000 0.000001

BONE 11
OFFSET -0.355695 -1.440795 54.113384
SCALE 1.000000 1.000000 1.000000
X 0.170269 0.000002 0.985398
Y 0.985398 0.000015 -0.170269
Z -0.000015 1.000000 0.000000

BONE 12
OFFSET -0.607391 0.977275 55.578621
SCALE 1.000000 1.000000 1.000000
X -0.065611 0.997120 0.038026
Y -0.996950 -0.063892 -0.044805
Z -0.042247 -0.040850 0.998272

BONE 13
OFFSET -0.607121 -0.932334 55.572906
SCALE 1.000000 1.000000 1.000000
X 0.066597 0.997041 -0.038394
Y 0.996922 -0.064895 0.043984
Z 0.041363 -0.041205 -0.998294

BONE 14
OFFSET -0.607022 0.976408 55.642036
SCALE 1.000000 1.000000 1.000000
X -0.065482 0.997129 0.037998
Y -0.996962 -0.063768 -0.044711
Z -0.042159 -0.040811 0.998277

BONE 15
OFFSET -0.606480 -0.933499 55.630581
SCALE 1.000000 1.000000 1.000000
X 0.066543 0.997045 -0.038371
Y 0.996937 -0.064854 0.043707
Z 0.041089 -0.041161 -0.998307

BONE 16
OFFSET -1.980935 0.911727 55.186008
SCALE 1.000000 1.000000 1.000000
X -0.205906 0.978519 -0.010113
Y -0.977368 -0.206155 -0.047461
Z -0.048526 0.000111 0.998822

BONE 17
OFFSET -1.981581 -0.910679 55.185982
SCALE 1.000000 1.000000 1.000000
X 0.207722 0.978139 0.009779
Y 0.977074 -0.207952 0.045636
Z 0.046672 0.000076 -0.998910

BONE 18
OFFSET -2.404627 0.000044 57.996201
SCALE 1.000000 1.000000 1.000000
X 0.170358 0.000009 0.985382
Y 0.985382 -0.000000 -0.170358
Z -0.000001 1.000000 -0.000009

BONE 19
OFFSET -3.246418 0.000047 59.052326
SCALE 1.000000 1.000000 1.000000
X 0.995888 -0.000059 0.090593
Y 0.000076 1.000000 -0.000183
Z -0.090593 0.000189 0.995888

BONE 20
OFFSET -2.160999 0.000451 53.430218
SCALE 1.000000 1.000000 1.000000
X 0.000648 0.999999 -0.000098
Y -0.998855 0.000642 -0.047824
Z -0.047824 0.000129 0.998856

BONE 21
OFFSET 0.408017 -0.001362 51.912258
SCALE 1.000000 1.000000 1.000000
X 0.000648 0.999999 -0.000103
Y -0.998869 0.000642 -0.047547
Z -0.047547 0.000133 0.998869

BONE 22
OFFSET 0.147148 0.222882 53.252510
SCALE 1.000000 1.000000 1.000000
X 0.000648 0.999999 -0.000084
Y -0.998860 0.000643 -0.047733
Z -0.047733 0.000115 0.998860

BONE 23
OFFSET 0.147148 -0.221822 53.252510
SCALE 1.000000 1.000000 1.000000
X 0.001068 0.999999 0.000192
Y 0.998873 -0.000382 0.047457
Z 0.046967 0.000142 -0.998896

BONE 24
OFFSET 0.325444 0.483067 54.814240
SCALE 1.000000 1.000000 1.000000
X 0.000646 1.000000 -0.000075
Y -0.998860 0.000642 -0.047728
Z -0.047728 0.000106 0.998860

BONE 25
OFFSET 0.346629 -0.464171 54.819069
SCALE 1.000000 1.000000 1.000000
X 0.000014 1.000000 0.000081
Y 0.998886 -0.000018 0.047181
Z 0.047181 0.000080 -0.998886

BONE 26
OFFSET 0.205400 0.222882 53.385635
SCALE 1.000000 1.000000 1.000000
X 0.000648 0.999995 -0.000085
Y -0.998860 0.000642 -0.047731
Z -0.047731 0.000116 0.998860

BONE 27
OFFSET 0.205400 -0.221822 53.385635
SCALE 1.000000 1.000000 1.000000
X 0.000011 1.000000 0.000106
Y 0.998895 -0.000016 0.047004
Z 0.047004 0.000106 -0.998895

BONE 28
OFFSET 0.092722 0.450853 53.321400
SCALE 1.000000 1.000000 1.000000
X 0.000646 1.000000 -0.000116
Y -0.998864 0.000640 -0.047641
Z -0.047641 0.000147 0.998865

BONE 29
OFFSET 0.092723 -0.449793 53.321392
SCALE 1.000000 1.000000 1.000000
X 0.000000 1.000000 0.000110
Y 0.998891 -0.000006 0.047092
Z 0.047092 0.000110 -0.998891

BONE 30
OFFSET 1.621360 0.000047 57.262234
SCALE 1.000000 1.000000 1.000000
X 0.985417 0.000006 -0.170153
Y -0.170153 0.000000 -0.985418
Z -0.000006 1.000000 0.000001

BONE 31
OFFSET -0.044119 0.000453 55.446651
SCALE 1.000000 1.000000 1.000000
X 0.922511 -0.000082 0.385970
Y 0.000090 1.000000 -0.000002
Z -0.385970 0.000037 0.922511

BONE 32
OFFSET -0.677897 0.000001 53.317165
SCALE 1.000000 1.000000 1.000000
X -0.000000 1.000000 0.000000
Y -0.000000 0.000000 1.000000
Z 1.000000 0.000000 0.000000

BONE 33
OFFSET 0.171797 0.000001 53.317165
SCALE 1.000000 1.000000 1.000000
X -0.000000 1.000000 -0.000000
Y -0.000000 0.000000 1.000000
Z 1.000000 0.000000 0.000000

BONE 34
OFFSET -0.805541 1.406756 55.326813
SCALE 1.000000 1.000000 1.000000
X 0.000000 1.000000 0.000000
Y 0.000000 0.000000 1.000000
Z 1.000000 -0.000000 0.000000

BONE 35
OFFSET -0.942562 1.490822 54.305882
SCALE 1.000000 1.000000 1.000000
X -0.000000 1.000000 0.000000
Y 0.000000 -0.000000 1.000000
Z 1.000000 0.000000 0.000000

BONE 36
OFFSET -0.045165 0.750726 55.160583
SCALE 1.000000 1.000000 1.000000
X -0.000000 1.000000 0.000000
Y -0.000000 -0.000000 1.000000
Z 1.000000 0.000000 0.000000

BONE 37
OFFSET -0.148494 1.035236 55.099495
SCALE 1.000000 1.000000 1.000000
X -0.000000 1.000000 0.000000
Y -0.000000 -0.000000 1.000000
Z 1.000000 0.000000 0.000000

BONE 38
OFFSET -0.061973 1.518929 55.723816
SCALE 1.000000 1.000000 1.000000
X -0.000000 1.000000 0.000000
Y -0.000000 -0.000000 1.000000
Z 1.000000 0.000000 0.000000

BONE 39
OFFSET -0.145424 1.910318 55.874100
SCALE 1.000000 1.000000 1.000000
X -0.000000 1.000000 0.000000
Y -0.000000 -0.000000 1.000000
Z 1.000000 0.000000 0.000000

BONE 40
OFFSET -0.395656 2.159327 55.441959
SCALE 1.000000 1.000000 1.000000
X -0.000000 1.000000 0.000000
Y 0.000000 -0.000000 1.000000
Z 1.000000 0.000000 0.000000

BONE 41
OFFSET -0.502150 1.953610 54.849831
SCALE 1.000000 1.000000 1.000000
X -0.000000 1.000000 0.000000
Y 0.000000 -0.000000 1.000000
Z 1.000000 0.000000 0.000000

BONE 42
OFFSET -0.316596 1.400582 54.670643
SCALE 1.000000 1.000000 1.000000
X -0.000000 1.000000 0.000000
Y -0.000000 -0.000000 1.000000
Z 1.000000 0.000000 0.000000

BONE 43
OFFSET -0.157973 0.888021 54.735077
SCALE 1.000000 1.000000 1.000000
X -0.000000 1.000000 0.000000
Y -0.000000 -0.000000 1.000000
Z 1.000000 0.000000 0.000000

BONE 44
OFFSET -0.805540 -1.407387 55.326794
SCALE 1.000000 1.000000 1.000000
X -0.000000 1.000000 0.000000
Y -0.000000 0.000000 1.000000
Z 1.000000 0.000000 0.000000

BONE 45
OFFSET -0.942561 -1.491453 54.305866
SCALE 1.000000 1.000000 1.000000
X -0.000000 1.000000 0.000000
Y -0.000000 -0.000000 1.000000
Z 1.000000 0.000000 0.000000

BONE 46
OFFSET -0.046814 -0.750942 55.159588
SCALE 1.000000 1.000000 1.000000
X -0.000000 1.000000 0.000000
Y -0.000000 -0.000000 1.000000
Z 1.000000 0.000000 0.000000

BONE 47
OFFSET -0.148580 -1.035131 55.099453
SCALE 1.000000 1.000000 1.000000
X -0.000000 1.000000 0.000000
Y -0.000000 -0.000000 1.000000
Z 1.000000 0.000000 0.000000

BONE 48
OFFSET -0.053670 -1.476800 55.717567
SCALE 1.000000 1.000000 1.000000
X -0.000000 1.000000 0.000000
Y -0.000000 -0.000000 1.000000
Z 1.000000 0.000000 0.000000

BONE 49
OFFSET -0.144349 -1.911615 55.873821
SCALE 1.000000 1.000000 1.000000
X -0.000000 1.000000 0.000000
Y 0.000000 -0.000000 1.000000
Z 1.000000 0.000000 0.000000

BONE 50
OFFSET -0.395697 -2.161238 55.442043
SCALE 1.000000 1.000000 1.000000
X -0.000000 1.000000 0.000000
Y -0.000000 -0.000000 1.000000
Z 1.000000 0.000000 0.000000

BONE 51
OFFSET -0.501464 -1.953493 54.850521
SCALE 1.000000 1.000000 1.000000
X -0.000000 1.000000 0.000000
Y -0.000000 -0.000000 1.000000
Z 1.000000 0.000000 0.000000

BONE 52
OFFSET -0.317191 -1.400444 54.671375
SCALE 1.000000 1.000000 1.000000
X -0.000000 1.000000 0.000000
Y -0.000000 -0.000000 1.000000
Z 1.000000 0.000000 0.000000

BONE 53
OFFSET -0.159285 -0.888924 54.734249
SCALE 1.000000 1.000000 1.000000
X -0.000000 1.000000 0.000000
Y -0.000000 -0.000000 1.000000
Z 1.000000 0.000000 0.000000


NUMVERTS 2029
VERT 0
OFFSET -2.638581 2.843177 55.336864
BONES 1
BONE 3 1.000000

VERT 1
OFFSET -2.821445 2.671062 55.287621
BONES 1
BONE 3 1.000000

VERT 2
OFFSET -2.793446 2.856851 55.233841
BONES 1
BONE 3 1.000000

VERT 3
OFFSET -2.904484 3.022011 54.999233
BONES 1
BONE 3 1.000000

VERT 4
OFFSET -2.968267 2.754206 54.871941
BONES 1
BONE 3 1.000000

VERT 5
OFFSET -3.036002 2.515770 54.886398
BONES 1
BONE 3 1.000000

VERT 6
OFFSET -2.982119 2.971667 54.749588
BONES 1
BONE 3 1.000000

VERT 7
OFFSET -2.499149 2.859317 55.373692
BONES 1
BONE 3 1.000000

VERT 8
OFFSET -2.360592 2.666555 55.430264
BONES 1
BONE 3 1.000000

VERT 9
OFFSET -2.612320 2.998371 55.359867
BONES 1
BONE 3 1.000000

VERT 10
OFFSET -2.764771 3.024758 55.229229
BONES 1
BONE 3 1.000000

VERT 11
OFFSET -2.807451 3.279601 55.389263
BONES 1
BONE 3 1.000000

VERT 12
OFFSET -2.339288 2.891660 55.503777
BONES 1
BONE 3 1.000000

VERT 13
OFFSET -2.119400 2.770973 55.425133
BONES 1
BONE 3 1.000000

VERT 14
OFFSET -2.583274 3.209062 55.512054
BONES 1
BONE 3 1.000000

VERT 15
OFFSET -2.408117 3.102942 55.535576
BONES 1
BONE 3 1.000000

VERT 16
OFFSET -2.365619 3.217585 55.530296
BONES 1
BONE 3 1.000000

VERT 17
OFFSET -2.238496 3.106653 55.505020
BONES 1
BONE 3 1.000000

VERT 18
OFFSET -2.079019 2.877580 55.402718
BONES 1
BONE 3 1.000000

VERT 19
OFFSET -2.005980 2.737787 55.317593
BONES 1
BONE 3 1.000000

VERT 20
OFFSET -1.962587 2.620183 55.158928
BONES 1
BONE 3 1.000000

VERT 21
OFFSET -2.094118 2.982601 55.348461
BONES 1
BONE 3 1.000000

VERT 22
OFFSET -2.094888 2.788561 55.104038
BONES 1
BONE 3 1.000000

VERT 23
OFFSET -2.074897 2.700258 54.942795
BONES 1
BONE 3 1.000000

VERT 24
OFFSET -1.921763 2.531052 54.887333
BONES 2
BONE 35 0.015072
BONE 3 0.984928

VERT 25
OFFSET -2.149903 2.967000 55.240349
BONES 1
BONE 3 1.000000

VERT 26
OFFSET -2.207454 2.932400 55.200382
BONES 1
BONE 3 1.000000

VERT 27
OFFSET -2.154097 2.765592 55.028481
BONES 1
BONE 3 1.000000

VERT 28
OFFSET -2.094793 2.632093 54.823833
BONES 1
BONE 3 1.000000

VERT 29
OFFSET -2.167312 2.598507 54.803387
BONES 1
BONE 3 1.000000

VERT 30
OFFSET -2.184694 2.559436 54.807117
BONES 1
BONE 3 1.000000

VERT 31
OFFSET -2.410666 2.687878 54.938793
BONES 1
BONE 3 1.000000

VERT 32
OFFSET -2.425877 2.799903 54.902233
BONES 1
BONE 3 1.000000

VERT 33
OFFSET -2.243247 2.616431 54.660038
BONES 1
BONE 3 1.000000

VERT 34
OFFSET -2.277099 2.548681 54.680408
BONES 1
BONE 3 1.000000

VERT 35
OFFSET -2.274581 2.481268 54.683094
BONES 1
BONE 3 1.000000

VERT 36
OFFSET -2.168634 2.470470 54.546337
BONES 2
BONE 35 0.015787
BONE 3 0.984213

VERT 37
OFFSET -2.264266 2.465904 54.458473
BONES 1
BONE 3 1.000000

VERT 38
OFFSET -2.259624 2.441132 54.398197
BONES 1
BONE 3 1.000000

VERT 39
OFFSET -2.185569 2.364587 54.372601
BONES 1
BONE 3 1.000000

VERT 40
OFFSET -2.013258 2.434946 54.593853
BONES 2
BONE 35 0.030103
BONE 3 0.969897

VERT 41
OFFSET -2.146216 2.208078 54.252136
BONES 2
BONE 3 0.966260
BONE 35 0.033740

VERT 42
OFFSET -2.161180 2.289924 54.154743
BONES 1
BONE 3 1.000000

VERT 43
OFFSET -2.323263 2.433372 53.965492
BONES 1
BONE 3 1.000000

VERT 44
OFFSET -2.514676 2.531090 54.446362
BONES 1
BONE 3 1.000000

VERT 45
OFFSET -2.515274 2.551589 54.668030
BONES 1
BONE 3 1.000000

VERT 46
OFFSET -2.503952 2.550734 54.135067
BONES 1
BONE 3 1.000000

VERT 47
OFFSET -2.547814 2.618786 54.332123
BONES 1
BONE 3 1.000000

VERT 48
OFFSET -2.185521 2.211649 53.981430
BONES 1
BONE 3 1.000000

VERT 49
OFFSET -2.373655 2.420179 53.869160
BONES 1
BONE 3 1.000000

VERT 50
OFFSET -2.251325 2.280281 53.855408
BONES 1
BONE 3 1.000000

VERT 51
OFFSET -2.398541 2.358670 53.798069
BONES 1
BONE 3 1.000000

VERT 52
OFFSET -2.352731 2.221104 53.811184
BONES 1
BONE 3 1.000000

VERT 53
OFFSET -2.498913 2.349028 53.839542
BONES 1
BONE 3 1.000000

VERT 54
OFFSET -2.597612 2.575235 53.900043
BONES 1
BONE 3 1.000000

VERT 55
OFFSET -2.658592 2.488071 53.932480
BONES 1
BONE 3 1.000000

VERT 56
OFFSET -2.702232 2.361929 54.016144
BONES 1
BONE 3 1.000000

VERT 57
OFFSET -2.865531 2.718716 54.119698
BONES 1
BONE 3 1.000000

VERT 58
OFFSET -2.843832 2.513406 54.219486
BONES 1
BONE 3 1.000000

VERT 59
OFFSET -2.756691 2.095007 54.140228
BONES 1
BONE 3 1.000000

VERT 60
OFFSET -2.900787 2.622974 54.347740
BONES 1
BONE 3 1.000000

VERT 61
OFFSET -2.820949 2.822788 54.092484
BONES 1
BONE 3 1.000000

VERT 62
OFFSET -2.917848 3.029313 54.336651
BONES 1
BONE 3 1.000000

VERT 63
OFFSET -2.986136 2.890538 54.278034
BONES 1
BONE 3 1.000000

VERT 64
OFFSET -2.719458 2.771206 54.189262
BONES 1
BONE 3 1.000000

VERT 65
OFFSET -2.893213 2.991184 54.430717
BONES 1
BONE 3 1.000000

VERT 66
OFFSET -2.713569 2.917700 54.391907
BONES 1
BONE 3 1.000000

VERT 67
OFFSET -2.589679 2.728930 54.229614
BONES 1
BONE 3 1.000000

VERT 68
OFFSET -2.639720 2.871056 54.407959
BONES 1
BONE 3 1.000000

VERT 69
OFFSET -2.638055 2.794480 54.535912
BONES 1
BONE 3 1.000000

VERT 70
OFFSET -2.646346 2.973558 54.703644
BONES 1
BONE 3 1.000000

VERT 71
OFFSET -2.601021 2.863835 54.750065
BONES 1
BONE 3 1.000000

VERT 72
OFFSET -2.723880 3.029624 54.667004
BONES 1
BONE 3 1.000000

VERT 73
OFFSET -2.446865 2.638592 54.840321
BONES 1
BONE 3 1.000000

VERT 74
OFFSET -2.499767 3.045202 54.922470
BONES 1
BONE 3 1.000000

VERT 75
OFFSET -2.385379 2.928485 54.959641
BONES 1
BONE 3 1.000000

VERT 76
OFFSET -2.598102 3.107440 54.908241
BONES 1
BONE 3 1.000000

VERT 77
OFFSET -2.802068 3.120462 54.781776
BONES 1
BONE 3 1.000000

VERT 78
OFFSET -2.489813 3.083799 55.035522
BONES 1
BONE 3 1.000000

VERT 79
OFFSET -2.673026 3.139601 55.015163
BONES 1
BONE 3 1.000000

VERT 80
OFFSET -2.741429 3.184084 55.035671
BONES 1
BONE 3 1.000000

VERT 81
OFFSET -2.793830 3.203222 55.136711
BONES 1
BONE 3 1.000000

VERT 82
OFFSET -2.896187 3.188195 54.947430
BONES 1
BONE 3 1.000000

VERT 83
OFFSET -2.938356 3.178199 54.789429
BONES 1
BONE 3 1.000000

VERT 84
OFFSET -2.899731 3.236535 54.965744
BONES 1
BONE 3 1.000000

VERT 85
OFFSET -2.938635 3.171267 54.651493
BONES 1
BONE 3 1.000000

VERT 86
OFFSET -2.887220 3.082322 54.617023
BONES 1
BONE 3 1.000000

VERT 87
OFFSET -2.940369 3.234291 54.679817
BONES 1
BONE 3 1.000000

VERT 88
OFFSET -3.019546 3.083338 54.419075
BONES 1
BONE 3 1.000000

VERT 89
OFFSET -2.857388 3.290241 54.949543
BONES 1
BONE 3 1.000000

VERT 90
OFFSET -2.874720 3.370531 55.021061
BONES 1
BONE 3 1.000000

VERT 91
OFFSET -3.033049 3.258199 54.700821
BONES 1
BONE 3 1.000000

VERT 92
OFFSET -3.079771 3.167088 54.740700
BONES 1
BONE 3 1.000000

VERT 93
OFFSET -2.951075 3.384367 55.066746
BONES 1
BONE 3 1.000000

VERT 94
OFFSET -3.015126 3.263433 55.137535
BONES 1
BONE 3 1.000000

VERT 95
OFFSET -2.719341 3.313817 55.145779
BONES 1
BONE 3 1.000000

VERT 96
OFFSET -3.051166 3.016006 54.436367
BONES 1
BONE 3 1.000000

VERT 97
OFFSET -2.979524 2.805784 54.502087
BONES 1
BONE 3 1.000000

VERT 98
OFFSET -2.951631 2.985487 54.259781
BONES 1
BONE 3 1.000000

VERT 99
OFFSET -2.959294 2.598396 54.559464
BONES 1
BONE 3 1.000000

VERT 100
OFFSET -3.029881 2.373279 54.602779
BONES 1
BONE 3 1.000000

VERT 101
OFFSET -2.808007 3.392583 55.291069
BONES 1
BONE 3 1.000000

VERT 102
OFFSET -2.667274 3.357282 55.420361
BONES 1
BONE 3 1.000000

VERT 103
OFFSET -2.666593 3.369573 55.296082
BONES 1
BONE 3 1.000000

VERT 104
OFFSET -2.537943 3.292961 55.314804
BONES 1
BONE 3 1.000000

VERT 105
OFFSET -2.661730 3.210740 55.292648
BONES 1
BONE 3 1.000000

VERT 106
OFFSET -2.825429 3.250279 55.144215
BONES 1
BONE 3 1.000000

VERT 107
OFFSET -2.531353 3.195816 55.352207
BONES 1
BONE 3 1.000000

VERT 108
OFFSET -2.560129 3.156100 55.266987
BONES 1
BONE 3 1.000000

VERT 109
OFFSET -2.432036 3.085272 55.263618
BONES 1
BONE 3 1.000000

VERT 110
OFFSET -2.419610 3.118997 55.385704
BONES 1
BONE 3 1.000000

VERT 111
OFFSET -2.339818 3.192137 55.392624
BONES 1
BONE 3 1.000000

VERT 112
OFFSET -2.267618 2.993372 55.292500
BONES 1
BONE 3 1.000000

VERT 113
OFFSET -2.302140 3.215519 55.476284
BONES 1
BONE 3 1.000000

VERT 114
OFFSET -2.493611 3.311419 55.442379
BONES 1
BONE 3 1.000000

VERT 115
OFFSET -2.523386 3.297375 55.500908
BONES 1
BONE 3 1.000000

VERT 116
OFFSET -2.366420 2.981044 55.018456
BONES 1
BONE 3 1.000000

VERT 117
OFFSET -2.286515 1.979749 53.952465
BONES 1
BONE 3 1.000000

VERT 118
OFFSET 0.095593 0.051367 53.298225
BONES 4
BONE 23 0.236353
BONE 22 0.133585
BONE 33 0.589865
BONE 28 0.040197

VERT 119
OFFSET -0.374096 0.126957 52.813835
BONES 2
BONE 3 0.200000
BONE 32 0.800000

VERT 120
OFFSET -0.367326 0.315445 52.920971
BONES 2
BONE 32 0.800000
BONE 3 0.200000

VERT 121
OFFSET -0.657928 0.105245 52.702206
BONES 2
BONE 32 0.900000
BONE 3 0.100000

VERT 122
OFFSET -0.641932 0.365931 52.827114
BONES 2
BONE 32 0.900000
BONE 3 0.100000

VERT 123
OFFSET -0.623322 0.509709 52.976727
BONES 2
BONE 32 0.900000
BONE 3 0.100000

VERT 124
OFFSET -0.350628 0.459193 53.030479
BONES 2
BONE 32 0.800000
BONE 3 0.200000

VERT 125
OFFSET -0.241297 0.585353 53.286236
BONES 2
BONE 32 1.000000
BONE 3 0.000000

VERT 126
OFFSET 0.071069 0.333157 53.309895
BONES 6
BONE 23 0.000002
BONE 22 0.220800
BONE 33 0.545728
BONE 28 0.176131
BONE 32 0.057334
BONE 26 0.000005

VERT 127
OFFSET -0.515200 0.620785 53.322910
BONES 2
BONE 32 1.000000
BONE 3 0.000000

VERT 128
OFFSET -0.185734 0.572563 53.418175
BONES 2
BONE 32 1.000000
BONE 3 0.000000

VERT 129
OFFSET -0.764469 0.592698 53.266697
BONES 2
BONE 32 1.000000
BONE 3 0.000000

VERT 130
OFFSET -0.593868 0.498762 53.593544
BONES 2
BONE 32 1.000000
BONE 3 0.000000

VERT 131
OFFSET -0.863683 0.451138 53.485622
BONES 2
BONE 32 1.000000
BONE 3 0.000000

VERT 132
OFFSET -0.595854 0.389296 53.780460
BONES 2
BONE 32 1.000000
BONE 3 0.000000

VERT 133
OFFSET -0.238895 0.379110 53.743336
BONES 2
BONE 32 1.000000
BONE 3 0.000000

VERT 134
OFFSET -0.325036 0.515057 53.624462
BONES 2
BONE 32 1.000000
BONE 3 0.000000

VERT 135
OFFSET -0.045545 0.464310 53.660744
BONES 1
BONE 32 1.000000

VERT 136
OFFSET -0.162069 0.246404 53.865540
BONES 2
BONE 32 1.000000
BONE 3 0.000000

VERT 137
OFFSET -0.602266 0.243338 53.887299
BONES 2
BONE 32 1.000000
BONE 3 0.000000

VERT 138
OFFSET -1.019533 0.369901 53.449879
BONES 2
BONE 32 1.000000
BONE 3 0.000000

VERT 139
OFFSET -1.070607 0.254606 53.452290
BONES 2
BONE 32 1.000000
BONE 3 0.000000

VERT 140
OFFSET -1.064073 0.074076 53.446712
BONES 1
BONE 32 1.000000

VERT 141
OFFSET -0.606093 0.118535 53.917938
BONES 2
BONE 32 1.000000
BONE 3 0.000000

VERT 142
OFFSET 0.061032 0.309583 53.753860
BONES 1
BONE 32 1.000000

VERT 143
OFFSET 0.154281 0.045917 53.775833
BONES 1
BONE 32 1.000000

VERT 144
OFFSET -0.131330 0.123115 53.908195
BONES 2
BONE 32 1.000000
BONE 3 0.000000

VERT 145
OFFSET -1.203552 0.099867 52.979931
BONES 1
BONE 32 1.000000

VERT 146
OFFSET -0.984543 0.153759 52.723309
BONES 2
BONE 3 0.145000
BONE 32 0.855000

VERT 147
OFFSET -0.995670 0.000000 52.704941
BONES 2
BONE 32 0.855000
BONE 3 0.145000

VERT 148
OFFSET -1.174941 0.378833 53.020779
BONES 1
BONE 32 1.000000

VERT 149
OFFSET -0.958203 0.396152 52.836987
BONES 2
BONE 32 0.855000
BONE 3 0.145000

VERT 150
OFFSET -0.919115 0.518086 52.985966
BONES 2
BONE 32 0.855000
BONE 3 0.145000

VERT 151
OFFSET -1.053743 0.528900 53.136040
BONES 2
BONE 32 1.000000
BONE 3 0.000000

VERT 152
OFFSET -0.658557 0.000000 52.681046
BONES 2
BONE 32 0.900000
BONE 3 0.100000

VERT 153
OFFSET -0.375041 0.000001 52.791523
BONES 2
BONE 32 0.800000
BONE 3 0.200000

VERT 154
OFFSET -0.657928 -0.105244 52.702206
BONES 2
BONE 32 0.900000
BONE 3 0.100000

VERT 155
OFFSET -0.374096 -0.126956 52.813835
BONES 2
BONE 3 0.200000
BONE 32 0.800000

VERT 156
OFFSET -0.984543 -0.153758 52.723309
BONES 2
BONE 3 0.145000
BONE 32 0.855000

VERT 157
OFFSET -0.641931 -0.365930 52.827114
BONES 2
BONE 32 0.900000
BONE 3 0.100000

VERT 158
OFFSET -0.367326 -0.315444 52.920971
BONES 2
BONE 32 0.800000
BONE 3 0.200000

VERT 159
OFFSET -0.623322 -0.509708 52.976727
BONES 2
BONE 32 0.900000
BONE 3 0.100000

VERT 160
OFFSET -0.350628 -0.459192 53.030479
BONES 2
BONE 32 0.800000
BONE 3 0.200000

VERT 161
OFFSET -0.241296 -0.585352 53.286236
BONES 2
BONE 32 1.000000
BONE 3 0.000000

VERT 162
OFFSET -0.185734 -0.572562 53.418175
BONES 2
BONE 32 1.000000
BONE 3 0.000000

VERT 163
OFFSET -0.515200 -0.620785 53.322910
BONES 2
BONE 32 1.000000
BONE 3 0.000000

VERT 164
OFFSET -0.325036 -0.515056 53.624462
BONES 2
BONE 32 1.000000
BONE 3 0.000000

VERT 165
OFFSET -0.593868 -0.498761 53.593544
BONES 2
BONE 32 1.000000
BONE 3 0.000000

VERT 166
OFFSET -0.238895 -0.379109 53.743336
BONES 2
BONE 32 1.000000
BONE 3 0.000000

VERT 167
OFFSET -0.595854 -0.389295 53.780460
BONES 2
BONE 32 1.000000
BONE 3 0.000000

VERT 168
OFFSET -0.863683 -0.451138 53.485622
BONES 2
BONE 32 1.000000
BONE 3 0.000000

VERT 169
OFFSET -0.764469 -0.592697 53.266697
BONES 2
BONE 32 1.000000
BONE 3 0.000000

VERT 170
OFFSET -0.045545 -0.464309 53.660744
BONES 1
BONE 32 1.000000

VERT 171
OFFSET 0.025819 -0.409772 53.348457
BONES 4
BONE 32 0.128822
BONE 29 0.247437
BONE 33 0.547468
BONE 27 0.076273

VERT 172
OFFSET -0.162069 -0.246403 53.865540
BONES 2
BONE 32 1.000000
BONE 3 0.000000

VERT 173
OFFSET -0.602266 -0.243337 53.887299
BONES 2
BONE 32 1.000000
BONE 3 0.000000

VERT 174
OFFSET -1.019533 -0.369900 53.449879
BONES 2
BONE 32 1.000000
BONE 3 0.000000

VERT 175
OFFSET -1.072239 -0.242891 53.444038
BONES 1
BONE 32 1.000000

VERT 176
OFFSET -0.607566 -0.066021 53.928268
BONES 1
BONE 32 1.000000

VERT 177
OFFSET 0.050908 -0.325521 53.754055
BONES 2
BONE 32 1.000000
BONE 3 0.000000

VERT 178
OFFSET 0.136677 -0.117685 53.774921
BONES 1
BONE 32 1.000000

VERT 179
OFFSET 0.104288 -0.157316 53.333752
BONES 5
BONE 32 0.010130
BONE 29 0.038644
BONE 33 0.706080
BONE 27 0.239992
BONE 26 0.005155

VERT 180
OFFSET -1.195509 -0.257810 52.995312
BONES 1
BONE 32 1.000000

VERT 181
OFFSET -0.123326 -0.054777 53.922699
BONES 1
BONE 32 1.000000

VERT 182
OFFSET -0.958203 -0.396151 52.836987
BONES 2
BONE 32 0.855000
BONE 3 0.145000

VERT 183
OFFSET -1.157771 -0.407747 53.036392
BONES 2
BONE 32 1.000000
BONE 3 0.000000

VERT 184
OFFSET -0.919115 -0.518085 52.985966
BONES 2
BONE 32 0.855000
BONE 3 0.145000

VERT 185
OFFSET -1.053743 -0.528899 53.136040
BONES 2
BONE 32 1.000000
BONE 3 0.000000

VERT 186
OFFSET -1.850037 0.787830 52.818127
BONES 1
BONE 3 1.000000

VERT 187
OFFSET -2.223536 1.046270 53.060471
BONES 1
BONE 3 1.000000

VERT 188
OFFSET -2.123620 1.004490 53.070751
BONES 1
BONE 3 1.000000

VERT 189
OFFSET -1.834581 0.889097 52.957104
BONES 1
BONE 3 1.000000

VERT 190
OFFSET -2.089178 1.116237 53.180119
BONES 1
BONE 3 1.000000

VERT 191
OFFSET -2.431453 1.162263 53.274582
BONES 1
BONE 3 1.000000

VERT 192
OFFSET -2.368940 1.353762 53.452850
BONES 1
BONE 3 1.000000

VERT 193
OFFSET -2.598891 1.265784 53.453350
BONES 1
BONE 3 1.000000

VERT 194
OFFSET -2.650177 1.394574 53.629906
BONES 1
BONE 3 1.000000

VERT 195
OFFSET -2.196891 1.481196 53.476196
BONES 1
BONE 3 1.000000

VERT 196
OFFSET -2.611176 1.669153 53.890293
BONES 1
BONE 3 1.000000

VERT 197
OFFSET -2.325743 1.849248 53.876545
BONES 1
BONE 3 1.000000

VERT 198
OFFSET -2.125108 1.788295 53.708691
BONES 1
BONE 3 1.000000

VERT 199
OFFSET -2.405894 1.866716 53.931255
BONES 1
BONE 3 1.000000

VERT 200
OFFSET -2.580755 1.982920 54.005287
BONES 1
BONE 3 1.000000

VERT 201
OFFSET -2.398892 2.032105 53.912315
BONES 1
BONE 3 1.000000

VERT 202
OFFSET -2.211031 1.977495 53.962502
BONES 2
BONE 3 0.998344
BONE 35 0.001656

VERT 203
OFFSET -1.759868 1.556022 53.341949
BONES 1
BONE 3 1.000000

VERT 204
OFFSET -1.653385 1.730494 53.459270
BONES 1
BONE 3 1.000000

VERT 205
OFFSET -1.797955 1.893381 53.694332
BONES 2
BONE 3 0.969532
BONE 35 0.030468

VERT 206
OFFSET -1.439401 1.818796 53.490154
BONES 2
BONE 3 0.960268
BONE 35 0.039732

VERT 207
OFFSET -1.510642 1.572060 53.268398
BONES 1
BONE 3 1.000000

VERT 208
OFFSET -1.349941 1.411147 53.069057
BONES 1
BONE 3 1.000000

VERT 209
OFFSET -1.495276 1.142687 52.945629
BONES 1
BONE 3 1.000000

VERT 210
OFFSET -1.929639 1.267497 53.202534
BONES 1
BONE 3 1.000000

VERT 211
OFFSET -1.637941 0.862815 52.856567
BONES 1
BONE 3 1.000000

VERT 212
OFFSET -1.191844 1.321682 52.963619
BONES 1
BONE 3 1.000000

VERT 213
OFFSET -1.182159 1.679058 53.273136
BONES 2
BONE 35 0.015506
BONE 3 0.984494

VERT 214
OFFSET -1.146317 0.894749 52.709202
BONES 1
BONE 3 1.000000

VERT 215
OFFSET -1.072780 1.457385 53.057438
BONES 1
BONE 3 1.000000

VERT 216
OFFSET -0.913754 1.089489 52.794369
BONES 1
BONE 3 1.000000

VERT 217
OFFSET -1.407357 0.578389 52.655399
BONES 1
BONE 3 1.000000

VERT 218
OFFSET -1.726714 0.768606 52.835690
BONES 1
BONE 3 1.000000

VERT 219
OFFSET -1.555969 0.525558 52.634457
BONES 1
BONE 3 1.000000

VERT 220
OFFSET -1.241781 0.330880 52.494720
BONES 1
BONE 3 1.000000

VERT 221
OFFSET -0.776341 1.227022 52.900726
BONES 1
BONE 3 1.000000

VERT 222
OFFSET -0.872741 1.587946 53.182568
BONES 2
BONE 35 0.021780
BONE 3 0.978220

VERT 223
OFFSET -0.598632 1.446458 53.140644
BONES 3
BONE 35 0.012637
BONE 33 0.008833
BONE 3 0.978530

VERT 224
OFFSET -0.545446 1.143635 52.918194
BONES 1
BONE 3 1.000000

VERT 225
OFFSET -0.465395 1.384380 53.160667
BONES 3
BONE 35 0.003666
BONE 33 0.040557
BONE 3 0.955777

VERT 226
OFFSET -0.691909 0.884598 52.690174
BONES 1
BONE 3 1.000000

VERT 227
OFFSET -0.467286 0.646463 52.635212
BONES 1
BONE 3 1.000000

VERT 228
OFFSET -0.923227 0.837422 52.658146
BONES 1
BONE 3 1.000000

VERT 229
OFFSET -0.708198 0.489750 52.484741
BONES 1
BONE 3 1.000000

VERT 230
OFFSET -0.529625 0.507136 52.520649
BONES 1
BONE 3 1.000000

VERT 231
OFFSET -0.300626 0.230092 52.479370
BONES 2
BONE 3 0.999718
BONE 33 0.000282

VERT 232
OFFSET -0.245865 0.416117 52.629814
BONES 2
BONE 33 0.112830
BONE 3 0.887170

VERT 233
OFFSET -0.436440 0.254781 52.425484
BONES 1
BONE 3 1.000000

VERT 234
OFFSET -0.595127 0.220300 52.365082
BONES 1
BONE 3 1.000000

VERT 235
OFFSET -0.280887 0.099074 52.440948
BONES 1
BONE 3 1.000000

VERT 236
OFFSET -0.207065 0.240460 52.558975
BONES 3
BONE 28 0.000415
BONE 33 0.104260
BONE 3 0.895324

VERT 237
OFFSET -0.192234 0.096621 52.540359
BONES 3
BONE 28 0.000166
BONE 33 0.083894
BONE 3 0.915940

VERT 238
OFFSET -0.164920 0.572389 52.889729
BONES 3
BONE 3 0.667830
BONE 28 0.037146
BONE 33 0.295024

VERT 239
OFFSET -0.155423 -0.014408 52.627712
BONES 2
BONE 33 0.135155
BONE 3 0.864845

VERT 240
OFFSET -0.245248 0.000001 52.484467
BONES 2
BONE 3 0.999124
BONE 33 0.000876

VERT 241
OFFSET -0.324184 -0.015188 52.395988
BONES 1
BONE 3 1.000000

VERT 242
OFFSET -0.358622 0.041457 52.379890
BONES 1
BONE 3 1.000000

VERT 243
OFFSET -0.576140 0.090398 52.322227
BONES 1
BONE 3 1.000000

VERT 244
OFFSET -0.470175 0.004440 52.315453
BONES 1
BONE 3 1.000000

VERT 245
OFFSET -0.776923 0.111856 52.338665
BONES 1
BONE 3 1.000000

VERT 246
OFFSET -0.655093 0.001980 52.307728
BONES 1
BONE 3 1.000000

VERT 247
OFFSET -1.099519 0.172378 52.404442
BONES 1
BONE 3 1.000000

VERT 248
OFFSET -0.983063 -0.001206 52.365540
BONES 1
BONE 3 1.000000

VERT 249
OFFSET -0.831062 0.320619 52.407097
BONES 1
BONE 3 1.000000

VERT 250
OFFSET -1.066961 0.366195 52.460861
BONES 1
BONE 3 1.000000

VERT 251
OFFSET -1.165109 0.612492 52.596466
BONES 1
BONE 3 1.000000

VERT 252
OFFSET -1.392288 0.340669 52.536175
BONES 1
BONE 3 1.000000

VERT 253
OFFSET -1.346751 0.078400 52.471256
BONES 1
BONE 3 1.000000

VERT 254
OFFSET -1.448326 0.289351 52.524147
BONES 1
BONE 3 1.000000

VERT 255
OFFSET -1.496427 0.180508 52.491165
BONES 1
BONE 3 1.000000

VERT 256
OFFSET -1.634497 0.606669 52.689869
BONES 1
BONE 3 1.000000

VERT 257
OFFSET -1.718833 0.613243 52.621071
BONES 1
BONE 3 1.000000

VERT 258
OFFSET -1.952159 0.744929 52.561817
BONES 1
BONE 3 1.000000

VERT 259
OFFSET -2.117379 0.917408 52.657352
BONES 1
BONE 3 1.000000

VERT 260
OFFSET -2.003186 0.884579 52.742779
BONES 1
BONE 3 1.000000

VERT 261
OFFSET -1.820839 0.576932 52.483677
BONES 1
BONE 3 1.000000

VERT 262
OFFSET -1.590436 0.444833 52.546898
BONES 1
BONE 3 1.000000

VERT 263
OFFSET -1.714200 0.394239 52.421268
BONES 1
BONE 3 1.000000

VERT 264
OFFSET -2.124013 0.972703 52.845207
BONES 1
BONE 3 1.000000

VERT 265
OFFSET -2.322811 1.054677 52.774162
BONES 1
BONE 3 1.000000

VERT 266
OFFSET -2.403433 1.110910 52.960400
BONES 1
BONE 3 1.000000

VERT 267
OFFSET -2.391660 1.106457 53.051876
BONES 1
BONE 3 1.000000

VERT 268
OFFSET -2.562316 1.154979 52.912586
BONES 1
BONE 3 1.000000

VERT 269
OFFSET -2.402352 1.146006 53.161179
BONES 1
BONE 3 1.000000

VERT 270
OFFSET -2.624515 1.183059 53.258064
BONES 1
BONE 3 1.000000

VERT 271
OFFSET -2.774866 1.200158 53.366508
BONES 1
BONE 3 1.000000

VERT 272
OFFSET -2.778996 1.159241 53.080730
BONES 1
BONE 3 1.000000

VERT 273
OFFSET -2.831760 1.188835 53.258976
BONES 1
BONE 3 1.000000

VERT 274
OFFSET -2.849900 1.163673 53.056911
BONES 1
BONE 3 1.000000

VERT 275
OFFSET -3.121810 1.092090 53.202667
BONES 1
BONE 3 1.000000

VERT 276
OFFSET -3.005525 1.154943 53.460030
BONES 1
BONE 3 1.000000

VERT 277
OFFSET -2.914493 1.217837 53.516590
BONES 1
BONE 3 1.000000

VERT 278
OFFSET -3.188837 1.144776 53.758785
BONES 1
BONE 3 1.000000

VERT 279
OFFSET -3.290555 1.024767 53.662323
BONES 1
BONE 3 1.000000

VERT 280
OFFSET -3.677590 0.853030 54.105022
BONES 1
BONE 3 1.000000

VERT 281
OFFSET -3.638016 1.122468 54.208538
BONES 1
BONE 3 1.000000

VERT 282
OFFSET -3.549416 1.374542 54.375690
BONES 1
BONE 3 1.000000

VERT 283
OFFSET -2.982247 1.281949 53.767887
BONES 1
BONE 3 1.000000

VERT 284
OFFSET -2.842030 1.549325 53.962410
BONES 1
BONE 3 1.000000

VERT 285
OFFSET -3.385469 1.651972 54.517166
BONES 1
BONE 3 1.000000

VERT 286
OFFSET -3.125915 2.146288 54.645821
BONES 1
BONE 3 1.000000

VERT 287
OFFSET -3.854166 1.721523 55.060875
BONES 1
BONE 3 1.000000

VERT 288
OFFSET -3.992832 1.406754 54.856419
BONES 1
BONE 3 1.000000

VERT 289
OFFSET -4.165039 1.108447 54.663860
BONES 1
BONE 3 1.000000

VERT 290
OFFSET -2.880821 1.896782 54.254791
BONES 1
BONE 3 1.000000

VERT 291
OFFSET -2.895277 2.207530 54.326916
BONES 1
BONE 3 1.000000

VERT 292
OFFSET -3.167366 2.336185 54.971909
BONES 1
BONE 3 1.000000

VERT 293
OFFSET -3.766108 2.079360 55.397907
BONES 1
BONE 3 1.000000

VERT 294
OFFSET -3.131759 2.462967 55.218773
BONES 1
BONE 3 1.000000

VERT 295
OFFSET -3.733173 2.373367 55.923679
BONES 1
BONE 3 1.000000

VERT 296
OFFSET -2.986814 2.612177 55.123901
BONES 1
BONE 3 1.000000

VERT 297
OFFSET -2.964634 2.569095 55.450867
BONES 1
BONE 3 1.000000

VERT 298
OFFSET -3.662147 2.589998 56.385784
BONES 1
BONE 3 1.000000

VERT 299
OFFSET -2.676146 2.636383 55.626572
BONES 1
BONE 3 1.000000

VERT 300
OFFSET -2.647970 2.708035 55.391571
BONES 1
BONE 3 1.000000

VERT 301
OFFSET -2.135572 2.723136 55.986252
BONES 1
BONE 3 1.000000

VERT 302
OFFSET -3.438568 2.731436 56.896332
BONES 1
BONE 3 1.000000

VERT 303
OFFSET -2.295356 2.654367 55.642490
BONES 1
BONE 3 1.000000

VERT 304
OFFSET -2.151968 2.765635 56.408478
BONES 1
BONE 3 1.000000

VERT 305
OFFSET -1.816730 2.636848 55.495106
BONES 2
BONE 34 0.002669
BONE 3 0.997331

VERT 306
OFFSET -1.981653 2.645961 55.323223
BONES 1
BONE 3 1.000000

VERT 307
OFFSET -1.866592 2.577594 55.178867
BONES 2
BONE 3 0.986112
BONE 35 0.013888

VERT 308
OFFSET -1.483083 2.506945 55.021603
BONES 3
BONE 35 0.095016
BONE 34 0.055622
BONE 3 0.849362

VERT 309
OFFSET -1.672324 2.481339 54.941658
BONES 2
BONE 35 0.072744
BONE 3 0.927257

VERT 310
OFFSET -1.459643 2.598040 55.314922
BONES 3
BONE 3 0.946131
BONE 34 0.023708
BONE 35 0.030161

VERT 311
OFFSET -0.906177 2.366768 54.699493
BONES 3
BONE 3 0.423803
BONE 34 0.343676
BONE 35 0.232521

VERT 312
OFFSET -1.045546 2.583515 55.343555
BONES 3
BONE 34 0.055194
BONE 3 0.885731
BONE 35 0.059075

VERT 313
OFFSET -0.700899 2.538021 55.325645
BONES 4
BONE 34 0.338966
BONE 3 0.534775
BONE 40 0.058577
BONE 35 0.067681

VERT 314
OFFSET -0.778145 2.395368 54.861237
BONES 4
BONE 40 0.008734
BONE 34 0.432489
BONE 35 0.209693
BONE 3 0.349083

VERT 315
OFFSET -0.705016 2.228835 54.421665
BONES 3
BONE 34 0.447719
BONE 3 0.275391
BONE 35 0.276891

VERT 316
OFFSET -0.642001 2.308235 54.738636
BONES 4
BONE 41 0.044554
BONE 35 0.229426
BONE 3 0.153015
BONE 34 0.573005

VERT 317
OFFSET -0.450235 2.013231 54.146778
BONES 4
BONE 41 0.001186
BONE 34 0.361378
BONE 3 0.416941
BONE 35 0.220495

VERT 318
OFFSET -0.376359 1.992248 54.291752
BONES 4
BONE 35 0.204301
BONE 34 0.514164
BONE 41 0.019891
BONE 3 0.261644

VERT 319
OFFSET -0.583716 2.018305 53.962837
BONES 3
BONE 35 0.219717
BONE 3 0.604140
BONE 34 0.176143

VERT 320
OFFSET -0.248784 1.814105 54.223629
BONES 4
BONE 3 0.290828
BONE 34 0.539106
BONE 41 0.000455
BONE 35 0.169612

VERT 321
OFFSET -0.507698 2.198210 54.786510
BONES 5
BONE 40 0.058640
BONE 41 0.245602
BONE 3 0.002541
BONE 34 0.557740
BONE 35 0.135477

VERT 322
OFFSET -0.536681 2.223514 54.696819
BONES 4
BONE 35 0.216991
BONE 34 0.592450
BONE 3 0.040900
BONE 41 0.149660

VERT 323
OFFSET -0.316097 1.855713 54.525772
BONES 5
BONE 35 0.115619
BONE 42 0.066510
BONE 34 0.644876
BONE 41 0.132722
BONE 3 0.040273

VERT 324
OFFSET -0.442943 1.970032 54.797276
BONES 5
BONE 40 0.006185
BONE 41 0.419989
BONE 34 0.539341
BONE 42 0.032227
BONE 35 0.002257

VERT 325
OFFSET -0.788097 2.095415 54.007915
BONES 3
BONE 34 0.131015
BONE 3 0.614266
BONE 35 0.254719

VERT 326
OFFSET -0.446709 1.794706 53.679283
BONES 3
BONE 3 0.803672
BONE 35 0.120494
BONE 34 0.075833

VERT 327
OFFSET -0.568842 1.785674 53.557781
BONES 3
BONE 3 0.869520
BONE 34 0.017804
BONE 35 0.112676

VERT 328
OFFSET -0.805229 1.878122 53.579933
BONES 3
BONE 35 0.128709
BONE 34 0.010277
BONE 3 0.861014

VERT 329
OFFSET -1.088874 2.219965 54.229771
BONES 3
BONE 35 0.266694
BONE 34 0.098295
BONE 3 0.635010

VERT 330
OFFSET -0.339697 1.811391 53.860119
BONES 3
BONE 34 0.196366
BONE 3 0.653416
BONE 35 0.150218

VERT 331
OFFSET -0.306805 1.521017 53.457451
BONES 4
BONE 34 0.015478
BONE 35 0.030607
BONE 3 0.910678
BONE 33 0.043237

VERT 332
OFFSET -1.941066 2.298054 54.428417
BONES 3
BONE 3 0.898148
BONE 34 0.000135
BONE 35 0.101717

VERT 333
OFFSET -0.182357 1.435859 53.561993
BONES 4
BONE 35 0.035729
BONE 34 0.104177
BONE 3 0.792246
BONE 33 0.067848

VERT 334
OFFSET -0.260828 1.772306 53.971325
BONES 3
BONE 34 0.311893
BONE 3 0.535199
BONE 35 0.152907

VERT 335
OFFSET -0.724408 1.672702 53.326023
BONES 2
BONE 3 0.947663
BONE 35 0.052338

VERT 336
OFFSET -0.987315 1.769114 53.384357
BONES 3
BONE 34 0.001769
BONE 3 0.940691
BONE 35 0.057541

VERT 337
OFFSET -0.102817 1.176340 53.434650
BONES 3
BONE 34 0.001543
BONE 33 0.207611
BONE 3 0.790847

VERT 338
OFFSET -0.224743 1.192347 53.242451
BONES 2
BONE 33 0.143308
BONE 3 0.856692

VERT 339
OFFSET -0.040000 1.217000 53.691750
BONES 4
BONE 33 0.075513
BONE 35 0.006677
BONE 3 0.717590
BONE 34 0.200220

VERT 340
OFFSET -1.209409 2.021559 53.777760
BONES 2
BONE 35 0.150752
BONE 3 0.849248

VERT 341
OFFSET -1.337181 1.921174 53.612919
BONES 2
BONE 35 0.082387
BONE 3 0.917613

VERT 342
OFFSET -0.070470 1.355622 53.984737
BONES 5
BONE 42 0.000829
BONE 35 0.029677
BONE 33 0.003755
BONE 3 0.478714
BONE 34 0.487024

VERT 343
OFFSET 0.002337 1.158603 53.956203
BONES 3
BONE 3 0.505405
BONE 33 0.003114
BONE 34 0.491481

VERT 344
OFFSET 0.081585 1.015540 53.918259
BONES 3
BONE 3 0.603384
BONE 33 0.021340
BONE 34 0.375277

VERT 345
OFFSET -0.170054 1.614821 53.956001
BONES 3
BONE 34 0.370426
BONE 3 0.527985
BONE 35 0.101589

VERT 346
OFFSET -0.170787 1.639950 54.245594
BONES 4
BONE 35 0.130526
BONE 42 0.013863
BONE 34 0.606931
BONE 3 0.248681

VERT 347
OFFSET -0.083249 1.285941 54.223045
BONES 4
BONE 35 0.002372
BONE 3 0.227993
BONE 34 0.756029
BONE 42 0.013607

VERT 348
OFFSET -0.027206 1.111911 54.231911
BONES 3
BONE 34 0.759689
BONE 42 0.008734
BONE 3 0.231577

VERT 349
OFFSET 0.149551 0.832113 54.154831
BONES 2
BONE 3 0.506515
BONE 34 0.493485

VERT 350
OFFSET -0.176152 1.516179 54.392094
BONES 4
BONE 42 0.122832
BONE 34 0.710746
BONE 35 0.065628
BONE 3 0.100793

VERT 351
OFFSET -0.200459 1.384275 54.513996
BONES 6
BONE 35 0.005015
BONE 41 0.004744
BONE 34 0.663861
BONE 42 0.262967
BONE 3 0.010599
BONE 43 0.052815

VERT 352
OFFSET -0.357342 1.706907 54.686249
BONES 6
BONE 40 0.002054
BONE 41 0.181149
BONE 35 0.000044
BONE 34 0.543339
BONE 42 0.271904
BONE 43 0.001511

VERT 353
OFFSET -0.284996 1.463839 54.632915
BONES 4
BONE 42 0.333819
BONE 34 0.636804
BONE 43 0.007185
BONE 41 0.022192

VERT 354
OFFSET -0.088018 1.107528 54.344704
BONES 4
BONE 42 0.112896
BONE 34 0.716834
BONE 43 0.112298
BONE 3 0.057972

VERT 355
OFFSET -0.136375 1.129788 54.474884
BONES 3
BONE 42 0.216976
BONE 34 0.635735
BONE 43 0.147289

VERT 356
OFFSET -0.418227 1.662297 54.648888
BONES 4
BONE 40 0.000726
BONE 42 0.213668
BONE 34 0.686284
BONE 41 0.099321

VERT 357
OFFSET -0.034735 0.945054 54.390480
BONES 4
BONE 42 0.077498
BONE 34 0.676684
BONE 43 0.135005
BONE 3 0.110813

VERT 358
OFFSET 0.150679 0.743578 54.274334
BONES 3
BONE 43 0.028435
BONE 3 0.403467
BONE 34 0.568098

VERT 359
OFFSET 0.302993 0.588662 54.183872
BONES 2
BONE 34 0.351295
BONE 3 0.648705

VERT 360
OFFSET 0.321018 0.628201 54.014668
BONES 3
BONE 3 0.673432
BONE 33 0.033450
BONE 34 0.293118

VERT 361
OFFSET 0.476914 0.441357 54.068188
BONES 3
BONE 34 0.186270
BONE 33 0.016035
BONE 3 0.797695

VERT 362
OFFSET 0.476800 0.460600 53.931293
BONES 3
BONE 33 0.180212
BONE 34 0.079863
BONE 3 0.739925

VERT 363
OFFSET 0.004850 0.779458 54.443188
BONES 4
BONE 43 0.161013
BONE 42 0.045621
BONE 34 0.619847
BONE 3 0.173519

VERT 364
OFFSET 0.583952 0.284030 53.972412
BONES 3
BONE 33 0.128207
