// Export time: Sun Nov 08 21:29:13 2020

// Exported using Blender v2.90.1
// Export filename: 'E:/blackops3/mod_xmodel/iw4/m1903/ch_body_gk_m1903_lod2.XMODEL_EXPORT'
// Source filename: 'E:/blackops3/mod_xmodel/iw4/m1903/m1903.blend'
MODEL
VERSION 6

NUMBONES 75
BONE 0 -1 "tag_origin"
BONE 1 0 "j_mainroot"
BONE 2 1 "j_hip_le"
BONE 3 2 "j_knee_le"
BONE 4 3 "j_ankle_le"
BONE 5 4 "j_ball_le"
BONE 6 2 "Sk_06_01"
BONE 7 1 "j_hip_ri"
BONE 8 7 "j_knee_ri"
BONE 9 8 "j_ankle_ri"
BONE 10 9 "j_ball_ri"
BONE 11 7 "Sk_02_01"
BONE 12 1 "j_spinelower"
BONE 13 12 "j_spineupper"
BONE 14 13 "j_spine4"
BONE 15 14 "j_clavicle_le"
BONE 16 15 "j_shoulder_le"
BONE 17 16 "j_elbow_le"
BONE 18 17 "j_wrist_le"
BONE 19 18 "j_index_le_1"
BONE 20 19 "j_index_le_2"
BONE 21 20 "j_index_le_3"
BONE 22 18 "j_mid_le_1"
BONE 23 22 "j_mid_le_2"
BONE 24 23 "j_mid_le_3"
BONE 25 18 "j_pinky_le_1"
BONE 26 25 "j_pinky_le_2"
BONE 27 26 "j_pinky_le_3"
BONE 28 18 "j_ring_le_1"
BONE 29 28 "j_ring_le_2"
BONE 30 29 "j_ring_le_3"
BONE 31 18 "j_thumb_le_1"
BONE 32 31 "j_thumb_le_2"
BONE 33 32 "j_thumb_le_3"
BONE 34 18 "j_wrist_le1"
BONE 35 34 "tag_weapon_left"
BONE 36 17 "j_wristtwist_le"
BONE 37 16 "j_shouldertwist_le"
BONE 38 37 "tag_reflector_arm_le"
BONE 39 14 "j_clavicle_ri"
BONE 40 39 "j_shoulder_ri"
BONE 41 40 "j_elbow_ri"
BONE 42 41 "j_wrist_ri"
BONE 43 42 "j_index_ri_1"
BONE 44 43 "j_index_ri_2"
BONE 45 44 "j_index_ri_3"
BONE 46 42 "j_mid_ri_1"
BONE 47 46 "j_mid_ri_2"
BONE 48 47 "j_mid_ri_3"
BONE 49 42 "j_pinky_ri_1"
BONE 50 49 "j_pinky_ri_2"
BONE 51 50 "j_pinky_ri_3"
BONE 52 42 "j_ring_ri_1"
BONE 53 52 "j_ring_ri_2"
BONE 54 53 "j_ring_ri_3"
BONE 55 42 "j_thumb_ri_1"
BONE 56 55 "j_thumb_ri_2"
BONE 57 56 "j_thumb_ri_3"
BONE 58 42 "j_wrist_ri1"
BONE 59 58 "tag_weapon_right"
BONE 60 58 "j_gun"
BONE 61 41 "j_wristtwist_ri"
BONE 62 40 "j_shouldertwist_ri"
BONE 63 62 "tag_reflector_arm_ri"
BONE 64 14 "j_neck"
BONE 65 64 "j_head"
BONE 66 14 "j_shoulderraise_le"
BONE 67 14 "j_shoulderraise_ri"
BONE 68 14 "tag_bipod"
BONE 69 14 "tag_inhand"
BONE 70 14 "tag_shield_back"
BONE 71 14 "tag_stowed_back"
BONE 72 14 "tag_weapon_chest"
BONE 73 1 "tag_stowed_hip_rear"
BONE 74 0 "tag_sync"

BONE 0
OFFSET 0.000000 0.000000 0.000000
SCALE 1.000000 1.000000 1.000000
X 1.000000 0.000000 0.000000
Y 0.000000 1.000000 0.000000
Z 0.000000 0.000000 1.000000

BONE 1
OFFSET -2.346863 -0.000107 38.428951
SCALE 1.000000 1.000000 1.000000
X -0.024738 -0.000056 0.999694
Y 0.999694 0.000059 0.024738
Z -0.000060 1.000000 0.000054

BONE 2
OFFSET -2.718215 3.093795 36.444893
SCALE 1.000000 1.000000 1.000000
X -0.017194 0.000119 -0.999852
Y 0.999842 -0.004519 -0.017194
Z -0.004521 -0.999990 -0.000041

BONE 3
OFFSET -3.012902 3.095757 19.309036
SCALE 1.000000 1.000000 1.000000
X -0.069216 0.000353 -0.997602
Y 0.997592 -0.004502 -0.069217
Z -0.004516 -0.999990 -0.000040

BONE 4
OFFSET -4.114133 3.101317 3.450468
SCALE 1.000000 1.000000 1.000000
X 0.007775 0.007022 -0.999945
Y 0.999749 -0.021051 0.007625
Z -0.020996 -0.999754 -0.007184

BONE 5
OFFSET 0.190039 3.089976 0.015500
SCALE 1.000000 1.000000 1.000000
X 0.983211 -0.021943 0.181149
Y -0.181262 -0.003261 0.983429
Z -0.020989 -0.999754 -0.007184

BONE 6
OFFSET -3.109057 5.898825 38.275928
SCALE 1.000000 1.000000 1.000000
X 0.221669 0.953992 0.201895
Y -0.068021 0.221670 -0.972747
Z -0.972747 0.201894 0.114029

BONE 7
OFFSET -2.718215 -3.092221 36.444893
SCALE 1.000000 1.000000 1.000000
X 0.017145 -0.000429 0.999867
Y -0.999853 -0.000209 0.017144
Z 0.000202 -1.000000 -0.000432

BONE 8
OFFSET -3.012930 -3.084932 19.307240
SCALE 1.000000 1.000000 1.000000
X 0.069184 0.001325 0.997617
Y -0.997604 -0.000231 0.069184
Z 0.000323 -0.999999 0.001306

BONE 9
OFFSET -4.113852 -3.106142 3.446944
SCALE 1.000000 1.000000 1.000000
X -0.007828 0.008338 0.999949
Y -0.999644 -0.025593 -0.007614
Z 0.025528 -0.999638 0.008535

BONE 10
OFFSET 0.189664 -3.079914 0.011344
SCALE 1.000000 1.000000 1.000000
X -0.983117 -0.026638 -0.181031
Y 0.181189 -0.003754 -0.983455
Z 0.025517 -0.999638 0.008517

BONE 11
OFFSET -3.109118 -5.895539 38.275055
SCALE 1.000000 1.000000 1.000000
X -0.222134 0.953798 -0.202303
Y -0.068015 -0.222136 -0.972654
Z -0.972641 -0.202297 0.114217

BONE 12
OFFSET -2.100000 0.000000 42.788147
SCALE 1.000000 1.000000 1.000000
X -0.029881 -0.000052 0.999554
Y 0.999553 0.000059 0.029881
Z -0.000060 1.000000 0.000051

BONE 13
OFFSET -2.494701 0.000207 46.434940
SCALE 1.000000 1.000000 1.000000
X 0.020432 -0.000061 0.999791
Y 0.999791 0.000062 -0.020432
Z -0.000060 1.000000 0.000062

BONE 14
OFFSET -2.727447 0.000018 49.512535
SCALE 1.000000 1.000000 1.000000
X 0.046982 -0.000059 0.998896
Y 0.998896 0.000063 -0.046982
Z -0.000060 1.000000 0.000062

BONE 15
OFFSET -2.965744 1.366340 52.683434
SCALE 1.000000 1.000000 1.000000
X 0.022162 0.997159 0.072329
Y -0.999643 0.021024 0.016469
Z 0.014901 -0.072701 0.997254

BONE 16
OFFSET -2.985278 4.084975 52.649712
SCALE 1.000000 1.000000 1.000000
X -0.008415 0.999919 -0.012059
Y -0.996268 -0.009416 -0.085798
Z -0.085901 0.011260 0.996249

BONE 17
OFFSET -3.398110 13.503413 52.651779
SCALE 1.000000 1.000000 1.000000
X -0.007285 0.999855 0.017002
Y -0.996346 -0.005807 -0.085214
Z -0.085100 -0.017593 0.996227

BONE 18
OFFSET -3.404678 22.065460 52.650215
SCALE 1.000000 1.000000 1.000000
X -0.096724 0.992603 -0.073767
Y -0.070524 -0.080733 -0.994245
Z -0.992809 -0.090969 0.077812

BONE 19
OFFSET -2.654922 24.114742 52.688610
SCALE 1.000000 1.000000 1.000000
X 0.084873 0.992745 -0.085508
Y -0.215537 -0.065464 -0.974306
Z -0.972800 0.101118 0.208410

BONE 20
OFFSET -2.558716 25.239780 52.591511
SCALE 1.000000 1.000000 1.000000
X 0.085336 0.992838 -0.083964
Y -0.215418 -0.063863 -0.974439
Z -0.972786 0.101237 0.208418

BONE 21
OFFSET -2.494331 25.989620 52.527996
SCALE 1.000000 1.000000 1.000000
X 0.090521 0.994070 -0.060733
Y -0.213314 -0.040184 -0.976165
Z -0.972781 0.101314 0.208405

BONE 22
OFFSET -3.209497 24.206203 52.781036
SCALE 1.000000 1.000000 1.000000
X -0.000287 0.996396 -0.085171
Y -0.052149 -0.085040 -0.995019
Z -0.998639 0.004155 0.051984

BONE 23
OFFSET -3.209808 25.448566 52.674721
SCALE 1.000000 1.000000 1.000000
X -0.000184 0.996424 -0.084845
Y -0.052082 -0.084709 -0.995050
Z -0.998643 0.004235 0.051910

BONE 24
OFFSET -3.210082 26.276333 52.604206
SCALE 1.000000 1.000000 1.000000
X -0.001182 0.994573 -0.104327
Y -0.051988 -0.104217 -0.993201
Z -0.998647 0.004249 0.051828

BONE 25
OFFSET -4.202634 23.776260 52.454624
SCALE 1.000000 1.000000 1.000000
X -0.136061 0.987138 -0.084291
Y -0.032071 -0.089397 -0.995486
Z -0.990181 -0.132746 0.043825

BONE 26
OFFSET -4.343980 24.801832 52.366909
SCALE 1.000000 1.000000 1.000000
X -0.135948 0.987081 -0.085126
Y -0.031877 -0.090208 -0.995419
Z -0.990203 -0.132615 0.043733

BONE 27
OFFSET -4.420859 25.359440 52.318790
SCALE 1.000000 1.000000 1.000000
X -0.135937 0.986977 -0.086344
Y -0.031581 -0.091396 -0.995320
Z -0.990214 -0.132577 0.043598

BONE 28
OFFSET -3.733671 24.038116 52.676685
SCALE 1.000000 1.000000 1.000000
X -0.068777 0.994046 -0.084862
Y 0.010183 -0.084330 -0.996393
Z -0.997580 -0.069394 -0.004320

BONE 29
OFFSET -3.815484 25.220701 52.575512
SCALE 1.000000 1.000000 1.000000
X -0.068690 0.994080 -0.084535
Y 0.010291 -0.083995 -0.996420
Z -0.997585 -0.069315 -0.004458

BONE 30
OFFSET -3.870088 26.009319 52.508461
SCALE 1.000000 1.000000 1.000000
X -0.068484 0.992682 -0.099764
Y 0.011376 -0.099185 -0.995010
Z -0.997587 -0.069277 -0.004498

BONE 31
OFFSET -2.555189 22.154358 52.310467
SCALE 1.000000 1.000000 1.000000
X 0.565000 0.812892 -0.141509
Y -0.815843 0.576010 0.051273
Z 0.123186 0.086450 0.988618

BONE 32
OFFSET -1.858636 23.157120 52.135895
SCALE 1.000000 1.000000 1.000000
X 0.565136 0.813077 -0.139892
Y -0.815883 0.575949 0.051319
Z 0.122293 0.085103 0.988845

BONE 33
OFFSET -1.348101 23.892056 52.009468
SCALE 1.000000 1.000000 1.000000
X 0.644421 0.758480 -0.097286
Y -0.759111 0.649867 0.038000
Z 0.092042 0.049332 0.994540

BONE 34
OFFSET 0.344573 20.861858 51.112507
SCALE 1.000000 1.000000 1.000000
X -0.096716 0.992602 -0.073789
Y -0.070527 -0.080754 -0.994243
Z -0.992810 -0.090958 0.077817

BONE 35
OFFSET 12.277948 14.986686 28.157677
SCALE 1.000000 1.000000 1.000000
X 0.540272 0.841456 0.009709
Y -0.500807 0.312228 0.807284
Z 0.676238 -0.441043 0.590099

BONE 36
OFFSET -3.402682 19.558769 52.650475
SCALE 1.000000 1.000000 1.000000
X -0.007285 0.999855 0.017007
Y -0.996351 -0.005808 -0.085158
Z -0.085044 -0.017597 0.996232

BONE 37
OFFSET -2.988355 4.456234 52.645252
SCALE 1.000000 1.000000 1.000000
X -0.008436 0.999921 -0.011935
Y -0.996263 -0.009427 -0.085859
Z -0.085961 0.011135 0.996245

BONE 38
OFFSET -2.856938 5.111897 54.382824
SCALE 1.000000 1.000000 1.000000
X 0.038298 -0.292805 0.955426
Y -0.939645 -0.335878 -0.065256
Z 0.340002 -0.895268 -0.287962

BONE 39
OFFSET -2.967867 -1.365168 52.683434
SCALE 1.000000 1.000000 1.000000
X -0.019467 0.997197 -0.072240
Y 0.999656 0.018143 -0.018946
Z -0.017583 -0.072584 -0.997207

BONE 40
OFFSET -2.985279 -4.081765 52.649719
SCALE 1.000000 1.000000 1.000000
X 0.006738 0.999898 0.012613
Y 0.996464 -0.007770 0.083663
Z 0.083753 0.012005 -0.996414

BONE 41
OFFSET -3.383645 -13.501078 52.647427
SCALE 1.000000 1.000000 1.000000
X 0.006919 0.999819 -0.017707
Y 0.996549 -0.005429 0.082827
Z 0.082716 -0.018219 -0.996407

BONE 42
OFFSET -3.387484 -22.066414 52.652622
SCALE 1.000000 1.000000 1.000000
X 0.052844 0.989418 0.135128
Y -0.083592 -0.130460 0.987924
Z 0.995098 -0.063501 0.075813

BONE 43
OFFSET -2.638906 -24.114202 52.688587
SCALE 1.000000 1.000000 1.000000
X -0.085065 0.992785 0.084513
Y 0.055536 -0.079964 0.995250
Z 0.994827 0.089355 -0.048333

BONE 44
OFFSET -2.542470 -25.240316 52.592617
SCALE 1.000000 1.000000 1.000000
X -0.084994 0.992615 0.086553
Y 0.055720 -0.081996 0.995074
Z 0.994822 0.089398 -0.048340

BONE 45
OFFSET -2.478182 -25.990534 52.527309
SCALE 1.000000 1.000000 1.000000
X -0.084245 0.991423 0.099921
Y 0.056880 -0.095329 0.993820
Z 0.994820 0.089408 -0.048361

BONE 46
OFFSET -3.193481 -24.205664 52.781013
SCALE 1.000000 1.000000 1.000000
X 0.000133 0.996357 0.085285
Y -0.103424 -0.084814 0.991015
Z 0.994638 -0.008953 0.103035

BONE 47
OFFSET -3.193719 -25.449183 52.674633
SCALE 1.000000 1.000000 1.000000
X 0.000126 0.996384 0.084970
Y -0.103381 -0.084502 0.991046
Z 0.994642 -0.008909 0.102997

BONE 48
OFFSET -3.193786 -26.278275 52.603958
SCALE 1.000000 1.000000 1.000000
X -0.009235 0.984649 0.174305
Y -0.103012 -0.174322 0.979286
Z 0.994637 -0.008912 0.103040

BONE 49
OFFSET -4.186614 -23.775724 52.454556
SCALE 1.000000 1.000000 1.000000
X 0.136069 0.987081 0.084598
Y -0.120982 -0.068197 0.990309
Z 0.983285 -0.144986 0.110140

BONE 50
OFFSET -4.328020 -24.801796 52.366665
SCALE 1.000000 1.000000 1.000000
X 0.136351 0.987037 0.084651
Y -0.120298 -0.068320 0.990384
Z 0.983330 -0.145223 0.109423

BONE 51
OFFSET -4.405296 -25.360552 52.318806
SCALE 1.000000 1.000000 1.000000
X 0.183981 0.977089 0.106997
Y -0.122632 -0.085187 0.988790
Z 0.975250 -0.195040 0.104149

BONE 52
OFFSET -3.717655 -24.037563 52.676758
SCALE 1.000000 1.000000 1.000000
X 0.068165 0.994039 0.085087
Y -0.162280 -0.073102 0.984033
Z 0.984388 -0.080885 0.156330

BONE 53
OFFSET -3.798863 -25.220037 52.575554
SCALE 1.000000 1.000000 1.000000
X 0.068147 0.994064 0.084807
Y -0.162212 -0.072834 0.984065
Z 0.984400 -0.080818 0.156285

BONE 54
OFFSET -3.852754 -26.007301 52.508362
SCALE 1.000000 1.000000 1.000000
X 0.057399 0.987200 0.148803
Y -0.166319 -0.137510 0.976437
Z 0.984400 -0.080796 0.156297

BONE 55
OFFSET -2.539160 -22.153818 52.310520
SCALE 1.000000 1.000000 1.000000
X -0.566119 0.812219 0.140746
Y 0.823272 0.548474 0.146285
Z 0.041620 0.198687 -0.979179

BONE 56
OFFSET -1.841968 -23.154476 52.137012
SCALE 1.000000 1.000000 1.000000
X -0.564705 0.813473 0.139178
Y 0.824189 0.547149 0.146088
Z 0.042688 0.197205 -0.979432

BONE 57
OFFSET -1.330446 -23.891459 52.010921
SCALE 1.000000 1.000000 1.000000
X -0.528999 0.836090 0.145306
Y 0.847546 0.511906 0.140064
Z 0.042723 0.197248 -0.979422

BONE 58
OFFSET -7.293341 -23.435869 53.520134
SCALE 1.000000 1.000000 1.000000
X 0.052841 0.989416 0.135145
Y -0.083585 -0.130477 0.987922
Z 0.995099 -0.063498 0.075806

BONE 59
OFFSET -11.591999 -27.755701 55.446827
SCALE 1.000000 1.000000 1.000000
X 0.558073 -0.828030 0.054042
Y 0.583884 0.345579 -0.734612
Z 0.589605 0.441522 0.676332

BONE 60
OFFSET -11.591997 -27.755701 55.446827
SCALE 1.000000 1.000000 1.000000
X 0.557804 -0.828165 0.054757
Y 0.611355 0.365361 -0.701967
Z 0.561338 0.425035 0.710103

BONE 61
OFFSET -3.386369 -19.558752 52.651127
SCALE 1.000000 1.000000 1.000000
X 0.006898 0.999819 -0.017715
Y 0.996551 -0.005408 0.082807
Z 0.082696 -0.018225 -0.996408

BONE 62
OFFSET -2.987544 -4.415950 52.645512
SCALE 1.000000 1.000000 1.000000
X 0.006740 0.999898 0.012605
Y 0.996464 -0.007771 0.083663
Z 0.083753 0.011997 -0.996414

BONE 63
OFFSET -2.850861 -5.072807 54.382202
SCALE 1.000000 1.000000 1.000000
X -0.043086 0.244442 0.968706
Y 0.926068 -0.354060 0.130533
Z 0.374888 0.902712 -0.211115

BONE 64
OFFSET -2.724489 0.000000 54.036266
SCALE 1.000000 1.000000 1.000000
X 0.309745 -0.000044 0.950820
Y 0.950819 0.000075 -0.309746
Z -0.000058 1.000000 0.000065

BONE 65
OFFSET -2.724488 0.000000 56.457703
SCALE 1.000000 1.000000 1.000000
X 0.216392 -0.000042 0.976307
Y 0.976307 0.000072 -0.216392
Z -0.000061 1.000000 0.000057

BONE 66
OFFSET -2.587350 3.841572 56.290615
SCALE 1.000000 1.000000 1.000000
X -0.019312 -0.997191 -0.072367
Y 0.999659 -0.017987 -0.018912
Z 0.017557 -0.072708 0.997199

BONE 67
OFFSET -2.586884 -3.842283 56.290295
SCALE 1.000000 1.000000 1.000000
X 0.022396 -0.997118 0.071701
Y -0.999638 -0.021264 0.016487
Z -0.014915 -0.071968 -0.997268

BONE 68
OFFSET 15.878061 -27.219006 30.054499
SCALE 1.000000 1.000000 1.000000
X 1.000000 -0.000093 0.000093
Y 0.000093 1.000000 0.000046
Z -0.000093 -0.000046 1.000000

BONE 69
OFFSET 10.427056 -27.219912 37.271156
SCALE 1.000000 1.000000 1.000000
X -0.000158 1.000000 0.000197
Y 0.764297 0.000248 -0.644865
Z -0.644865 0.000049 -0.764297

BONE 70
OFFSET -10.766580 0.764320 49.891705
SCALE 1.000000 1.000000 1.000000
X -0.989755 -0.000181 0.142776
Y 0.000183 -1.000000 0.000000
Z 0.142776 0.000026 0.989755

BONE 71
OFFSET -9.003280 -4.387926 47.864723
SCALE 1.000000 1.000000 1.000000
X -0.006993 0.025921 -0.999640
Y -0.984167 -0.177227 0.002289
Z -0.177105 0.983831 0.026749

BONE 72
OFFSET 10.427054 -27.219912 37.271160
SCALE 1.000000 1.000000 1.000000
X 1.000000 -0.000018 0.000093
Y 0.000018 1.000000 -0.000002
Z -0.000093 0.000002 1.000000

BONE 73
OFFSET -8.981588 -2.502437 35.309124
SCALE 1.000000 1.000000 1.000000
X -0.188132 0.137938 0.972409
Y 0.149140 -0.974594 0.167102
Z 0.970754 0.176463 0.162780

BONE 74
OFFSET -0.002176 -0.000000 -0.000000
SCALE 1.000000 1.000000 1.000000
X -1.000000 0.000000 0.000000
Y 0.000000 -1.000000 0.000000
Z 0.000000 0.000000 1.000000


NUMVERTS 1793
VERT 0
OFFSET -7.078834 1.451877 42.876312
BONES 1
BONE 12 1.000000

VERT 1
OFFSET -6.483097 -0.381934 43.926048
BONES 1
BONE 12 1.000000

VERT 2
OFFSET -6.676997 -0.881037 44.936897
BONES 1
BONE 12 1.000000

VERT 3
OFFSET -6.212238 -0.951359 44.416084
BONES 1
BONE 12 1.000000

VERT 4
OFFSET -6.575296 2.637546 41.654251
BONES 1
BONE 12 1.000000

VERT 5
OFFSET -6.812296 -0.301119 45.601208
BONES 1
BONE 12 1.000000

VERT 6
OFFSET -6.598132 -0.339638 45.014515
BONES 1
BONE 12 1.000000

VERT 7
OFFSET -6.574519 2.636321 41.655769
BONES 1
BONE 12 1.000000

VERT 8
OFFSET -6.840525 1.858570 43.038651
BONES 1
BONE 12 1.000000

VERT 9
OFFSET -6.839762 0.672297 45.090557
BONES 1
BONE 12 1.000000

VERT 10
OFFSET -5.766227 -0.209626 46.488609
BONES 1
BONE 12 1.000000

VERT 11
OFFSET -4.246989 -0.235686 46.780365
BONES 1
BONE 12 1.000000

VERT 12
OFFSET -4.872651 -1.141452 46.260315
BONES 1
BONE 12 1.000000

VERT 13
OFFSET -3.726097 -1.096847 46.274452
BONES 1
BONE 12 1.000000

VERT 14
OFFSET -4.888373 -1.530444 45.253086
BONES 1
BONE 12 1.000000

VERT 15
OFFSET -3.696153 -1.664951 45.523739
BONES 1
BONE 12 1.000000

VERT 16
OFFSET -1.485655 -0.672586 44.979927
BONES 1
BONE 12 1.000000

VERT 17
OFFSET -4.012731 -0.376345 47.097366
BONES 1
BONE 12 1.000000

VERT 18
OFFSET -2.450315 -0.347137 45.837250
BONES 1
BONE 12 1.000000

VERT 19
OFFSET -0.126494 0.823235 43.705864
BONES 1
BONE 12 1.000000

VERT 20
OFFSET -0.126008 2.447254 44.389980
BONES 1
BONE 12 1.000000

VERT 21
OFFSET 0.561988 2.782230 41.619717
BONES 1
BONE 12 1.000000

VERT 22
OFFSET 0.282411 3.886566 42.847763
BONES 1
BONE 12 1.000000

VERT 23
OFFSET 0.352773 4.121289 39.925148
BONES 1
BONE 12 1.000000

VERT 24
OFFSET -0.102422 5.581182 41.026810
BONES 1
BONE 12 1.000000

VERT 25
OFFSET -1.145417 6.021275 39.051929
BONES 1
BONE 12 1.000000

VERT 26
OFFSET -1.028854 5.309120 38.186714
BONES 1
BONE 12 1.000000

VERT 27
OFFSET -0.634455 4.880665 38.831417
BONES 1
BONE 12 1.000000

VERT 28
OFFSET 0.342217 3.575869 41.945923
BONES 1
BONE 12 1.000000

VERT 29
OFFSET -2.737543 5.343146 37.881538
BONES 1
BONE 12 1.000000

VERT 30
OFFSET -2.133906 6.163321 38.534298
BONES 1
BONE 12 1.000000

VERT 31
OFFSET -4.420014 6.086995 38.850311
BONES 1
BONE 12 1.000000

VERT 32
OFFSET -4.671777 5.925382 39.633862
BONES 1
BONE 12 1.000000

VERT 33
OFFSET -3.372393 6.262350 39.378174
BONES 1
BONE 12 1.000000

VERT 34
OFFSET -4.288025 5.491977 38.200817
BONES 1
BONE 12 1.000000

VERT 35
OFFSET -4.399515 5.529128 38.806538
BONES 1
BONE 12 1.000000

VERT 36
OFFSET -4.392136 4.673748 38.528202
BONES 1
BONE 12 1.000000

VERT 37
OFFSET -6.116778 4.036492 40.382038
BONES 1
BONE 12 1.000000

VERT 38
OFFSET -6.114609 3.411840 40.273590
BONES 1
BONE 12 1.000000

VERT 39
OFFSET -6.623802 2.536293 41.724480
BONES 1
BONE 12 1.000000

VERT 40
OFFSET -5.910529 4.275601 40.696980
BONES 1
BONE 12 1.000000

VERT 41
OFFSET -1.624951 0.661340 46.249710
BONES 1
BONE 12 1.000000

VERT 42
OFFSET -0.696761 1.097297 44.546158
BONES 1
BONE 12 1.000000

VERT 43
OFFSET -1.436611 6.592731 39.743221
BONES 1
BONE 12 1.000000

VERT 44
OFFSET -2.584452 6.621011 39.414314
BONES 1
BONE 12 1.000000

VERT 45
OFFSET -6.572957 2.641170 41.649517
BONES 1
BONE 12 1.000000

VERT 46
OFFSET -6.576922 2.634450 41.650635
BONES 1
BONE 12 1.000000

VERT 47
OFFSET -6.578902 2.633175 41.665115
BONES 1
BONE 12 1.000000

VERT 48
OFFSET -6.571860 2.640316 41.643135
BONES 1
BONE 12 1.000000

VERT 49
OFFSET -6.576660 2.646246 41.658161
BONES 1
BONE 12 1.000000

VERT 50
OFFSET -6.579517 2.631897 41.655895
BONES 1
BONE 12 1.000000

VERT 51
OFFSET -6.579266 2.637816 41.656174
BONES 1
BONE 12 1.000000

VERT 52
OFFSET -6.573689 2.636073 41.652508
BONES 1
BONE 12 1.000000

VERT 53
OFFSET -6.576738 2.640311 41.651043
BONES 1
BONE 12 1.000000

VERT 54
OFFSET -6.574528 2.638417 41.653641
BONES 1
BONE 12 1.000000

VERT 55
OFFSET -5.806217 -1.189274 45.255226
BONES 1
BONE 12 1.000000

VERT 56
OFFSET -4.640524 -3.712842 45.045376
BONES 1
BONE 12 1.000000

VERT 57
OFFSET -4.475917 -3.239164 44.535412
BONES 1
BONE 12 1.000000

VERT 58
OFFSET -5.719563 0.000844 45.715656
BONES 1
BONE 12 1.000000

VERT 59
OFFSET -5.694324 -1.532708 45.865139
BONES 1
BONE 12 1.000000

VERT 60
OFFSET -4.431458 -3.724170 46.047554
BONES 1
BONE 12 1.000000

VERT 61
OFFSET -4.442671 -3.433312 45.532356
BONES 1
BONE 12 1.000000

VERT 62
OFFSET -5.718064 -0.000533 45.715469
BONES 1
BONE 12 1.000000

VERT 63
OFFSET -5.430662 -1.183001 46.098038
BONES 1
BONE 12 1.000000

VERT 64
OFFSET -4.395154 -3.159372 46.550953
BONES 1
BONE 12 1.000000

VERT 65
OFFSET -2.628728 -4.023604 46.385712
BONES 1
BONE 12 1.000000

VERT 66
OFFSET -2.016684 -4.016834 45.188484
BONES 1
BONE 12 1.000000

VERT 67
OFFSET -1.589561 -4.318753 45.096558
BONES 1
BONE 12 1.000000

VERT 68
OFFSET -2.312449 -4.185005 44.084415
BONES 1
BONE 12 1.000000

VERT 69
OFFSET 0.001753 -3.732195 43.725777
BONES 1
BONE 12 1.000000

VERT 70
OFFSET -0.202872 -4.013147 46.129032
BONES 1
BONE 12 1.000000

VERT 71
OFFSET 0.653518 -3.235431 44.809929
BONES 1
BONE 12 1.000000

VERT 72
OFFSET 2.028808 -1.942378 43.618076
BONES 1
BONE 12 1.000000

VERT 73
OFFSET 2.339421 -1.925415 45.565472
BONES 1
BONE 12 1.000000

VERT 74
OFFSET 2.355272 0.906505 43.602070
BONES 1
BONE 12 1.000000

VERT 75
OFFSET 1.271098 2.842716 43.637325
BONES 1
BONE 12 1.000000

VERT 76
OFFSET -0.322990 3.839391 43.765114
BONES 1
BONE 12 1.000000

VERT 77
OFFSET 1.466854 2.520090 44.694000
BONES 1
BONE 12 1.000000

VERT 78
OFFSET -1.611113 4.330001 45.099739
BONES 1
BONE 12 1.000000

VERT 79
OFFSET -0.492639 3.756741 44.972267
BONES 1
BONE 12 1.000000

VERT 80
OFFSET -2.758592 4.140654 44.162697
BONES 1
BONE 12 1.000000

VERT 81
OFFSET -0.264164 4.040318 46.136902
BONES 1
BONE 12 1.000000

VERT 82
OFFSET -2.199435 4.019591 46.333706
BONES 1
BONE 12 1.000000

VERT 83
OFFSET -4.443127 3.738466 46.049419
BONES 1
BONE 12 1.000000

VERT 84
OFFSET -4.012887 3.450952 46.520252
BONES 1
BONE 12 1.000000

VERT 85
OFFSET -4.652048 3.727154 45.046841
BONES 1
BONE 12 1.000000

VERT 86
OFFSET -4.455345 3.444905 45.534172
BONES 1
BONE 12 1.000000

VERT 87
OFFSET -4.774192 3.160319 44.556358
BONES 1
BONE 12 1.000000

VERT 88
OFFSET -5.696079 1.535285 45.883270
BONES 1
BONE 12 1.000000

VERT 89
OFFSET -5.852946 1.713816 45.406563
BONES 1
BONE 12 1.000000

VERT 90
OFFSET -5.594897 1.164721 45.268250
BONES 1
BONE 12 1.000000

VERT 91
OFFSET -5.720140 0.002572 45.713650
BONES 1
BONE 12 1.000000

VERT 92
OFFSET -4.520747 2.888848 46.449173
BONES 1
BONE 12 1.000000

VERT 93
OFFSET -5.497559 1.162155 46.161633
BONES 1
BONE 12 1.000000

VERT 94
OFFSET 1.841003 2.567600 45.704472
BONES 1
BONE 12 1.000000

VERT 95
OFFSET 2.628088 1.076421 45.500820
BONES 1
BONE 12 1.000000

VERT 96
OFFSET 2.416863 -0.664844 44.559010
BONES 1
BONE 12 1.000000

VERT 97
OFFSET -5.720928 0.003735 45.712387
BONES 1
BONE 12 1.000000

VERT 98
OFFSET -5.721830 -0.006968 45.717030
BONES 1
BONE 12 1.000000

VERT 99
OFFSET -5.715928 -0.004305 45.722832
BONES 1
BONE 12 1.000000

VERT 100
OFFSET -5.720860 0.008790 45.708935
BONES 1
BONE 12 1.000000

VERT 101
OFFSET -5.726148 -0.003533 45.709938
BONES 1
BONE 12 1.000000

VERT 102
OFFSET -5.716043 0.002382 45.724991
BONES 1
BONE 12 1.000000

VERT 103
OFFSET -5.719513 0.001631 45.712166
BONES 1
BONE 12 1.000000

VERT 104
OFFSET -5.723078 -0.003355 45.716972
BONES 1
BONE 12 1.000000

VERT 105
OFFSET -5.722468 0.003328 45.716297
BONES 1
BONE 12 1.000000

VERT 106
OFFSET -5.718243 0.002113 45.715313
BONES 1
BONE 12 1.000000

VERT 107
OFFSET -6.478962 -2.008733 50.373611
BONES 1
BONE 12 1.000000

VERT 108
OFFSET -6.036272 -2.456643 50.377087
BONES 1
BONE 12 1.000000

VERT 109
OFFSET -4.388451 -3.907127 53.599400
BONES 1
BONE 12 1.000000

VERT 110
OFFSET -4.251429 -3.867141 52.616688
BONES 1
BONE 12 1.000000

VERT 111
OFFSET -6.877113 -0.658356 48.100693
BONES 1
BONE 12 1.000000

VERT 112
OFFSET -6.497376 -1.840187 50.937901
BONES 1
BONE 12 1.000000

VERT 113
OFFSET -4.449209 -3.170734 54.104691
BONES 1
BONE 12 1.000000

VERT 114
OFFSET -4.449003 -3.282318 53.367977
BONES 1
BONE 12 1.000000

VERT 115
OFFSET -6.875145 -0.658997 48.102295
BONES 1
BONE 12 1.000000

VERT 116
OFFSET -6.330178 -1.301638 50.162254
BONES 1
BONE 12 1.000000

VERT 117
OFFSET -4.592859 -2.420537 53.625095
BONES 1
BONE 12 1.000000

VERT 118
OFFSET -2.223619 -2.733774 54.776848
BONES 1
BONE 12 1.000000

VERT 119
OFFSET -1.457875 -3.772677 54.396824
BONES 1
BONE 12 1.000000

VERT 120
OFFSET -1.586395 -3.290875 54.796249
BONES 1
BONE 12 1.000000

VERT 121
OFFSET 0.036109 -3.411044 54.047897
BONES 1
BONE 12 1.000000

VERT 122
OFFSET -1.991366 -4.366119 53.670513
BONES 1
BONE 12 1.000000

VERT 123
OFFSET -3.297681 -3.992403 53.115849
BONES 1
BONE 12 1.000000

VERT 124
OFFSET -0.075715 -4.165575 53.473778
BONES 1
BONE 12 1.000000

VERT 125
OFFSET 1.984940 -2.984140 51.753338
BONES 1
BONE 12 1.000000

VERT 126
OFFSET -0.195710 -2.532833 54.721119
BONES 1
BONE 12 1.000000

VERT 127
OFFSET -1.563606 -3.417353 54.048042
BONES 1
BONE 12 1.000000

VERT 128
OFFSET 2.346677 -1.186605 50.465031
BONES 1
BONE 12 1.000000

VERT 129
OFFSET 2.864385 -0.720413 47.898018
BONES 1
BONE 12 1.000000

VERT 130
OFFSET 2.619485 -0.229589 50.502789
BONES 1
BONE 12 1.000000

VERT 131
OFFSET 2.407929 1.410677 47.397408
BONES 1
BONE 12 1.000000

VERT 132
OFFSET 1.624652 1.156394 44.144600
BONES 1
BONE 12 1.000000

VERT 133
OFFSET 1.131766 2.900465 44.505043
BONES 1
BONE 12 1.000000

VERT 134
OFFSET -0.525721 2.139220 41.705746
BONES 1
BONE 12 1.000000

VERT 135
OFFSET -0.547048 3.722433 42.941509
BONES 1
BONE 12 1.000000

VERT 136
OFFSET -2.199594 3.412492 41.413666
BONES 1
BONE 12 1.000000

VERT 137
OFFSET -2.228527 2.504609 40.758137
BONES 1
BONE 12 1.000000

VERT 138
OFFSET -0.098940 2.673001 42.877796
BONES 1
BONE 12 1.000000

VERT 139
OFFSET -3.817779 2.928995 40.863392
BONES 1
BONE 12 1.000000

VERT 140
OFFSET -4.233536 2.237383 40.955887
BONES 1
BONE 12 1.000000

VERT 141
OFFSET -3.739130 3.062376 41.611309
BONES 1
BONE 12 1.000000

VERT 142
OFFSET -3.793577 3.424132 41.253120
BONES 1
BONE 12 1.000000

VERT 143
OFFSET -4.408765 3.893814 42.068256
BONES 1
BONE 12 1.000000

VERT 144
OFFSET -6.465933 2.935268 42.387703
BONES 1
BONE 12 1.000000

VERT 145
OFFSET -6.349365 2.927471 43.349739
BONES 1
BONE 12 1.000000

VERT 146
OFFSET -6.395985 2.189177 41.901833
BONES 1
BONE 12 1.000000

VERT 147
OFFSET -6.298967 2.312212 42.625950
BONES 1
BONE 12 1.000000

VERT 148
OFFSET -6.003983 1.468243 42.353172
BONES 1
BONE 12 1.000000

VERT 149
OFFSET -7.280996 0.463936 45.634659
BONES 1
BONE 12 1.000000

VERT 150
OFFSET -6.936529 0.280584 45.133900
BONES 1
BONE 12 1.000000

VERT 151
OFFSET -6.877670 -0.658367 48.096947
BONES 1
BONE 12 1.000000

VERT 152
OFFSET -7.424080 0.970842 45.571815
BONES 1
BONE 12 1.000000

VERT 153
OFFSET -6.976726 0.649402 46.428852
BONES 1
BONE 12 1.000000

VERT 154
OFFSET 2.129422 0.893471 46.540710
BONES 1
BONE 12 1.000000

VERT 155
OFFSET 1.774985 -1.384672 52.766598
BONES 1
BONE 12 1.000000

VERT 156
OFFSET 0.476022 -2.083936 53.824558
BONES 1
BONE 12 1.000000

VERT 157
OFFSET -2.449732 4.122911 42.013626
BONES 1
BONE 12 1.000000

VERT 158
OFFSET -5.243263 1.887935 41.839329
BONES 1
BONE 12 1.000000

VERT 159
OFFSET -6.878661 -0.660088 48.093452
BONES 1
BONE 12 1.000000

VERT 160
OFFSET -6.875648 -0.663395 48.117390
BONES 1
BONE 12 1.000000

VERT 161
OFFSET -6.875761 -0.657042 48.111145
BONES 1
BONE 12 1.000000

VERT 162
OFFSET -6.878761 -0.656590 48.084728
BONES 1
BONE 12 1.000000

VERT 163
OFFSET -6.884743 -0.647970 48.097927
BONES 1
BONE 12 1.000000

VERT 164
OFFSET -6.874327 -0.659623 48.107445
BONES 1
BONE 12 1.000000

VERT 165
OFFSET -6.876333 -0.660091 48.097607
BONES 1
BONE 12 1.000000

VERT 166
OFFSET -6.881367 -0.657537 48.104233
BONES 1
BONE 12 1.000000

VERT 167
OFFSET -6.877068 -0.657866 48.097771
BONES 1
BONE 12 1.000000

VERT 168
OFFSET -6.881470 -0.655174 48.095222
BONES 1
BONE 12 1.000000

VERT 169
OFFSET -1.614084 -0.538982 33.298561
BONES 2
BONE 7 0.833051
BONE 1 0.166949

VERT 170
OFFSET -0.689063 -1.267949 33.511017
BONES 2
BONE 1 0.155855
BONE 7 0.844145

VERT 171
OFFSET -3.350289 -0.438228 33.968109
BONES 2
BONE 7 0.193732
BONE 1 0.806268

VERT 172
OFFSET -1.643485 -0.748680 34.376312
BONES 2
BONE 7 0.097138
BONE 1 0.902862

VERT 173
OFFSET -0.325267 -2.670957 33.857750
BONES 2
BONE 7 0.865246
BONE 1 0.134754

VERT 174
OFFSET -0.606111 -3.145437 37.228249
BONES 2
BONE 1 0.644815
BONE 7 0.355185

VERT 175
OFFSET -0.737214 -3.722715 39.300182
BONES 3
BONE 12 0.051918
BONE 7 0.049175
BONE 1 0.898907

VERT 176
OFFSET -0.612066 -2.258360 36.426846
BONES 3
BONE 12 0.002702
BONE 1 0.693888
BONE 7 0.303410

VERT 177
OFFSET -1.326517 -4.379473 38.497738
BONES 3
BONE 12 0.001048
BONE 7 0.195872
BONE 1 0.803080

VERT 178
OFFSET -1.147843 -4.941116 34.186069
BONES 2
BONE 7 0.870878
BONE 1 0.129122

VERT 179
OFFSET -2.160095 -5.652133 34.207119
BONES 2
BONE 7 0.838135
BONE 1 0.161865

VERT 180
OFFSET -3.256199 -5.998949 34.145580
BONES 2
BONE 1 0.203353
BONE 7 0.796647

VERT 181
OFFSET -1.020473 -1.289855 35.032883
BONES 2
BONE 7 0.247832
BONE 1 0.752169

VERT 182
OFFSET -2.199186 -0.702175 34.352230
BONES 2
BONE 7 0.049111
BONE 1 0.950889

VERT 183
OFFSET -3.252431 -0.251108 33.117954
BONES 2
BONE 7 0.769865
BONE 1 0.230135

VERT 184
OFFSET -5.304493 -0.748492 33.006645
BONES 2
BONE 7 0.699004
BONE 1 0.300996

VERT 185
OFFSET -5.567429 -0.785280 33.817184
BONES 2
BONE 1 0.746264
BONE 7 0.253736

VERT 186
OFFSET -6.343235 -2.096741 32.890907
BONES 2
BONE 7 0.671987
BONE 1 0.328013

VERT 187
OFFSET -5.052268 0.011675 34.682026
BONES 3
BONE 2 0.007581
BONE 1 0.990157
BONE 7 0.002262

VERT 188
OFFSET -7.262497 -1.078916 36.179169
BONES 2
BONE 1 0.949390
BONE 7 0.050610

VERT 189
OFFSET -7.598299 -2.051657 36.926445
BONES 2
BONE 1 0.944150
BONE 7 0.055850

VERT 190
OFFSET -6.452784 -0.299873 38.287910
BONES 2
BONE 1 0.999817
BONE 7 0.000183

VERT 191
OFFSET -7.002474 -3.392823 37.927155
BONES 2
BONE 7 0.063682
BONE 1 0.936318

VERT 192
OFFSET -6.153679 -3.805921 38.720181
BONES 2
BONE 1 0.960515
BONE 7 0.039485

VERT 193
OFFSET -5.682950 -4.816683 38.061367
BONES 2
BONE 1 0.897702
BONE 7 0.102298

VERT 194
OFFSET -4.258268 -5.401947 38.085709
BONES 2
BONE 7 0.116162
BONE 1 0.883838

VERT 195
OFFSET -2.432003 -4.931436 38.638046
BONES 3
BONE 12 0.003620
BONE 1 0.894709
BONE 7 0.101672

VERT 196
OFFSET -6.373409 -1.253210 39.286983
BONES 3
BONE 7 0.001117
BONE 12 0.003843
BONE 1 0.995041

VERT 197
OFFSET -6.106206 -0.411518 39.194202
BONES 2
BONE 1 0.999804
BONE 12 0.000196

VERT 198
OFFSET -4.232029 -2.340454 44.587151
BONES 2
BONE 1 0.136582
BONE 12 0.863418

VERT 199
OFFSET -3.975971 -3.000014 43.250309
BONES 2
BONE 1 0.429587
BONE 12 0.570413

VERT 200
OFFSET -5.215660 -1.991290 41.541920
BONES 2
BONE 1 0.866274
BONE 12 0.133726

VERT 201
OFFSET -4.798356 -0.690855 44.485435
BONES 2
BONE 12 0.880758
BONE 1 0.119242

VERT 202
OFFSET -4.017703 -4.005528 40.742130
BONES 3
BONE 7 0.001382
BONE 1 0.910864
BONE 12 0.087754

VERT 203
OFFSET -4.943942 -5.893315 35.488182
BONES 2
BONE 1 0.532599
BONE 7 0.467401

VERT 204
OFFSET -4.937375 -5.909601 33.287804
BONES 2
BONE 7 0.773032
BONE 1 0.226968

VERT 205
OFFSET -7.031286 -4.409815 35.399662
BONES 2
BONE 7 0.251109
BONE 1 0.748891

VERT 206
OFFSET -6.259942 -4.598014 32.866882
BONES 2
BONE 1 0.314589
BONE 7 0.685411

VERT 207
OFFSET -7.408550 -2.317920 34.937462
BONES 2
BONE 7 0.170440
BONE 1 0.829560

VERT 208
OFFSET -6.834468 -1.546621 34.342953
BONES 2
BONE 1 0.804210
BONE 7 0.195790

VERT 209
OFFSET 0.062733 -0.000000 41.897816
BONES 2
BONE 1 0.405113
BONE 12 0.594887

VERT 210
OFFSET -0.033054 -1.726330 40.425602
BONES 3
BONE 7 0.005382
BONE 1 0.697187
BONE 12 0.297431

VERT 211
OFFSET 0.276519 -0.869088 44.013931
BONES 2
BONE 1 0.066838
BONE 12 0.933162

VERT 212
OFFSET -0.690961 -2.882062 42.327835
BONES 2
BONE 1 0.493562
BONE 12 0.506438

VERT 213
OFFSET -1.488441 -3.727092 42.210567
BONES 3
BONE 7 0.000394
BONE 12 0.386271
BONE 1 0.613335

VERT 214
OFFSET -1.048787 -3.244550 44.163246
BONES 2
BONE 1 0.138467
BONE 12 0.861533

VERT 215
OFFSET -2.752623 -3.362450 44.469727
BONES 2
BONE 1 0.159782
BONE 12 0.840218

VERT 216
OFFSET -1.615125 0.532277 33.303535
BONES 2
BONE 2 0.833050
BONE 1 0.166950

VERT 217
OFFSET -0.689360 1.261897 33.514309
BONES 2
BONE 1 0.155849
BONE 2 0.844151

VERT 218
OFFSET -3.351140 0.436779 33.969669
BONES 2
BONE 1 0.806620
BONE 2 0.193380

VERT 219
OFFSET -0.325253 2.666477 33.858250
BONES 2
BONE 2 0.865251
BONE 1 0.134749

VERT 220
OFFSET -0.610097 3.159273 37.490990
BONES 3
BONE 12 0.010764
BONE 2 0.318156
BONE 1 0.671080

VERT 221
OFFSET -0.612224 2.259060 36.426483
BONES 3
BONE 12 0.002697
BONE 1 0.693751
BONE 2 0.303553

VERT 222
OFFSET -1.325794 4.378809 38.502029
BONES 3
BONE 12 0.001060
BONE 2 0.195271
BONE 1 0.803669

VERT 223
OFFSET -1.148019 4.938210 34.182079
BONES 2
BONE 2 0.870865
BONE 1 0.129135

VERT 224
OFFSET -2.159624 5.648824 34.201935
BONES 2
BONE 2 0.838136
BONE 1 0.161864

VERT 225
OFFSET -3.255958 5.996200 34.140259
BONES 2
BONE 1 0.203350
BONE 2 0.796650

VERT 226
OFFSET 0.349792 0.000014 39.325455
BONES 4
BONE 7 0.000138
BONE 12 0.145561
BONE 1 0.854133
BONE 2 0.000168

VERT 227
OFFSET -0.734381 -0.043504 35.041107
BONES 4
BONE 12 0.000071
BONE 2 0.001158
BONE 1 0.996255
BONE 7 0.002516

VERT 228
OFFSET -1.048052 1.233922 34.957027
BONES 2
BONE 1 0.783421
BONE 2 0.216579

VERT 229
OFFSET -1.789413 0.787963 34.381275
BONES 2
BONE 1 0.916474
BONE 2 0.083526

VERT 230
OFFSET -3.253682 0.244947 33.123127
BONES 2
BONE 2 0.769827
BONE 1 0.230173

VERT 231
OFFSET -5.304787 0.742558 33.010445
BONES 2
BONE 2 0.698992
BONE 1 0.301008

VERT 232
OFFSET -5.815573 0.888875 33.902184
BONES 2
BONE 2 0.260533
BONE 1 0.739467

VERT 233
OFFSET -6.343504 2.091730 32.892319
BONES 2
BONE 2 0.671909
BONE 1 0.328091

VERT 234
OFFSET -6.259771 4.592965 32.864220
BONES 2
BONE 2 0.685296
BONE 1 0.314704

VERT 235
OFFSET -3.819251 -0.000006 34.526039
BONES 3
BONE 7 0.002035
BONE 1 0.986470
BONE 2 0.011496

VERT 236
OFFSET -6.171752 0.001006 35.470543
BONES 3
BONE 2 0.006724
BONE 1 0.990287
BONE 7 0.002990

VERT 237
OFFSET -6.490994 -0.004589 36.604515
BONES 3
BONE 7 0.000564
BONE 1 0.998385
BONE 2 0.001051

VERT 238
OFFSET -7.359233 1.107670 36.842628
BONES 2
BONE 1 0.968512
BONE 2 0.031488

VERT 239
OFFSET -7.582982 2.320763 36.941284
BONES 2
BONE 1 0.933345
BONE 2 0.066655

VERT 240
OFFSET -7.002578 3.392999 37.926853
BONES 2
BONE 2 0.063698
BONE 1 0.936302

VERT 241
OFFSET -6.153738 3.805938 38.720055
BONES 2
BONE 1 0.960512
BONE 2 0.039487

VERT 242
OFFSET -5.683252 4.817128 38.060329
BONES 2
BONE 1 0.897633
BONE 2 0.102367

VERT 243
OFFSET -4.258537 5.402632 38.084103
BONES 2
BONE 2 0.116313
BONE 1 0.883687

VERT 244
OFFSET -2.431602 4.931716 38.637310
BONES 3
BONE 12 0.003619
BONE 1 0.894696
BONE 2 0.101685

VERT 245
OFFSET -6.322869 1.252061 39.360371
BONES 3
BONE 2 0.000936
BONE 1 0.995426
BONE 12 0.003638

VERT 246
OFFSET -5.679973 0.409970 40.363953
BONES 2
BONE 12 0.072748
BONE 1 0.927252

VERT 247
OFFSET -4.764626 1.801711 43.168140
BONES 2
BONE 1 0.416924
BONE 12 0.583076

VERT 248
OFFSET -3.975972 3.000013 43.250309
BONES 2
BONE 1 0.429587
BONE 12 0.570413

VERT 249
OFFSET -4.255770 2.452371 44.596882
BONES 2
BONE 12 0.870359
BONE 1 0.129641

VERT 250
OFFSET -4.773650 0.551149 44.477932
BONES 2
BONE 12 0.883295
BONE 1 0.116706

VERT 251
OFFSET -2.752622 3.362450 44.469727
BONES 2
BONE 1 0.159782
BONE 12 0.840218

VERT 252
OFFSET -3.713180 4.149179 40.624348
BONES 3
BONE 2 0.001916
BONE 1 0.914938
BONE 12 0.083146

VERT 253
OFFSET -1.488422 3.727044 42.210678
BONES 3
BONE 2 0.000395
BONE 1 0.613312
BONE 12 0.386294

VERT 254
OFFSET -1.048787 3.244550 44.163246
BONES 2
BONE 1 0.138467
BONE 12 0.861533

VERT 255
OFFSET -0.690960 2.882061 42.327835
BONES 2
BONE 12 0.506439
BONE 1 0.493561

VERT 256
OFFSET 0.100853 1.306098 44.027710
BONES 2
BONE 12 0.935279
BONE 1 0.064721

VERT 257
OFFSET -0.737226 3.722791 39.299931
BONES 3
BONE 1 0.898844
BONE 12 0.051932
BONE 2 0.049224

VERT 258
OFFSET -4.997824 2.705933 41.327332
BONES 2
BONE 1 0.900172
BONE 12 0.099828

VERT 259
OFFSET -4.943884 5.892734 35.484924
BONES 2
BONE 2 0.467436
BONE 1 0.532564

VERT 260
OFFSET -4.937366 5.904661 33.282703
BONES 2
BONE 2 0.772992
BONE 1 0.227008

VERT 261
OFFSET -7.031179 4.409390 35.398434
BONES 2
BONE 2 0.251133
BONE 1 0.748867

VERT 262
OFFSET -6.833862 1.546126 34.342213
BONES 2
BONE 1 0.804000
BONE 2 0.196000

VERT 263
OFFSET -7.408510 2.317243 34.937607
BONES 2
BONE 1 0.829555
BONE 2 0.170445

VERT 264
OFFSET -6.366047 0.340233 38.544529
BONES 1
BONE 1 1.000000

VERT 265
OFFSET -4.312608 4.423625 6.697045
BONES 1
BONE 3 1.000000

VERT 266
OFFSET -3.434889 4.379102 6.735852
BONES 1
BONE 3 1.000000

VERT 267
OFFSET -3.537264 4.422415 6.693782
BONES 1
BONE 3 1.000000

VERT 268
OFFSET -3.643304 4.373001 6.657705
BONES 1
BONE 3 1.000000

VERT 269
OFFSET -4.208897 4.351475 6.658359
BONES 1
BONE 3 1.000000

VERT 270
OFFSET -4.416322 4.386209 6.736113
BONES 1
BONE 3 1.000000

VERT 271
OFFSET -3.519009 4.282749 5.725055
BONES 2
BONE 3 0.984737
BONE 4 0.015263

VERT 272
OFFSET -3.415289 4.214510 5.687091
BONES 2
BONE 3 0.984091
BONE 4 0.015909

VERT 273
OFFSET -3.723493 4.235898 5.763978
BONES 2
BONE 4 0.014701
BONE 3 0.985299

VERT 274
OFFSET -4.387285 4.248374 5.683980
BONES 2
BONE 3 0.984125
BONE 4 0.015875

VERT 275
OFFSET -3.903946 4.192609 5.706223
BONES 2
BONE 4 0.015658
BONE 3 0.984342

VERT 276
OFFSET -4.092825 4.225104 5.766022
BONES 2
BONE 3 0.985242
BONE 4 0.014758

VERT 277
OFFSET -4.288322 4.294559 5.725111
BONES 2
BONE 4 0.015283
BONE 3 0.984717

VERT 278
OFFSET -3.889877 4.311008 6.659801
BONES 1
BONE 3 1.000000

VERT 279
OFFSET -3.921800 4.363816 6.659726
BONES 1
BONE 3 1.000000

VERT 280
OFFSET -3.953604 4.334193 6.720177
BONES 1
BONE 3 1.000000

VERT 281
OFFSET -4.976963 2.142787 5.767632
BONES 2
BONE 4 0.014559
BONE 3 0.985441

VERT 282
OFFSET -4.713241 1.997026 6.644459
BONES 1
BONE 3 1.000000

VERT 283
OFFSET -4.013848 1.934238 6.645128
BONES 1
BONE 3 1.000000

VERT 284
OFFSET -5.502089 2.734716 6.644122
BONES 1
BONE 3 1.000000

VERT 285
OFFSET -5.560223 3.507289 6.655866
BONES 1
BONE 3 1.000000

VERT 286
OFFSET -5.383500 2.855871 5.772066
BONES 2
BONE 3 0.985921
BONE 4 0.014079

VERT 287
OFFSET -5.299405 3.589628 5.763802
BONES 2
BONE 3 0.986020
BONE 4 0.013980

VERT 288
OFFSET -4.037344 4.456874 6.642747
BONES 1
BONE 3 1.000000

VERT 289
OFFSET -4.198391 4.290225 5.767005
BONES 2
BONE 3 0.985710
BONE 4 0.014290

VERT 290
OFFSET -2.999455 2.175517 6.645013
BONES 1
BONE 3 1.000000

VERT 291
OFFSET -4.446486 1.959237 5.766825
BONES 2
BONE 4 0.015492
BONE 3 0.984508

VERT 292
OFFSET -2.527350 2.252213 5.768117
BONES 2
BONE 4 0.016491
BONE 3 0.983509

VERT 293
OFFSET -2.978220 2.129285 6.646693
BONES 1
BONE 3 1.000000

VERT 294
OFFSET -2.379724 2.634413 6.646401
BONES 1
BONE 3 1.000000

VERT 295
OFFSET -2.332872 2.609796 6.648432
BONES 1
BONE 3 1.000000

VERT 296
OFFSET -2.254873 3.511972 6.648969
BONES 1
BONE 3 1.000000

VERT 297
OFFSET -2.695484 4.014300 6.648998
BONES 1
BONE 3 1.000000

VERT 298
OFFSET -3.416572 4.188315 5.769346
BONES 2
BONE 3 0.985325
BONE 4 0.014675

VERT 299
OFFSET -2.303311 3.490635 6.649106
BONES 1
BONE 3 1.000000

VERT 300
OFFSET -3.738094 4.408248 6.650858
BONES 1
BONE 3 1.000000

VERT 301
OFFSET -2.324729 3.659588 5.775072
BONES 2
BONE 4 0.015241
BONE 3 0.984759

VERT 302
OFFSET -3.944689 4.841879 15.167487
BONES 2
BONE 3 0.985615
BONE 2 0.014385

VERT 303
OFFSET -4.173697 4.864319 15.111958
BONES 2
BONE 2 0.015339
BONE 3 0.984661

VERT 304
OFFSET -3.919067 4.760972 15.739389
BONES 2
BONE 2 0.021362
BONE 3 0.978638

VERT 305
OFFSET -4.193230 4.855237 15.811691
BONES 2
BONE 2 0.024701
BONE 3 0.975299

VERT 306
OFFSET -4.073078 5.118809 15.551509
BONES 2
BONE 3 0.979557
BONE 2 0.020443

VERT 307
OFFSET -4.122161 5.078924 15.476561
BONES 2
BONE 2 0.019904
BONE 3 0.980096

VERT 308
OFFSET -4.088990 4.730221 15.858976
BONES 2
BONE 3 0.976184
BONE 2 0.023816

VERT 309
OFFSET -4.020592 4.899149 15.369368
BONES 2
BONE 3 0.982102
BONE 2 0.017898

VERT 310
OFFSET -3.957681 4.972303 15.453816
BONES 2
BONE 3 0.981867
BONE 2 0.018133

VERT 311
OFFSET -4.172476 4.894461 15.473288
BONES 2
BONE 2 0.019858
BONE 3 0.980142

VERT 312
OFFSET -3.955390 4.901084 15.368974
BONES 2
BONE 2 0.016955
BONE 3 0.983045

VERT 313
OFFSET -4.167754 4.982748 15.386195
BONES 2
BONE 3 0.981294
BONE 2 0.018706

VERT 314
OFFSET -3.973012 5.039343 14.710079
BONES 2
BONE 2 0.009177
BONE 3 0.990823

VERT 315
OFFSET -3.808766 5.025690 14.264666
BONES 2
BONE 3 0.995501
BONE 2 0.004499

VERT 316
OFFSET -4.222637 4.967689 14.423411
BONES 2
BONE 2 0.007391
BONE 3 0.992609

VERT 317
OFFSET -4.216599 5.056583 14.219284
BONES 2
BONE 3 0.993998
BONE 2 0.006002

VERT 318
OFFSET -4.064094 4.886323 15.400309
BONES 2
BONE 3 0.981823
BONE 2 0.018177

VERT 319
OFFSET -4.022809 4.965843 14.173149
BONES 2
BONE 3 0.996049
BONE 2 0.003951

VERT 320
OFFSET -3.846317 4.952256 14.391348
BONES 2
BONE 2 0.005248
