// Export time: Fri Nov 13 11:07:20 2020

// Exported using Blender v2.90.1
// Export filename: 'E:/blackops3/mod_xmodel/iw4/m1903/ch_body_gk_m1903_lod3.XMODEL_EXPORT'
// Source filename: 'E:/blackops3/mod_xmodel/iw4/m1903/m1903.blend'
MODEL
VERSION 6

NUMBONES 75
BONE 0 -1 "tag_origin"
BONE 1 0 "j_mainroot"
BONE 2 1 "j_hip_le"
BONE 3 2 "j_knee_le"
BONE 4 3 "j_ankle_le"
BONE 5 4 "j_ball_le"
BONE 6 2 "Sk_06_01"
BONE 7 1 "j_hip_ri"
BONE 8 7 "j_knee_ri"
BONE 9 8 "j_ankle_ri"
BONE 10 9 "j_ball_ri"
BONE 11 7 "Sk_02_01"
BONE 12 1 "j_spinelower"
BONE 13 12 "j_spineupper"
BONE 14 13 "j_spine4"
BONE 15 14 "j_clavicle_le"
BONE 16 15 "j_shoulder_le"
BONE 17 16 "j_elbow_le"
BONE 18 17 "j_wrist_le"
BONE 19 18 "j_index_le_1"
BONE 20 19 "j_index_le_2"
BONE 21 20 "j_index_le_3"
BONE 22 18 "j_mid_le_1"
BONE 23 22 "j_mid_le_2"
BONE 24 23 "j_mid_le_3"
BONE 25 18 "j_pinky_le_1"
BONE 26 25 "j_pinky_le_2"
BONE 27 26 "j_pinky_le_3"
BONE 28 18 "j_ring_le_1"
BONE 29 28 "j_ring_le_2"
BONE 30 29 "j_ring_le_3"
BONE 31 18 "j_thumb_le_1"
BONE 32 31 "j_thumb_le_2"
BONE 33 32 "j_thumb_le_3"
BONE 34 18 "j_wrist_le1"
BONE 35 34 "tag_weapon_left"
BONE 36 17 "j_wristtwist_le"
BONE 37 16 "j_shouldertwist_le"
BONE 38 37 "tag_reflector_arm_le"
BONE 39 14 "j_clavicle_ri"
BONE 40 39 "j_shoulder_ri"
BONE 41 40 "j_elbow_ri"
BONE 42 41 "j_wrist_ri"
BONE 43 42 "j_index_ri_1"
BONE 44 43 "j_index_ri_2"
BONE 45 44 "j_index_ri_3"
BONE 46 42 "j_mid_ri_1"
BONE 47 46 "j_mid_ri_2"
BONE 48 47 "j_mid_ri_3"
BONE 49 42 "j_pinky_ri_1"
BONE 50 49 "j_pinky_ri_2"
BONE 51 50 "j_pinky_ri_3"
BONE 52 42 "j_ring_ri_1"
BONE 53 52 "j_ring_ri_2"
BONE 54 53 "j_ring_ri_3"
BONE 55 42 "j_thumb_ri_1"
BONE 56 55 "j_thumb_ri_2"
BONE 57 56 "j_thumb_ri_3"
BONE 58 42 "j_wrist_ri1"
BONE 59 58 "tag_weapon_right"
BONE 60 58 "j_gun"
BONE 61 41 "j_wristtwist_ri"
BONE 62 40 "j_shouldertwist_ri"
BONE 63 62 "tag_reflector_arm_ri"
BONE 64 14 "j_neck"
BONE 65 64 "j_head"
BONE 66 14 "j_shoulderraise_le"
BONE 67 14 "j_shoulderraise_ri"
BONE 68 14 "tag_bipod"
BONE 69 14 "tag_inhand"
BONE 70 14 "tag_shield_back"
BONE 71 14 "tag_stowed_back"
BONE 72 14 "tag_weapon_chest"
BONE 73 1 "tag_stowed_hip_rear"
BONE 74 0 "tag_sync"

BONE 0
OFFSET 0.000000 0.000000 0.000000
SCALE 1.000000 1.000000 1.000000
X 1.000000 0.000000 0.000000
Y 0.000000 1.000000 0.000000
Z 0.000000 0.000000 1.000000

BONE 1
OFFSET -2.346863 -0.000107 38.428951
SCALE 1.000000 1.000000 1.000000
X -0.024738 -0.000056 0.999694
Y 0.999694 0.000059 0.024738
Z -0.000060 1.000000 0.000054

BONE 2
OFFSET -2.718215 3.093795 36.444893
SCALE 1.000000 1.000000 1.000000
X -0.017194 0.000119 -0.999852
Y 0.999842 -0.004519 -0.017194
Z -0.004521 -0.999990 -0.000041

BONE 3
OFFSET -3.012902 3.095757 19.309036
SCALE 1.000000 1.000000 1.000000
X -0.069216 0.000353 -0.997602
Y 0.997592 -0.004502 -0.069217
Z -0.004516 -0.999990 -0.000040

BONE 4
OFFSET -4.114133 3.101317 3.450468
SCALE 1.000000 1.000000 1.000000
X 0.007775 0.007022 -0.999945
Y 0.999749 -0.021051 0.007625
Z -0.020996 -0.999754 -0.007184

BONE 5
OFFSET 0.190039 3.089976 0.015500
SCALE 1.000000 1.000000 1.000000
X 0.983211 -0.021943 0.181149
Y -0.181262 -0.003261 0.983429
Z -0.020989 -0.999754 -0.007184

BONE 6
OFFSET -3.109057 5.898825 38.275928
SCALE 1.000000 1.000000 1.000000
X 0.221669 0.953992 0.201895
Y -0.068021 0.221670 -0.972747
Z -0.972747 0.201894 0.114029

BONE 7
OFFSET -2.718215 -3.092221 36.444893
SCALE 1.000000 1.000000 1.000000
X 0.017145 -0.000429 0.999867
Y -0.999853 -0.000209 0.017144
Z 0.000202 -1.000000 -0.000432

BONE 8
OFFSET -3.012930 -3.084932 19.307240
SCALE 1.000000 1.000000 1.000000
X 0.069184 0.001325 0.997617
Y -0.997604 -0.000231 0.069184
Z 0.000323 -0.999999 0.001306

BONE 9
OFFSET -4.113852 -3.106142 3.446944
SCALE 1.000000 1.000000 1.000000
X -0.007828 0.008338 0.999949
Y -0.999644 -0.025593 -0.007614
Z 0.025528 -0.999638 0.008535

BONE 10
OFFSET 0.189664 -3.079914 0.011344
SCALE 1.000000 1.000000 1.000000
X -0.983117 -0.026638 -0.181031
Y 0.181189 -0.003754 -0.983455
Z 0.025517 -0.999638 0.008517

BONE 11
OFFSET -3.109118 -5.895539 38.275055
SCALE 1.000000 1.000000 1.000000
X -0.222134 0.953798 -0.202303
Y -0.068015 -0.222136 -0.972654
Z -0.972641 -0.202297 0.114217

BONE 12
OFFSET -2.100000 0.000000 42.788147
SCALE 1.000000 1.000000 1.000000
X -0.029881 -0.000052 0.999554
Y 0.999553 0.000059 0.029881
Z -0.000060 1.000000 0.000051

BONE 13
OFFSET -2.494701 0.000207 46.434940
SCALE 1.000000 1.000000 1.000000
X 0.020432 -0.000061 0.999791
Y 0.999791 0.000062 -0.020432
Z -0.000060 1.000000 0.000062

BONE 14
OFFSET -2.727447 0.000018 49.512535
SCALE 1.000000 1.000000 1.000000
X 0.046982 -0.000059 0.998896
Y 0.998896 0.000063 -0.046982
Z -0.000060 1.000000 0.000062

BONE 15
OFFSET -2.965744 1.366340 52.683434
SCALE 1.000000 1.000000 1.000000
X 0.022162 0.997159 0.072329
Y -0.999643 0.021024 0.016469
Z 0.014901 -0.072701 0.997254

BONE 16
OFFSET -2.985278 4.084975 52.649712
SCALE 1.000000 1.000000 1.000000
X -0.008415 0.999919 -0.012059
Y -0.996268 -0.009416 -0.085798
Z -0.085901 0.011260 0.996249

BONE 17
OFFSET -3.398110 13.503413 52.651779
SCALE 1.000000 1.000000 1.000000
X -0.007285 0.999855 0.017002
Y -0.996346 -0.005807 -0.085214
Z -0.085100 -0.017593 0.996227

BONE 18
OFFSET -3.404678 22.065460 52.650215
SCALE 1.000000 1.000000 1.000000
X -0.096724 0.992603 -0.073767
Y -0.070524 -0.080733 -0.994245
Z -0.992809 -0.090969 0.077812

BONE 19
OFFSET -2.654922 24.114742 52.688610
SCALE 1.000000 1.000000 1.000000
X 0.084873 0.992745 -0.085508
Y -0.215537 -0.065464 -0.974306
Z -0.972800 0.101118 0.208410

BONE 20
OFFSET -2.558716 25.239780 52.591511
SCALE 1.000000 1.000000 1.000000
X 0.085336 0.992838 -0.083964
Y -0.215418 -0.063863 -0.974439
Z -0.972786 0.101237 0.208418

BONE 21
OFFSET -2.494331 25.989620 52.527996
SCALE 1.000000 1.000000 1.000000
X 0.090521 0.994070 -0.060733
Y -0.213314 -0.040184 -0.976165
Z -0.972781 0.101314 0.208405

BONE 22
OFFSET -3.209497 24.206203 52.781036
SCALE 1.000000 1.000000 1.000000
X -0.000287 0.996396 -0.085171
Y -0.052149 -0.085040 -0.995019
Z -0.998639 0.004155 0.051984

BONE 23
OFFSET -3.209808 25.448566 52.674721
SCALE 1.000000 1.000000 1.000000
X -0.000184 0.996424 -0.084845
Y -0.052082 -0.084709 -0.995050
Z -0.998643 0.004235 0.051910

BONE 24
OFFSET -3.210082 26.276333 52.604206
SCALE 1.000000 1.000000 1.000000
X -0.001182 0.994573 -0.104327
Y -0.051988 -0.104217 -0.993201
Z -0.998647 0.004249 0.051828

BONE 25
OFFSET -4.202634 23.776260 52.454624
SCALE 1.000000 1.000000 1.000000
X -0.136061 0.987138 -0.084291
Y -0.032071 -0.089397 -0.995486
Z -0.990181 -0.132746 0.043825

BONE 26
OFFSET -4.343980 24.801832 52.366909
SCALE 1.000000 1.000000 1.000000
X -0.135948 0.987081 -0.085126
Y -0.031877 -0.090208 -0.995419
Z -0.990203 -0.132615 0.043733

BONE 27
OFFSET -4.420859 25.359440 52.318790
SCALE 1.000000 1.000000 1.000000
X -0.135937 0.986977 -0.086344
Y -0.031581 -0.091396 -0.995320
Z -0.990214 -0.132577 0.043598

BONE 28
OFFSET -3.733671 24.038116 52.676685
SCALE 1.000000 1.000000 1.000000
X -0.068777 0.994046 -0.084862
Y 0.010183 -0.084330 -0.996393
Z -0.997580 -0.069394 -0.004320

BONE 29
OFFSET -3.815484 25.220701 52.575512
SCALE 1.000000 1.000000 1.000000
X -0.068690 0.994080 -0.084535
Y 0.010291 -0.083995 -0.996420
Z -0.997585 -0.069315 -0.004458

BONE 30
OFFSET -3.870088 26.009319 52.508461
SCALE 1.000000 1.000000 1.000000
X -0.068484 0.992682 -0.099764
Y 0.011376 -0.099185 -0.995010
Z -0.997587 -0.069277 -0.004498

BONE 31
OFFSET -2.555189 22.154358 52.310467
SCALE 1.000000 1.000000 1.000000
X 0.565000 0.812892 -0.141509
Y -0.815843 0.576010 0.051273
Z 0.123186 0.086450 0.988618

BONE 32
OFFSET -1.858636 23.157120 52.135895
SCALE 1.000000 1.000000 1.000000
X 0.565136 0.813077 -0.139892
Y -0.815883 0.575949 0.051319
Z 0.122293 0.085103 0.988845

BONE 33
OFFSET -1.348101 23.892056 52.009468
SCALE 1.000000 1.000000 1.000000
X 0.644421 0.758480 -0.097286
Y -0.759111 0.649867 0.038000
Z 0.092042 0.049332 0.994540

BONE 34
OFFSET 0.344573 20.861858 51.112507
SCALE 1.000000 1.000000 1.000000
X -0.096716 0.992602 -0.073789
Y -0.070527 -0.080754 -0.994243
Z -0.992810 -0.090958 0.077817

BONE 35
OFFSET 12.277948 14.986686 28.157677
SCALE 1.000000 1.000000 1.000000
X 0.540272 0.841456 0.009709
Y -0.500807 0.312228 0.807284
Z 0.676238 -0.441043 0.590099

BONE 36
OFFSET -3.402682 19.558769 52.650475
SCALE 1.000000 1.000000 1.000000
X -0.007285 0.999855 0.017007
Y -0.996351 -0.005808 -0.085158
Z -0.085044 -0.017597 0.996232

BONE 37
OFFSET -2.988355 4.456234 52.645252
SCALE 1.000000 1.000000 1.000000
X -0.008436 0.999921 -0.011935
Y -0.996263 -0.009427 -0.085859
Z -0.085961 0.011135 0.996245

BONE 38
OFFSET -2.856938 5.111897 54.382824
SCALE 1.000000 1.000000 1.000000
X 0.038298 -0.292805 0.955426
Y -0.939645 -0.335878 -0.065256
Z 0.340002 -0.895268 -0.287962

BONE 39
OFFSET -2.967867 -1.365168 52.683434
SCALE 1.000000 1.000000 1.000000
X -0.019467 0.997197 -0.072240
Y 0.999656 0.018143 -0.018946
Z -0.017583 -0.072584 -0.997207

BONE 40
OFFSET -2.985279 -4.081765 52.649719
SCALE 1.000000 1.000000 1.000000
X 0.006738 0.999898 0.012613
Y 0.996464 -0.007770 0.083663
Z 0.083753 0.012005 -0.996414

BONE 41
OFFSET -3.383645 -13.501078 52.647427
SCALE 1.000000 1.000000 1.000000
X 0.006919 0.999819 -0.017707
Y 0.996549 -0.005429 0.082827
Z 0.082716 -0.018219 -0.996407

BONE 42
OFFSET -3.387484 -22.066414 52.652622
SCALE 1.000000 1.000000 1.000000
X 0.052844 0.989418 0.135128
Y -0.083592 -0.130460 0.987924
Z 0.995098 -0.063501 0.075813

BONE 43
OFFSET -2.638906 -24.114202 52.688587
SCALE 1.000000 1.000000 1.000000
X -0.085065 0.992785 0.084513
Y 0.055536 -0.079964 0.995250
Z 0.994827 0.089355 -0.048333

BONE 44
OFFSET -2.542470 -25.240316 52.592617
SCALE 1.000000 1.000000 1.000000
X -0.084994 0.992615 0.086553
Y 0.055720 -0.081996 0.995074
Z 0.994822 0.089398 -0.048340

BONE 45
OFFSET -2.478182 -25.990534 52.527309
SCALE 1.000000 1.000000 1.000000
X -0.084245 0.991423 0.099921
Y 0.056880 -0.095329 0.993820
Z 0.994820 0.089408 -0.048361

BONE 46
OFFSET -3.193481 -24.205664 52.781013
SCALE 1.000000 1.000000 1.000000
X 0.000133 0.996357 0.085285
Y -0.103424 -0.084814 0.991015
Z 0.994638 -0.008953 0.103035

BONE 47
OFFSET -3.193719 -25.449183 52.674633
SCALE 1.000000 1.000000 1.000000
X 0.000126 0.996384 0.084970
Y -0.103381 -0.084502 0.991046
Z 0.994642 -0.008909 0.102997

BONE 48
OFFSET -3.193786 -26.278275 52.603958
SCALE 1.000000 1.000000 1.000000
X -0.009235 0.984649 0.174305
Y -0.103012 -0.174322 0.979286
Z 0.994637 -0.008912 0.103040

BONE 49
OFFSET -4.186614 -23.775724 52.454556
SCALE 1.000000 1.000000 1.000000
X 0.136069 0.987081 0.084598
Y -0.120982 -0.068197 0.990309
Z 0.983285 -0.144986 0.110140

BONE 50
OFFSET -4.328020 -24.801796 52.366665
SCALE 1.000000 1.000000 1.000000
X 0.136351 0.987037 0.084651
Y -0.120298 -0.068320 0.990384
Z 0.983330 -0.145223 0.109423

BONE 51
OFFSET -4.405296 -25.360552 52.318806
SCALE 1.000000 1.000000 1.000000
X 0.183981 0.977089 0.106997
Y -0.122632 -0.085187 0.988790
Z 0.975250 -0.195040 0.104149

BONE 52
OFFSET -3.717655 -24.037563 52.676758
SCALE 1.000000 1.000000 1.000000
X 0.068165 0.994039 0.085087
Y -0.162280 -0.073102 0.984033
Z 0.984388 -0.080885 0.156330

BONE 53
OFFSET -3.798863 -25.220037 52.575554
SCALE 1.000000 1.000000 1.000000
X 0.068147 0.994064 0.084807
Y -0.162212 -0.072834 0.984065
Z 0.984400 -0.080818 0.156285

BONE 54
OFFSET -3.852754 -26.007301 52.508362
SCALE 1.000000 1.000000 1.000000
X 0.057399 0.987200 0.148803
Y -0.166319 -0.137510 0.976437
Z 0.984400 -0.080796 0.156297

BONE 55
OFFSET -2.539160 -22.153818 52.310520
SCALE 1.000000 1.000000 1.000000
X -0.566119 0.812219 0.140746
Y 0.823272 0.548474 0.146285
Z 0.041620 0.198687 -0.979179

BONE 56
OFFSET -1.841968 -23.154476 52.137012
SCALE 1.000000 1.000000 1.000000
X -0.564705 0.813473 0.139178
Y 0.824189 0.547149 0.146088
Z 0.042688 0.197205 -0.979432

BONE 57
OFFSET -1.330446 -23.891459 52.010921
SCALE 1.000000 1.000000 1.000000
X -0.528999 0.836090 0.145306
Y 0.847546 0.511906 0.140064
Z 0.042723 0.197248 -0.979422

BONE 58
OFFSET -7.293341 -23.435869 53.520134
SCALE 1.000000 1.000000 1.000000
X 0.052841 0.989416 0.135145
Y -0.083585 -0.130477 0.987922
Z 0.995099 -0.063498 0.075806

BONE 59
OFFSET -11.591999 -27.755701 55.446827
SCALE 1.000000 1.000000 1.000000
X 0.558073 -0.828030 0.054042
Y 0.583884 0.345579 -0.734612
Z 0.589605 0.441522 0.676332

BONE 60
OFFSET -11.591997 -27.755701 55.446827
SCALE 1.000000 1.000000 1.000000
X 0.557804 -0.828165 0.054757
Y 0.611355 0.365361 -0.701967
Z 0.561338 0.425035 0.710103

BONE 61
OFFSET -3.386369 -19.558752 52.651127
SCALE 1.000000 1.000000 1.000000
X 0.006898 0.999819 -0.017715
Y 0.996551 -0.005408 0.082807
Z 0.082696 -0.018225 -0.996408

BONE 62
OFFSET -2.987544 -4.415950 52.645512
SCALE 1.000000 1.000000 1.000000
X 0.006740 0.999898 0.012605
Y 0.996464 -0.007771 0.083663
Z 0.083753 0.011997 -0.996414

BONE 63
OFFSET -2.850861 -5.072807 54.382202
SCALE 1.000000 1.000000 1.000000
X -0.043086 0.244442 0.968706
Y 0.926068 -0.354060 0.130533
Z 0.374888 0.902712 -0.211115

BONE 64
OFFSET -2.724489 0.000000 54.036266
SCALE 1.000000 1.000000 1.000000
X 0.309745 -0.000044 0.950820
Y 0.950819 0.000075 -0.309746
Z -0.000058 1.000000 0.000065

BONE 65
OFFSET -2.724488 0.000000 56.457703
SCALE 1.000000 1.000000 1.000000
X 0.216392 -0.000042 0.976307
Y 0.976307 0.000072 -0.216392
Z -0.000061 1.000000 0.000057

BONE 66
OFFSET -2.587350 3.841572 56.290615
SCALE 1.000000 1.000000 1.000000
X -0.019312 -0.997191 -0.072367
Y 0.999659 -0.017987 -0.018912
Z 0.017557 -0.072708 0.997199

BONE 67
OFFSET -2.586884 -3.842283 56.290295
SCALE 1.000000 1.000000 1.000000
X 0.022396 -0.997118 0.071701
Y -0.999638 -0.021264 0.016487
Z -0.014915 -0.071968 -0.997268

BONE 68
OFFSET 15.878061 -27.219006 30.054499
SCALE 1.000000 1.000000 1.000000
X 1.000000 -0.000093 0.000093
Y 0.000093 1.000000 0.000046
Z -0.000093 -0.000046 1.000000

BONE 69
OFFSET 10.427056 -27.219912 37.271156
SCALE 1.000000 1.000000 1.000000
X -0.000158 1.000000 0.000197
Y 0.764297 0.000248 -0.644865
Z -0.644865 0.000049 -0.764297

BONE 70
OFFSET -10.766580 0.764320 49.891705
SCALE 1.000000 1.000000 1.000000
X -0.989755 -0.000181 0.142776
Y 0.000183 -1.000000 0.000000
Z 0.142776 0.000026 0.989755

BONE 71
OFFSET -9.003280 -4.387926 47.864723
SCALE 1.000000 1.000000 1.000000
X -0.006993 0.025921 -0.999640
Y -0.984167 -0.177227 0.002289
Z -0.177105 0.983831 0.026749

BONE 72
OFFSET 10.427054 -27.219912 37.271160
SCALE 1.000000 1.000000 1.000000
X 1.000000 -0.000018 0.000093
Y 0.000018 1.000000 -0.000002
Z -0.000093 0.000002 1.000000

BONE 73
OFFSET -8.981588 -2.502437 35.309124
SCALE 1.000000 1.000000 1.000000
X -0.188132 0.137938 0.972409
Y 0.149140 -0.974594 0.167102
Z 0.970754 0.176463 0.162780

BONE 74
OFFSET -0.002176 -0.000000 -0.000000
SCALE 1.000000 1.000000 1.000000
X -1.000000 0.000000 0.000000
Y 0.000000 -1.000000 0.000000
Z 0.000000 0.000000 1.000000


NUMVERTS 952
VERT 0
OFFSET -7.217360 -0.119014 44.475502
BONES 1
BONE 12 1.000000

VERT 1
OFFSET -6.012841 -1.170400 44.729588
BONES 1
BONE 12 1.000000

VERT 2
OFFSET -6.575296 2.637546 41.654251
BONES 1
BONE 12 1.000000

VERT 3
OFFSET -6.817895 0.125758 45.774223
BONES 1
BONE 12 1.000000

VERT 4
OFFSET -6.574519 2.636321 41.655769
BONES 1
BONE 12 1.000000

VERT 5
OFFSET -4.300606 -1.191088 46.401817
BONES 1
BONE 12 1.000000

VERT 6
OFFSET -3.066449 -1.452857 45.439781
BONES 1
BONE 12 1.000000

VERT 7
OFFSET -0.793170 -0.154369 44.628048
BONES 1
BONE 12 1.000000

VERT 8
OFFSET 0.211385 3.078059 43.726974
BONES 1
BONE 12 1.000000

VERT 9
OFFSET 0.582873 3.731013 40.491585
BONES 1
BONE 12 1.000000

VERT 10
OFFSET -0.951060 6.543291 39.911156
BONES 1
BONE 12 1.000000

VERT 11
OFFSET -1.548480 6.161254 38.683880
BONES 1
BONE 12 1.000000

VERT 12
OFFSET -1.046155 5.223769 38.281883
BONES 1
BONE 12 1.000000

VERT 13
OFFSET 0.416581 2.712390 42.936691
BONES 1
BONE 12 1.000000

VERT 14
OFFSET -3.297097 5.253989 37.913120
BONES 1
BONE 12 1.000000

VERT 15
OFFSET -4.793370 5.960677 39.593079
BONES 1
BONE 12 1.000000

VERT 16
OFFSET -4.975016 5.553615 38.812279
BONES 1
BONE 12 1.000000

VERT 17
OFFSET -6.114609 3.411840 40.273590
BONES 1
BONE 12 1.000000

VERT 18
OFFSET -6.623802 2.536293 41.724480
BONES 1
BONE 12 1.000000

VERT 19
OFFSET -2.785418 -0.084264 46.987148
BONES 1
BONE 12 1.000000

VERT 20
OFFSET -6.572957 2.641170 41.649517
BONES 1
BONE 12 1.000000

VERT 21
OFFSET -6.576922 2.634450 41.650635
BONES 1
BONE 12 1.000000

VERT 22
OFFSET -6.578902 2.633175 41.665115
BONES 1
BONE 12 1.000000

VERT 23
OFFSET -6.571860 2.640316 41.643135
BONES 1
BONE 12 1.000000

VERT 24
OFFSET -6.576660 2.646246 41.658161
BONES 1
BONE 12 1.000000

VERT 25
OFFSET -6.579517 2.631897 41.655895
BONES 1
BONE 12 1.000000

VERT 26
OFFSET -6.579266 2.637816 41.656174
BONES 1
BONE 12 1.000000

VERT 27
OFFSET -6.573689 2.636073 41.652508
BONES 1
BONE 12 1.000000

VERT 28
OFFSET -6.576738 2.640311 41.651043
BONES 1
BONE 12 1.000000

VERT 29
OFFSET -6.574528 2.638417 41.653641
BONES 1
BONE 12 1.000000

VERT 30
OFFSET -5.410657 -2.473400 44.846714
BONES 1
BONE 12 1.000000

VERT 31
OFFSET -5.117421 -3.295873 45.750797
BONES 1
BONE 12 1.000000

VERT 32
OFFSET -5.719563 0.000844 45.715656
BONES 1
BONE 12 1.000000

VERT 33
OFFSET -5.718064 -0.000533 45.715469
BONES 1
BONE 12 1.000000

VERT 34
OFFSET -4.748197 -2.790540 46.528233
BONES 1
BONE 12 1.000000

VERT 35
OFFSET -2.208044 -4.042067 46.285851
BONES 1
BONE 12 1.000000

VERT 36
OFFSET -1.143554 -4.295856 43.865005
BONES 1
BONE 12 1.000000

VERT 37
OFFSET -0.955585 -4.283957 46.142445
BONES 1
BONE 12 1.000000

VERT 38
OFFSET 2.028808 -1.942378 43.618076
BONES 1
BONE 12 1.000000

VERT 39
OFFSET 2.339421 -1.925415 45.565472
BONES 1
BONE 12 1.000000

VERT 40
OFFSET 2.355272 0.906505 43.602070
BONES 1
BONE 12 1.000000

VERT 41
OFFSET 0.826030 3.297906 43.648209
BONES 1
BONE 12 1.000000

VERT 42
OFFSET 1.466854 2.520090 44.694000
BONES 1
BONE 12 1.000000

VERT 43
OFFSET -1.611113 4.330001 45.099739
BONES 1
BONE 12 1.000000

VERT 44
OFFSET -2.308329 4.229281 44.098461
BONES 1
BONE 12 1.000000

VERT 45
OFFSET -0.918335 4.234462 46.231644
BONES 1
BONE 12 1.000000

VERT 46
OFFSET -4.599405 2.986027 46.526833
BONES 1
BONE 12 1.000000

VERT 47
OFFSET -4.585316 3.640754 45.540279
BONES 1
BONE 12 1.000000

VERT 48
OFFSET -5.098163 2.790538 44.680687
BONES 1
BONE 12 1.000000

VERT 49
OFFSET -5.816783 1.331268 45.715588
BONES 1
BONE 12 1.000000

VERT 50
OFFSET -5.720140 0.002572 45.713650
BONES 1
BONE 12 1.000000

VERT 51
OFFSET 2.466443 1.791469 45.543488
BONES 1
BONE 12 1.000000

VERT 52
OFFSET 2.251116 -1.941019 44.581261
BONES 1
BONE 12 1.000000

VERT 53
OFFSET -5.720928 0.003735 45.712387
BONES 1
BONE 12 1.000000

VERT 54
OFFSET -5.721830 -0.006968 45.717030
BONES 1
BONE 12 1.000000

VERT 55
OFFSET -5.715928 -0.004305 45.722832
BONES 1
BONE 12 1.000000

VERT 56
OFFSET -5.720860 0.008790 45.708935
BONES 1
BONE 12 1.000000

VERT 57
OFFSET -5.726148 -0.003533 45.709938
BONES 1
BONE 12 1.000000

VERT 58
OFFSET -5.716043 0.002382 45.724991
BONES 1
BONE 12 1.000000

VERT 59
OFFSET -5.719513 0.001631 45.712166
BONES 1
BONE 12 1.000000

VERT 60
OFFSET -5.723078 -0.003355 45.716972
BONES 1
BONE 12 1.000000

VERT 61
OFFSET -5.722468 0.003328 45.716297
BONES 1
BONE 12 1.000000

VERT 62
OFFSET -5.718243 0.002113 45.715313
BONES 1
BONE 12 1.000000

VERT 63
OFFSET -4.799228 -3.668766 52.288589
BONES 1
BONE 12 1.000000

VERT 64
OFFSET -6.592148 -1.792804 50.240932
BONES 1
BONE 12 1.000000

VERT 65
OFFSET -4.427521 -3.478047 53.732956
BONES 1
BONE 12 1.000000

VERT 66
OFFSET -6.875145 -0.658997 48.102295
BONES 1
BONE 12 1.000000

VERT 67
OFFSET -5.035573 -2.305554 53.273499
BONES 1
BONE 12 1.000000

VERT 68
OFFSET -0.744380 -2.600578 54.772984
BONES 1
BONE 12 1.000000

VERT 69
OFFSET -0.581454 -3.575805 54.452652
BONES 1
BONE 12 1.000000

VERT 70
OFFSET -0.713319 -4.355915 53.730164
BONES 1
BONE 12 1.000000

VERT 71
OFFSET 3.019013 -1.975472 50.213295
BONES 1
BONE 12 1.000000

VERT 72
OFFSET 2.486877 -0.768059 51.557507
BONES 1
BONE 12 1.000000

VERT 73
OFFSET 1.889207 2.362809 45.547993
BONES 1
BONE 12 1.000000

VERT 74
OFFSET 0.539741 1.914896 42.410622
BONES 1
BONE 12 1.000000

VERT 75
OFFSET -1.573535 4.071204 42.247787
BONES 1
BONE 12 1.000000

VERT 76
OFFSET -2.923560 3.432725 41.088024
BONES 1
BONE 12 1.000000

VERT 77
OFFSET -2.899848 2.467706 40.627090
BONES 1
BONE 12 1.000000

VERT 78
OFFSET -0.098940 2.673001 42.877796
BONES 1
BONE 12 1.000000

VERT 79
OFFSET -3.964711 3.874565 42.102753
BONES 1
BONE 12 1.000000

VERT 80
OFFSET -6.349365 2.927471 43.349739
BONES 1
BONE 12 1.000000

VERT 81
OFFSET -6.394086 2.497790 42.256542
BONES 1
BONE 12 1.000000

VERT 82
OFFSET -6.406097 1.265862 42.806961
BONES 1
BONE 12 1.000000

VERT 83
OFFSET -7.331262 0.426121 45.990593
BONES 1
BONE 12 1.000000

VERT 84
OFFSET -6.877670 -0.658367 48.096947
BONES 1
BONE 12 1.000000

VERT 85
OFFSET -7.005472 -0.262448 47.463913
BONES 1
BONE 12 1.000000

VERT 86
OFFSET 2.753856 -0.304994 48.876019
BONES 1
BONE 12 1.000000

VERT 87
OFFSET -6.878661 -0.660088 48.093452
BONES 1
BONE 12 1.000000

VERT 88
OFFSET -6.875648 -0.663395 48.117390
BONES 1
BONE 12 1.000000

VERT 89
OFFSET -6.875761 -0.657042 48.111145
BONES 1
BONE 12 1.000000

VERT 90
OFFSET -6.878761 -0.656590 48.084728
BONES 1
BONE 12 1.000000

VERT 91
OFFSET -6.884743 -0.647970 48.097927
BONES 1
BONE 12 1.000000

VERT 92
OFFSET -6.874327 -0.659623 48.107445
BONES 1
BONE 12 1.000000

VERT 93
OFFSET -6.876333 -0.660091 48.097607
BONES 1
BONE 12 1.000000

VERT 94
OFFSET -6.881367 -0.657537 48.104233
BONES 1
BONE 12 1.000000

VERT 95
OFFSET -6.877068 -0.657866 48.097771
BONES 1
BONE 12 1.000000

VERT 96
OFFSET -6.881470 -0.655174 48.095222
BONES 1
BONE 12 1.000000

VERT 97
OFFSET -0.979713 -0.842289 33.396763
BONES 2
BONE 1 0.160529
BONE 7 0.839471

VERT 98
OFFSET -2.695187 -0.504412 34.268105
BONES 2
BONE 1 0.889425
BONE 7 0.110575

VERT 99
OFFSET -0.412450 -4.106056 34.104572
BONES 2
BONE 1 0.131519
BONE 7 0.868481

VERT 100
OFFSET -0.541827 -2.725512 37.117397
BONES 3
BONE 12 0.000872
BONE 7 0.338486
BONE 1 0.660643

VERT 101
OFFSET -0.966760 -4.035183 39.075054
BONES 3
BONE 1 0.863801
BONE 7 0.102917
BONE 12 0.033282

VERT 102
OFFSET -3.162187 -6.048716 34.173286
BONES 2
BONE 1 0.200614
BONE 7 0.799386

VERT 103
OFFSET -3.252431 -0.251108 33.117954
BONES 2
BONE 7 0.769865
BONE 1 0.230135

VERT 104
OFFSET -6.192036 -1.500827 32.913635
BONES 2
BONE 1 0.319071
BONE 7 0.680929

VERT 105
OFFSET -5.567429 -0.785280 33.817184
BONES 2
BONE 1 0.746264
BONE 7 0.253736

VERT 106
OFFSET -7.733886 -1.797976 35.909267
BONES 2
BONE 1 0.900705
BONE 7 0.099295

VERT 107
OFFSET -6.598436 -4.032291 38.113091
BONES 2
BONE 1 0.933470
BONE 7 0.066530

VERT 108
OFFSET -3.844729 -5.109799 38.939457
BONES 3
BONE 7 0.083971
BONE 1 0.892543
BONE 12 0.023486

VERT 109
OFFSET -4.179177 -2.384599 44.585133
BONES 2
BONE 12 0.857610
BONE 1 0.142390

VERT 110
OFFSET -5.570487 -1.757673 40.736706
BONES 3
BONE 7 0.000384
BONE 12 0.089022
BONE 1 0.910594

VERT 111
OFFSET -4.812578 0.000001 44.457706
BONES 2
BONE 1 0.117832
BONE 12 0.882168

VERT 112
OFFSET -4.766567 -6.112620 33.355289
BONES 2
BONE 7 0.763939
BONE 1 0.236061

VERT 113
OFFSET -6.329620 -4.967323 32.838982
BONES 2
BONE 1 0.314589
BONE 7 0.685411

VERT 114
OFFSET 0.062733 -0.000000 41.897816
BONES 2
BONE 1 0.405113
BONE 12 0.594887

VERT 115
OFFSET 0.233474 -0.966211 44.017361
BONES 3
BONE 12 0.929253
BONE 1 0.070714
BONE 7 0.000033

VERT 116
OFFSET -1.017948 -3.150789 44.148861
BONES 2
BONE 1 0.138467
BONE 12 0.861533

VERT 117
OFFSET -2.752623 -3.362450 44.469727
BONES 2
BONE 1 0.159782
BONE 12 0.840218

VERT 118
OFFSET -0.980176 0.835875 33.401058
BONES 2
BONE 1 0.160525
BONE 2 0.839475

VERT 119
OFFSET -0.412422 4.102612 34.102142
BONES 2
BONE 1 0.131525
BONE 2 0.868475

VERT 120
OFFSET -0.532837 2.801009 37.244690
BONES 3
BONE 1 0.677898
BONE 2 0.313764
BONE 12 0.008338

VERT 121
OFFSET -3.162250 6.045942 34.167717
BONES 2
BONE 1 0.200624
BONE 2 0.799375

VERT 122
OFFSET 0.349792 0.000014 39.325455
BONES 4
BONE 7 0.000138
BONE 12 0.145561
BONE 1 0.854133
BONE 2 0.000168

VERT 123
OFFSET -0.927659 -1.003413 34.718624
BONES 4
BONE 7 0.134617
BONE 1 0.865211
BONE 2 0.000161
BONE 12 0.000010

VERT 124
OFFSET -1.356155 0.910602 34.485630
BONES 2
BONE 2 0.137238
BONE 1 0.862762

VERT 125
OFFSET -3.304137 0.346163 33.112259
BONES 2
BONE 1 0.241607
BONE 2 0.758393

VERT 126
OFFSET -5.159752 0.820511 33.033745
BONES 2
BONE 2 0.698992
BONE 1 0.301008

VERT 127
OFFSET -6.572009 2.434869 32.835777
BONES 2
BONE 1 0.338759
BONE 2 0.661241

VERT 128
OFFSET -4.416719 0.002083 34.544415
BONES 3
BONE 2 0.009622
BONE 1 0.988235
BONE 7 0.002143

VERT 129
OFFSET -6.500919 -0.000222 35.983501
BONES 3
BONE 7 0.001789
BONE 1 0.994294
BONE 2 0.003916

VERT 130
OFFSET -7.400388 1.312761 37.444698
BONES 3
BONE 12 0.000806
BONE 1 0.963661
BONE 2 0.035533

VERT 131
OFFSET -6.598627 4.032541 38.112556
BONES 2
BONE 1 0.933433
BONE 2 0.066567

VERT 132
OFFSET -3.698633 5.175637 38.752907
BONES 3
BONE 12 0.019812
BONE 1 0.892898
BONE 2 0.087290

VERT 133
OFFSET -6.235970 -0.013863 38.663467
BONES 3
BONE 7 0.000081
BONE 12 0.008569
BONE 1 0.991349

VERT 134
OFFSET -3.422872 3.169224 44.567616
BONES 2
BONE 12 0.846751
BONE 1 0.153249

VERT 135
OFFSET -1.017935 3.150767 44.148857
BONES 2
BONE 1 0.138467
BONE 12 0.861533

VERT 136
OFFSET 0.100853 1.306098 44.027710
BONES 2
BONE 12 0.935279
BONE 1 0.064721

VERT 137
OFFSET -0.966496 4.034441 39.081005
BONES 3
BONE 2 0.102342
BONE 12 0.033430
BONE 1 0.864228

VERT 138
OFFSET -4.915874 2.088529 42.212692
BONES 2
BONE 12 0.350171
BONE 1 0.649829

VERT 139
OFFSET -4.765390 6.109015 33.350163
BONES 2
BONE 1 0.236144
BONE 2 0.763856

VERT 140
OFFSET -6.329287 4.963875 32.835629
BONES 2
BONE 2 0.685296
BONE 1 0.314704

VERT 141
OFFSET -4.312608 4.423625 6.697045
BONES 1
BONE 3 1.000000

VERT 142
OFFSET -3.434889 4.379102 6.735852
BONES 1
BONE 3 1.000000

VERT 143
OFFSET -3.537264 4.422415 6.693782
BONES 1
BONE 3 1.000000

VERT 144
OFFSET -3.643304 4.373001 6.657705
BONES 1
BONE 3 1.000000

VERT 145
OFFSET -4.208897 4.351475 6.658359
BONES 1
BONE 3 1.000000

VERT 146
OFFSET -4.416322 4.386209 6.736113
BONES 1
BONE 3 1.000000

VERT 147
OFFSET -3.519009 4.282749 5.725055
BONES 2
BONE 3 0.984737
BONE 4 0.015263

VERT 148
OFFSET -3.415289 4.214510 5.687091
BONES 2
BONE 3 0.984091
BONE 4 0.015909

VERT 149
OFFSET -3.723493 4.235898 5.763978
BONES 2
BONE 4 0.014701
BONE 3 0.985299

VERT 150
OFFSET -4.387285 4.248374 5.683980
BONES 2
BONE 3 0.984125
BONE 4 0.015875

VERT 151
OFFSET -3.903946 4.192609 5.706223
BONES 2
BONE 4 0.015658
BONE 3 0.984342

VERT 152
OFFSET -4.092825 4.225104 5.766022
BONES 2
BONE 3 0.985242
BONE 4 0.014758

VERT 153
OFFSET -4.288322 4.294559 5.725111
BONES 2
BONE 4 0.015283
BONE 3 0.984717

VERT 154
OFFSET -3.889877 4.311008 6.659801
BONES 1
BONE 3 1.000000

VERT 155
OFFSET -3.921800 4.363816 6.659726
BONES 1
BONE 3 1.000000

VERT 156
OFFSET -3.953604 4.334193 6.720177
BONES 1
BONE 3 1.000000

VERT 157
OFFSET -5.600561 2.707118 6.012732
BONES 2
BONE 3 0.990304
BONE 4 0.009696

VERT 158
OFFSET -5.753864 2.620672 6.654625
BONES 1
BONE 3 1.000000

VERT 159
OFFSET -4.013848 1.934238 6.645128
BONES 1
BONE 3 1.000000

VERT 160
OFFSET -5.383500 2.855871 5.772066
BONES 2
BONE 3 0.985921
BONE 4 0.014079

VERT 161
OFFSET -4.198391 4.290225 5.767005
BONES 2
BONE 3 0.985710
BONE 4 0.014290

VERT 162
OFFSET -2.999455 2.175517 6.645013
BONES 1
BONE 3 1.000000

VERT 163
OFFSET -2.989256 1.911950 5.766261
BONES 2
BONE 3 0.983770
BONE 4 0.016230

VERT 164
OFFSET -2.978220 2.129285 6.646693
BONES 1
BONE 3 1.000000

VERT 165
OFFSET -2.379724 2.634413 6.646401
BONES 1
BONE 3 1.000000

VERT 166
OFFSET -2.332872 2.609796 6.648432
BONES 1
BONE 3 1.000000

VERT 167
OFFSET -2.254873 3.511972 6.648969
BONES 1
BONE 3 1.000000

VERT 168
OFFSET -3.881697 4.456600 6.329461
BONES 2
BONE 3 0.998183
BONE 4 0.001817

VERT 169
OFFSET -2.303311 3.490635 6.649106
BONES 1
BONE 3 1.000000

VERT 170
OFFSET -3.738094 4.408248 6.650858
BONES 1
BONE 3 1.000000

VERT 171
OFFSET -2.324729 3.659588 5.775072
BONES 2
BONE 4 0.015241
BONE 3 0.984759

VERT 172
OFFSET -3.944689 4.841879 15.167487
BONES 2
BONE 3 0.985615
BONE 2 0.014385

VERT 173
OFFSET -4.173697 4.864319 15.111958
BONES 2
BONE 2 0.015339
BONE 3 0.984661

VERT 174
OFFSET -3.919067 4.760972 15.739389
BONES 2
BONE 2 0.021362
BONE 3 0.978638

VERT 175
OFFSET -4.193230 4.855237 15.811691
BONES 2
BONE 2 0.024701
BONE 3 0.975299

VERT 176
OFFSET -4.073078 5.118809 15.551509
BONES 2
BONE 3 0.979557
BONE 2 0.020443

VERT 177
OFFSET -4.122161 5.078924 15.476561
BONES 2
BONE 2 0.019904
BONE 3 0.980096

VERT 178
OFFSET -4.088990 4.730221 15.858976
BONES 2
BONE 3 0.976184
BONE 2 0.023816

VERT 179
OFFSET -4.020592 4.899149 15.369368
BONES 2
BONE 3 0.982102
BONE 2 0.017898

VERT 180
OFFSET -3.957681 4.972303 15.453816
BONES 2
BONE 3 0.981867
BONE 2 0.018133

VERT 181
OFFSET -4.172476 4.894461 15.473288
BONES 2
BONE 2 0.019858
BONE 3 0.980142

VERT 182
OFFSET -3.955390 4.901084 15.368974
BONES 2
BONE 2 0.016955
BONE 3 0.983045

VERT 183
OFFSET -4.167754 4.982748 15.386195
BONES 2
BONE 3 0.981294
BONE 2 0.018706

VERT 184
OFFSET -3.973012 5.039343 14.710079
BONES 2
BONE 2 0.009177
BONE 3 0.990823

VERT 185
OFFSET -3.808766 5.025690 14.264666
BONES 2
BONE 3 0.995501
BONE 2 0.004499

VERT 186
OFFSET -4.222637 4.967689 14.423411
BONES 2
BONE 2 0.007391
BONE 3 0.992609

VERT 187
OFFSET -4.216599 5.056583 14.219284
BONES 2
BONE 3 0.993998
BONE 2 0.006002

VERT 188
OFFSET -4.064094 4.886323 15.400309
BONES 2
BONE 3 0.981823
BONE 2 0.018177

VERT 189
OFFSET -4.022809 4.965843 14.173149
BONES 2
BONE 3 0.996049
BONE 2 0.003951

VERT 190
OFFSET -3.846317 4.952256 14.391348
BONES 2
BONE 2 0.005248
BONE 3 0.994753

VERT 191
OFFSET -4.128895 4.905888 15.222883
BONES 2
BONE 3 0.983828
BONE 2 0.016172

VERT 192
OFFSET -4.165697 5.041822 14.405459
BONES 2
BONE 3 0.992447
BONE 2 0.007553

VERT 193
OFFSET -3.951965 5.016720 14.294211
BONES 2
BONE 2 0.004930
BONE 3 0.995070

VERT 194
OFFSET 1.399174 3.579684 1.712856
BONES 3
BONE 4 0.051823
BONE 3 0.000080
BONE 5 0.948097

VERT 195
OFFSET 1.379929 2.346962 1.696152
BONES 3
BONE 4 0.063296
BONE 3 0.000277
BONE 5 0.936427

VERT 196
OFFSET 0.233041 4.486697 0.593004
BONES 3
BONE 3 0.000027
BONE 4 0.355937
BONE 5 0.644036

VERT 197
OFFSET -1.161019 3.837937 2.438631
BONES 3
BONE 5 0.043179
BONE 3 0.086017
BONE 4 0.870805

VERT 198
OFFSET -1.270706 2.227673 2.546908
BONES 3
BONE 5 0.029448
BONE 3 0.111464
BONE 4 0.859089

VERT 199
OFFSET 0.043202 1.521833 0.683881
BONES 3
BONE 4 0.520731
BONE 3 0.002499
BONE 5 0.476769

VERT 200
OFFSET -3.762030 3.818157 0.676985
BONES 3
BONE 3 0.002603
BONE 5 0.001479
BONE 4 0.995918

VERT 201
OFFSET 1.858786 2.324622 0.820648
BONES 2
BONE 4 0.000426
BONE 5 0.999574

VERT 202
OFFSET -0.528184 1.478031 -0.021798
BONES 2
BONE 4 0.597524
BONE 5 0.402476

VERT 203
OFFSET 1.739427 3.857924 0.527259
BONES 2
BONE 4 0.050054
BONE 5 0.949946

VERT 204
OFFSET -5.421600 3.483140 0.074081
BONES 2
BONE 3 0.007515
BONE 4 0.992485

VERT 205
OFFSET -4.283628 1.934760 0.296728
BONES 2
BONE 4 0.994189
BONE 3 0.005811

VERT 206
OFFSET -5.394751 2.233177 1.566917
BONES 2
BONE 3 0.177297
BONE 4 0.822703

VERT 207
OFFSET -5.192829 3.150148 4.461116
BONES 2
BONE 3 0.915654
BONE 4 0.084346

VERT 208
OFFSET -5.586722 3.271452 1.599597
BONES 2
BONE 3 0.145553
BONE 4 0.854447

VERT 209
OFFSET -3.381920 2.137064 1.138016
BONES 3
BONE 5 0.000303
BONE 3 0.033279
BONE 4 0.966418

VERT 210
OFFSET -3.840825 4.269976 2.487183
BONES 2
BONE 4 0.566307
BONE 3 0.433693

VERT 211
OFFSET -4.765304 2.234932 5.290132
BONES 2
BONE 3 0.955416
BONE 4 0.044584

VERT 212
OFFSET -4.709284 1.384377 16.042826
BONES 2
BONE 2 0.031912
BONE 3 0.968088

VERT 213
OFFSET -6.298433 3.009063 12.151552
BONES 2
BONE 3 0.996328
BONE 2 0.003673

VERT 214
OFFSET -2.475260 2.640649 5.131110
BONES 2
BONE 4 0.077592
BONE 3 0.922408

VERT 215
OFFSET -5.622787 4.631333 12.771072
BONES 2
BONE 3 0.997485
BONE 2 0.002515

VERT 216
OFFSET -5.573176 4.399710 16.096773
BONES 2
BONE 3 0.963204
BONE 2 0.036796

VERT 217
OFFSET -6.189767 2.951065 16.097059
BONES 2
BONE 2 0.043458
BONE 3 0.956542

VERT 218
OFFSET -6.246802 2.998275 14.631040
BONES 2
BONE 2 0.017249
BONE 3 0.982751

VERT 219
OFFSET -3.682727 1.449563 14.631268
BONES 2
BONE 3 0.991401
BONE 2 0.008599

VERT 220
OFFSET -2.189384 2.499985 16.101969
BONES 2
BONE 3 0.976050
BONE 2 0.023950

VERT 221
OFFSET -2.252198 4.055674 16.049562
BONES 2
BONE 3 0.983270
BONE 2 0.016730

VERT 222
OFFSET -3.908762 3.927063 4.900306
BONES 2
BONE 4 0.058730
BONE 3 0.941270

VERT 223
OFFSET -2.537477 3.549297 4.922923
BONES 2
BONE 4 0.107172
BONE 3 0.892828

VERT 224
OFFSET -3.585512 1.647208 2.566659
BONES 2
BONE 3 0.403230
BONE 4 0.596770

VERT 225
OFFSET -4.390370 4.957077 14.622860
BONES 2
BONE 3 0.990175
BONE 2 0.009825

VERT 226
OFFSET -4.050065 4.946883 12.545780
BONES 2
BONE 3 0.997551
BONE 2 0.002449

VERT 227
OFFSET -2.164735 3.738779 14.634788
BONES 2
BONE 2 0.003143
BONE 3 0.996857

VERT 228
OFFSET -4.110128 4.744311 16.056679
BONES 2
BONE 3 0.972252
BONE 2 0.027748

VERT 229
OFFSET -4.208982 -4.354923 6.656832
BONES 1
BONE 8 1.000000

VERT 230
OFFSET -4.288384 -4.297800 5.724019
BONES 3
BONE 8 0.984717
BONE 9 0.015283
BONE 3 0.000000

VERT 231
OFFSET -3.434973 -4.382441 6.734300
BONES 1
BONE 8 1.000000

VERT 232
OFFSET -4.312698 -4.427077 6.695427
BONES 2
BONE 8 1.000000
BONE 3 0.000000

VERT 233
OFFSET -4.416413 -4.389649 6.734522
BONES 1
BONE 8 1.000000

VERT 234
OFFSET -3.537351 -4.425789 6.692183
BONES 1
BONE 8 1.000000

VERT 235
OFFSET -3.643390 -4.376401 6.656168
BONES 1
BONE 8 1.000000

VERT 236
OFFSET -3.415347 -4.217664 5.686094
BONES 2
BONE 9 0.015916
BONE 8 0.984084

VERT 237
OFFSET -3.519064 -4.285936 5.723970
BONES 2
BONE 9 0.015263
BONE 8 0.984737

VERT 238
OFFSET -4.387346 -4.251597 5.682946
BONES 2
BONE 9 0.015875
BONE 8 0.984125

VERT 239
OFFSET -3.723552 -4.239109 5.762928
BONES 2
BONE 8 0.985299
BONE 9 0.014701

VERT 240
OFFSET -4.092885 -4.228343 5.764976
BONES 2
BONE 9 0.014758
BONE 8 0.985242

VERT 241
OFFSET -3.953688 -4.337596 6.718672
BONES 1
BONE 8 1.000000

VERT 242
OFFSET -3.921886 -4.367236 6.658200
BONES 1
BONE 8 1.000000

VERT 243
OFFSET -3.889960 -4.314419 6.658336
BONES 2
BONE 8 1.000000
BONE 3 0.000000

VERT 244
OFFSET -3.904006 -4.195803 5.705227
BONES 2
BONE 8 0.984342
BONE 9 0.015658

VERT 245
OFFSET -5.600608 -2.710775 6.012934
BONES 2
BONE 8 0.990302
BONE 9 0.009698

VERT 246
OFFSET -5.753911 -2.624397 6.654971
BONES 1
BONE 8 1.000000

VERT 247
OFFSET -4.013797 -1.937754 6.646232
BONES 1
BONE 8 1.000000

VERT 248
OFFSET -5.383503 -2.859257 5.772118
BONES 2
BONE 9 0.014079
BONE 8 0.985921

VERT 249
OFFSET -4.198450 -4.293476 5.765898
BONES 2
BONE 8 0.985710
BONE 9 0.014290

VERT 250
OFFSET -2.254902 -3.515287 6.648380
BONES 1
BONE 8 1.000000

VERT 251
OFFSET -2.324770 -3.662738 5.774494
BONES 2
BONE 9 0.015244
BONE 8 0.984756

VERT 252
OFFSET -2.303339 -3.493955 6.648543
BONES 1
BONE 8 1.000000

VERT 253
OFFSET -3.881755 -4.460020 6.327966
BONES 2
BONE 8 0.998182
BONE 9 0.001818

VERT 254
OFFSET -3.738248 -4.411657 6.649292
BONES 1
BONE 8 1.000000

VERT 255
OFFSET -2.332859 -2.613147 6.648809
BONES 1
BONE 8 1.000000

VERT 256
OFFSET -2.978193 -2.132692 6.647581
BONES 1
BONE 8 1.000000

VERT 257
OFFSET -2.989183 -1.915086 5.767035
BONES 2
BONE 8 0.983770
BONE 9 0.016230

VERT 258
OFFSET -2.379711 -2.637768 6.646749
BONES 1
BONE 8 1.000000

VERT 259
OFFSET -2.999429 -2.178925 6.645845
BONES 1
BONE 8 1.000000

VERT 260
OFFSET -3.944722 -4.839334 15.166706
BONES 2
BONE 8 0.985615
BONE 7 0.014385

VERT 261
OFFSET -4.193255 -4.853243 15.811179
BONES 2
BONE 8 0.975299
BONE 7 0.024701

VERT 262
OFFSET -4.173741 -4.861742 15.111156
BONES 2
BONE 8 0.984661
BONE 7 0.015339

VERT 263
OFFSET -3.919101 -4.759012 15.738952
BONES 2
BONE 8 0.978638
BONE 7 0.021362

VERT 264
OFFSET -4.122197 -5.076693 15.475854
BONES 2
BONE 7 0.019904
BONE 8 0.980096

VERT 265
OFFSET -4.073116 -5.116590 15.550837
BONES 2
BONE 8 0.979555
BONE 7 0.020444

VERT 266
OFFSET -4.089011 -4.728358 15.858536
BONES 2
BONE 8 0.976184
BONE 7 0.023816

VERT 267
OFFSET -4.020622 -4.896824 15.368686
BONES 2
BONE 8 0.982102
BONE 7 0.017898

VERT 268
OFFSET -3.959687 -4.969582 15.464664
BONES 2
BONE 8 0.981659
BONE 7 0.018341

VERT 269
OFFSET -4.168832 -4.977821 15.436644
BONES 2
BONE 7 0.019450
BONE 8 0.980550

VERT 270
OFFSET -4.172544 -4.892712 15.472620
BONES 2
BONE 7 0.019857
BONE 8 0.980143

VERT 271
OFFSET -4.052896 -5.001830 15.230741
BONES 2
BONE 7 0.015833
BONE 8 0.984167

VERT 272
OFFSET -3.965959 -4.880253 15.476524
BONES 2
BONE 8 0.981459
BONE 7 0.018541

VERT 273
OFFSET -3.857765 -4.942885 14.541834
BONES 2
BONE 8 0.993010
BONE 7 0.006990

VERT 274
OFFSET -3.808849 -5.022252 14.263220
BONES 2
BONE 8 0.995501
BONE 7 0.004499

VERT 275
OFFSET -3.989763 -4.886992 15.403634
BONES 2
BONE 7 0.017610
BONE 8 0.982390

VERT 276
OFFSET -4.022887 -4.962382 14.171708
BONES 2
BONE 8 0.996049
BONE 7 0.003951

VERT 277
OFFSET -4.131355 -4.900812 15.281796
BONES 2
BONE 8 0.982969
BONE 7 0.017031

VERT 278
OFFSET -4.222712 -4.964404 14.422139
BONES 2
BONE 7 0.007392
BONE 8 0.992608

VERT 279
OFFSET -4.216655 -5.053145 14.217793
BONES 2
BONE 8 0.993999
BONE 7 0.006001

VERT 280
OFFSET -3.930282 -5.026392 14.501461
BONES 2
BONE 7 0.006732
BONE 8 0.993268

VERT 281
OFFSET -4.165764 -5.038503 14.404111
BONES 2
BONE 7 0.007553
BONE 8 0.992447

VERT 282
OFFSET -3.952065 -5.013315 14.292796
BONES 2
BONE 7 0.004930
BONE 8 0.995070

VERT 283
OFFSET 1.379932 -2.346956 1.696164
BONES 3
BONE 10 0.936429
BONE 9 0.063294
BONE 8 0.000277

VERT 284
OFFSET 1.399175 -3.579679 1.712875
BONES 3
BONE 10 0.948098
BONE 9 0.051822
BONE 8 0.000080

VERT 285
OFFSET 0.233039 -4.486696 0.593018
BONES 3
BONE 8 0.000027
BONE 9 0.355938
BONE 10 0.644035

VERT 286
OFFSET 0.042987 -1.521737 0.683888
BONES 3
BONE 9 0.520832
BONE 10 0.476659
BONE 8 0.002509

VERT 287
OFFSET -2.475462 -2.644757 5.134223
BONES 2
BONE 8 0.922511
BONE 9 0.077489

VERT 288
OFFSET -1.270761 -2.227762 2.546972
BONES 3
BONE 10 0.029448
BONE 9 0.859079
BONE 8 0.111473

VERT 289
OFFSET -1.161057 -3.837945 2.438669
BONES 3
BONE 10 0.043177
BONE 8 0.086022
BONE 9 0.870801

VERT 290
OFFSET 1.739428 -3.857920 0.527272
BONES 2
BONE 9 0.050054
BONE 10 0.949946

VERT 291
OFFSET 1.858786 -2.324621 0.820662
BONES 2
BONE 9 0.000426
BONE 10 0.999574

VERT 292
OFFSET -0.528185 -1.478027 -0.021782
BONES 2
BONE 9 0.597524
BONE 10 0.402476

VERT 293
OFFSET -3.762022 -3.818147 0.677041
BONES 3
BONE 8 0.002603
BONE 10 0.001479
BONE 9 0.995918

VERT 294
OFFSET -5.421597 -3.483130 0.074098
BONES 2
BONE 9 0.992485
BONE 8 0.007515

VERT 295
OFFSET -4.283628 -1.934753 0.296743
BONES 2
BONE 8 0.005811
BONE 9 0.994189

VERT 296
OFFSET -5.394728 -2.233246 1.567021
BONES 2
BONE 9 0.822685
BONE 8 0.177315

VERT 297
OFFSET -5.586712 -3.271578 1.599537
BONES 2
BONE 9 0.854479
BONE 8 0.145521

VERT 298
OFFSET -3.840714 -4.270241 2.486322
BONES 2
BONE 9 0.566603
BONE 8 0.433397

VERT 299
OFFSET -3.381969 -2.137102 1.138087
BONES 3
BONE 10 0.000303
BONE 8 0.033290
BONE 9 0.966407

VERT 300
OFFSET -4.765594 -2.239033 5.295876
BONES 2
BONE 9 0.044501
BONE 8 0.955499

VERT 301
OFFSET -5.192926 -3.152320 4.460630
BONES 2
BONE 8 0.915647
BONE 9 0.084353

VERT 302
OFFSET -6.298450 -3.006044 12.151444
BONES 2
BONE 8 0.996324
BONE 7 0.003676

VERT 303
OFFSET -4.709620 -1.381215 16.041981
BONES 2
BONE 7 0.031895
BONE 8 0.968105

VERT 304
OFFSET -2.189137 -2.498131 16.101946
BONES 2
BONE 8 0.976045
BONE 7 0.023955

VERT 305
OFFSET -6.189755 -2.949162 16.097202
BONES 2
BONE 7 0.043458
BONE 8 0.956542

VERT 306
OFFSET -3.585506 -1.647501 2.567809
BONES 2
BONE 8 0.403714
BONE 9 0.596286

VERT 307
OFFSET -5.622245 -4.628039 12.762777
BONES 2
BONE 8 0.997486
BONE 7 0.002514

VERT 308
OFFSET -5.573195 -4.397799 16.096432
BONES 2
BONE 8 0.963204
BONE 7 0.036796

VERT 309
