// Export time: Sat Nov 14 23:59:13 2020

// Exported using Blender v2.90.1
// Export filename: 'E:/blackops3/mod_xmodel/iw4/m1903/ch_body_gk_m1903_lod1.XMODEL_EXPORT'
// Source filename: 'E:/blackops3/mod_xmodel/iw4/m1903/m1903.blend'
MODEL
VERSION 6

NUMBONES 75
BONE 0 -1 "tag_origin"
BONE 1 0 "j_mainroot"
BONE 2 1 "j_hip_le"
BONE 3 2 "j_knee_le"
BONE 4 3 "j_ankle_le"
BONE 5 4 "j_ball_le"
BONE 6 2 "Sk_06_01"
BONE 7 1 "j_hip_ri"
BONE 8 7 "j_knee_ri"
BONE 9 8 "j_ankle_ri"
BONE 10 9 "j_ball_ri"
BONE 11 7 "Sk_02_01"
BONE 12 1 "j_spinelower"
BONE 13 12 "j_spineupper"
BONE 14 13 "j_spine4"
BONE 15 14 "j_clavicle_le"
BONE 16 15 "j_shoulder_le"
BONE 17 16 "j_elbow_le"
BONE 18 17 "j_wrist_le"
BONE 19 18 "j_index_le_1"
BONE 20 19 "j_index_le_2"
BONE 21 20 "j_index_le_3"
BONE 22 18 "j_mid_le_1"
BONE 23 22 "j_mid_le_2"
BONE 24 23 "j_mid_le_3"
BONE 25 18 "j_pinky_le_1"
BONE 26 25 "j_pinky_le_2"
BONE 27 26 "j_pinky_le_3"
BONE 28 18 "j_ring_le_1"
BONE 29 28 "j_ring_le_2"
BONE 30 29 "j_ring_le_3"
BONE 31 18 "j_thumb_le_1"
BONE 32 31 "j_thumb_le_2"
BONE 33 32 "j_thumb_le_3"
BONE 34 18 "j_wrist_le1"
BONE 35 34 "tag_weapon_left"
BONE 36 17 "j_wristtwist_le"
BONE 37 16 "j_shouldertwist_le"
BONE 38 37 "tag_reflector_arm_le"
BONE 39 14 "j_clavicle_ri"
BONE 40 39 "j_shoulder_ri"
BONE 41 40 "j_elbow_ri"
BONE 42 41 "j_wrist_ri"
BONE 43 42 "j_index_ri_1"
BONE 44 43 "j_index_ri_2"
BONE 45 44 "j_index_ri_3"
BONE 46 42 "j_mid_ri_1"
BONE 47 46 "j_mid_ri_2"
BONE 48 47 "j_mid_ri_3"
BONE 49 42 "j_pinky_ri_1"
BONE 50 49 "j_pinky_ri_2"
BONE 51 50 "j_pinky_ri_3"
BONE 52 42 "j_ring_ri_1"
BONE 53 52 "j_ring_ri_2"
BONE 54 53 "j_ring_ri_3"
BONE 55 42 "j_thumb_ri_1"
BONE 56 55 "j_thumb_ri_2"
BONE 57 56 "j_thumb_ri_3"
BONE 58 42 "j_wrist_ri1"
BONE 59 58 "tag_weapon_right"
BONE 60 58 "j_gun"
BONE 61 41 "j_wristtwist_ri"
BONE 62 40 "j_shouldertwist_ri"
BONE 63 62 "tag_reflector_arm_ri"
BONE 64 14 "j_neck"
BONE 65 64 "j_head"
BONE 66 14 "j_shoulderraise_le"
BONE 67 14 "j_shoulderraise_ri"
BONE 68 14 "tag_bipod"
BONE 69 14 "tag_inhand"
BONE 70 14 "tag_shield_back"
BONE 71 14 "tag_stowed_back"
BONE 72 14 "tag_weapon_chest"
BONE 73 1 "tag_stowed_hip_rear"
BONE 74 0 "tag_sync"

BONE 0
OFFSET 0.000000 0.000000 0.000000
SCALE 1.000000 1.000000 1.000000
X 1.000000 0.000000 0.000000
Y 0.000000 1.000000 0.000000
Z 0.000000 0.000000 1.000000

BONE 1
OFFSET -2.346863 -0.000107 38.428951
SCALE 1.000000 1.000000 1.000000
X -0.024738 -0.000056 0.999694
Y 0.999694 0.000059 0.024738
Z -0.000060 1.000000 0.000054

BONE 2
OFFSET -2.718215 3.093795 36.444893
SCALE 1.000000 1.000000 1.000000
X -0.017194 0.000119 -0.999852
Y 0.999842 -0.004519 -0.017194
Z -0.004521 -0.999990 -0.000041

BONE 3
OFFSET -3.012902 3.095757 19.309036
SCALE 1.000000 1.000000 1.000000
X -0.069216 0.000353 -0.997602
Y 0.997592 -0.004502 -0.069217
Z -0.004516 -0.999990 -0.000040

BONE 4
OFFSET -4.114133 3.101317 3.450468
SCALE 1.000000 1.000000 1.000000
X 0.007775 0.007022 -0.999945
Y 0.999749 -0.021051 0.007625
Z -0.020996 -0.999754 -0.007184

BONE 5
OFFSET 0.190039 3.089976 0.015500
SCALE 1.000000 1.000000 1.000000
X 0.983211 -0.021943 0.181149
Y -0.181262 -0.003261 0.983429
Z -0.020989 -0.999754 -0.007184

BONE 6
OFFSET -3.109057 5.898825 38.275928
SCALE 1.000000 1.000000 1.000000
X 0.221669 0.953992 0.201895
Y -0.068021 0.221670 -0.972747
Z -0.972747 0.201894 0.114029

BONE 7
OFFSET -2.718215 -3.092221 36.444893
SCALE 1.000000 1.000000 1.000000
X 0.017145 -0.000429 0.999867
Y -0.999853 -0.000209 0.017144
Z 0.000202 -1.000000 -0.000432

BONE 8
OFFSET -3.012930 -3.084932 19.307240
SCALE 1.000000 1.000000 1.000000
X 0.069184 0.001325 0.997617
Y -0.997604 -0.000231 0.069184
Z 0.000323 -0.999999 0.001306

BONE 9
OFFSET -4.113852 -3.106142 3.446944
SCALE 1.000000 1.000000 1.000000
X -0.007828 0.008338 0.999949
Y -0.999644 -0.025593 -0.007614
Z 0.025528 -0.999638 0.008535

BONE 10
OFFSET 0.189664 -3.079914 0.011344
SCALE 1.000000 1.000000 1.000000
X -0.983117 -0.026638 -0.181031
Y 0.181189 -0.003754 -0.983455
Z 0.025517 -0.999638 0.008517

BONE 11
OFFSET -3.109118 -5.895539 38.275055
SCALE 1.000000 1.000000 1.000000
X -0.222134 0.953798 -0.202303
Y -0.068015 -0.222136 -0.972654
Z -0.972641 -0.202297 0.114217

BONE 12
OFFSET -2.100000 0.000000 42.788147
SCALE 1.000000 1.000000 1.000000
X -0.029881 -0.000052 0.999554
Y 0.999553 0.000059 0.029881
Z -0.000060 1.000000 0.000051

BONE 13
OFFSET -2.494701 0.000207 46.434940
SCALE 1.000000 1.000000 1.000000
X 0.020432 -0.000061 0.999791
Y 0.999791 0.000062 -0.020432
Z -0.000060 1.000000 0.000062

BONE 14
OFFSET -2.727447 0.000018 49.512535
SCALE 1.000000 1.000000 1.000000
X 0.046982 -0.000059 0.998896
Y 0.998896 0.000063 -0.046982
Z -0.000060 1.000000 0.000062

BONE 15
OFFSET -2.965744 1.366340 52.683434
SCALE 1.000000 1.000000 1.000000
X 0.022162 0.997159 0.072329
Y -0.999643 0.021024 0.016469
Z 0.014901 -0.072701 0.997254

BONE 16
OFFSET -2.985278 4.084975 52.649712
SCALE 1.000000 1.000000 1.000000
X -0.008415 0.999919 -0.012059
Y -0.996268 -0.009416 -0.085798
Z -0.085901 0.011260 0.996249

BONE 17
OFFSET -3.398110 13.503413 52.651779
SCALE 1.000000 1.000000 1.000000
X -0.007285 0.999855 0.017002
Y -0.996346 -0.005807 -0.085214
Z -0.085100 -0.017593 0.996227

BONE 18
OFFSET -3.404678 22.065460 52.650215
SCALE 1.000000 1.000000 1.000000
X -0.096724 0.992603 -0.073767
Y -0.070524 -0.080733 -0.994245
Z -0.992809 -0.090969 0.077812

BONE 19
OFFSET -2.654922 24.114742 52.688610
SCALE 1.000000 1.000000 1.000000
X 0.084873 0.992745 -0.085508
Y -0.215537 -0.065464 -0.974306
Z -0.972800 0.101118 0.208410

BONE 20
OFFSET -2.558716 25.239780 52.591511
SCALE 1.000000 1.000000 1.000000
X 0.085336 0.992838 -0.083964
Y -0.215418 -0.063863 -0.974439
Z -0.972786 0.101237 0.208418

BONE 21
OFFSET -2.494331 25.989620 52.527996
SCALE 1.000000 1.000000 1.000000
X 0.090521 0.994070 -0.060733
Y -0.213314 -0.040184 -0.976165
Z -0.972781 0.101314 0.208405

BONE 22
OFFSET -3.209497 24.206203 52.781036
SCALE 1.000000 1.000000 1.000000
X -0.000287 0.996396 -0.085171
Y -0.052149 -0.085040 -0.995019
Z -0.998639 0.004155 0.051984

BONE 23
OFFSET -3.209808 25.448566 52.674721
SCALE 1.000000 1.000000 1.000000
X -0.000184 0.996424 -0.084845
Y -0.052082 -0.084709 -0.995050
Z -0.998643 0.004235 0.051910

BONE 24
OFFSET -3.210082 26.276333 52.604206
SCALE 1.000000 1.000000 1.000000
X -0.001182 0.994573 -0.104327
Y -0.051988 -0.104217 -0.993201
Z -0.998647 0.004249 0.051828

BONE 25
OFFSET -4.202634 23.776260 52.454624
SCALE 1.000000 1.000000 1.000000
X -0.136061 0.987138 -0.084291
Y -0.032071 -0.089397 -0.995486
Z -0.990181 -0.132746 0.043825

BONE 26
OFFSET -4.343980 24.801832 52.366909
SCALE 1.000000 1.000000 1.000000
X -0.135948 0.987081 -0.085126
Y -0.031877 -0.090208 -0.995419
Z -0.990203 -0.132615 0.043733

BONE 27
OFFSET -4.420859 25.359440 52.318790
SCALE 1.000000 1.000000 1.000000
X -0.135937 0.986977 -0.086344
Y -0.031581 -0.091396 -0.995320
Z -0.990214 -0.132577 0.043598

BONE 28
OFFSET -3.733671 24.038116 52.676685
SCALE 1.000000 1.000000 1.000000
X -0.068777 0.994046 -0.084862
Y 0.010183 -0.084330 -0.996393
Z -0.997580 -0.069394 -0.004320

BONE 29
OFFSET -3.815484 25.220701 52.575512
SCALE 1.000000 1.000000 1.000000
X -0.068690 0.994080 -0.084535
Y 0.010291 -0.083995 -0.996420
Z -0.997585 -0.069315 -0.004458

BONE 30
OFFSET -3.870088 26.009319 52.508461
SCALE 1.000000 1.000000 1.000000
X -0.068484 0.992682 -0.099764
Y 0.011376 -0.099185 -0.995010
Z -0.997587 -0.069277 -0.004498

BONE 31
OFFSET -2.555189 22.154358 52.310467
SCALE 1.000000 1.000000 1.000000
X 0.565000 0.812892 -0.141509
Y -0.815843 0.576010 0.051273
Z 0.123186 0.086450 0.988618

BONE 32
OFFSET -1.858636 23.157120 52.135895
SCALE 1.000000 1.000000 1.000000
X 0.565136 0.813077 -0.139892
Y -0.815883 0.575949 0.051319
Z 0.122293 0.085103 0.988845

BONE 33
OFFSET -1.348101 23.892056 52.009468
SCALE 1.000000 1.000000 1.000000
X 0.644421 0.758480 -0.097286
Y -0.759111 0.649867 0.038000
Z 0.092042 0.049332 0.994540

BONE 34
OFFSET 0.344573 20.861858 51.112507
SCALE 1.000000 1.000000 1.000000
X -0.096716 0.992602 -0.073789
Y -0.070527 -0.080754 -0.994243
Z -0.992810 -0.090958 0.077817

BONE 35
OFFSET 12.277948 14.986686 28.157677
SCALE 1.000000 1.000000 1.000000
X 0.540272 0.841456 0.009709
Y -0.500807 0.312228 0.807284
Z 0.676238 -0.441043 0.590099

BONE 36
OFFSET -3.402682 19.558769 52.650475
SCALE 1.000000 1.000000 1.000000
X -0.007285 0.999855 0.017007
Y -0.996351 -0.005808 -0.085158
Z -0.085044 -0.017597 0.996232

BONE 37
OFFSET -2.988355 4.456234 52.645252
SCALE 1.000000 1.000000 1.000000
X -0.008436 0.999921 -0.011935
Y -0.996263 -0.009427 -0.085859
Z -0.085961 0.011135 0.996245

BONE 38
OFFSET -2.856938 5.111897 54.382824
SCALE 1.000000 1.000000 1.000000
X 0.038298 -0.292805 0.955426
Y -0.939645 -0.335878 -0.065256
Z 0.340002 -0.895268 -0.287962

BONE 39
OFFSET -2.967867 -1.365168 52.683434
SCALE 1.000000 1.000000 1.000000
X -0.019467 0.997197 -0.072240
Y 0.999656 0.018143 -0.018946
Z -0.017583 -0.072584 -0.997207

BONE 40
OFFSET -2.985279 -4.081765 52.649719
SCALE 1.000000 1.000000 1.000000
X 0.006738 0.999898 0.012613
Y 0.996464 -0.007770 0.083663
Z 0.083753 0.012005 -0.996414

BONE 41
OFFSET -3.383645 -13.501078 52.647427
SCALE 1.000000 1.000000 1.000000
X 0.006919 0.999819 -0.017707
Y 0.996549 -0.005429 0.082827
Z 0.082716 -0.018219 -0.996407

BONE 42
OFFSET -3.387484 -22.066414 52.652622
SCALE 1.000000 1.000000 1.000000
X 0.052844 0.989418 0.135128
Y -0.083592 -0.130460 0.987924
Z 0.995098 -0.063501 0.075813

BONE 43
OFFSET -2.638906 -24.114202 52.688587
SCALE 1.000000 1.000000 1.000000
X -0.085065 0.992785 0.084513
Y 0.055536 -0.079964 0.995250
Z 0.994827 0.089355 -0.048333

BONE 44
OFFSET -2.542470 -25.240316 52.592617
SCALE 1.000000 1.000000 1.000000
X -0.084994 0.992615 0.086553
Y 0.055720 -0.081996 0.995074
Z 0.994822 0.089398 -0.048340

BONE 45
OFFSET -2.478182 -25.990534 52.527309
SCALE 1.000000 1.000000 1.000000
X -0.084245 0.991423 0.099921
Y 0.056880 -0.095329 0.993820
Z 0.994820 0.089408 -0.048361

BONE 46
OFFSET -3.193481 -24.205664 52.781013
SCALE 1.000000 1.000000 1.000000
X 0.000133 0.996357 0.085285
Y -0.103424 -0.084814 0.991015
Z 0.994638 -0.008953 0.103035

BONE 47
OFFSET -3.193719 -25.449183 52.674633
SCALE 1.000000 1.000000 1.000000
X 0.000126 0.996384 0.084970
Y -0.103381 -0.084502 0.991046
Z 0.994642 -0.008909 0.102997

BONE 48
OFFSET -3.193786 -26.278275 52.603958
SCALE 1.000000 1.000000 1.000000
X -0.009235 0.984649 0.174305
Y -0.103012 -0.174322 0.979286
Z 0.994637 -0.008912 0.103040

BONE 49
OFFSET -4.186614 -23.775724 52.454556
SCALE 1.000000 1.000000 1.000000
X 0.136069 0.987081 0.084598
Y -0.120982 -0.068197 0.990309
Z 0.983285 -0.144986 0.110140

BONE 50
OFFSET -4.328020 -24.801796 52.366665
SCALE 1.000000 1.000000 1.000000
X 0.136351 0.987037 0.084651
Y -0.120298 -0.068320 0.990384
Z 0.983330 -0.145223 0.109423

BONE 51
OFFSET -4.405296 -25.360552 52.318806
SCALE 1.000000 1.000000 1.000000
X 0.183981 0.977089 0.106997
Y -0.122632 -0.085187 0.988790
Z 0.975250 -0.195040 0.104149

BONE 52
OFFSET -3.717655 -24.037563 52.676758
SCALE 1.000000 1.000000 1.000000
X 0.068165 0.994039 0.085087
Y -0.162280 -0.073102 0.984033
Z 0.984388 -0.080885 0.156330

BONE 53
OFFSET -3.798863 -25.220037 52.575554
SCALE 1.000000 1.000000 1.000000
X 0.068147 0.994064 0.084807
Y -0.162212 -0.072834 0.984065
Z 0.984400 -0.080818 0.156285

BONE 54
OFFSET -3.852754 -26.007301 52.508362
SCALE 1.000000 1.000000 1.000000
X 0.057399 0.987200 0.148803
Y -0.166319 -0.137510 0.976437
Z 0.984400 -0.080796 0.156297

BONE 55
OFFSET -2.539160 -22.153818 52.310520
SCALE 1.000000 1.000000 1.000000
X -0.566119 0.812219 0.140746
Y 0.823272 0.548474 0.146285
Z 0.041620 0.198687 -0.979179

BONE 56
OFFSET -1.841968 -23.154476 52.137012
SCALE 1.000000 1.000000 1.000000
X -0.564705 0.813473 0.139178
Y 0.824189 0.547149 0.146088
Z 0.042688 0.197205 -0.979432

BONE 57
OFFSET -1.330446 -23.891459 52.010921
SCALE 1.000000 1.000000 1.000000
X -0.528999 0.836090 0.145306
Y 0.847546 0.511906 0.140064
Z 0.042723 0.197248 -0.979422

BONE 58
OFFSET -7.293341 -23.435869 53.520134
SCALE 1.000000 1.000000 1.000000
X 0.052841 0.989416 0.135145
Y -0.083585 -0.130477 0.987922
Z 0.995099 -0.063498 0.075806

BONE 59
OFFSET -11.591999 -27.755701 55.446827
SCALE 1.000000 1.000000 1.000000
X 0.558073 -0.828030 0.054042
Y 0.583884 0.345579 -0.734612
Z 0.589605 0.441522 0.676332

BONE 60
OFFSET -11.591997 -27.755701 55.446827
SCALE 1.000000 1.000000 1.000000
X 0.557804 -0.828165 0.054757
Y 0.611355 0.365361 -0.701967
Z 0.561338 0.425035 0.710103

BONE 61
OFFSET -3.386369 -19.558752 52.651127
SCALE 1.000000 1.000000 1.000000
X 0.006898 0.999819 -0.017715
Y 0.996551 -0.005408 0.082807
Z 0.082696 -0.018225 -0.996408

BONE 62
OFFSET -2.987544 -4.415950 52.645512
SCALE 1.000000 1.000000 1.000000
X 0.006740 0.999898 0.012605
Y 0.996464 -0.007771 0.083663
Z 0.083753 0.011997 -0.996414

BONE 63
OFFSET -2.850861 -5.072807 54.382202
SCALE 1.000000 1.000000 1.000000
X -0.043086 0.244442 0.968706
Y 0.926068 -0.354060 0.130533
Z 0.374888 0.902712 -0.211115

BONE 64
OFFSET -2.724489 0.000000 54.036266
SCALE 1.000000 1.000000 1.000000
X 0.309745 -0.000044 0.950820
Y 0.950819 0.000075 -0.309746
Z -0.000058 1.000000 0.000065

BONE 65
OFFSET -2.724488 0.000000 56.457703
SCALE 1.000000 1.000000 1.000000
X 0.216392 -0.000042 0.976307
Y 0.976307 0.000072 -0.216392
Z -0.000061 1.000000 0.000057

BONE 66
OFFSET -2.587350 3.841572 56.290615
SCALE 1.000000 1.000000 1.000000
X -0.019312 -0.997191 -0.072367
Y 0.999659 -0.017987 -0.018912
Z 0.017557 -0.072708 0.997199

BONE 67
OFFSET -2.586884 -3.842283 56.290295
SCALE 1.000000 1.000000 1.000000
X 0.022396 -0.997118 0.071701
Y -0.999638 -0.021264 0.016487
Z -0.014915 -0.071968 -0.997268

BONE 68
OFFSET 15.878061 -27.219006 30.054499
SCALE 1.000000 1.000000 1.000000
X 1.000000 -0.000093 0.000093
Y 0.000093 1.000000 0.000046
Z -0.000093 -0.000046 1.000000

BONE 69
OFFSET 10.427056 -27.219912 37.271156
SCALE 1.000000 1.000000 1.000000
X -0.000158 1.000000 0.000197
Y 0.764297 0.000248 -0.644865
Z -0.644865 0.000049 -0.764297

BONE 70
OFFSET -10.766580 0.764320 49.891705
SCALE 1.000000 1.000000 1.000000
X -0.989755 -0.000181 0.142776
Y 0.000183 -1.000000 0.000000
Z 0.142776 0.000026 0.989755

BONE 71
OFFSET -9.003280 -4.387926 47.864723
SCALE 1.000000 1.000000 1.000000
X -0.006993 0.025921 -0.999640
Y -0.984167 -0.177227 0.002289
Z -0.177105 0.983831 0.026749

BONE 72
OFFSET 10.427054 -27.219912 37.271160
SCALE 1.000000 1.000000 1.000000
X 1.000000 -0.000018 0.000093
Y 0.000018 1.000000 -0.000002
Z -0.000093 0.000002 1.000000

BONE 73
OFFSET -8.981588 -2.502437 35.309124
SCALE 1.000000 1.000000 1.000000
X -0.188132 0.137938 0.972409
Y 0.149140 -0.974594 0.167102
Z 0.970754 0.176463 0.162780

BONE 74
OFFSET -0.002176 -0.000000 -0.000000
SCALE 1.000000 1.000000 1.000000
X -1.000000 0.000000 0.000000
Y 0.000000 -1.000000 0.000000
Z 0.000000 0.000000 1.000000


NUMVERTS 5023
VERT 0
OFFSET -7.007951 1.451752 42.559292
BONES 1
BONE 12 1.000000

VERT 1
OFFSET -6.758014 1.365517 42.408646
BONES 1
BONE 12 1.000000

VERT 2
OFFSET -7.126109 0.414403 43.544456
BONES 1
BONE 12 1.000000

VERT 3
OFFSET -6.697250 0.314539 43.239548
BONES 1
BONE 12 1.000000

VERT 4
OFFSET -6.922592 -0.488682 44.471375
BONES 1
BONE 12 1.000000

VERT 5
OFFSET -6.376472 -0.856091 44.274689
BONES 1
BONE 12 1.000000

VERT 6
OFFSET -6.411631 -0.982622 45.086449
BONES 1
BONE 12 1.000000

VERT 7
OFFSET -6.425543 -0.450291 44.016224
BONES 1
BONE 12 1.000000

VERT 8
OFFSET -6.575296 2.637546 41.654251
BONES 1
BONE 12 1.000000

VERT 9
OFFSET -7.065166 1.734929 42.870766
BONES 1
BONE 12 1.000000

VERT 10
OFFSET -6.906484 1.593567 42.740574
BONES 1
BONE 12 1.000000

VERT 11
OFFSET -7.224547 0.864751 44.047382
BONES 1
BONE 12 1.000000

VERT 12
OFFSET -6.961062 0.712922 43.754662
BONES 1
BONE 12 1.000000

VERT 13
OFFSET -7.049365 0.079494 45.104080
BONES 1
BONE 12 1.000000

VERT 14
OFFSET -6.763538 -0.088504 44.699833
BONES 1
BONE 12 1.000000

VERT 15
OFFSET -6.569814 -0.376956 45.757595
BONES 1
BONE 12 1.000000

VERT 16
OFFSET -6.574519 2.636321 41.655769
BONES 1
BONE 12 1.000000

VERT 17
OFFSET -6.894617 1.912685 43.000935
BONES 1
BONE 12 1.000000

VERT 18
OFFSET -6.974856 1.189684 44.253567
BONES 1
BONE 12 1.000000

VERT 19
OFFSET -6.820089 0.541678 45.284836
BONES 1
BONE 12 1.000000

VERT 20
OFFSET -6.437737 0.148284 45.894592
BONES 1
BONE 12 1.000000

VERT 21
OFFSET -6.767894 0.669605 44.971294
BONES 1
BONE 12 1.000000

VERT 22
OFFSET -6.745179 1.282930 43.113506
BONES 1
BONE 12 1.000000

VERT 23
OFFSET -6.026052 -0.003122 46.070084
BONES 1
BONE 12 1.000000

VERT 24
OFFSET -5.346307 -0.711636 45.680382
BONES 1
BONE 12 1.000000

VERT 25
OFFSET -5.267593 -0.246875 46.583973
BONES 1
BONE 12 1.000000

VERT 26
OFFSET -5.577690 -0.325012 46.670242
BONES 1
BONE 12 1.000000

VERT 27
OFFSET -4.175903 -0.840989 46.057659
BONES 1
BONE 12 1.000000

VERT 28
OFFSET -4.253755 -0.256656 46.884502
BONES 1
BONE 12 1.000000

VERT 29
OFFSET -5.961350 -0.649225 46.206219
BONES 1
BONE 12 1.000000

VERT 30
OFFSET -6.324903 -0.523507 45.277721
BONES 1
BONE 12 1.000000

VERT 31
OFFSET -5.334888 -0.966596 45.972229
BONES 1
BONE 12 1.000000

VERT 32
OFFSET -5.798256 -1.273708 45.514198
BONES 1
BONE 12 1.000000

VERT 33
OFFSET -5.050459 -0.846458 46.592381
BONES 1
BONE 12 1.000000

VERT 34
OFFSET -4.501081 -1.060793 46.242458
BONES 1
BONE 12 1.000000

VERT 35
OFFSET -4.892262 -1.456522 45.916016
BONES 1
BONE 12 1.000000

VERT 36
OFFSET -5.244439 -1.609417 45.246124
BONES 1
BONE 12 1.000000

VERT 37
OFFSET -4.596885 -1.559482 45.340305
BONES 1
BONE 12 1.000000

VERT 38
OFFSET -5.735870 -1.147764 44.786915
BONES 1
BONE 12 1.000000

VERT 39
OFFSET -3.724823 -1.401014 46.005997
BONES 1
BONE 12 1.000000

VERT 40
OFFSET -4.328021 -1.732658 45.506859
BONES 1
BONE 12 1.000000

VERT 41
OFFSET -3.790578 -0.986325 46.297321
BONES 1
BONE 12 1.000000

VERT 42
OFFSET -3.339628 -1.608225 45.543755
BONES 1
BONE 12 1.000000

VERT 43
OFFSET -2.972967 -1.112811 45.840225
BONES 1
BONE 12 1.000000

VERT 44
OFFSET -2.182564 -1.104540 45.275089
BONES 1
BONE 12 1.000000

VERT 45
OFFSET -3.144562 -0.447973 46.576618
BONES 1
BONE 12 1.000000

VERT 46
OFFSET -3.901170 -0.725793 46.754234
BONES 1
BONE 12 1.000000

VERT 47
OFFSET -3.276352 -1.449459 45.399323
BONES 1
BONE 12 1.000000

VERT 48
OFFSET -1.871142 -0.804733 45.019936
BONES 1
BONE 12 1.000000

VERT 49
OFFSET -3.082059 -0.582132 45.978786
BONES 1
BONE 12 1.000000

VERT 50
OFFSET -1.236049 -0.476789 44.848125
BONES 1
BONE 12 1.000000

VERT 51
OFFSET -1.304749 0.231972 45.405724
BONES 1
BONE 12 1.000000

VERT 52
OFFSET -0.699966 0.217885 44.237061
BONES 1
BONE 12 1.000000

VERT 53
OFFSET -0.373275 0.490908 44.035244
BONES 1
BONE 12 1.000000

VERT 54
OFFSET 0.082878 1.997672 43.680305
BONES 1
BONE 12 1.000000

VERT 55
OFFSET 0.251636 1.443422 43.080677
BONES 1
BONE 12 1.000000

VERT 56
OFFSET 0.117633 1.455943 43.025215
BONES 1
BONE 12 1.000000

VERT 57
OFFSET 0.634868 2.798592 41.626171
BONES 1
BONE 12 1.000000

VERT 58
OFFSET 0.440057 3.333849 42.238602
BONES 1
BONE 12 1.000000

VERT 59
OFFSET 0.485767 2.766746 41.623154
BONES 1
BONE 12 1.000000

VERT 60
OFFSET 0.508886 3.722722 40.483440
BONES 1
BONE 12 1.000000

VERT 61
OFFSET 0.212983 3.284751 42.249645
BONES 1
BONE 12 1.000000

VERT 62
OFFSET 0.193589 4.413186 39.535519
BONES 1
BONE 12 1.000000

VERT 63
OFFSET 0.232595 4.110358 39.906300
BONES 1
BONE 12 1.000000

VERT 64
OFFSET -0.369378 5.918146 40.627308
BONES 1
BONE 12 1.000000

VERT 65
OFFSET -0.562920 5.317385 39.036533
BONES 1
BONE 12 1.000000

VERT 66
OFFSET -0.809377 5.168528 38.373123
BONES 1
BONE 12 1.000000

VERT 67
OFFSET -0.798501 5.007186 38.582359
BONES 1
BONE 12 1.000000

VERT 68
OFFSET -0.613726 5.336099 39.766190
BONES 1
BONE 12 1.000000

VERT 69
OFFSET 0.074796 4.388087 40.974525
BONES 1
BONE 12 1.000000

VERT 70
OFFSET -1.082048 5.655571 38.540787
BONES 1
BONE 12 1.000000

VERT 71
OFFSET -1.660836 5.388212 37.973717
BONES 1
BONE 12 1.000000

VERT 72
OFFSET -2.135644 5.876114 38.158649
BONES 1
BONE 12 1.000000

VERT 73
OFFSET -1.992212 5.293827 38.062561
BONES 1
BONE 12 1.000000

VERT 74
OFFSET -2.616849 5.397014 37.833687
BONES 1
BONE 12 1.000000

VERT 75
OFFSET -1.836884 6.052069 38.717804
BONES 1
BONE 12 1.000000

VERT 76
OFFSET -1.205425 5.916409 38.994884
BONES 1
BONE 12 1.000000

VERT 77
OFFSET -1.258312 6.330990 39.288826
BONES 1
BONE 12 1.000000

VERT 78
OFFSET -2.296593 6.486527 38.834206
BONES 1
BONE 12 1.000000

VERT 79
OFFSET -0.738032 5.982559 39.771812
BONES 1
BONE 12 1.000000

VERT 80
OFFSET -2.959300 6.682551 39.257812
BONES 1
BONE 12 1.000000

VERT 81
OFFSET -3.325413 6.386955 38.762791
BONES 1
BONE 12 1.000000

VERT 82
OFFSET -2.710223 6.033690 38.568081
BONES 1
BONE 12 1.000000

VERT 83
OFFSET -4.550417 6.045320 39.564564
BONES 1
BONE 12 1.000000

VERT 84
OFFSET -2.329918 6.588571 39.496674
BONES 1
BONE 12 1.000000

VERT 85
OFFSET -3.667855 6.277646 39.415817
BONES 1
BONE 12 1.000000

VERT 86
OFFSET -3.162388 5.762293 38.070961
BONES 1
BONE 12 1.000000

VERT 87
OFFSET -3.998612 5.685963 38.708870
BONES 1
BONE 12 1.000000

VERT 88
OFFSET -4.122795 6.154644 38.847984
BONES 1
BONE 12 1.000000

VERT 89
OFFSET -4.745153 5.299005 39.000534
BONES 1
BONE 12 1.000000

VERT 90
OFFSET -3.964684 5.548820 38.177002
BONES 1
BONE 12 1.000000

VERT 91
OFFSET -3.839075 5.011818 38.103821
BONES 1
BONE 12 1.000000

VERT 92
OFFSET -4.549493 4.662747 38.449646
BONES 1
BONE 12 1.000000

VERT 93
OFFSET -4.811089 5.147328 38.509197
BONES 1
BONE 12 1.000000

VERT 94
OFFSET -5.528817 4.535910 39.710430
BONES 1
BONE 12 1.000000

VERT 95
OFFSET -5.290284 4.043104 39.284992
BONES 1
BONE 12 1.000000

VERT 96
OFFSET -5.632909 4.400093 39.328106
BONES 1
BONE 12 1.000000

VERT 97
OFFSET -6.139538 3.662181 40.579308
BONES 1
BONE 12 1.000000

VERT 98
OFFSET -6.031835 3.338012 40.353638
BONES 1
BONE 12 1.000000

VERT 99
OFFSET -6.235242 3.535499 40.381992
BONES 1
BONE 12 1.000000

VERT 100
OFFSET -6.574645 2.637750 41.651417
BONES 1
BONE 12 1.000000

VERT 101
OFFSET -6.293979 3.815704 40.697300
BONES 1
BONE 12 1.000000

VERT 102
OFFSET -5.731829 4.849137 39.832413
BONES 1
BONE 12 1.000000

VERT 103
OFFSET -4.938814 5.712933 39.144623
BONES 1
BONE 12 1.000000

VERT 104
OFFSET -5.562219 4.960355 40.264675
BONES 1
BONE 12 1.000000

VERT 105
OFFSET -6.165325 3.880659 40.945206
BONES 1
BONE 12 1.000000

VERT 106
OFFSET -4.959021 5.513659 39.839329
BONES 1
BONE 12 1.000000

VERT 107
OFFSET -3.976293 5.455463 38.973133
BONES 1
BONE 12 1.000000

VERT 108
OFFSET -5.758519 3.945607 40.331528
BONES 1
BONE 12 1.000000

VERT 109
OFFSET 0.132630 5.221090 41.416935
BONES 1
BONE 12 1.000000

VERT 110
OFFSET -0.255957 5.560720 41.026779
BONES 1
BONE 12 1.000000

VERT 111
OFFSET 0.094456 4.787724 41.868164
BONES 1
BONE 12 1.000000

VERT 112
OFFSET 0.348520 3.896051 42.840950
BONES 1
BONE 12 1.000000

VERT 113
OFFSET 0.197213 3.873476 42.846733
BONES 1
BONE 12 1.000000

VERT 114
OFFSET -0.035277 2.544097 44.298740
BONES 1
BONE 12 1.000000

VERT 115
OFFSET -0.172236 2.570782 44.256802
BONES 1
BONE 12 1.000000

VERT 116
OFFSET -0.009731 2.342260 43.272316
BONES 1
BONE 12 1.000000

VERT 117
OFFSET -0.485451 1.416004 44.227009
BONES 1
BONE 12 1.000000

VERT 118
OFFSET -0.897159 1.274903 45.591751
BONES 1
BONE 12 1.000000

VERT 119
OFFSET -0.761141 1.646578 45.190189
BONES 1
BONE 12 1.000000

VERT 120
OFFSET -1.622489 0.823330 46.058899
BONES 1
BONE 12 1.000000

VERT 121
OFFSET -1.199258 0.588659 45.023090
BONES 1
BONE 12 1.000000

VERT 122
OFFSET -2.156942 0.340561 46.556961
BONES 1
BONE 12 1.000000

VERT 123
OFFSET -2.038188 -0.079466 45.614235
BONES 1
BONE 12 1.000000

VERT 124
OFFSET -2.964047 0.105381 46.731003
BONES 1
BONE 12 1.000000

VERT 125
OFFSET -3.702800 -0.261862 47.040634
BONES 1
BONE 12 1.000000

VERT 126
OFFSET -4.676821 -0.397133 46.986816
BONES 1
BONE 12 1.000000

VERT 127
OFFSET -1.151936 6.513413 39.875027
BONES 1
BONE 12 1.000000

VERT 128
OFFSET -1.145982 6.335820 40.052811
BONES 1
BONE 12 1.000000

VERT 129
OFFSET -2.009472 6.724128 39.453270
BONES 1
BONE 12 1.000000

VERT 130
OFFSET -1.680309 5.808599 39.023720
BONES 1
BONE 12 1.000000

VERT 131
OFFSET -6.512486 0.120638 44.509270
BONES 1
BONE 12 1.000000

VERT 132
OFFSET -6.133811 -0.303600 45.065514
BONES 1
BONE 12 1.000000

VERT 133
OFFSET -2.907274 5.787908 38.808395
BONES 1
BONE 12 1.000000

VERT 134
OFFSET -3.372044 5.131440 38.147804
BONES 1
BONE 12 1.000000

VERT 135
OFFSET -4.520126 4.635737 38.635845
BONES 1
BONE 12 1.000000

VERT 136
OFFSET -4.657369 5.072416 39.270905
BONES 1
BONE 12 1.000000

VERT 137
OFFSET -6.572957 2.641170 41.649517
BONES 1
BONE 12 1.000000

VERT 138
OFFSET -6.576922 2.634450 41.650635
BONES 1
BONE 12 1.000000

VERT 139
OFFSET -6.578902 2.633175 41.665115
BONES 1
BONE 12 1.000000

VERT 140
OFFSET -6.571860 2.640316 41.643135
BONES 1
BONE 12 1.000000

VERT 141
OFFSET -6.576660 2.646246 41.658161
BONES 1
BONE 12 1.000000

VERT 142
OFFSET -6.579517 2.631897 41.655895
BONES 1
BONE 12 1.000000

VERT 143
OFFSET -6.575476 2.637260 41.654079
BONES 1
BONE 12 1.000000

VERT 144
OFFSET -6.594652 2.598555 41.677620
BONES 1
BONE 12 1.000000

VERT 145
OFFSET -6.573344 2.636856 41.654404
BONES 1
BONE 12 1.000000

VERT 146
OFFSET -6.574490 2.636148 41.651283
BONES 1
BONE 12 1.000000

VERT 147
OFFSET -6.574770 2.638209 41.652962
BONES 1
BONE 12 1.000000

VERT 148
OFFSET -6.573827 2.675441 41.625828
BONES 1
BONE 12 1.000000

VERT 149
OFFSET -6.572735 2.638319 41.651821
BONES 1
BONE 12 1.000000

VERT 150
OFFSET -6.574062 2.638487 41.653763
BONES 1
BONE 12 1.000000

VERT 151
OFFSET -5.867570 -1.223004 45.465889
BONES 1
BONE 12 1.000000

VERT 152
OFFSET -5.666604 -1.168063 45.202393
BONES 1
BONE 12 1.000000

VERT 153
OFFSET -5.616432 -2.352379 45.303036
BONES 1
BONE 12 1.000000

VERT 154
OFFSET -5.290796 -2.202169 44.862389
BONES 1
BONE 12 1.000000

VERT 155
OFFSET -5.024100 -3.325103 45.115341
BONES 1
BONE 12 1.000000

VERT 156
OFFSET -4.798519 -3.105343 44.575912
BONES 1
BONE 12 1.000000

VERT 157
OFFSET -4.204349 -3.852377 44.965279
BONES 1
BONE 12 1.000000

VERT 158
OFFSET -4.506498 -3.192969 44.603035
BONES 1
BONE 12 1.000000

VERT 159
OFFSET -5.719563 0.000844 45.715656
BONES 1
BONE 12 1.000000

VERT 160
OFFSET -5.763640 -1.219410 45.946281
BONES 1
BONE 12 1.000000

VERT 161
OFFSET -5.658744 -1.214685 45.684071
BONES 1
BONE 12 1.000000

VERT 162
OFFSET -5.455890 -2.351570 46.074642
BONES 1
BONE 12 1.000000

VERT 163
OFFSET -5.311275 -2.255965 45.656731
BONES 1
BONE 12 1.000000

VERT 164
OFFSET -4.825274 -3.323555 46.088364
BONES 1
BONE 12 1.000000

VERT 165
OFFSET -4.709301 -3.178259 45.571182
BONES 1
BONE 12 1.000000

VERT 166
OFFSET -4.019616 -3.852472 46.007298
BONES 1
BONE 12 1.000000

VERT 167
OFFSET -5.718064 -0.000533 45.715469
BONES 1
BONE 12 1.000000

VERT 168
OFFSET -5.498037 -1.156473 46.138477
BONES 1
BONE 12 1.000000

VERT 169
OFFSET -5.056332 -2.224916 46.422089
BONES 1
BONE 12 1.000000

VERT 170
OFFSET -4.200263 -3.347011 46.548485
BONES 1
BONE 12 1.000000

VERT 171
OFFSET -4.542914 -2.846708 46.413708
BONES 1
BONE 12 1.000000

VERT 172
OFFSET -5.335575 -1.542501 45.631554
BONES 1
BONE 12 1.000000

VERT 173
OFFSET -4.503088 -2.921037 45.539486
BONES 1
BONE 12 1.000000

VERT 174
OFFSET -3.256545 -3.699916 46.382835
BONES 1
BONE 12 1.000000

VERT 175
OFFSET -2.733047 -3.828671 45.290291
BONES 1
BONE 12 1.000000

VERT 176
OFFSET -2.171929 -3.997715 46.298271
BONES 1
BONE 12 1.000000

VERT 177
OFFSET -2.506174 -4.129279 46.390774
BONES 1
BONE 12 1.000000

VERT 178
OFFSET -1.230978 -3.924278 45.077080
BONES 1
BONE 12 1.000000

VERT 179
OFFSET -0.891138 -4.003518 46.186859
BONES 1
BONE 12 1.000000

VERT 180
OFFSET -3.152400 -4.149868 45.900711
BONES 1
BONE 12 1.000000

VERT 181
OFFSET -3.983034 -3.662479 45.467999
BONES 1
BONE 12 1.000000

VERT 182
OFFSET -2.598759 -4.126544 45.271366
BONES 1
BONE 12 1.000000

VERT 183
OFFSET -3.342881 -4.149761 44.826317
BONES 1
BONE 12 1.000000

VERT 184
OFFSET -1.974223 -4.327193 45.720684
BONES 1
BONE 12 1.000000

VERT 185
OFFSET -0.994730 -4.159802 45.043484
BONES 1
BONE 12 1.000000

VERT 186
OFFSET -2.160520 -4.327078 44.670929
BONES 1
BONE 12 1.000000

VERT 187
OFFSET -2.898813 -4.128853 44.181450
BONES 1
BONE 12 1.000000

VERT 188
OFFSET -2.938491 -3.942189 44.260010
BONES 1
BONE 12 1.000000

VERT 189
OFFSET -4.140779 -3.589092 44.413197
BONES 1
BONE 12 1.000000

VERT 190
OFFSET -0.812801 -4.166162 44.422276
BONES 1
BONE 12 1.000000

VERT 191
OFFSET -1.743929 -4.201911 43.972179
BONES 1
BONE 12 1.000000

VERT 192
OFFSET -1.291256 -4.003234 43.927734
BONES 1
BONE 12 1.000000

VERT 193
OFFSET -0.596203 -3.993384 43.797432
BONES 1
BONE 12 1.000000

VERT 194
OFFSET -0.031269 -3.800418 44.321297
BONES 1
BONE 12 1.000000

VERT 195
OFFSET 0.584316 -3.395066 43.686382
BONES 1
BONE 12 1.000000

VERT 196
OFFSET 0.501338 -3.701072 45.993675
BONES 1
BONE 12 1.000000

VERT 197
OFFSET -0.606845 -4.166279 45.583969
BONES 1
BONE 12 1.000000

VERT 198
OFFSET 0.115808 -3.506124 43.726940
BONES 1
BONE 12 1.000000

VERT 199
OFFSET -0.047203 -3.570355 44.909031
BONES 1
BONE 12 1.000000

VERT 200
OFFSET 1.001553 -2.917617 44.760166
BONES 1
BONE 12 1.000000

VERT 201
OFFSET 1.370531 -2.540575 43.643677
BONES 1
BONE 12 1.000000

VERT 202
OFFSET 1.504171 -2.647414 43.633408
BONES 1
BONE 12 1.000000

VERT 203
OFFSET 1.404079 -2.869092 44.703068
BONES 1
BONE 12 1.000000

VERT 204
OFFSET 2.125395 -1.916536 44.600655
BONES 1
BONE 12 1.000000

VERT 205
OFFSET 2.318822 -1.200381 43.606125
BONES 1
BONE 12 1.000000

VERT 206
OFFSET 2.514588 -0.797820 44.545471
BONES 1
BONE 12 1.000000

VERT 207
OFFSET 2.148444 -1.159609 43.622795
BONES 1
BONE 12 1.000000

VERT 208
OFFSET 2.594767 0.371909 44.534058
BONES 1
BONE 12 1.000000

VERT 209
OFFSET 2.459430 0.373533 43.583282
BONES 1
BONE 12 1.000000

VERT 210
OFFSET 2.285278 0.360037 43.596424
BONES 1
BONE 12 1.000000

VERT 211
OFFSET 2.132752 1.522523 43.629200
BONES 1
BONE 12 1.000000

VERT 212
OFFSET 1.728264 2.493118 44.657036
BONES 1
BONE 12 1.000000

VERT 213
OFFSET 1.848985 1.823938 43.637264
BONES 1
BONE 12 1.000000

VERT 214
OFFSET 1.490776 2.626086 43.635227
BONES 1
BONE 12 1.000000

VERT 215
OFFSET 0.568627 3.385343 43.688587
BONES 1
BONE 12 1.000000

VERT 216
OFFSET 0.886582 2.969243 43.666683
BONES 1
BONE 12 1.000000

VERT 217
OFFSET -0.048403 3.798681 44.323711
BONES 1
BONE 12 1.000000

VERT 218
OFFSET -0.614839 3.996374 43.800133
BONES 1
BONE 12 1.000000

VERT 219
OFFSET -0.524086 3.799359 43.805988
BONES 1
BONE 12 1.000000

VERT 220
OFFSET 0.940329 2.952714 44.768841
BONES 1
BONE 12 1.000000

VERT 221
OFFSET 1.884051 1.773521 44.634888
BONES 1
BONE 12 1.000000

VERT 222
OFFSET -0.831081 4.171622 44.424866
BONES 1
BONE 12 1.000000

VERT 223
OFFSET -0.492639 3.756741 44.972267
BONES 1
BONE 12 1.000000

VERT 224
OFFSET -1.761968 4.211841 43.974739
BONES 1
BONE 12 1.000000

VERT 225
OFFSET -2.178066 4.339703 44.673500
BONES 1
BONE 12 1.000000

VERT 226
OFFSET -2.112534 4.063069 44.060696
BONES 1
BONE 12 1.000000

VERT 227
OFFSET -2.929381 4.138834 44.185410
BONES 1
BONE 12 1.000000

VERT 228
OFFSET -1.014767 4.167435 45.046326
BONES 1
BONE 12 1.000000

VERT 229
OFFSET -0.625116 4.171740 45.586555
BONES 1
BONE 12 1.000000

VERT 230
OFFSET -1.991785 4.339814 45.723103
BONES 1
BONE 12 1.000000

VERT 231
OFFSET 0.483003 3.697902 45.996361
BONES 1
BONE 12 1.000000

VERT 232
OFFSET -2.536634 4.139271 46.395470
BONES 1
BONE 12 1.000000

VERT 233
OFFSET -3.169644 4.163830 45.903179
BONES 1
BONE 12 1.000000

VERT 234
OFFSET -2.617169 4.139354 45.273987
BONES 1
BONE 12 1.000000

VERT 235
OFFSET -3.783044 3.600937 46.516830
BONES 1
BONE 12 1.000000

VERT 236
OFFSET -1.718082 4.063273 46.287910
BONES 1
BONE 12 1.000000

VERT 237
OFFSET -3.279270 3.709851 46.377735
BONES 1
BONE 12 1.000000

VERT 238
OFFSET -2.750051 3.840948 45.292709
BONES 1
BONE 12 1.000000

VERT 239
OFFSET -1.570147 3.943963 45.125256
BONES 1
BONE 12 1.000000

VERT 240
OFFSET -3.360127 4.163726 44.828777
BONES 1
BONE 12 1.000000

VERT 241
OFFSET -3.998177 3.674407 45.470165
BONES 1
BONE 12 1.000000

VERT 242
OFFSET -4.035485 3.865032 46.009571
BONES 1
BONE 12 1.000000

VERT 243
OFFSET -4.462708 3.114595 46.544128
BONES 1
BONE 12 1.000000

VERT 244
OFFSET -4.722397 3.187426 45.573063
BONES 1
BONE 12 1.000000

VERT 245
OFFSET -4.220232 3.864941 44.967556
BONES 1
BONE 12 1.000000

VERT 246
OFFSET -4.155635 3.600766 44.415321
BONES 1
BONE 12 1.000000

VERT 247
OFFSET -4.811336 3.114460 44.577755
BONES 1
BONE 12 1.000000

VERT 248
OFFSET -5.037776 3.334204 45.117313
BONES 1
BONE 12 1.000000

VERT 249
OFFSET -5.320574 2.261137 45.658062
BONES 1
BONE 12 1.000000

VERT 250
OFFSET -5.294075 2.217335 44.859180
BONES 1
BONE 12 1.000000

VERT 251
OFFSET -5.626123 2.356964 45.304432
BONES 1
BONE 12 1.000000

VERT 252
OFFSET -5.660041 1.214733 45.706322
BONES 1
BONE 12 1.000000

VERT 253
OFFSET -5.670660 1.154863 45.232273
BONES 1
BONE 12 1.000000

VERT 254
OFFSET -5.868811 1.224322 45.488098
BONES 1
BONE 12 1.000000

VERT 255
OFFSET -5.720140 0.002572 45.713650
BONES 1
BONE 12 1.000000

VERT 256
OFFSET -5.765006 1.223998 45.969090
BONES 1
BONE 12 1.000000

VERT 257
OFFSET -5.465570 2.356233 46.076042
BONES 1
BONE 12 1.000000

VERT 258
OFFSET -4.838932 3.332713 46.090324
BONES 1
BONE 12 1.000000

VERT 259
OFFSET -5.065513 2.230369 46.423409
BONES 1
BONE 12 1.000000

VERT 260
OFFSET -5.497559 1.162155 46.161633
BONES 1
BONE 12 1.000000

VERT 261
OFFSET -4.563964 2.845075 46.411648
BONES 1
BONE 12 1.000000

VERT 262
OFFSET -4.515156 2.929803 45.541222
BONES 1
BONE 12 1.000000

VERT 263
OFFSET -3.867010 3.407856 45.450882
BONES 1
BONE 12 1.000000

VERT 264
OFFSET 1.855625 2.626516 45.694492
BONES 1
BONE 12 1.000000

VERT 265
OFFSET 1.269945 2.969823 45.831955
BONES 1
BONE 12 1.000000

VERT 266
OFFSET 2.195635 1.824345 45.593410
BONES 1
BONE 12 1.000000

VERT 267
OFFSET 2.488973 1.532973 45.522484
BONES 1
BONE 12 1.000000

VERT 268
OFFSET 2.794939 0.373593 45.475681
BONES 1
BONE 12 1.000000

VERT 269
OFFSET 2.624795 0.360143 45.511436
BONES 1
BONE 12 1.000000

VERT 270
OFFSET 2.653284 -1.200610 45.492905
BONES 1
BONE 12 1.000000

VERT 271
OFFSET 2.332842 0.350836 44.571217
BONES 1
BONE 12 1.000000

VERT 272
OFFSET 2.485445 -1.160052 45.524265
BONES 1
BONE 12 1.000000

VERT 273
OFFSET 2.257418 -0.750065 44.581936
BONES 1
BONE 12 1.000000

VERT 274
OFFSET 1.892694 -1.800817 44.633675
BONES 1
BONE 12 1.000000

VERT 275
OFFSET 1.868980 -2.647832 45.692558
BONES 1
BONE 12 1.000000

VERT 276
OFFSET 1.738179 -2.541203 45.719864
BONES 1
BONE 12 1.000000

VERT 277
OFFSET 0.516323 -3.506516 45.988113
BONES 1
BONE 12 1.000000

VERT 278
OFFSET -0.767990 -4.157933 46.204155
BONES 1
BONE 12 1.000000

VERT 279
OFFSET -0.786169 4.165298 46.204830
BONES 1
BONE 12 1.000000

VERT 280
OFFSET -0.119513 3.799726 46.090130
BONES 1
BONE 12 1.000000

VERT 281
OFFSET -3.852927 -3.396844 45.448864
BONES 1
BONE 12 1.000000

VERT 282
OFFSET -3.628363 3.709868 44.408329
BONES 1
BONE 12 1.000000

VERT 283
OFFSET -4.693391 3.009218 44.676434
BONES 1
BONE 12 1.000000

VERT 284
OFFSET -5.335969 1.548800 45.658634
BONES 1
BONE 12 1.000000

VERT 285
OFFSET -5.720928 0.003735 45.712387
BONES 1
BONE 12 1.000000

VERT 286
OFFSET -5.721830 -0.006968 45.717030
BONES 1
BONE 12 1.000000

VERT 287
OFFSET -5.715928 -0.004305 45.722832
BONES 1
BONE 12 1.000000

VERT 288
OFFSET -5.720860 0.008790 45.708935
BONES 1
BONE 12 1.000000

VERT 289
OFFSET -5.726148 -0.003533 45.709938
BONES 1
BONE 12 1.000000

VERT 290
OFFSET -5.716043 0.002382 45.724991
BONES 1
BONE 12 1.000000

VERT 291
OFFSET -5.720777 0.003690 45.709442
BONES 1
BONE 12 1.000000

VERT 292
OFFSET -5.719155 0.000769 45.715363
BONES 1
BONE 12 1.000000

VERT 293
OFFSET -5.733239 -0.036797 45.705021
BONES 1
BONE 12 1.000000

VERT 294
OFFSET -5.717612 0.000732 45.713135
BONES 1
BONE 12 1.000000

VERT 295
OFFSET -5.719404 0.001900 45.715717
BONES 1
BONE 12 1.000000

VERT 296
OFFSET -5.718895 0.002847 45.713902
BONES 1
BONE 12 1.000000

VERT 297
OFFSET -5.727763 0.036086 45.728508
BONES 1
BONE 12 1.000000

VERT 298
OFFSET -5.716874 0.002407 45.714874
BONES 1
BONE 12 1.000000

VERT 299
OFFSET -6.645510 -1.851211 49.874165
BONES 1
BONE 12 1.000000

VERT 300
OFFSET -6.365650 -1.924010 49.641365
BONES 1
BONE 12 1.000000

VERT 301
OFFSET -6.023800 -2.817437 51.543144
BONES 1
BONE 12 1.000000

VERT 302
OFFSET -5.576819 -2.907828 51.078552
BONES 1
BONE 12 1.000000

VERT 303
OFFSET -5.060744 -3.596859 52.956600
BONES 1
BONE 12 1.000000

VERT 304
OFFSET -4.718000 -3.739896 52.352020
BONES 1
BONE 12 1.000000

VERT 305
OFFSET -3.975789 -3.939322 53.698063
BONES 1
BONE 12 1.000000

VERT 306
OFFSET -4.644296 -3.560390 52.237267
BONES 1
BONE 12 1.000000

VERT 307
OFFSET -6.877113 -0.658356 48.100693
BONES 1
BONE 12 1.000000

VERT 308
OFFSET -6.667771 -1.493780 50.103241
BONES 1
BONE 12 1.000000

VERT 309
OFFSET -6.479371 -1.646753 49.967495
BONES 1
BONE 12 1.000000

VERT 310
OFFSET -6.065283 -2.248781 51.918785
BONES 1
BONE 12 1.000000

VERT 311
OFFSET -5.813189 -2.426671 51.566067
BONES 1
BONE 12 1.000000

VERT 312
OFFSET -5.117184 -2.880169 53.429493
BONES 1
BONE 12 1.000000

VERT 313
OFFSET -4.881737 -3.092859 52.951347
BONES 1
BONE 12 1.000000

VERT 314
OFFSET -4.066820 -3.179631 54.207260
BONES 1
BONE 12 1.000000

VERT 315
OFFSET -6.875145 -0.658997 48.102295
BONES 1
BONE 12 1.000000

VERT 316
OFFSET -6.444795 -1.243511 50.087826
BONES 1
BONE 12 1.000000

VERT 317
OFFSET -5.756934 -1.816474 51.891621
BONES 1
BONE 12 1.000000

VERT 318
OFFSET -4.889781 -2.306261 53.312862
BONES 1
BONE 12 1.000000

VERT 319
OFFSET -4.003018 -2.560640 54.047153
BONES 1
BONE 12 1.000000

VERT 320
OFFSET -5.004522 -2.217295 52.877834
BONES 1
BONE 12 1.000000

VERT 321
OFFSET -5.578339 -2.242684 51.250237
BONES 1
BONE 12 1.000000

VERT 322
OFFSET -4.713759 -2.860318 52.537025
BONES 1
BONE 12 1.000000

VERT 323
OFFSET -3.846031 -3.158852 53.228210
BONES 1
BONE 12 1.000000

VERT 324
OFFSET -3.350779 -2.627506 54.162842
BONES 1
BONE 12 1.000000

VERT 325
OFFSET -2.900883 -3.305055 53.643944
BONES 1
BONE 12 1.000000

VERT 326
OFFSET -1.532295 -2.643241 54.639664
BONES 1
BONE 12 1.000000

VERT 327
OFFSET -2.393763 -2.795936 54.828690
BONES 1
BONE 12 1.000000

VERT 328
OFFSET -3.002748 -3.295904 54.613846
BONES 1
BONE 12 1.000000

VERT 329
OFFSET -3.924404 -3.389538 53.649258
BONES 1
BONE 12 1.000000

VERT 330
OFFSET -2.200642 -3.585778 54.273251
BONES 1
BONE 12 1.000000

VERT 331
OFFSET -2.908899 -4.079202 54.088810
BONES 1
BONE 12 1.000000

VERT 332
OFFSET -1.955549 -3.304054 54.806126
BONES 1
BONE 12 1.000000

VERT 333
OFFSET -0.994422 -3.504837 54.302429
BONES 1
BONE 12 1.000000

VERT 334
OFFSET -1.859760 -4.103506 54.270256
BONES 1
BONE 12 1.000000

VERT 335
OFFSET -2.200994 -4.407676 53.748940
BONES 1
BONE 12 1.000000

VERT 336
OFFSET -0.914335 -3.997703 54.164124
BONES 1
BONE 12 1.000000

VERT 337
OFFSET -1.344349 -4.229276 53.576626
BONES 1
BONE 12 1.000000

VERT 338
OFFSET -3.819442 -4.092778 53.020229
BONES 1
BONE 12 1.000000

VERT 339
OFFSET -3.188065 -4.068483 53.190800
BONES 1
BONE 12 1.000000

VERT 340
OFFSET -0.003601 -3.795814 53.911129
BONES 1
BONE 12 1.000000

VERT 341
OFFSET -0.892503 -4.346292 53.748474
BONES 1
BONE 12 1.000000

VERT 342
OFFSET -0.087466 -3.300159 54.055004
BONES 1
BONE 12 1.000000

VERT 343
OFFSET 0.353044 -4.042087 53.344585
BONES 1
BONE 12 1.000000

VERT 344
OFFSET 0.788983 -3.392624 53.293549
BONES 1
BONE 12 1.000000

VERT 345
OFFSET 1.539067 -3.361611 52.354862
BONES 1
BONE 12 1.000000

VERT 346
OFFSET 0.691517 -2.558450 53.851334
BONES 1
BONE 12 1.000000

VERT 347
OFFSET -0.105077 -2.948876 54.478817
BONES 1
BONE 12 1.000000

VERT 348
OFFSET 0.312971 -3.888447 53.081966
BONES 1
BONE 12 1.000000

VERT 349
OFFSET 1.724564 -3.035183 51.801121
BONES 1
BONE 12 1.000000

VERT 350
OFFSET -0.228981 -3.106435 53.671394
BONES 1
BONE 12 1.000000

VERT 351
OFFSET -1.079068 -3.295315 53.897766
BONES 1
BONE 12 1.000000

VERT 352
OFFSET 1.215376 -2.405870 52.576633
BONES 1
BONE 12 1.000000

VERT 353
