// Export time: Mon Nov 16 22:59:43 2020

// Exported using Blender v2.90.1
// Export filename: 'E:/blackops3/mod_xmodel/iw4/m1903/ch_head_gk_m1903_lod1.XMODEL_EXPORT'
// Source filename: 'E:/blackops3/mod_xmodel/iw4/m1903/m1903.blend'
MODEL
VERSION 6

NUMBONES 54
BONE 0 -1 "tag_origin"
BONE 1 0 "j_spineupper"
BONE 2 1 "j_neck"
BONE 3 2 "j_head"
BONE 4 3 "j_brow_le"
BONE 5 3 "j_brow_ri"
BONE 6 3 "j_browouter_le"
BONE 7 3 "j_browouter_ri"
BONE 8 3 "j_cheek_le"
BONE 9 3 "j_cheek_ri"
BONE 10 3 "j_cheeklower_le"
BONE 11 3 "j_cheeklower_ri"
BONE 12 3 "j_eye_lid_bot_le"
BONE 13 3 "j_eye_lid_bot_ri"
BONE 14 3 "j_eye_lid_top_le"
BONE 15 3 "j_eye_lid_top_ri"
BONE 16 3 "j_eyeball_le"
BONE 17 3 "j_eyeball_ri"
BONE 18 3 "j_head_end"
BONE 19 18 "j_helmet"
BONE 20 3 "j_jaw"
BONE 21 20 "j_chin_skinroll"
BONE 22 20 "j_lip_bot_le"
BONE 23 20 "j_lip_bot_ri"
BONE 24 3 "j_levator_le"
BONE 25 3 "j_levator_ri"
BONE 26 3 "j_lip_top_le"
BONE 27 3 "j_lip_top_ri"
BONE 28 3 "j_mouth_le"
BONE 29 3 "j_mouth_ri"
BONE 30 3 "j_nvg"
BONE 31 3 "tag_eye"
BONE 32 3 "MouthCavity"
BONE 33 3 "MouthMove"
BONE 34 3 "Eye_Rz_L"
BONE 35 34 "CheekUp2_L"
BONE 36 34 "Eye01_S_L"
BONE 37 34 "Eye02_S_L"
BONE 38 34 "Eye03_S_L"
BONE 39 34 "Eye04_S_L"
BONE 40 34 "Eye05_S_L"
BONE 41 34 "Eye06_S_L"
BONE 42 34 "Eye07_S_L"
BONE 43 34 "Eye08_S_L"
BONE 44 3 "Eye_Rz_R"
BONE 45 44 "CheekUp2_R"
BONE 46 44 "Eye01_S_R"
BONE 47 44 "Eye02_S_R"
BONE 48 44 "Eye03_S_R"
BONE 49 44 "Eye04_S_R"
BONE 50 44 "Eye05_S_R"
BONE 51 44 "Eye06_S_R"
BONE 52 44 "Eye07_S_R"
BONE 53 44 "Eye08_S_R"

BONE 0
OFFSET 0.000000 0.000000 0.000000
SCALE 1.000000 1.000000 1.000000
X 1.000000 0.000000 0.000000
Y 0.000000 1.000000 0.000000
Z 0.000000 0.000000 1.000000

BONE 1
OFFSET -2.494701 0.000207 46.434940
SCALE 1.000000 1.000000 1.000000
X 0.020433 -0.000062 0.999791
Y 0.999791 0.000062 -0.020433
Z -0.000060 1.000000 0.000063

BONE 2
OFFSET -2.724489 0.000000 54.036266
SCALE 1.000000 1.000000 1.000000
X 0.309746 -0.000043 0.950819
Y 0.950819 0.000075 -0.309746
Z -0.000058 1.000000 0.000065

BONE 3
OFFSET -2.724488 0.000000 56.457703
SCALE 1.000000 1.000000 1.000000
X 0.216390 -0.000041 0.976307
Y 0.976307 0.000072 -0.216390
Z -0.000061 1.000000 0.000055

BONE 4
OFFSET 1.074486 1.333249 60.298626
SCALE 1.000000 1.000000 1.000000
X 0.000649 1.000000 -0.000112
Y -0.998862 0.000644 -0.047685
Z -0.047685 0.000143 0.998863

BONE 5
OFFSET 1.084291 -1.357670 60.301300
SCALE 1.000000 1.000000 1.000000
X 0.000010 1.000000 0.000097
Y 0.998891 -0.000014 0.047080
Z 0.047080 0.000097 -0.998891

BONE 6
OFFSET 0.712896 2.277034 60.398926
SCALE 1.000000 1.000000 1.000000
X 0.000632 1.000000 -0.000129
Y -0.998866 0.000625 -0.047600
Z -0.047599 0.000159 0.998866

BONE 7
OFFSET 0.742625 -2.249454 60.395012
SCALE 1.000000 1.000000 1.000000
X 0.000002 1.000000 0.000096
Y 0.998896 -0.000006 0.046986
Z 0.046986 0.000096 -0.998896

BONE 8
OFFSET -0.384594 1.706458 58.559166
SCALE 1.000000 1.000000 1.000000
X 0.000645 1.000000 -0.000130
Y -0.998871 0.000638 -0.047506
Z -0.047506 0.000160 0.998871

BONE 9
OFFSET -0.402980 -1.637942 58.618580
SCALE 1.000000 1.000000 1.000000
X 0.000007 1.000000 0.000094
Y 0.998887 -0.000012 0.047161
Z 0.047161 0.000093 -0.998887

BONE 10
OFFSET -0.393820 1.533314 57.477131
SCALE 1.000000 1.000000 1.000000
X 0.170244 0.000001 0.985402
Y 0.985402 0.000010 -0.170244
Z -0.000010 1.000000 0.000001

BONE 11
OFFSET -0.353196 -1.530741 57.504662
SCALE 1.000000 1.000000 1.000000
X 0.170334 0.000000 0.985386
Y 0.985386 0.000018 -0.170334
Z -0.000018 1.000000 0.000003

BONE 12
OFFSET -0.620605 1.038285 59.061363
SCALE 1.000000 1.000000 1.000000
X -0.065616 0.997118 0.038025
Y -0.996949 -0.063895 -0.044840
Z -0.042281 -0.040852 0.998270

BONE 13
OFFSET -0.620316 -0.990538 59.055294
SCALE 1.000000 1.000000 1.000000
X 0.066604 0.997041 -0.038387
Y 0.996918 -0.064899 0.044067
Z 0.041446 -0.041204 -0.998291

BONE 14
OFFSET -0.620212 1.037364 59.128742
SCALE 1.000000 1.000000 1.000000
X -0.065487 0.997126 0.037989
Y -0.996960 -0.063772 -0.044757
Z -0.042206 -0.040806 0.998275

BONE 15
OFFSET -0.619637 -0.991776 59.116570
SCALE 1.000000 1.000000 1.000000
X 0.066551 0.997045 -0.038383
Y 0.996940 -0.064864 0.043642
Z 0.041023 -0.041170 -0.998310

BONE 16
OFFSET -2.097940 0.968687 59.015656
SCALE 1.000000 1.000000 1.000000
X -0.205905 0.978519 -0.010104
Y -0.977362 -0.206153 -0.047594
Z -0.048654 0.000075 0.998815

BONE 17
OFFSET -2.097937 -0.967560 59.015663
SCALE 1.000000 1.000000 1.000000
X 0.207726 0.978138 0.009787
Y 0.977074 -0.207957 0.045620
Z 0.046658 0.000086 -0.998911

BONE 18
OFFSET -2.530040 0.000047 61.629875
SCALE 1.000000 1.000000 1.000000
X 0.170249 0.000011 0.985401
Y 0.985401 -0.000000 -0.170249
Z -0.000002 1.000000 -0.000011

BONE 19
OFFSET -3.424383 0.000050 62.751938
SCALE 1.000000 1.000000 1.000000
X 0.995880 -0.000059 0.090684
Y 0.000074 1.000000 -0.000171
Z -0.090684 0.000177 0.995880

BONE 20
OFFSET -2.271202 0.000479 56.778847
SCALE 1.000000 1.000000 1.000000
X 0.000646 1.000000 -0.000098
Y -0.998855 0.000642 -0.047854
Z -0.047854 0.000129 0.998855

BONE 21
OFFSET 0.458193 -0.001447 55.166122
SCALE 1.000000 1.000000 1.000000
X 0.000646 1.000000 -0.000100
Y -0.998867 0.000642 -0.047599
Z -0.047599 0.000131 0.998867

BONE 22
OFFSET 0.381639 0.266430 56.792156
SCALE 1.000000 1.000000 1.000000
X 0.000645 1.000000 -0.000084
Y -0.998859 0.000642 -0.047768
Z -0.047768 0.000115 0.998859

BONE 23
OFFSET 0.381639 -0.265304 56.792156
SCALE 1.000000 1.000000 1.000000
X 0.001046 1.000000 0.000021
Y 0.998871 -0.000385 0.047509
Z 0.047016 -0.000029 -0.998894

BONE 24
OFFSET 0.370466 0.513224 58.249264
SCALE 1.000000 1.000000 1.000000
X 0.000649 0.999995 -0.000073
Y -0.998862 0.000644 -0.047680
Z -0.047680 0.000104 0.998863

BONE 25
OFFSET 0.392974 -0.493148 58.254398
SCALE 1.000000 1.000000 1.000000
X 0.000014 1.000000 0.000077
Y 0.998887 -0.000018 0.047166
Z 0.047166 0.000077 -0.998887

BONE 26
OFFSET 0.443526 0.266430 56.955730
SCALE 1.000000 1.000000 1.000000
X 0.000646 1.000000 -0.000085
Y -0.998862 0.000642 -0.047684
Z -0.047684 0.000115 0.998863

BONE 27
OFFSET 0.443526 -0.265304 56.955730
SCALE 1.000000 1.000000 1.000000
X 0.000011 1.000000 0.000091
Y 0.998891 -0.000016 0.047077
Z 0.047077 0.000091 -0.998891

BONE 28
OFFSET 0.323814 0.539016 56.899384
SCALE 1.000000 1.000000 1.000000
X 0.000649 1.000000 -0.000115
Y -0.998863 0.000644 -0.047681
Z -0.047681 0.000146 0.998863

BONE 29
OFFSET 0.323814 -0.537890 56.899380
SCALE 1.000000 1.000000 1.000000
X 0.000011 1.000000 0.000106
Y 0.998887 -0.000016 0.047166
Z 0.047166 0.000105 -0.998887

BONE 30
OFFSET 1.747283 0.000050 60.850086
SCALE 1.000000 1.000000 1.000000
X 0.985418 0.000003 -0.170149
Y -0.170149 0.000000 -0.985418
Z -0.000003 1.000000 0.000001

BONE 31
OFFSET -0.022168 0.000481 58.921162
SCALE 1.000000 1.000000 1.000000
X 0.922509 -0.000059 0.385976
Y 0.000064 1.000000 -0.000000
Z -0.385976 0.000025 0.922509

BONE 32
OFFSET -0.475108 0.000001 56.866577
SCALE 1.000000 1.000000 1.000000
X -0.000000 1.000000 0.000000
Y 0.000000 -0.000000 1.000000
Z 1.000000 0.000000 -0.000000

BONE 33
OFFSET 0.427414 0.000001 56.866577
SCALE 1.000000 1.000000 1.000000
X -0.000000 1.000000 -0.000000
Y 0.000000 -0.000000 1.000000
Z 1.000000 0.000000 -0.000000

BONE 34
OFFSET -0.566308 1.521361 59.375961
SCALE 1.000000 1.000000 1.000000
X -0.000000 1.000000 -0.000000
Y 0.000000 0.000000 1.000000
Z 1.000000 0.000000 0.000000

BONE 35
OFFSET -0.763618 1.645426 58.304527
SCALE 1.000000 1.000000 1.000000
X -0.000000 1.000000 -0.000000
Y -0.000000 -0.000000 1.000000
Z 1.000000 0.000000 0.000000

BONE 36
OFFSET 0.239664 0.773981 59.171917
SCALE 1.000000 1.000000 1.000000
X -0.000000 1.000000 0.000000
Y -0.000000 -0.000000 1.000000
Z 1.000000 0.000000 0.000000

BONE 37
OFFSET 0.198870 1.116793 59.388699
SCALE 1.000000 1.000000 1.000000
X -0.000000 1.000000 -0.000000
Y -0.000000 -0.000000 1.000000
Z 1.000000 0.000000 0.000000

BONE 38
OFFSET 0.068330 1.685714 59.267887
SCALE 1.000000 1.000000 1.000000
X -0.000000 1.000000 -0.000000
Y -0.000000 -0.000000 1.000000
Z 1.000000 0.000000 0.000000

BONE 39
OFFSET -0.048700 2.110669 59.314823
SCALE 1.000000 1.000000 1.000000
X -0.000000 1.000000 -0.000000
Y -0.000000 0.000000 1.000000
Z 1.000000 0.000000 0.000000

BONE 40
OFFSET -0.438177 2.436650 58.423409
SCALE 1.000000 1.000000 1.000000
X -0.000000 1.000000 -0.000000
Y 0.000000 0.000000 1.000000
Z 1.000000 0.000000 0.000000

BONE 41
OFFSET -0.243764 2.139206 58.861019
SCALE 1.000000 1.000000 1.000000
X -0.000000 1.000000 0.000000
Y -0.000000 -0.000000 1.000000
Z 1.000000 0.000000 0.000000

BONE 42
OFFSET -0.066504 1.557715 58.624695
SCALE 1.000000 1.000000 1.000000
X -0.000000 1.000000 -0.000000
Y -0.000000 -0.000000 1.000000
Z 1.000000 0.000000 0.000000

BONE 43
OFFSET 0.114169 0.998155 58.753231
SCALE 1.000000 1.000000 1.000000
X -0.000000 1.000000 -0.000000
Y -0.000000 0.000000 1.000000
Z 1.000000 0.000000 0.000000

BONE 44
OFFSET -0.566308 -1.521397 59.376003
SCALE 1.000000 1.000000 1.000000
X -0.000000 1.000000 -0.000000
Y 0.000000 0.000000 1.000000
Z 1.000000 0.000000 -0.000000

BONE 45
OFFSET -0.763616 -1.645461 58.304558
SCALE 1.000000 1.000000 1.000000
X -0.000000 1.000000 -0.000000
Y 0.000000 -0.000000 1.000000
Z 1.000000 0.000000 0.000000

BONE 46
OFFSET 0.237890 -0.773660 59.170918
SCALE 1.000000 1.000000 1.000000
X -0.000000 1.000000 -0.000000
Y 0.000000 -0.000000 1.000000
Z 1.000000 0.000000 0.000000

BONE 47
OFFSET 0.198818 -1.116020 59.388863
SCALE 1.000000 1.000000 1.000000
X -0.000000 1.000000 -0.000000
Y 0.000000 -0.000000 1.000000
Z 1.000000 0.000000 0.000000

BONE 48
OFFSET 0.076514 -1.640065 59.260677
SCALE 1.000000 1.000000 1.000000
X -0.000000 1.000000 -0.000000
Y 0.000000 0.000000 1.000000
Z 1.000000 0.000000 0.000000

BONE 49
OFFSET -0.047542 -2.111448 59.314632
SCALE 1.000000 1.000000 1.000000
X -0.000000 1.000000 -0.000000
Y 0.000000 0.000000 1.000000
Z 1.000000 0.000000 0.000000

BONE 50
OFFSET -0.438195 -2.438060 58.423595
SCALE 1.000000 1.000000 1.000000
X -0.000000 1.000000 -0.000000
Y -0.000000 0.000000 1.000000
Z 1.000000 0.000000 0.000000

BONE 51
OFFSET -0.243030 -2.138408 58.861862
SCALE 1.000000 1.000000 1.000000
X -0.000000 1.000000 -0.000000
Y 0.000000 -0.000000 1.000000
Z 1.000000 0.000000 0.000000

BONE 52
OFFSET -0.067133 -1.556874 58.625557
SCALE 1.000000 1.000000 1.000000
X -0.000000 1.000000 -0.000000
Y 0.000000 -0.000000 1.000000
Z 1.000000 0.000000 0.000000

BONE 53
OFFSET 0.112769 -0.998506 58.752369
SCALE 1.000000 1.000000 1.000000
X -0.000000 1.000000 -0.000000
Y 0.000000 0.000000 1.000000
Z 1.000000 0.000000 0.000000


NUMVERTS 4654
VERT 0
OFFSET -2.822144 3.483893 59.171341
BONES 1
BONE 3 1.000000

VERT 1
OFFSET -2.735410 3.480686 59.227859
BONES 1
BONE 3 1.000000

VERT 2
OFFSET -2.754357 3.377128 59.282352
BONES 1
BONE 3 1.000000

VERT 3
OFFSET -2.908878 3.487101 59.114807
BONES 1
BONE 3 1.000000

VERT 4
OFFSET -2.988116 3.468267 59.015198
BONES 1
BONE 3 1.000000

VERT 5
OFFSET -3.114268 3.258360 58.998035
BONES 1
BONE 3 1.000000

VERT 6
OFFSET -3.067355 3.449433 58.915581
BONES 1
BONE 3 1.000000

VERT 7
OFFSET -3.082165 3.381706 58.788895
BONES 1
BONE 3 1.000000

VERT 8
OFFSET -3.096975 3.313979 58.662205
BONES 1
BONE 3 1.000000

VERT 9
OFFSET -3.110229 3.469527 58.591873
BONES 1
BONE 3 1.000000

VERT 10
OFFSET -2.566657 3.457318 59.276432
BONES 1
BONE 3 1.000000

VERT 11
OFFSET -2.594614 3.350892 59.304909
BONES 1
BONE 3 1.000000

VERT 12
OFFSET -2.716491 3.570101 59.248672
BONES 1
BONE 3 1.000000

VERT 13
OFFSET -2.801452 3.581702 59.174168
BONES 1
BONE 3 1.000000

VERT 14
OFFSET -2.849657 3.804083 59.331398
BONES 1
BONE 3 1.000000

VERT 15
OFFSET -2.434870 3.324656 59.327457
BONES 1
BONE 3 1.000000

VERT 16
OFFSET -2.426483 3.482000 59.401531
BONES 1
BONE 3 1.000000

VERT 17
OFFSET -2.289045 3.422482 59.356644
BONES 1
BONE 3 1.000000

VERT 18
OFFSET -2.546537 3.517003 59.325661
BONES 1
BONE 3 1.000000

VERT 19
OFFSET -2.685639 3.739393 59.410320
BONES 1
BONE 3 1.000000

VERT 20
OFFSET -2.499591 3.634945 59.435310
BONES 1
BONE 3 1.000000

VERT 21
OFFSET -2.454451 3.739279 59.429699
BONES 1
BONE 3 1.000000

VERT 22
OFFSET -2.345568 3.655197 59.407612
BONES 1
BONE 3 1.000000

VERT 23
OFFSET -2.247800 3.559180 59.368034
BONES 1
BONE 3 1.000000

VERT 24
OFFSET -2.261970 3.616391 59.309864
BONES 1
BONE 3 1.000000

VERT 25
OFFSET -2.238695 3.308459 59.266022
BONES 1
BONE 3 1.000000

VERT 26
OFFSET -2.151607 3.362963 59.289906
BONES 1
BONE 3 1.000000

VERT 27
OFFSET -2.042520 3.292263 59.204586
BONES 1
BONE 3 1.000000

VERT 28
OFFSET -2.150031 3.463166 59.294186
BONES 1
BONE 3 1.000000

VERT 29
OFFSET -2.072452 3.362226 59.203777
BONES 1
BONE 3 1.000000

VERT 30
OFFSET -1.905069 3.223169 59.059090
BONES 2
BONE 3 0.986112
BONE 35 0.013888

VERT 31
OFFSET -2.013513 3.271124 59.035126
BONES 1
BONE 3 1.000000

VERT 32
OFFSET -2.107399 3.437880 59.169487
BONES 1
BONE 3 1.000000

VERT 33
OFFSET -2.165150 3.319035 58.975990
BONES 1
BONE 3 1.000000

VERT 34
OFFSET -2.135632 3.213147 58.805576
BONES 1
BONE 3 1.000000

VERT 35
OFFSET -2.225323 3.448064 59.121731
BONES 1
BONE 3 1.000000

VERT 36
OFFSET -2.286453 3.409291 59.079266
BONES 1
BONE 3 1.000000

VERT 37
OFFSET -2.234035 3.224138 58.895988
BONES 1
BONE 3 1.000000

VERT 38
OFFSET -2.236270 3.301776 58.955990
BONES 1
BONE 3 1.000000

VERT 39
OFFSET -2.216008 3.136779 58.782913
BONES 1
BONE 3 1.000000

VERT 40
OFFSET -2.151788 3.128995 58.679165
BONES 1
BONE 3 1.000000

VERT 41
OFFSET -2.243814 3.019824 58.657593
BONES 1
BONE 3 1.000000

VERT 42
OFFSET -2.244262 3.092216 58.773113
BONES 1
BONE 3 1.000000

VERT 43
OFFSET -2.259786 2.971708 58.663712
BONES 1
BONE 3 1.000000

VERT 44
OFFSET -2.501626 3.122110 58.801689
BONES 1
BONE 3 1.000000

VERT 45
OFFSET -2.367831 3.173124 58.848835
BONES 1
BONE 3 1.000000

VERT 46
OFFSET -2.481067 3.247281 58.783726
BONES 1
BONE 3 1.000000

VERT 47
OFFSET -2.324470 3.040655 58.505329
BONES 1
BONE 3 1.000000

VERT 48
OFFSET -2.360428 2.961920 58.526966
BONES 1
BONE 3 1.000000

VERT 49
OFFSET -2.357753 2.883576 58.529823
BONES 1
BONE 3 1.000000

VERT 50
OFFSET -2.178027 3.034352 58.517632
BONES 1
BONE 3 1.000000

VERT 51
OFFSET -2.345410 2.948580 58.357460
BONES 1
BONE 3 1.000000

VERT 52
OFFSET -2.196921 2.931202 58.369965
BONES 2
BONE 3 0.981717
BONE 35 0.018283

VERT 53
OFFSET -2.342003 2.836492 58.226238
BONES 1
BONE 3 1.000000

VERT 54
OFFSET -2.225019 2.841451 58.190887
BONES 1
BONE 3 1.000000

VERT 55
OFFSET -2.094360 2.799542 58.221851
BONES 2
BONE 35 0.059794
BONE 3 0.940206

VERT 56
OFFSET -2.044642 2.919731 58.372349
BONES 2
BONE 3 0.961938
BONE 35 0.038062

VERT 57
OFFSET -2.239249 2.753657 57.951721
BONES 1
BONE 3 1.000000

VERT 58
OFFSET -2.218579 2.632437 57.929661
BONES 1
BONE 3 1.000000

VERT 59
OFFSET -2.386573 2.828601 57.933033
BONES 1
BONE 3 1.000000

VERT 60
OFFSET -2.351047 2.873008 58.355526
BONES 1
BONE 3 1.000000

VERT 61
OFFSET -2.612776 2.941477 58.278378
BONES 1
BONE 3 1.000000

VERT 62
OFFSET -2.613089 2.952220 58.390221
BONES 1
BONE 3 1.000000

VERT 63
OFFSET -2.601384 2.964306 57.947727
BONES 1
BONE 3 1.000000

VERT 64
OFFSET -2.638889 3.035820 58.150608
BONES 1
BONE 3 1.000000

VERT 65
OFFSET -2.404226 2.827973 57.774239
BONES 1
BONE 3 1.000000

VERT 66
OFFSET -2.265655 2.668977 57.763702
BONES 1
BONE 3 1.000000

VERT 67
OFFSET -2.462987 2.812583 57.665287
BONES 1
BONE 3 1.000000

VERT 68
OFFSET -2.333961 2.663883 57.644100
BONES 1
BONE 3 1.000000

VERT 69
OFFSET -2.439444 2.712656 57.598701
BONES 1
BONE 3 1.000000

VERT 70
OFFSET -2.435615 2.630046 57.601131
BONES 1
BONE 3 1.000000

VERT 71
OFFSET -2.536287 2.780349 57.603935
BONES 1
BONE 3 1.000000

VERT 72
OFFSET -2.593763 2.726848 57.630142
BONES 1
BONE 3 1.000000

VERT 73
OFFSET -2.452158 2.564783 57.628147
BONES 1
BONE 3 1.000000

VERT 74
OFFSET -2.630287 2.633878 57.703075
BONES 1
BONE 3 1.000000

VERT 75
OFFSET -2.493016 2.470307 57.692112
BONES 1
BONE 3 1.000000

VERT 76
OFFSET -2.705889 2.994518 57.698315
BONES 1
BONE 3 1.000000

VERT 77
OFFSET -2.646359 2.982917 57.810158
BONES 1
BONE 3 1.000000

VERT 78
OFFSET -2.765639 2.894233 57.732544
BONES 1
BONE 3 1.000000

VERT 79
OFFSET -2.811993 2.778125 57.821407
BONES 1
BONE 3 1.000000

VERT 80
OFFSET -2.985445 3.159524 57.931408
BONES 1
BONE 3 1.000000

VERT 81
OFFSET -2.962396 2.968093 58.037395
BONES 1
BONE 3 1.000000

VERT 82
OFFSET -2.869838 2.620587 57.953205
BONES 1
BONE 3 1.000000

VERT 83
OFFSET -3.036415 3.143788 58.193123
BONES 1
BONE 3 1.000000

VERT 84
OFFSET -2.949912 3.286667 57.910992
BONES 1
BONE 3 1.000000

VERT 85
OFFSET -2.915914 3.286108 57.958748
BONES 1
BONE 3 1.000000

VERT 86
OFFSET -3.012510 3.460114 58.102440
BONES 1
BONE 3 1.000000

VERT 87
OFFSET -3.113548 3.359205 58.099579
BONES 1
BONE 3 1.000000

VERT 88
OFFSET -2.830290 3.220525 58.005283
BONES 1
BONE 3 1.000000

VERT 89
OFFSET -2.938705 3.363493 58.138157
BONES 1
BONE 3 1.000000

VERT 90
OFFSET -2.883356 3.351781 58.142338
BONES 1
BONE 3 1.000000

VERT 91
OFFSET -2.692442 3.171393 58.048149
BONES 1
BONE 3 1.000000

VERT 92
OFFSET -2.724747 3.288008 58.179382
BONES 1
BONE 3 1.000000

VERT 93
OFFSET -2.691357 3.141696 58.262047
BONES 1
BONE 3 1.000000

VERT 94
OFFSET -3.018993 3.480793 58.271027
BONES 1
BONE 3 1.000000

VERT 95
OFFSET -2.917944 3.457338 58.279392
BONES 1
BONE 3 1.000000

VERT 96
OFFSET -2.828007 3.340068 58.146523
BONES 1
BONE 3 1.000000

VERT 97
OFFSET -2.757052 3.375267 58.310623
BONES 1
BONE 3 1.000000

VERT 98
OFFSET -2.743825 3.247572 58.373486
BONES 1
BONE 3 1.000000

VERT 99
OFFSET -2.757909 3.447372 58.527508
BONES 1
BONE 3 1.000000

VERT 100
OFFSET -2.710274 3.326621 58.598812
BONES 1
BONE 3 1.000000

VERT 101
OFFSET -2.689129 3.451287 58.618282
BONES 1
BONE 3 1.000000

VERT 102
OFFSET -2.823220 3.502491 58.497128
BONES 1
BONE 3 1.000000

VERT 103
OFFSET -2.779599 3.526281 58.581150
BONES 1
BONE 3 1.000000

VERT 104
OFFSET -2.876995 3.571707 58.563251
BONES 1
BONE 3 1.000000

VERT 105
OFFSET -2.889069 3.536573 58.479382
BONES 1
BONE 3 1.000000

VERT 106
OFFSET -2.816896 3.422199 58.287754
BONES 1
BONE 3 1.000000

VERT 107
OFFSET -2.613403 2.962963 58.502071
BONES 1
BONE 3 1.000000

VERT 108
OFFSET -2.579870 3.010707 58.591961
BONES 1
BONE 3 1.000000

VERT 109
OFFSET -2.540748 3.066408 58.696815
BONES 1
BONE 3 1.000000

VERT 110
OFFSET -2.641512 3.302819 58.654289
BONES 1
BONE 3 1.000000

VERT 111
OFFSET -2.622135 3.442912 58.684128
BONES 1
BONE 3 1.000000

VERT 112
OFFSET -2.709562 3.536623 58.665619
BONES 1
BONE 3 1.000000

VERT 113
OFFSET -2.549785 3.427004 58.754139
BONES 1
BONE 3 1.000000

VERT 114
OFFSET -2.637586 3.533194 58.736431
BONES 1
BONE 3 1.000000

VERT 115
OFFSET -2.736004 3.603885 58.723721
BONES 1
BONE 3 1.000000

VERT 116
OFFSET -2.561289 3.275050 58.719013
BONES 1
BONE 3 1.000000

VERT 117
OFFSET -2.477435 3.404794 58.824139
BONES 1
BONE 3 1.000000

VERT 118
OFFSET -2.560024 3.519175 58.809898
BONES 1
BONE 3 1.000000

VERT 119
OFFSET -2.667648 3.602300 58.798553
BONES 1
BONE 3 1.000000

VERT 120
OFFSET -2.773539 3.631829 58.778221
BONES 1
BONE 3 1.000000

VERT 121
OFFSET -2.853978 3.622488 58.685673
BONES 1
BONE 3 1.000000

VERT 122
OFFSET -2.592630 3.586651 58.881287
BONES 1
BONE 3 1.000000

VERT 123
OFFSET -2.711683 3.629154 58.861706
BONES 1
BONE 3 1.000000

VERT 124
OFFSET -2.811074 3.647777 58.832710
BONES 1
BONE 3 1.000000

VERT 125
OFFSET -2.760216 3.646865 58.917423
BONES 1
BONE 3 1.000000

VERT 126
OFFSET -2.893774 3.647080 58.724300
BONES 1
BONE 3 1.000000

VERT 127
OFFSET -2.963461 3.636120 58.614052
BONES 1
BONE 3 1.000000

VERT 128
OFFSET -2.857706 3.700464 58.897213
BONES 1
BONE 3 1.000000

VERT 129
OFFSET -2.803399 3.695979 58.989716
BONES 1
BONE 3 1.000000

VERT 130
OFFSET -2.923664 3.721371 58.986607
BONES 1
BONE 3 1.000000

VERT 131
OFFSET -3.018007 3.705123 58.810585
BONES 1
BONE 3 1.000000

VERT 132
OFFSET -3.060237 3.689034 58.656898
BONES 1
BONE 3 1.000000

VERT 133
OFFSET -3.053303 3.720509 58.646488
BONES 1
BONE 3 1.000000

VERT 134
OFFSET -3.021771 3.761301 58.830051
BONES 1
BONE 3 1.000000

VERT 135
OFFSET -3.031966 3.743117 58.626152
BONES 1
BONE 3 1.000000

VERT 136
OFFSET -3.064432 3.667745 58.474308
BONES 1
BONE 3 1.000000

VERT 137
OFFSET -3.014393 3.591280 58.467136
BONES 1
BONE 3 1.000000

VERT 138
OFFSET -2.918944 3.609256 58.594551
BONES 1
BONE 3 1.000000

VERT 139
OFFSET -3.063878 3.721647 58.465084
BONES 1
BONE 3 1.000000

VERT 140
OFFSET -3.051903 3.581917 58.246124
BONES 1
BONE 3 1.000000

VERT 141
OFFSET -2.954533 3.562601 58.472050
BONES 1
BONE 3 1.000000

VERT 142
OFFSET -3.149035 3.583264 58.249390
BONES 1
BONE 3 1.000000

VERT 143
OFFSET -2.816264 3.595945 58.645012
BONES 1
BONE 3 1.000000

VERT 144
OFFSET -2.976796 3.823715 58.812840
BONES 1
BONE 3 1.000000

VERT 145
OFFSET -3.058773 3.802470 58.610531
BONES 1
BONE 3 1.000000

VERT 146
OFFSET -3.020183 3.895303 58.819061
BONES 1
BONE 3 1.000000

VERT 147
OFFSET -3.152559 3.821274 58.626286
BONES 1
BONE 3 1.000000

VERT 148
OFFSET -3.164423 3.750993 58.488438
BONES 1
BONE 3 1.000000

VERT 149
OFFSET -3.210314 3.653801 58.531948
BONES 1
BONE 3 1.000000

VERT 150
OFFSET -3.200646 3.720818 58.705601
BONES 1
BONE 3 1.000000

VERT 151
OFFSET -3.098792 3.911544 58.859821
BONES 1
BONE 3 1.000000

VERT 152
OFFSET -3.167931 3.787591 58.934963
BONES 1
BONE 3 1.000000

VERT 153
OFFSET -3.030295 3.566782 58.850716
BONES 1
BONE 3 1.000000

VERT 154
OFFSET -2.962140 3.579345 58.968647
BONES 1
BONE 3 1.000000

VERT 155
OFFSET -3.035937 3.941526 59.003342
BONES 1
BONE 3 1.000000

VERT 156
OFFSET -2.942053 3.923331 58.966278
BONES 1
BONE 3 1.000000

VERT 157
OFFSET -2.885981 3.844621 58.952148
BONES 1
BONE 3 1.000000

VERT 158
OFFSET -3.074048 3.517457 58.714741
BONES 1
BONE 3 1.000000

VERT 159
OFFSET -3.182621 3.505017 58.267761
BONES 1
BONE 3 1.000000

VERT 160
OFFSET -3.106525 3.308074 58.337563
BONES 1
BONE 3 1.000000

VERT 161
OFFSET -3.076898 3.469548 58.080189
BONES 1
BONE 3 1.000000

VERT 162
OFFSET -3.085037 3.145750 58.398510
BONES 1
BONE 3 1.000000

VERT 163
OFFSET -3.160013 2.971766 58.444515
BONES 1
BONE 3 1.000000

VERT 164
OFFSET -3.048542 3.028493 58.219143
BONES 1
BONE 3 1.000000

VERT 165
OFFSET -2.886412 3.593301 59.099678
BONES 1
BONE 3 1.000000

VERT 166
OFFSET -3.114154 3.813210 59.064983
BONES 1
BONE 3 1.000000

VERT 167
OFFSET -2.982779 3.825954 59.218979
BONES 1
BONE 3 1.000000

VERT 168
OFFSET -2.924344 3.942651 59.175602
BONES 1
BONE 3 1.000000

VERT 169
OFFSET -2.774862 3.901626 59.312923
BONES 1
BONE 3 1.000000

VERT 170
OFFSET -2.836316 3.924611 59.114780
BONES 1
BONE 3 1.000000

VERT 171
OFFSET -2.798341 3.850099 59.054371
BONES 1
BONE 3 1.000000

VERT 172
OFFSET -2.691458 3.841326 59.158215
BONES 1
BONE 3 1.000000

VERT 173
OFFSET -2.722268 3.902371 59.232342
BONES 1
BONE 3 1.000000

VERT 174
OFFSET -2.749311 3.755869 59.183380
BONES 1
BONE 3 1.000000

VERT 175
OFFSET -2.867799 3.771416 59.092125
BONES 1
BONE 3 1.000000

VERT 176
OFFSET -2.630490 3.713980 59.240540
BONES 1
BONE 3 1.000000

VERT 177
OFFSET -2.771440 3.717733 59.164970
BONES 1
BONE 3 1.000000

VERT 178
OFFSET -2.865171 3.720021 59.066208
BONES 1
BONE 3 1.000000

VERT 179
OFFSET -2.729190 3.681096 59.090263
BONES 1
BONE 3 1.000000

VERT 180
OFFSET -2.634965 3.666214 59.174328
BONES 1
BONE 3 1.000000

VERT 181
OFFSET -2.612727 3.614287 59.090500
BONES 1
BONE 3 1.000000

VERT 182
OFFSET -2.513494 3.581211 59.156986
BONES 1
BONE 3 1.000000

VERT 183
OFFSET -2.557668 3.582086 59.024185
BONES 1
BONE 3 1.000000

VERT 184
OFFSET -2.636266 3.610448 58.952808
BONES 1
BONE 3 1.000000

VERT 185
OFFSET -2.512174 3.540700 58.952969
BONES 1
BONE 3 1.000000

VERT 186
OFFSET -2.466875 3.539769 59.097279
BONES 1
BONE 3 1.000000

VERT 187
OFFSET -2.446696 3.573011 59.241283
BONES 1
BONE 3 1.000000

VERT 188
OFFSET -2.519711 3.616103 59.241158
BONES 1
BONE 3 1.000000

VERT 189
OFFSET -2.522376 3.631057 59.277229
BONES 1
BONE 3 1.000000

VERT 190
OFFSET -2.464921 3.732568 59.278667
BONES 1
BONE 3 1.000000

VERT 191
OFFSET -2.398848 3.669719 59.261456
BONES 1
BONE 3 1.000000

VERT 192
OFFSET -2.350878 3.618136 59.229816
BONES 1
BONE 3 1.000000

VERT 193
OFFSET -2.350357 3.478713 59.177116
BONES 1
BONE 3 1.000000

VERT 194
OFFSET -2.302909 3.559471 59.198181
BONES 1
BONE 3 1.000000

VERT 195
OFFSET -2.188777 3.538912 59.250511
BONES 1
BONE 3 1.000000

VERT 196
OFFSET -2.335164 3.688117 59.352295
BONES 1
BONE 3 1.000000

VERT 197
OFFSET -2.432676 3.765081 59.379288
BONES 1
BONE 3 1.000000

VERT 198
OFFSET -2.590401 3.848327 59.336311
BONES 1
BONE 3 1.000000

VERT 199
OFFSET -2.576773 3.800478 59.238449
BONES 1
BONE 3 1.000000

VERT 200
OFFSET -2.622027 3.832006 59.398483
BONES 1
BONE 3 1.000000

VERT 201
OFFSET -2.401918 3.480085 59.012226
BONES 1
BONE 3 1.000000

VERT 202
OFFSET -2.360834 3.403632 58.918228
BONES 1
BONE 3 1.000000

VERT 203
OFFSET -2.485399 3.481776 58.880482
BONES 1
BONE 3 1.000000

VERT 204
OFFSET -2.356853 3.353284 58.890064
BONES 1
BONE 3 1.000000

VERT 205
OFFSET -2.355735 3.314466 58.860058
BONES 1
BONE 3 1.000000

VERT 206
OFFSET -2.357551 3.235709 58.839855
BONES 1
BONE 3 1.000000

VERT 207
OFFSET -2.691690 3.638429 59.016037
BONES 1
BONE 3 1.000000

VERT 208
OFFSET -2.965511 3.774410 58.990520
BONES 1
BONE 3 1.000000

VERT 209
OFFSET -2.350351 2.557312 57.682487
BONES 1
BONE 3 1.000000

VERT 210
OFFSET -2.372207 2.471217 57.713715
BONES 1
BONE 3 1.000000

VERT 211
OFFSET -2.404775 2.526936 57.665058
BONES 1
BONE 3 1.000000

VERT 212
OFFSET 0.341066 0.090219 56.848564
BONES 7
BONE 28 0.024648
BONE 33 0.772805
BONE 22 0.146445
BONE 23 0.056101
BONE 27 0.000000
BONE 26 0.000000
BONE 29 0.000000

VERT 213
OFFSET -0.162625 0.098078 56.308647
BONES 2
BONE 32 0.800000
BONE 3 0.200000

VERT 214
OFFSET -0.160691 0.196156 56.344654
BONES 2
BONE 32 0.800000
BONE 3 0.200000

VERT 215
OFFSET 0.330518 0.180368 56.850983
BONES 8
BONE 28 0.050345
BONE 32 0.016909
BONE 33 0.742534
BONE 22 0.190212
BONE 26 0.000000
BONE 23 0.000000
BONE 29 0.000000
BONE 27 0.000000

VERT 216
OFFSET -0.154630 0.348862 56.434357
BONES 2
BONE 32 0.800000
BONE 3 0.200000

VERT 217
OFFSET -0.453368 0.236177 56.260735
BONES 2
BONE 32 0.900000
BONE 3 0.100000

VERT 218
OFFSET -0.457697 0.118089 56.207134
BONES 2
BONE 32 0.900000
BONE 3 0.100000

VERT 219
OFFSET -0.441608 0.404690 56.340370
BONES 2
BONE 32 0.900000
BONE 3 0.100000

VERT 220
OFFSET -0.421842 0.563697 56.499279
BONES 2
BONE 32 0.900000
BONE 3 0.100000

VERT 221
OFFSET -0.136895 0.507838 56.550667
BONES 2
BONE 32 0.800000
BONE 3 0.200000

VERT 222
OFFSET 0.317386 0.265412 56.855900
BONES 8
BONE 28 0.100797
BONE 32 0.030555
BONE 33 0.673702
BONE 22 0.194946
BONE 26 0.000000
BONE 29 0.000000
BONE 23 0.000000
BONE 27 0.000000

VERT 223
OFFSET -0.011361 0.647345 56.833733
BONES 2
BONE 32 1.000000
BONE 3 0.000000

VERT 224
OFFSET 0.244187 0.534139 56.903130
BONES 9
BONE 32 0.203440
BONE 3 0.000000
BONE 33 0.538174
BONE 28 0.219073
BONE 26 0.039313
BONE 22 0.000000
BONE 29 0.000000
BONE 23 0.000000
BONE 27 0.000000

VERT 225
OFFSET 0.301357 0.342852 56.861858
BONES 8
BONE 32 0.046469
BONE 28 0.150115
BONE 33 0.616970
BONE 22 0.186446
BONE 26 0.000000
BONE 29 0.000000
BONE 23 0.000000
BONE 27 0.000000

VERT 226
OFFSET -0.302295 0.686530 56.872684
BONES 2
BONE 32 1.000000
BONE 3 0.000000

VERT 227
OFFSET 0.047656 0.633200 56.973873
BONES 2
BONE 32 1.000000
BONE 3 0.000000

VERT 228
OFFSET -0.567062 0.655468 56.812969
BONES 2
BONE 32 1.000000
BONE 3 0.000000

VERT 229
OFFSET -0.385854 0.551584 57.160145
BONES 2
BONE 32 1.000000
BONE 3 0.000000

VERT 230
OFFSET -0.672444 0.498917 57.045506
BONES 2
BONE 32 1.000000
BONE 3 0.000000

VERT 231
OFFSET -0.387963 0.430525 57.358681
BONES 2
BONE 32 1.000000
BONE 3 0.000000

VERT 232
OFFSET -0.008810 0.419260 57.319248
BONES 2
BONE 32 1.000000
BONE 3 0.000000

VERT 233
OFFSET -0.100307 0.569605 57.192986
BONES 2
BONE 32 1.000000
BONE 3 0.000000

VERT 234
OFFSET 0.158430 0.542875 57.203674
BONES 2
BONE 32 1.000000
BONE 3 0.000000

VERT 235
OFFSET 0.207144 0.492042 57.247787
BONES 2
BONE 32 1.000000
BONE 3 0.000000

VERT 236
OFFSET 0.072793 0.272500 57.449051
BONES 2
BONE 32 1.000000
BONE 3 0.000000

VERT 237
OFFSET -0.394773 0.269109 57.472168
BONES 2
BONE 32 1.000000
BONE 3 0.000000

VERT 238
OFFSET -0.837984 0.409075 57.007545
BONES 2
BONE 32 1.000000
BONE 3 0.000000

VERT 239
OFFSET -0.892233 0.281571 57.010109
BONES 2
BONE 32 1.000000
BONE 3 0.000000

VERT 240
OFFSET -0.887895 0.140786 57.005524
BONES 2
BONE 32 1.000000
BONE 3 0.000000

VERT 241
OFFSET -0.398839 0.131089 57.504704
BONES 2
BONE 32 1.000000
BONE 3 0.000000

VERT 242
OFFSET 0.299012 0.359997 57.330631
BONES 2
BONE 32 1.000000
BONE 3 0.000000

VERT 243
OFFSET 0.363403 0.198224 57.346863
BONES 2
BONE 32 1.000000
BONE 3 0.000000

VERT 244
OFFSET 0.315870 0.340763 56.909779
BONES 8
BONE 32 0.020141
BONE 28 0.156428
BONE 33 0.617996
BONE 26 0.205435
BONE 29 0.000000
BONE 22 0.000000
BONE 23 0.000000
BONE 27 0.000000

VERT 245
OFFSET 0.399201 0.099113 57.350605
BONES 2
BONE 32 1.000000
BONE 3 0.000000

VERT 246
OFFSET 0.105442 0.136153 57.494362
BONES 2
BONE 32 1.000000
BONE 3 0.000000

VERT 247
OFFSET -1.029649 0.158475 56.512680
BONES 2
BONE 32 1.000000
BONE 3 0.000000

VERT 248
OFFSET -0.883556 0.000000 57.000946
BONES 2
BONE 32 1.000000
BONE 3 0.000000

VERT 249
OFFSET 0.361163 0.091518 56.883343
BONES 7
BONE 28 0.024845
BONE 33 0.780016
BONE 26 0.139192
BONE 27 0.055947
BONE 29 0.000000
BONE 22 0.000000
BONE 23 0.000000

VERT 250
OFFSET -0.407982 0.000001 57.516041
BONES 2
BONE 32 1.000000
BONE 3 0.000000

VERT 251
OFFSET 0.359598 0.000001 56.873856
BONES 8
BONE 33 0.790964
BONE 3 0.000000
BONE 26 0.100010
BONE 27 0.109026
BONE 28 0.000000
BONE 29 0.000000
BONE 22 0.000000
BONE 23 0.000000

VERT 252
OFFSET -0.798940 0.138971 56.231998
BONES 2
BONE 32 0.855000
BONE 3 0.145000

VERT 253
OFFSET -0.805904 0.000000 56.221764
BONES 2
BONE 32 0.855000
BONE 3 0.145000

VERT 254
OFFSET -0.788482 0.277941 56.285206
BONES 2
BONE 32 0.855000
BONE 3 0.145000

VERT 255
OFFSET -1.021347 0.316949 56.525970
BONES 2
BONE 32 1.000000
BONE 3 0.000000

VERT 256
OFFSET -0.984817 0.450931 56.568348
BONES 2
BONE 32 1.000000
BONE 3 0.000000

VERT 257
OFFSET -0.764671 0.453841 56.367085
BONES 2
BONE 32 0.855000
BONE 3 0.145000

VERT 258
OFFSET -0.721653 0.593532 56.531033
BONES 2
BONE 32 0.855000
BONE 3 0.145000

VERT 259
OFFSET -0.874321 0.584913 56.674191
BONES 2
BONE 32 1.000000
BONE 3 0.000000

VERT 260
OFFSET -0.459267 0.000001 56.185211
BONES 2
BONE 32 0.900000
BONE 3 0.100000

VERT 261
OFFSET -0.162825 0.000001 56.296864
BONES 2
BONE 32 0.800000
BONE 3 0.200000

VERT 262
OFFSET -0.457697 -0.118088 56.207134
BONES 2
BONE 32 0.900000
BONE 3 0.100000

VERT 263
OFFSET -0.162625 -0.098077 56.308647
BONES 2
BONE 32 0.800000
BONE 3 0.200000

VERT 264
OFFSET -0.453368 -0.236176 56.260735
BONES 2
BONE 32 0.900000
BONE 3 0.100000

VERT 265
OFFSET 0.341067 -0.090218 56.848564
BONES 7
BONE 29 0.024763
BONE 33 0.778402
BONE 22 0.057181
BONE 23 0.139654
BONE 27 0.000000
BONE 26 0.000000
BONE 28 0.000000

VERT 266
OFFSET -0.160691 -0.196155 56.344654
BONES 2
BONE 32 0.800000
BONE 3 0.200000

VERT 267
OFFSET 0.330518 -0.180366 56.850983
BONES 8
BONE 29 0.050836
BONE 32 0.017183
BONE 33 0.754590
BONE 23 0.177391
BONE 27 0.000000
BONE 26 0.000000
BONE 22 0.000000
BONE 28 0.000000

VERT 268
OFFSET -0.798940 -0.138970 56.231998
BONES 2
BONE 32 0.855000
BONE 3 0.145000

VERT 269
OFFSET -0.788482 -0.277940 56.285206
BONES 2
BONE 32 0.855000
BONE 3 0.145000

VERT 270
OFFSET -0.441608 -0.404689 56.340370
BONES 2
BONE 32 0.900000
BONE 3 0.100000

VERT 271
OFFSET -0.154630 -0.348860 56.434357
BONES 2
BONE 32 0.800000
BONE 3 0.200000

VERT 272
OFFSET -0.421841 -0.563696 56.499279
BONES 2
BONE 32 0.900000
BONE 3 0.100000

VERT 273
OFFSET -0.136894 -0.507837 56.550667
BONES 2
BONE 32 0.800000
BONE 3 0.200000

VERT 274
OFFSET -0.011361 -0.647344 56.833733
BONES 2
BONE 32 1.000000
BONE 3 0.000000

VERT 275
OFFSET 0.249711 -0.524199 56.871338
BONES 8
BONE 32 0.194093
BONE 29 0.223729
BONE 33 0.581236
BONE 27 0.000390
BONE 23 0.000552
BONE 22 0.000000
BONE 26 0.000000
BONE 28 0.000000

VERT 276
OFFSET 0.244187 -0.534138 56.903130
BONES 9
BONE 32 0.207081
BONE 3 0.000000
BONE 33 0.547807
BONE 29 0.222278
BONE 27 0.022834
BONE 23 0.000000
BONE 22 0.000000
BONE 26 0.000000
BONE 28 0.000000

VERT 277
OFFSET 0.047656 -0.633199 56.973873
BONES 2
BONE 32 1.000000
BONE 3 0.000000

VERT 278
OFFSET -0.302294 -0.686529 56.872684
BONES 2
BONE 32 1.000000
BONE 3 0.000000

VERT 279
OFFSET -0.100307 -0.569604 57.192986
BONES 2
BONE 32 1.000000
BONE 3 0.000000

VERT 280
OFFSET -0.385853 -0.551583 57.160145
BONES 2
BONE 32 1.000000
BONE 3 0.000000

VERT 281
OFFSET -0.008810 -0.419259 57.319248
BONES 2
BONE 32 1.000000
BONE 3 0.000000

VERT 282
OFFSET -0.387963 -0.430524 57.358681
BONES 2
BONE 32 1.000000
BONE 3 0.000000

VERT 283
OFFSET -0.672444 -0.498916 57.045506
BONES 2
BONE 32 1.000000
BONE 3 0.000000

VERT 284
OFFSET -0.567061 -0.655467 56.812969
BONES 2
BONE 32 1.000000
BONE 3 0.000000

VERT 285
OFFSET 0.158430 -0.542874 57.203674
BONES 2
BONE 32 1.000000
BONE 3 0.000000

VERT 286
OFFSET 0.207144 -0.492040 57.247787
BONES 2
BONE 32 1.000000
BONE 3 0.000000

VERT 287
OFFSET 0.072793 -0.272498 57.449051
BONES 2
BONE 32 1.000000
BONE 3 0.000000

VERT 288
OFFSET -0.394773 -0.269108 57.472168
BONES 2
BONE 32 1.000000
BONE 3 0.000000

VERT 289
OFFSET -0.837984 -0.409074 57.007545
BONES 2
BONE 32 1.000000
BONE 3 0.000000

VERT 290
OFFSET -0.892233 -0.281570 57.010109
BONES 2
BONE 32 1.000000
BONE 3 0.000000

VERT 291
OFFSET -0.887895 -0.140785 57.005524
BONES 2
BONE 32 1.000000
BONE 3 0.000000

VERT 292
OFFSET -0.398839 -0.131087 57.504704
BONES 2
BONE 32 1.000000
BONE 3 0.000000

VERT 293
OFFSET 0.299012 -0.359995 57.330631
BONES 2
BONE 32 1.000000
BONE 3 0.000000

VERT 294
OFFSET 0.301411 -0.391858 56.914883
BONES 8
BONE 32 0.054824
BONE 29 0.162959
BONE 33 0.575267
BONE 27 0.206950
BONE 22 0.000000
BONE 23 0.000000
BONE 26 0.000000
BONE 28 0.000000

VERT 295
OFFSET 0.363403 -0.198223 57.346863
BONES 2
BONE 32 1.000000
BONE 3 0.000000

VERT 296
OFFSET 0.333831 -0.269696 56.902130
BONES 8
BONE 32 0.015896
BONE 29 0.107317
BONE 33 0.678872
BONE 27 0.197915
BONE 26 0.000000
BONE 28 0.000000
BONE 22 0.000000
BONE 23 0.000000

VERT 297
OFFSET 0.315870 -0.340761 56.909779
BONES 8
BONE 32 0.020152
BONE 29 0.155474
BONE 33 0.618343
BONE 27 0.206031
BONE 26 0.000000
BONE 28 0.000000
BONE 22 0.000000
BONE 23 0.000000

VERT 298
OFFSET -1.029649 -0.158474 56.512680
BONES 2
BONE 32 1.000000
BONE 3 0.000000

VERT 299
OFFSET -1.034471 0.000000 56.510818
BONES 2
BONE 32 1.000000
BONE 3 0.000000

VERT 300
OFFSET 0.399201 -0.099111 57.350605
BONES 2
BONE 32 1.000000
BONE 3 0.000000

VERT 301
OFFSET 0.361163 -0.091517 56.883343
BONES 7
BONE 29 0.024983
BONE 33 0.780866
BONE 26 0.055541
BONE 27 0.138610
BONE 28 0.000000
BONE 22 0.000000
BONE 23 0.000000

VERT 302
OFFSET 0.105442 -0.136152 57.494362
BONES 2
BONE 32 1.000000
BONE 3 0.000000

VERT 303
OFFSET 0.409426 0.000001 57.354355
BONES 2
BONE 32 1.000000
BONE 3 0.000000

VERT 304
OFFSET 0.115226 0.000001 57.509098
BONES 2
BONE 32 1.000000
BONE 3 0.000000

VERT 305
OFFSET -1.021347 -0.316948 56.525970
BONES 2
BONE 32 1.000000
BONE 3 0.000000

VERT 306
OFFSET -0.764670 -0.453840 56.367085
BONES 2
BONE 32 0.855000
BONE 3 0.145000

VERT 307
OFFSET -0.984817 -0.450930 56.568348
BONES 2
BONE 32 1.000000
BONE 3 0.000000

VERT 308
OFFSET -0.721653 -0.593531 56.531033
BONES 2
BONE 32 0.855000
BONE 3 0.145000

VERT 309
OFFSET -0.874321 -0.584912 56.674191
BONES 2
BONE 32 1.000000
BONE 3 0.000000

VERT 310
OFFSET -2.118138 0.974889 56.222889
BONES 1
BONE 3 1.000000

VERT 311
OFFSET -2.071556 1.021493 56.329330
BONES 1
BONE 3 1.000000

VERT 312
OFFSET -2.252767 1.107172 56.416763
BONES 1
BONE 3 1.000000

VERT 313
OFFSET -2.185425 1.161502 56.512749
BONES 1
BONE 3 1.000000

VERT 314
OFFSET -1.994251 1.089579 56.415455
BONES 1
BONE 3 1.000000

VERT 315
OFFSET -2.091757 1.253895 56.603970
BONES 1
BONE 3 1.000000

VERT 316
OFFSET -2.373186 1.227618 56.606533
BONES 1
BONE 3 1.000000

VERT 317
OFFSET -2.277835 1.317961 56.689583
BONES 1
BONE 3 1.000000

VERT 318
OFFSET -2.159285 1.435421 56.787651
BONES 1
BONE 3 1.000000

VERT 319
OFFSET -2.333876 1.502762 56.889874
BONES 1
BONE 3 1.000000

VERT 320
OFFSET -2.459730 1.383810 56.802795
BONES 1
BONE 3 1.000000

VERT 321
OFFSET -2.562175 1.292749 56.712875
BONES 1
BONE 3 1.000000

VERT 322
OFFSET -2.434979 1.182653 56.495941
BONES 1
BONE 3 1.000000

VERT 323
OFFSET -2.190932 1.652747 56.975555
BONES 1
BONE 3 1.000000

VERT 324
OFFSET -2.370534 1.702840 57.089893
BONES 1
BONE 3 1.000000

VERT 325
OFFSET -2.507637 1.562968 57.005016
BONES 1
BONE 3 1.000000

VERT 326
OFFSET -2.638681 1.428758 56.922688
BONES 1
BONE 3 1.000000

VERT 327
OFFSET -2.726478 1.338899 56.805656
BONES 1
BONE 3 1.000000

VERT 328
OFFSET -2.804747 1.459707 57.023731
BONES 1
BONE 3 1.000000

VERT 329
OFFSET -2.684886 1.595501 57.121758
BONES 1
BONE 3 1.000000

VERT 330
OFFSET -2.873806 1.603972 57.265614
BONES 1
BONE 3 1.000000

VERT 331
OFFSET -2.711011 1.841300 57.399128
BONES 1
BONE 3 1.000000

VERT 332
OFFSET -2.543375 1.758327 57.219582
BONES 1
BONE 3 1.000000

VERT 333
OFFSET -2.542506 1.983373 57.429920
BONES 1
BONE 3 1.000000

VERT 334
OFFSET -2.691722 2.096573 57.644142
BONES 1
BONE 3 1.000000

VERT 335
OFFSET -2.526379 2.183513 57.594154
BONES 1
BONE 3 1.000000

VERT 336
OFFSET -2.385080 2.123706 57.462955
BONES 1
BONE 3 1.000000

VERT 337
OFFSET -2.385079 1.915882 57.284855
BONES 1
BONE 3 1.000000

VERT 338
OFFSET -2.215590 1.859648 57.160641
BONES 1
BONE 3 1.000000

VERT 339
OFFSET -2.029179 1.812458 57.046833
BONES 1
BONE 3 1.000000

VERT 340
OFFSET -2.229273 2.062395 57.343018
BONES 1
BONE 3 1.000000

VERT 341
OFFSET -2.503836 2.332361 57.691483
BONES 1
BONE 3 1.000000

VERT 342
OFFSET -2.396339 2.297555 57.619820
BONES 1
BONE 3 1.000000

VERT 343
OFFSET -2.682963 2.491706 57.809872
BONES 1
BONE 3 1.000000

VERT 344
OFFSET -2.822504 2.268739 57.836826
BONES 1
BONE 3 1.000000

VERT 345
OFFSET -2.249292 2.243825 57.517647
BONES 1
BONE 3 1.000000

VERT 346
OFFSET -2.274051 2.399353 57.688217
BONES 1
BONE 3 1.000000

VERT 347
OFFSET -2.288664 2.540548 57.810749
BONES 1
BONE 3 1.000000

VERT 348
OFFSET -2.160584 2.471551 57.759991
BONES 2
BONE 3 0.990008
BONE 35 0.009992

VERT 349
OFFSET -2.117074 2.342412 57.588444
BONES 1
BONE 3 1.000000

VERT 350
OFFSET -2.079694 2.186816 57.413052
BONES 1
BONE 3 1.000000

VERT 351
OFFSET -2.051109 2.009086 57.236794
BONES 1
BONE 3 1.000000

VERT 352
OFFSET -1.856961 1.957521 57.120541
BONES 1
BONE 3 1.000000

VERT 353
OFFSET -1.824951 1.763965 56.938808
BONES 1
BONE 3 1.000000

VERT 354
OFFSET -1.936523 2.288894 57.499474
BONES 1
BONE 3 1.000000

VERT 355
OFFSET -1.983089 2.419208 57.685471
BONES 2
BONE 3 0.971221
BONE 35 0.028779

VERT 356
OFFSET -1.893489 2.133580 57.309914
BONES 1
BONE 3 1.000000

VERT 357
OFFSET -1.700728 2.074741 57.202923
BONES 1
BONE 3 1.000000

VERT 358
OFFSET -1.745213 2.231429 57.391556
BONES 2
BONE 3 0.979139
BONE 35 0.020861

VERT 359
OFFSET -1.551105 2.168860 57.291019
BONES 2
BONE 3 0.959695
BONE 35 0.040305

VERT 360
OFFSET -1.501971 2.020392 57.097134
BONES 1
BONE 3 1.000000

VERT 361
OFFSET -1.658578 1.902956 57.014969
BONES 1
BONE 3 1.000000

VERT 362
OFFSET -1.348187 2.109752 57.189625
BONES 2
BONE 35 0.040073
BONE 3 0.959927

VERT 363
OFFSET -1.300546 1.945056 56.981598
BONES 1
BONE 3 1.000000

VERT 364
OFFSET -1.457685 1.831037 56.894329
BONES 1
BONE 3 1.000000

VERT 365
OFFSET -1.242821 1.770801 56.777012
BONES 1
BONE 3 1.000000

VERT 366
OFFSET -1.617012 1.702787 56.815075
BONES 1
BONE 3 1.000000

VERT 367
OFFSET -1.405143 1.640119 56.696659
BONES 1
BONE 3 1.000000

VERT 368
OFFSET -1.569174 1.504817 56.624580
BONES 1
BONE 3 1.000000

VERT 369
OFFSET -1.781066 1.560834 56.741119
BONES 1
BONE 3 1.000000

VERT 370
OFFSET -1.731712 1.347171 56.564194
BONES 1
BONE 3 1.000000

VERT 371
OFFSET -1.525174 1.286678 56.449066
BONES 1
BONE 3 1.000000

