// Export time: Mon Nov 16 22:59:59 2020

// Exported using Blender v2.90.1
// Export filename: 'E:/blackops3/mod_xmodel/iw4/m1903/ch_head_gk_m1903_lod2.XMODEL_EXPORT'
// Source filename: 'E:/blackops3/mod_xmodel/iw4/m1903/m1903.blend'
MODEL
VERSION 6

NUMBONES 54
BONE 0 -1 "tag_origin"
BONE 1 0 "j_spineupper"
BONE 2 1 "j_neck"
BONE 3 2 "j_head"
BONE 4 3 "j_brow_le"
BONE 5 3 "j_brow_ri"
BONE 6 3 "j_browouter_le"
BONE 7 3 "j_browouter_ri"
BONE 8 3 "j_cheek_le"
BONE 9 3 "j_cheek_ri"
BONE 10 3 "j_cheeklower_le"
BONE 11 3 "j_cheeklower_ri"
BONE 12 3 "j_eye_lid_bot_le"
BONE 13 3 "j_eye_lid_bot_ri"
BONE 14 3 "j_eye_lid_top_le"
BONE 15 3 "j_eye_lid_top_ri"
BONE 16 3 "j_eyeball_le"
BONE 17 3 "j_eyeball_ri"
BONE 18 3 "j_head_end"
BONE 19 18 "j_helmet"
BONE 20 3 "j_jaw"
BONE 21 20 "j_chin_skinroll"
BONE 22 20 "j_lip_bot_le"
BONE 23 20 "j_lip_bot_ri"
BONE 24 3 "j_levator_le"
BONE 25 3 "j_levator_ri"
BONE 26 3 "j_lip_top_le"
BONE 27 3 "j_lip_top_ri"
BONE 28 3 "j_mouth_le"
BONE 29 3 "j_mouth_ri"
BONE 30 3 "j_nvg"
BONE 31 3 "tag_eye"
BONE 32 3 "MouthCavity"
BONE 33 3 "MouthMove"
BONE 34 3 "Eye_Rz_L"
BONE 35 34 "CheekUp2_L"
BONE 36 34 "Eye01_S_L"
BONE 37 34 "Eye02_S_L"
BONE 38 34 "Eye03_S_L"
BONE 39 34 "Eye04_S_L"
BONE 40 34 "Eye05_S_L"
BONE 41 34 "Eye06_S_L"
BONE 42 34 "Eye07_S_L"
BONE 43 34 "Eye08_S_L"
BONE 44 3 "Eye_Rz_R"
BONE 45 44 "CheekUp2_R"
BONE 46 44 "Eye01_S_R"
BONE 47 44 "Eye02_S_R"
BONE 48 44 "Eye03_S_R"
BONE 49 44 "Eye04_S_R"
BONE 50 44 "Eye05_S_R"
BONE 51 44 "Eye06_S_R"
BONE 52 44 "Eye07_S_R"
BONE 53 44 "Eye08_S_R"

BONE 0
OFFSET 0.000000 0.000000 0.000000
SCALE 1.000000 1.000000 1.000000
X 1.000000 0.000000 0.000000
Y 0.000000 1.000000 0.000000
Z 0.000000 0.000000 1.000000

BONE 1
OFFSET -2.494701 0.000207 46.434940
SCALE 1.000000 1.000000 1.000000
X 0.020433 -0.000062 0.999791
Y 0.999791 0.000062 -0.020433
Z -0.000060 1.000000 0.000063

BONE 2
OFFSET -2.724489 0.000000 54.036266
SCALE 1.000000 1.000000 1.000000
X 0.309746 -0.000043 0.950819
Y 0.950819 0.000075 -0.309746
Z -0.000058 1.000000 0.000065

BONE 3
OFFSET -2.724488 0.000000 56.457703
SCALE 1.000000 1.000000 1.000000
X 0.216390 -0.000041 0.976307
Y 0.976307 0.000072 -0.216390
Z -0.000061 1.000000 0.000055

BONE 4
OFFSET 1.074486 1.333249 60.298626
SCALE 1.000000 1.000000 1.000000
X 0.000649 1.000000 -0.000112
Y -0.998862 0.000644 -0.047685
Z -0.047685 0.000143 0.998863

BONE 5
OFFSET 1.084291 -1.357670 60.301300
SCALE 1.000000 1.000000 1.000000
X 0.000010 1.000000 0.000097
Y 0.998891 -0.000014 0.047080
Z 0.047080 0.000097 -0.998891

BONE 6
OFFSET 0.712896 2.277034 60.398926
SCALE 1.000000 1.000000 1.000000
X 0.000632 1.000000 -0.000129
Y -0.998866 0.000625 -0.047600
Z -0.047599 0.000159 0.998866

BONE 7
OFFSET 0.742625 -2.249454 60.395012
SCALE 1.000000 1.000000 1.000000
X 0.000002 1.000000 0.000096
Y 0.998896 -0.000006 0.046986
Z 0.046986 0.000096 -0.998896

BONE 8
OFFSET -0.384594 1.706458 58.559166
SCALE 1.000000 1.000000 1.000000
X 0.000645 1.000000 -0.000130
Y -0.998871 0.000638 -0.047506
Z -0.047506 0.000160 0.998871

BONE 9
OFFSET -0.402980 -1.637942 58.618580
SCALE 1.000000 1.000000 1.000000
X 0.000007 1.000000 0.000094
Y 0.998887 -0.000012 0.047161
Z 0.047161 0.000093 -0.998887

BONE 10
OFFSET -0.393820 1.533314 57.477131
SCALE 1.000000 1.000000 1.000000
X 0.170244 0.000001 0.985402
Y 0.985402 0.000010 -0.170244
Z -0.000010 1.000000 0.000001

BONE 11
OFFSET -0.353196 -1.530741 57.504662
SCALE 1.000000 1.000000 1.000000
X 0.170334 0.000000 0.985386
Y 0.985386 0.000018 -0.170334
Z -0.000018 1.000000 0.000003

BONE 12
OFFSET -0.620605 1.038285 59.061363
SCALE 1.000000 1.000000 1.000000
X -0.065616 0.997118 0.038025
Y -0.996949 -0.063895 -0.044840
Z -0.042281 -0.040852 0.998270

BONE 13
OFFSET -0.620316 -0.990538 59.055294
SCALE 1.000000 1.000000 1.000000
X 0.066604 0.997041 -0.038387
Y 0.996918 -0.064899 0.044067
Z 0.041446 -0.041204 -0.998291

BONE 14
OFFSET -0.620212 1.037364 59.128742
SCALE 1.000000 1.000000 1.000000
X -0.065487 0.997126 0.037989
Y -0.996960 -0.063772 -0.044757
Z -0.042206 -0.040806 0.998275

BONE 15
OFFSET -0.619637 -0.991776 59.116570
SCALE 1.000000 1.000000 1.000000
X 0.066551 0.997045 -0.038383
Y 0.996940 -0.064864 0.043642
Z 0.041023 -0.041170 -0.998310

BONE 16
OFFSET -2.097940 0.968687 59.015656
SCALE 1.000000 1.000000 1.000000
X -0.205905 0.978519 -0.010104
Y -0.977362 -0.206153 -0.047594
Z -0.048654 0.000075 0.998815

BONE 17
OFFSET -2.097937 -0.967560 59.015663
SCALE 1.000000 1.000000 1.000000
X 0.207726 0.978138 0.009787
Y 0.977074 -0.207957 0.045620
Z 0.046658 0.000086 -0.998911

BONE 18
OFFSET -2.530040 0.000047 61.629875
SCALE 1.000000 1.000000 1.000000
X 0.170249 0.000011 0.985401
Y 0.985401 -0.000000 -0.170249
Z -0.000002 1.000000 -0.000011

BONE 19
OFFSET -3.424383 0.000050 62.751938
SCALE 1.000000 1.000000 1.000000
X 0.995880 -0.000059 0.090684
Y 0.000074 1.000000 -0.000171
Z -0.090684 0.000177 0.995880

BONE 20
OFFSET -2.271202 0.000479 56.778847
SCALE 1.000000 1.000000 1.000000
X 0.000646 1.000000 -0.000098
Y -0.998855 0.000642 -0.047854
Z -0.047854 0.000129 0.998855

BONE 21
OFFSET 0.458193 -0.001447 55.166122
SCALE 1.000000 1.000000 1.000000
X 0.000646 1.000000 -0.000100
Y -0.998867 0.000642 -0.047599
Z -0.047599 0.000131 0.998867

BONE 22
OFFSET 0.381639 0.266430 56.792156
SCALE 1.000000 1.000000 1.000000
X 0.000645 1.000000 -0.000084
Y -0.998859 0.000642 -0.047768
Z -0.047768 0.000115 0.998859

BONE 23
OFFSET 0.381639 -0.265304 56.792156
SCALE 1.000000 1.000000 1.000000
X 0.001046 1.000000 0.000021
Y 0.998871 -0.000385 0.047509
Z 0.047016 -0.000029 -0.998894

BONE 24
OFFSET 0.370466 0.513224 58.249264
SCALE 1.000000 1.000000 1.000000
X 0.000649 0.999995 -0.000073
Y -0.998862 0.000644 -0.047680
Z -0.047680 0.000104 0.998863

BONE 25
OFFSET 0.392974 -0.493148 58.254398
SCALE 1.000000 1.000000 1.000000
X 0.000014 1.000000 0.000077
Y 0.998887 -0.000018 0.047166
Z 0.047166 0.000077 -0.998887

BONE 26
OFFSET 0.443526 0.266430 56.955730
SCALE 1.000000 1.000000 1.000000
X 0.000646 1.000000 -0.000085
Y -0.998862 0.000642 -0.047684
Z -0.047684 0.000115 0.998863

BONE 27
OFFSET 0.443526 -0.265304 56.955730
SCALE 1.000000 1.000000 1.000000
X 0.000011 1.000000 0.000091
Y 0.998891 -0.000016 0.047077
Z 0.047077 0.000091 -0.998891

BONE 28
OFFSET 0.323814 0.539016 56.899384
SCALE 1.000000 1.000000 1.000000
X 0.000649 1.000000 -0.000115
Y -0.998863 0.000644 -0.047681
Z -0.047681 0.000146 0.998863

BONE 29
OFFSET 0.323814 -0.537890 56.899380
SCALE 1.000000 1.000000 1.000000
X 0.000011 1.000000 0.000106
Y 0.998887 -0.000016 0.047166
Z 0.047166 0.000105 -0.998887

BONE 30
OFFSET 1.747283 0.000050 60.850086
SCALE 1.000000 1.000000 1.000000
X 0.985418 0.000003 -0.170149
Y -0.170149 0.000000 -0.985418
Z -0.000003 1.000000 0.000001

BONE 31
OFFSET -0.022168 0.000481 58.921162
SCALE 1.000000 1.000000 1.000000
X 0.922509 -0.000059 0.385976
Y 0.000064 1.000000 -0.000000
Z -0.385976 0.000025 0.922509

BONE 32
OFFSET -0.475108 0.000001 56.866577
SCALE 1.000000 1.000000 1.000000
X -0.000000 1.000000 0.000000
Y 0.000000 -0.000000 1.000000
Z 1.000000 0.000000 -0.000000

BONE 33
OFFSET 0.427414 0.000001 56.866577
SCALE 1.000000 1.000000 1.000000
X -0.000000 1.000000 -0.000000
Y 0.000000 -0.000000 1.000000
Z 1.000000 0.000000 -0.000000

BONE 34
OFFSET -0.566308 1.521361 59.375961
SCALE 1.000000 1.000000 1.000000
X -0.000000 1.000000 -0.000000
Y 0.000000 0.000000 1.000000
Z 1.000000 0.000000 0.000000

BONE 35
OFFSET -0.763618 1.645426 58.304527
SCALE 1.000000 1.000000 1.000000
X -0.000000 1.000000 -0.000000
Y -0.000000 -0.000000 1.000000
Z 1.000000 0.000000 0.000000

BONE 36
OFFSET 0.239664 0.773981 59.171917
SCALE 1.000000 1.000000 1.000000
X -0.000000 1.000000 0.000000
Y -0.000000 -0.000000 1.000000
Z 1.000000 0.000000 0.000000

BONE 37
OFFSET 0.198870 1.116793 59.388699
SCALE 1.000000 1.000000 1.000000
X -0.000000 1.000000 -0.000000
Y -0.000000 -0.000000 1.000000
Z 1.000000 0.000000 0.000000

BONE 38
OFFSET 0.068330 1.685714 59.267887
SCALE 1.000000 1.000000 1.000000
X -0.000000 1.000000 -0.000000
Y -0.000000 -0.000000 1.000000
Z 1.000000 0.000000 0.000000

BONE 39
OFFSET -0.048700 2.110669 59.314823
SCALE 1.000000 1.000000 1.000000
X -0.000000 1.000000 -0.000000
Y -0.000000 0.000000 1.000000
Z 1.000000 0.000000 0.000000

BONE 40
OFFSET -0.438177 2.436650 58.423409
SCALE 1.000000 1.000000 1.000000
X -0.000000 1.000000 -0.000000
Y 0.000000 0.000000 1.000000
Z 1.000000 0.000000 0.000000

BONE 41
OFFSET -0.243764 2.139206 58.861019
SCALE 1.000000 1.000000 1.000000
X -0.000000 1.000000 0.000000
Y -0.000000 -0.000000 1.000000
Z 1.000000 0.000000 0.000000

BONE 42
OFFSET -0.066504 1.557715 58.624695
SCALE 1.000000 1.000000 1.000000
X -0.000000 1.000000 -0.000000
Y -0.000000 -0.000000 1.000000
Z 1.000000 0.000000 0.000000

BONE 43
OFFSET 0.114169 0.998155 58.753231
SCALE 1.000000 1.000000 1.000000
X -0.000000 1.000000 -0.000000
Y -0.000000 0.000000 1.000000
Z 1.000000 0.000000 0.000000

BONE 44
OFFSET -0.566308 -1.521397 59.376003
SCALE 1.000000 1.000000 1.000000
X -0.000000 1.000000 -0.000000
Y 0.000000 0.000000 1.000000
Z 1.000000 0.000000 -0.000000

BONE 45
OFFSET -0.763616 -1.645461 58.304558
SCALE 1.000000 1.000000 1.000000
X -0.000000 1.000000 -0.000000
Y 0.000000 -0.000000 1.000000
Z 1.000000 0.000000 0.000000

BONE 46
OFFSET 0.237890 -0.773660 59.170918
SCALE 1.000000 1.000000 1.000000
X -0.000000 1.000000 -0.000000
Y 0.000000 -0.000000 1.000000
Z 1.000000 0.000000 0.000000

BONE 47
OFFSET 0.198818 -1.116020 59.388863
SCALE 1.000000 1.000000 1.000000
X -0.000000 1.000000 -0.000000
Y 0.000000 -0.000000 1.000000
Z 1.000000 0.000000 0.000000

BONE 48
OFFSET 0.076514 -1.640065 59.260677
SCALE 1.000000 1.000000 1.000000
X -0.000000 1.000000 -0.000000
Y 0.000000 0.000000 1.000000
Z 1.000000 0.000000 0.000000

BONE 49
OFFSET -0.047542 -2.111448 59.314632
SCALE 1.000000 1.000000 1.000000
X -0.000000 1.000000 -0.000000
Y 0.000000 0.000000 1.000000
Z 1.000000 0.000000 0.000000

BONE 50
OFFSET -0.438195 -2.438060 58.423595
SCALE 1.000000 1.000000 1.000000
X -0.000000 1.000000 -0.000000
Y -0.000000 0.000000 1.000000
Z 1.000000 0.000000 0.000000

BONE 51
OFFSET -0.243030 -2.138408 58.861862
SCALE 1.000000 1.000000 1.000000
X -0.000000 1.000000 -0.000000
Y 0.000000 -0.000000 1.000000
Z 1.000000 0.000000 0.000000

BONE 52
OFFSET -0.067133 -1.556874 58.625557
SCALE 1.000000 1.000000 1.000000
X -0.000000 1.000000 -0.000000
Y 0.000000 -0.000000 1.000000
Z 1.000000 0.000000 0.000000

BONE 53
OFFSET 0.112769 -0.998506 58.752369
SCALE 1.000000 1.000000 1.000000
X -0.000000 1.000000 -0.000000
Y 0.000000 0.000000 1.000000
Z 1.000000 0.000000 0.000000


NUMVERTS 2037
VERT 0
OFFSET -2.747040 3.480951 59.222958
BONES 1
BONE 3 1.000000

VERT 1
OFFSET -2.747398 3.369589 59.287548
BONES 1
BONE 3 1.000000

VERT 2
OFFSET -2.876546 3.585743 59.106174
BONES 1
BONE 3 1.000000

VERT 3
OFFSET -3.117805 3.257501 58.992432
BONES 1
BONE 3 1.000000

VERT 4
OFFSET -3.094421 3.348264 58.738148
BONES 1
BONE 3 1.000000

VERT 5
OFFSET -3.108236 3.484457 58.603447
BONES 1
BONE 3 1.000000

VERT 6
OFFSET -2.572591 3.464070 59.273808
BONES 1
BONE 3 1.000000

VERT 7
OFFSET -2.716491 3.570101 59.248672
BONES 1
BONE 3 1.000000

VERT 8
OFFSET -2.926036 3.825410 59.278194
BONES 1
BONE 3 1.000000

VERT 9
OFFSET -2.458802 3.578524 59.428738
BONES 1
BONE 3 1.000000

VERT 10
OFFSET -2.187783 3.387051 59.314457
BONES 1
BONE 3 1.000000

VERT 11
OFFSET -2.685639 3.739393 59.410320
BONES 1
BONE 3 1.000000

VERT 12
OFFSET -2.454451 3.739279 59.429699
BONES 1
BONE 3 1.000000

VERT 13
OFFSET -2.294372 3.608814 59.392384
BONES 1
BONE 3 1.000000

VERT 14
OFFSET -2.380289 3.731533 59.374001
BONES 1
BONE 3 1.000000

VERT 15
OFFSET -2.052338 3.295861 59.213978
BONES 1
BONE 3 1.000000

VERT 16
OFFSET -2.106014 3.400932 59.250862
BONES 1
BONE 3 1.000000

VERT 17
OFFSET -1.905069 3.223169 59.059090
BONES 2
BONE 3 0.986112
BONE 35 0.013888

VERT 18
OFFSET -2.013513 3.271124 59.035126
BONES 1
BONE 3 1.000000

VERT 19
OFFSET -2.139073 3.483193 59.209969
BONES 1
BONE 3 1.000000

VERT 20
OFFSET -2.159915 3.297397 58.947227
BONES 1
BONE 3 1.000000

VERT 21
OFFSET -2.225323 3.448064 59.121731
BONES 1
BONE 3 1.000000

VERT 22
OFFSET -2.328158 3.468624 59.161320
BONES 1
BONE 3 1.000000

VERT 23
OFFSET -2.234038 3.224133 58.895985
BONES 1
BONE 3 1.000000

VERT 24
OFFSET -2.233919 3.312549 58.964157
BONES 1
BONE 3 1.000000

VERT 25
OFFSET -2.238920 3.125986 58.802177
BONES 1
BONE 3 1.000000

VERT 26
OFFSET -2.151788 3.128995 58.679165
BONES 1
BONE 3 1.000000

VERT 27
OFFSET -2.264218 2.979220 58.661060
BONES 1
BONE 3 1.000000

VERT 28
OFFSET -2.501628 3.122107 58.801685
BONES 1
BONE 3 1.000000

VERT 29
OFFSET -2.481067 3.247281 58.783726
BONES 1
BONE 3 1.000000

VERT 30
OFFSET -2.340565 3.030084 58.480251
BONES 1
BONE 3 1.000000

VERT 31
OFFSET -2.360428 2.961920 58.526966
BONES 1
BONE 3 1.000000

VERT 32
OFFSET -2.357753 2.883576 58.529823
BONES 1
BONE 3 1.000000

VERT 33
OFFSET -2.187693 2.908458 58.341957
BONES 2
BONE 35 0.025027
BONE 3 0.974973

VERT 34
OFFSET -2.342869 2.843403 58.232113
BONES 1
BONE 3 1.000000

VERT 35
OFFSET -2.225019 2.841451 58.190887
BONES 1
BONE 3 1.000000

VERT 36
OFFSET -2.040338 2.991141 58.469852
BONES 2
BONE 35 0.027079
BONE 3 0.972921

VERT 37
OFFSET -2.239249 2.753657 57.951721
BONES 1
BONE 3 1.000000

VERT 38
OFFSET -2.235135 2.598481 57.882359
BONES 1
BONE 3 1.000000

VERT 39
OFFSET -2.386573 2.828601 57.933033
BONES 1
BONE 3 1.000000

VERT 40
OFFSET -2.612776 2.941477 58.278378
BONES 1
BONE 3 1.000000

VERT 41
OFFSET -2.613492 2.965081 58.513195
BONES 1
BONE 3 1.000000

VERT 42
OFFSET -2.601384 2.964306 57.947727
BONES 1
BONE 3 1.000000

VERT 43
OFFSET -2.647822 3.043160 58.156452
BONES 1
BONE 3 1.000000

VERT 44
OFFSET -2.473075 2.851266 57.699932
BONES 1
BONE 3 1.000000

VERT 45
OFFSET -2.265655 2.668977 57.763702
BONES 1
BONE 3 1.000000

VERT 46
OFFSET -2.330639 2.661206 57.645569
BONES 1
BONE 3 1.000000

VERT 47
OFFSET -2.494755 2.744782 57.591171
BONES 1
BONE 3 1.000000

VERT 48
OFFSET -2.442186 2.610066 57.604675
BONES 1
BONE 3 1.000000

VERT 49
OFFSET -2.595918 2.731751 57.631241
BONES 1
BONE 3 1.000000

VERT 50
OFFSET -2.493016 2.470307 57.692112
BONES 1
BONE 3 1.000000

VERT 51
OFFSET -2.700878 2.992879 57.698433
BONES 1
BONE 3 1.000000

VERT 52
OFFSET -2.803488 2.898696 57.762470
BONES 1
BONE 3 1.000000

VERT 53
OFFSET -2.985445 3.159524 57.931408
BONES 1
BONE 3 1.000000

VERT 54
OFFSET -2.962396 2.968093 58.037395
BONES 1
BONE 3 1.000000

VERT 55
OFFSET -2.869838 2.620587 57.953205
BONES 1
BONE 3 1.000000

VERT 56
OFFSET -3.025427 3.109158 58.176994
BONES 1
BONE 3 1.000000

VERT 57
OFFSET -2.938082 3.280537 57.902790
BONES 1
BONE 3 1.000000

VERT 58
OFFSET -3.041138 3.520463 58.161701
BONES 1
BONE 3 1.000000

VERT 59
OFFSET -3.113548 3.359205 58.099579
BONES 1
BONE 3 1.000000

VERT 60
OFFSET -2.830290 3.220525 58.005283
BONES 1
BONE 3 1.000000

VERT 61
OFFSET -3.014573 3.475656 58.261211
BONES 1
BONE 3 1.000000

VERT 62
OFFSET -2.824026 3.390967 58.220875
BONES 1
BONE 3 1.000000

VERT 63
OFFSET -2.692442 3.171393 58.048149
BONES 1
BONE 3 1.000000

VERT 64
OFFSET -2.745405 3.335894 58.236691
BONES 1
BONE 3 1.000000

VERT 65
OFFSET -2.743825 3.247572 58.373486
BONES 1
BONE 3 1.000000

VERT 66
OFFSET -2.752685 3.455688 58.551556
BONES 1
BONE 3 1.000000

VERT 67
OFFSET -2.710274 3.326621 58.598812
BONES 1
BONE 3 1.000000

VERT 68
OFFSET -2.835485 3.521175 58.512722
BONES 1
BONE 3 1.000000

VERT 69
OFFSET -2.540748 3.066408 58.696815
BONES 1
BONE 3 1.000000

VERT 70
OFFSET -2.584277 3.268717 58.700344
BONES 1
BONE 3 1.000000

VERT 71
OFFSET -2.597139 3.539018 58.783936
BONES 1
BONE 3 1.000000

VERT 72
OFFSET -2.473840 3.402636 58.824989
BONES 1
BONE 3 1.000000

VERT 73
OFFSET -2.700969 3.611279 58.769489
BONES 1
BONE 3 1.000000

VERT 74
OFFSET -2.917879 3.626606 58.635326
BONES 1
BONE 3 1.000000

VERT 75
OFFSET -2.588843 3.584828 58.902775
BONES 1
BONE 3 1.000000

VERT 76
OFFSET -2.780662 3.648625 58.882977
BONES 1
BONE 3 1.000000

VERT 77
OFFSET -2.853565 3.700337 58.904392
BONES 1
BONE 3 1.000000

VERT 78
OFFSET -2.909058 3.722591 59.011990
BONES 1
BONE 3 1.000000

VERT 79
OFFSET -3.018007 3.705123 58.810585
BONES 1
BONE 3 1.000000

VERT 80
OFFSET -3.063023 3.693298 58.643284
BONES 1
BONE 3 1.000000

VERT 81
OFFSET -3.021771 3.761301 58.830051
BONES 1
BONE 3 1.000000

VERT 82
OFFSET -3.063099 3.685637 58.496834
BONES 1
BONE 3 1.000000

VERT 83
OFFSET -3.008292 3.581917 58.459507
BONES 1
BONE 3 1.000000

VERT 84
OFFSET -3.065006 3.759036 58.526669
BONES 1
BONE 3 1.000000

VERT 85
OFFSET -3.149035 3.583264 58.249390
BONES 1
BONE 3 1.000000

VERT 86
OFFSET -2.976796 3.823715 58.812840
BONES 1
BONE 3 1.000000

VERT 87
OFFSET -2.995139 3.917027 58.888882
BONES 1
BONE 3 1.000000

VERT 88
OFFSET -3.163287 3.786674 58.549042
BONES 1
BONE 3 1.000000

VERT 89
OFFSET -3.212920 3.684653 58.596725
BONES 1
BONE 3 1.000000

VERT 90
OFFSET -3.075707 3.933249 58.938084
BONES 1
BONE 3 1.000000

VERT 91
OFFSET -3.143746 3.805794 59.012268
BONES 1
BONE 3 1.000000

VERT 92
OFFSET -3.025569 3.574202 58.866634
BONES 1
BONE 3 1.000000

VERT 93
OFFSET -2.830531 3.851117 59.020813
BONES 1
BONE 3 1.000000

VERT 94
OFFSET -3.182621 3.505017 58.267761
BONES 1
BONE 3 1.000000

VERT 95
OFFSET -3.106525 3.308074 58.337563
BONES 1
BONE 3 1.000000

VERT 96
OFFSET -3.076898 3.469548 58.080189
BONES 1
BONE 3 1.000000

VERT 97
OFFSET -3.085037 3.145750 58.398510
BONES 1
BONE 3 1.000000

VERT 98
OFFSET -3.160013 2.971766 58.444515
BONES 1
BONE 3 1.000000

VERT 99
OFFSET -2.924344 3.942651 59.175602
BONES 1
BONE 3 1.000000

VERT 100
OFFSET -2.774862 3.901626 59.312923
BONES 1
BONE 3 1.000000

VERT 101
OFFSET -2.773911 3.915847 59.181099
BONES 1
BONE 3 1.000000

VERT 102
OFFSET -2.691458 3.841326 59.158215
BONES 1
BONE 3 1.000000

VERT 103
OFFSET -2.769655 3.730888 59.177200
BONES 1
BONE 3 1.000000

VERT 104
OFFSET -2.943311 3.777131 59.019039
BONES 1
BONE 3 1.000000

VERT 105
OFFSET -2.630490 3.713980 59.240540
BONES 1
BONE 3 1.000000

VERT 106
OFFSET -2.661650 3.667992 59.149628
BONES 1
BONE 3 1.000000

VERT 107
OFFSET -2.525612 3.585785 59.146183
BONES 1
BONE 3 1.000000

VERT 108
OFFSET -2.511448 3.624371 59.275967
BONES 1
BONE 3 1.000000

VERT 109
OFFSET -2.500416 3.758036 59.275444
BONES 1
BONE 3 1.000000

VERT 110
OFFSET -2.368315 3.637541 59.245079
BONES 1
BONE 3 1.000000

VERT 111
OFFSET -2.590401 3.848327 59.336311
BONES 1
BONE 3 1.000000

VERT 112
OFFSET -2.622027 3.832006 59.398483
BONES 1
BONE 3 1.000000

VERT 113
OFFSET -2.485399 3.481776 58.880482
BONES 1
BONE 3 1.000000

VERT 114
OFFSET -2.371724 2.470185 57.712795
BONES 1
BONE 3 1.000000

VERT 115
OFFSET 0.347386 0.043055 56.847256
BONES 4
BONE 23 0.077798
BONE 22 0.125659
BONE 33 0.784841
BONE 28 0.011703

VERT 116
OFFSET -0.161911 0.139690 56.320225
BONES 2
BONE 3 0.200000
BONE 32 0.800000

VERT 117
OFFSET -0.154630 0.348862 56.434357
BONES 2
BONE 32 0.800000
BONE 3 0.200000

VERT 118
OFFSET -0.458632 0.116542 56.207729
BONES 2
BONE 32 0.900000
BONE 3 0.100000

VERT 119
OFFSET -0.441608 0.404690 56.340370
BONES 2
BONE 32 0.900000
BONE 3 0.100000

VERT 120
OFFSET -0.421842 0.563697 56.499279
BONES 2
BONE 32 0.900000
BONE 3 0.100000

VERT 121
OFFSET -0.136895 0.507838 56.550667
BONES 2
BONE 32 0.800000
BONE 3 0.200000

VERT 122
OFFSET -0.011361 0.647345 56.833733
BONES 2
BONE 32 1.000000
BONE 3 0.000000

VERT 123
OFFSET -0.302295 0.686530 56.872684
BONES 2
BONE 32 1.000000
BONE 3 0.000000

VERT 124
OFFSET 0.047656 0.633200 56.973873
BONES 2
BONE 32 1.000000
BONE 3 0.000000

VERT 125
OFFSET -0.567062 0.655468 56.812969
BONES 2
BONE 32 1.000000
BONE 3 0.000000

VERT 126
OFFSET -0.385854 0.551584 57.160145
BONES 2
BONE 32 1.000000
BONE 3 0.000000

VERT 127
OFFSET -0.819094 0.450780 56.993431
BONES 1
BONE 32 1.000000

VERT 128
OFFSET -0.387963 0.430525 57.358681
BONES 2
BONE 32 1.000000
BONE 3 0.000000

VERT 129
OFFSET -0.008810 0.419260 57.319248
BONES 2
BONE 32 1.000000
BONE 3 0.000000

VERT 130
OFFSET -0.100307 0.569605 57.192986
BONES 2
BONE 32 1.000000
BONE 3 0.000000

VERT 131
OFFSET 0.197199 0.514232 57.230583
BONES 1
BONE 32 1.000000

VERT 132
OFFSET 0.072793 0.272500 57.449051
BONES 2
BONE 32 1.000000
BONE 3 0.000000

VERT 133
OFFSET -0.398165 0.235001 57.485630
BONES 1
BONE 32 1.000000

VERT 134
OFFSET -0.893973 0.268745 57.001324
BONES 1
BONE 32 1.000000

VERT 135
OFFSET 0.299012 0.359997 57.330631
BONES 2
BONE 32 1.000000
BONE 3 0.000000

VERT 136
OFFSET 0.389338 0.132019 57.352737
BONES 1
BONE 32 1.000000

VERT 137
OFFSET 0.105442 0.136153 57.494362
BONES 2
BONE 32 1.000000
BONE 3 0.000000

VERT 138
OFFSET -1.024967 0.284455 56.524544
BONES 1
BONE 32 1.000000

VERT 139
OFFSET -0.793582 0.176723 56.242161
BONES 2
BONE 3 0.145000
BONE 32 0.855000

VERT 140
OFFSET -0.805904 0.000000 56.221764
BONES 2
BONE 32 0.855000
BONE 3 0.145000

VERT 141
OFFSET -0.984817 0.450931 56.568348
BONES 2
BONE 32 1.000000
BONE 3 0.000000

VERT 142
OFFSET -0.764671 0.453841 56.367085
BONES 2
BONE 32 0.855000
BONE 3 0.145000

VERT 143
OFFSET -0.721653 0.593532 56.531033
BONES 2
BONE 32 0.855000
BONE 3 0.145000

VERT 144
OFFSET -0.874321 0.584913 56.674191
BONES 2
BONE 32 1.000000
BONE 3 0.000000

VERT 145
OFFSET -0.459267 0.000001 56.185211
BONES 2
BONE 32 0.900000
BONE 3 0.100000

VERT 146
OFFSET -0.162825 0.000001 56.296864
BONES 2
BONE 32 0.800000
BONE 3 0.200000

VERT 147
OFFSET -0.458632 -0.116541 56.207729
BONES 2
BONE 32 0.900000
BONE 3 0.100000

VERT 148
OFFSET -0.161912 -0.139692 56.320225
BONES 2
BONE 3 0.200000
BONE 32 0.800000

VERT 149
OFFSET 0.324919 -0.213552 56.851665
BONES 5
BONE 29 0.073403
BONE 33 0.721026
BONE 22 0.006011
BONE 23 0.177284
BONE 32 0.022276

VERT 150
OFFSET -0.793582 -0.176722 56.242161
BONES 2
BONE 3 0.145000
BONE 32 0.855000

VERT 151
OFFSET -0.441608 -0.404689 56.340370
BONES 2
BONE 32 0.900000
BONE 3 0.100000

VERT 152
OFFSET -0.154630 -0.348860 56.434357
BONES 2
BONE 32 0.800000
BONE 3 0.200000

VERT 153
OFFSET -0.421841 -0.563696 56.499279
BONES 2
BONE 32 0.900000
BONE 3 0.100000

VERT 154
OFFSET -0.136894 -0.507837 56.550667
BONES 2
BONE 32 0.800000
BONE 3 0.200000

VERT 155
OFFSET -0.011361 -0.647344 56.833733
BONES 2
BONE 32 1.000000
BONE 3 0.000000

VERT 156
OFFSET 0.047656 -0.633199 56.973873
BONES 2
BONE 32 1.000000
BONE 3 0.000000

VERT 157
OFFSET -0.302294 -0.686529 56.872684
BONES 2
BONE 32 1.000000
BONE 3 0.000000

VERT 158
OFFSET -0.100307 -0.569604 57.192986
BONES 2
BONE 32 1.000000
BONE 3 0.000000

VERT 159
OFFSET -0.385853 -0.551583 57.160145
BONES 2
BONE 32 1.000000
BONE 3 0.000000

VERT 160
OFFSET -0.008810 -0.419259 57.319248
BONES 2
BONE 32 1.000000
BONE 3 0.000000

VERT 161
OFFSET -0.387963 -0.430524 57.358681
BONES 2
BONE 32 1.000000
BONE 3 0.000000

VERT 162
OFFSET -0.819094 -0.450779 56.993431
BONES 1
BONE 32 1.000000

VERT 163
OFFSET -0.567061 -0.655467 56.812969
BONES 2
BONE 32 1.000000
BONE 3 0.000000

VERT 164
OFFSET 0.197199 -0.514231 57.230583
BONES 1
BONE 32 1.000000

VERT 165
OFFSET 0.072793 -0.272498 57.449051
BONES 2
BONE 32 1.000000
BONE 3 0.000000

VERT 166
OFFSET -0.394773 -0.269108 57.472168
BONES 2
BONE 32 1.000000
BONE 3 0.000000

VERT 167
OFFSET -0.892233 -0.281570 57.010109
BONES 2
BONE 32 1.000000
BONE 3 0.000000

VERT 168
OFFSET -0.885293 -0.081976 57.004185
BONES 1
BONE 32 1.000000

VERT 169
OFFSET -0.400398 -0.073090 57.515678
BONES 1
BONE 32 1.000000

VERT 170
OFFSET 0.310578 -0.341602 57.330315
BONES 1
BONE 32 1.000000

VERT 171
OFFSET 0.304826 -0.378452 56.914471
BONES 4
BONE 27 0.206072
BONE 33 0.586520
BONE 29 0.157486
BONE 32 0.049922

VERT 172
OFFSET -1.033425 -0.111494 56.508461
BONES 1
BONE 32 1.000000

VERT 173
OFFSET 0.408794 -0.050940 57.353771
BONES 1
BONE 32 1.000000

VERT 174
OFFSET 0.113932 -0.060773 57.509762
BONES 1
BONE 32 1.000000

VERT 175
OFFSET -1.003018 -0.419154 56.551914
BONES 1
BONE 32 1.000000

VERT 176
OFFSET -0.764670 -0.453840 56.367085
BONES 2
BONE 32 0.855000
BONE 3 0.145000

VERT 177
OFFSET -0.721653 -0.593531 56.531033
BONES 2
BONE 32 0.855000
BONE 3 0.145000

VERT 178
OFFSET -0.874321 -0.584912 56.674191
BONES 2
BONE 32 1.000000
BONE 3 0.000000

VERT 179
OFFSET -2.118299 0.963176 56.197365
BONES 1
BONE 3 1.000000

VERT 180
OFFSET -2.071308 1.067346 56.392853
BONES 1
BONE 3 1.000000

VERT 181
OFFSET -2.319509 1.145746 56.463139
BONES 1
BONE 3 1.000000

VERT 182
OFFSET -1.952374 1.232547 56.562759
BONES 1
BONE 3 1.000000

VERT 183
OFFSET -2.352193 1.225024 56.603889
BONES 1
BONE 3 1.000000

VERT 184
OFFSET -2.249579 1.521421 56.885677
BONES 1
BONE 3 1.000000

VERT 185
OFFSET -2.500946 1.378385 56.809746
BONES 1
BONE 3 1.000000

VERT 186
OFFSET -2.666047 1.332581 56.782318
BONES 1
BONE 3 1.000000

VERT 187
OFFSET -2.468513 1.731863 57.158955
BONES 1
BONE 3 1.000000

VERT 188
OFFSET -2.773636 1.489984 57.052204
BONES 1
BONE 3 1.000000

VERT 189
OFFSET -2.873806 1.603972 57.265614
BONES 1
BONE 3 1.000000

VERT 190
OFFSET -2.689685 2.079148 57.631191
BONES 1
BONE 3 1.000000

VERT 191
OFFSET -2.543826 2.095059 57.532604
BONES 1
BONE 3 1.000000

VERT 192
OFFSET -2.379600 2.319374 57.630432
BONES 1
BONE 3 1.000000

VERT 193
OFFSET -2.068765 1.708671 56.968189
BONES 1
BONE 3 1.000000

VERT 194
OFFSET -2.503836 2.332361 57.691483
BONES 1
BONE 3 1.000000

VERT 195
OFFSET -2.682963 2.491706 57.809872
BONES 1
BONE 3 1.000000

VERT 196
OFFSET -2.971390 2.409384 58.041935
BONES 1
BONE 3 1.000000

VERT 197
OFFSET -2.266437 2.412740 57.698780
BONES 1
BONE 3 1.000000

VERT 198
OFFSET -2.088168 2.498562 57.794846
BONES 2
BONE 3 0.977474
BONE 35 0.022527

VERT 199
OFFSET -1.807569 2.068684 57.214256
BONES 1
BONE 3 1.000000

VERT 200
OFFSET -1.819446 2.261631 57.444382
BONES 2
BONE 3 0.984773
BONE 35 0.015227

VERT 201
OFFSET -1.178282 1.714344 56.706615
BONES 1
BONE 3 1.000000

VERT 202
OFFSET -1.022223 1.944450 56.932541
BONES 2
BONE 35 0.014876
BONE 3 0.985124

VERT 203
OFFSET -1.590086 1.538243 56.655415
BONES 1
BONE 3 1.000000

VERT 204
OFFSET -1.683560 1.189994 56.434631
BONES 1
BONE 3 1.000000

VERT 205
OFFSET -1.244762 1.243028 56.341419
BONES 1
BONE 3 1.000000

VERT 206
OFFSET -0.930129 1.445422 56.456814
BONES 1
BONE 3 1.000000

VERT 207
OFFSET -1.758078 1.035169 56.350277
BONES 1
BONE 3 1.000000

VERT 208
OFFSET -1.418680 0.798044 56.124245
BONES 1
BONE 3 1.000000

VERT 209
OFFSET -1.323212 0.698743 56.054359
BONES 1
BONE 3 1.000000

VERT 210
OFFSET -1.401903 0.452504 55.949722
BONES 1
BONE 3 1.000000

VERT 211
OFFSET -0.561425 1.496365 56.559780
BONES 1
BONE 3 1.000000

VERT 212
OFFSET -0.771410 1.844174 56.830688
BONES 2
BONE 35 0.014554
BONE 3 0.985446

VERT 213
OFFSET -0.363599 1.692862 56.811775
BONES 3
BONE 33 0.007280
BONE 3 0.980033
BONE 35 0.012687

VERT 214
OFFSET -0.314233 1.248478 56.470242
BONES 1
BONE 3 1.000000

VERT 215
OFFSET -0.159167 1.320179 56.628456
BONES 2
BONE 33 0.064653
BONE 3 0.935347

VERT 216
OFFSET -0.511375 1.029739 56.196228
BONES 1
BONE 3 1.000000

VERT 217
OFFSET -0.253998 0.770694 56.133202
BONES 1
BONE 3 1.000000

VERT 218
OFFSET -0.894706 1.059608 56.175304
BONES 1
BONE 3 1.000000

VERT 219
OFFSET -0.467179 0.648348 55.929745
BONES 1
BONE 3 1.000000

VERT 220
OFFSET -0.304776 0.674774 56.012699
BONES 1
BONE 3 1.000000

VERT 221
OFFSET -0.604371 0.601913 55.888954
BONES 1
BONE 3 1.000000

VERT 222
OFFSET -0.048377 0.523101 56.148323
BONES 3
BONE 28 0.002892
BONE 33 0.103374
BONE 3 0.893734

VERT 223
OFFSET -0.120734 0.933825 56.380505
BONES 2
BONE 3 0.910648
BONE 33 0.089352

VERT 224
OFFSET -0.173597 0.359033 55.849571
BONES 1
BONE 3 1.000000

VERT 225
OFFSET -0.293917 0.326462 55.757618
BONES 1
BONE 3 1.000000

VERT 226
OFFSET -0.062189 0.114796 55.767662
BONES 1
BONE 3 1.000000

VERT 227
OFFSET -0.011943 0.270025 55.982567
BONES 2
BONE 3 0.922732
BONE 33 0.077268

VERT 228
OFFSET 0.041862 0.037552 55.902073
BONES 2
BONE 33 0.042423
BONE 3 0.957577

VERT 229
OFFSET 0.072532 0.263930 56.157284
BONES 4
BONE 33 0.262835
BONE 3 0.729453
BONE 28 0.007491
BONE 23 0.000221

VERT 230
OFFSET 0.127140 -0.020210 56.170731
BONES 3
BONE 29 0.001217
BONE 33 0.260428
BONE 3 0.738355

VERT 231
OFFSET -0.001644 0.000001 55.809315
BONES 1
BONE 3 1.000000

VERT 232
OFFSET -0.106165 0.000001 55.695995
BONES 1
BONE 3 1.000000

VERT 233
OFFSET -0.154917 0.104448 55.696957
BONES 1
BONE 3 1.000000

VERT 234
OFFSET -0.574661 0.430877 55.794655
BONES 1
BONE 3 1.000000

VERT 235
OFFSET -0.292720 0.108351 55.658146
BONES 1
BONE 3 1.000000

VERT 236
OFFSET -0.508932 0.180493 55.694866
BONES 1
BONE 3 1.000000

VERT 237
OFFSET -0.371699 0.000001 55.641010
BONES 1
BONE 3 1.000000

VERT 238
OFFSET -0.239396 -0.020583 55.643612
BONES 1
BONE 3 1.000000

VERT 239
OFFSET -0.613660 -0.001514 55.689533
BONES 1
BONE 3 1.000000

VERT 240
OFFSET -1.077837 0.000000 55.818844
BONES 1
BONE 3 1.000000

VERT 241
OFFSET -0.932573 0.622946 55.928528
BONES 1
BONE 3 1.000000

VERT 242
OFFSET -1.176973 0.457928 55.918571
BONES 1
BONE 3 1.000000

VERT 243
OFFSET -0.865679 0.246803 55.782715
BONES 1
BONE 3 1.000000

VERT 244
OFFSET -1.262094 0.135192 55.855907
BONES 1
BONE 3 1.000000

VERT 245
OFFSET -1.522452 0.379513 55.919720
BONES 1
BONE 3 1.000000

VERT 246
OFFSET -1.630491 0.631336 56.034973
BONES 1
BONE 3 1.000000

VERT 247
OFFSET -1.596024 0.207815 55.861477
BONES 1
BONE 3 1.000000

VERT 248
OFFSET -1.779423 0.789274 56.133545
BONES 1
BONE 3 1.000000

VERT 249
OFFSET -1.949827 0.880626 56.192741
BONES 1
BONE 3 1.000000

VERT 250
OFFSET -1.912237 0.710243 55.985092
BONES 1
BONE 3 1.000000

VERT 251
OFFSET -2.083236 0.751683 55.887001
BONES 1
BONE 3 1.000000

VERT 252
OFFSET -2.249953 0.925725 55.983410
BONES 1
BONE 3 1.000000

VERT 253
OFFSET -1.950725 0.582162 55.808159
BONES 1
BONE 3 1.000000

VERT 254
OFFSET -1.729879 0.515584 55.915123
BONES 1
BONE 3 1.000000

VERT 255
OFFSET -1.754210 0.225922 55.696815
BONES 1
BONE 3 1.000000

VERT 256
OFFSET -2.304858 1.066987 56.258709
BONES 1
BONE 3 1.000000

VERT 257
OFFSET -2.457247 1.064238 56.101273
BONES 1
BONE 3 1.000000

VERT 258
OFFSET -2.694965 1.166111 56.238552
BONES 1
BONE 3 1.000000

VERT 259
OFFSET -2.598100 1.199517 56.460773
BONES 1
BONE 3 1.000000

VERT 260
OFFSET -2.717941 1.181803 56.360104
BONES 1
BONE 3 1.000000

VERT 261
OFFSET -2.796132 1.259782 56.650330
BONES 1
BONE 3 1.000000

VERT 262
OFFSET -2.938039 1.302864 56.825115
BONES 1
BONE 3 1.000000

VERT 263
OFFSET -2.979472 1.180427 56.488667
BONES 1
BONE 3 1.000000

VERT 264
OFFSET -2.989115 1.174223 56.386589
BONES 1
BONE 3 1.000000

VERT 265
OFFSET -3.266778 1.092669 56.537109
BONES 1
BONE 3 1.000000

VERT 266
OFFSET -3.143177 1.222326 56.883930
BONES 1
BONE 3 1.000000

VERT 267
OFFSET -3.043512 1.392308 57.108715
BONES 1
BONE 3 1.000000

VERT 268
OFFSET -3.410604 1.096349 57.079128
BONES 1
BONE 3 1.000000

VERT 269
OFFSET -3.775808 0.739808 57.092484
BONES 1
BONE 3 1.000000

VERT 270
OFFSET -3.281870 1.330934 57.327908
BONES 1
BONE 3 1.000000

VERT 271
OFFSET -3.822014 0.914689 57.557598
BONES 1
BONE 3 1.000000

VERT 272
OFFSET -3.580449 1.322883 57.667309
BONES 1
BONE 3 1.000000

VERT 273
OFFSET -3.870233 1.443829 58.053638
BONES 1
BONE 3 1.000000

VERT 274
OFFSET -3.114859 1.534533 57.446640
BONES 1
BONE 3 1.000000

VERT 275
OFFSET -3.059971 1.998074 57.858967
BONES 1
BONE 3 1.000000

VERT 276
OFFSET -3.537709 2.104122 58.353577
BONES 1
BONE 3 1.000000

VERT 277
OFFSET -3.262018 2.733734 58.490231
BONES 1
BONE 3 1.000000

VERT 278
OFFSET -4.035547 2.192710 58.931091
BONES 1
BONE 3 1.000000

VERT 279
OFFSET -4.182835 1.791787 58.713928
BONES 1
BONE 3 1.000000

VERT 280
OFFSET -4.365321 1.408695 58.505169
BONES 1
BONE 3 1.000000

VERT 281
OFFSET -2.890772 1.899346 57.637035
BONES 1
BONE 3 1.000000

VERT 282
OFFSET -3.017040 2.770887 58.151497
BONES 1
BONE 3 1.000000

VERT 283
OFFSET -3.306046 2.975608 58.836597
BONES 1
BONE 3 1.000000

VERT 284
OFFSET -3.942014 2.648488 59.289089
BONES 1
BONE 3 1.000000

VERT 285
OFFSET -3.268226 3.137089 59.098804
BONES 1
BONE 3 1.000000

VERT 286
OFFSET -3.907032 3.022966 59.847549
BONES 1
BONE 3 1.000000

VERT 287
OFFSET -3.166514 3.142076 58.745773
BONES 1
BONE 3 1.000000

VERT 288
OFFSET -3.090709 3.272265 59.345337
BONES 1
BONE 3 1.000000

VERT 289
OFFSET -3.831590 3.298890 60.338379
BONES 1
BONE 3 1.000000

VERT 290
OFFSET -2.784285 3.357970 59.531967
BONES 1
BONE 3 1.000000

VERT 291
OFFSET -2.938618 3.336178 59.171936
BONES 1
BONE 3 1.000000

VERT 292
OFFSET -2.312108 3.455826 59.888573
BONES 1
BONE 3 1.000000

VERT 293
OFFSET -3.594110 3.479040 60.880672
BONES 1
BONE 3 1.000000

VERT 294
OFFSET -2.439892 3.331953 59.330853
BONES 1
BONE 3 1.000000

VERT 295
OFFSET -2.227517 3.522622 60.362724
BONES 1
BONE 3 1.000000

VERT 296
OFFSET -1.839475 3.376088 59.454525
BONES 2
BONE 3 0.997937
BONE 34 0.002063

VERT 297
OFFSET -1.664801 3.100330 58.850471
BONES 3
BONE 3 0.917826
BONE 34 0.007663
BONE 35 0.074511

VERT 298
OFFSET -1.952514 3.093678 58.713436
BONES 2
BONE 35 0.025768
BONE 3 0.974232

VERT 299
OFFSET -1.500327 3.319561 59.316929
BONES 3
BONE 3 0.963170
BONE 34 0.020924
BONE 35 0.015905

VERT 300
OFFSET -1.240599 3.185757 59.138653
BONES 3
BONE 34 0.034523
BONE 35 0.071722
BONE 3 0.893755

VERT 301
OFFSET -1.019618 3.193253 59.228138
BONES 3
BONE 34 0.057770
BONE 35 0.064081
BONE 3 0.878149

VERT 302
OFFSET -0.967027 2.811938 58.713459
BONES 3
BONE 34 0.228268
BONE 35 0.205204
BONE 3 0.566528

VERT 303
OFFSET -0.762030 3.061511 59.181683
BONES 4
BONE 34 0.188165
BONE 3 0.696576
BONE 40 0.025707
BONE 35 0.089552

VERT 304
OFFSET -0.740691 2.707000 58.685238
BONES 3
BONE 3 0.407550
BONE 34 0.359438
BONE 35 0.233013

VERT 305
OFFSET -0.666569 2.807392 58.920155
BONES 4
BONE 40 0.001815
BONE 34 0.386035
BONE 3 0.430628
BONE 35 0.181523

VERT 306
OFFSET -0.567514 2.848405 59.037811
BONES 4
BONE 34 0.402059
BONE 3 0.418188
BONE 40 0.045359
BONE 35 0.134393

VERT 307
OFFSET -0.919419 2.643320 58.343185
BONES 3
BONE 35 0.251824
BONE 34 0.191830
BONE 3 0.556346

VERT 308
OFFSET -0.486932 2.588390 58.742397
BONES 4
BONE 41 0.037246
BONE 34 0.537796
BONE 35 0.240045
BONE 3 0.184913

VERT 309
OFFSET -0.482591 2.495912 58.424801
BONES 3
BONE 35 0.282552
BONE 3 0.293727
BONE 34 0.423722

VERT 310
OFFSET -0.371484 2.470216 58.590897
BONES 3
BONE 34 0.600604
BONE 3 0.139621
BONE 35 0.259775

VERT 311
OFFSET -0.175394 2.286798 58.071224
BONES 4
BONE 41 0.001149
BONE 34 0.364095
BONE 3 0.413791
BONE 35 0.220965

VERT 312
OFFSET -0.289462 2.407186 58.629177
BONES 4
BONE 3 0.056756
BONE 41 0.132944
BONE 34 0.592222
BONE 35 0.218077

VERT 313
OFFSET -0.032147 2.149616 58.068764
BONES 4
BONE 3 0.385112
BONE 34 0.427233
BONE 41 0.001543
BONE 35 0.186112

VERT 314
OFFSET 0.005418 2.086216 58.250473
BONES 4
BONE 3 0.237985
BONE 34 0.584520
BONE 41 0.001207
BONE 35 0.176288

VERT 315
OFFSET -0.072856 2.158770 58.351788
BONES 4
BONE 35 0.161012
BONE 34 0.649040
BONE 3 0.085902
BONE 41 0.104047

VERT 316
OFFSET -0.265662 2.383280 58.748199
BONES 4
BONE 35 0.137116
BONE 34 0.551163
BONE 41 0.259843
BONE 40 0.051879

VERT 317
OFFSET -0.143454 2.150043 58.594570
BONES 4
BONE 41 0.243039
BONE 34 0.582243
BONE 42 0.087003
BONE 35 0.087715

VERT 318
OFFSET -0.072522 1.989358 58.500610
BONES 4
BONE 41 0.153310
BONE 34 0.615852
BONE 35 0.081423
BONE 42 0.149415

VERT 319
OFFSET -0.222188 2.236706 58.855278
BONES 5
BONE 35 0.002754
BONE 42 0.002376
BONE 34 0.481253
BONE 41 0.399740
BONE 40 0.113877

VERT 320
OFFSET -0.304859 2.308813 57.791870
BONES 3
BONE 34 0.159728
BONE 3 0.622063
BONE 35 0.218209

VERT 321
OFFSET -0.123911 2.167888 57.693005
BONES 3
BONE 3 0.670927
BONE 35 0.161934
BONE 34 0.167139

VERT 322
OFFSET -0.380574 2.155778 57.381771
BONES 3
BONE 3 0.846327
BONE 34 0.021483
BONE 35 0.132190

VERT 323
OFFSET -0.822966 2.530032 58.038643
BONES 3
BONE 34 0.059579
BONE 35 0.269957
BONE 3 0.670464

VERT 324
OFFSET -0.604120 2.251400 57.457676
BONES 3
BONE 3 0.816664
BONE 34 0.023459
BONE 35 0.159878

VERT 325
OFFSET -0.933334 2.461975 57.813236
BONES 2
BONE 3 0.777867
BONE 35 0.222133

VERT 326
OFFSET -0.011517 1.981722 57.497089
BONES 3
BONE 3 0.797701
BONE 34 0.108464
BONE 35 0.093835

VERT 327
OFFSET -0.182702 2.029871 57.331673
BONES 3
BONE 3 0.873605
BONE 35 0.095819
BONE 34 0.030576

VERT 328
OFFSET -1.506470 2.817552 58.409248
BONES 3
BONE 35 0.165440
BONE 34 0.056746
BONE 3 0.777814

VERT 329
OFFSET -0.002528 1.737257 57.145008
BONES 3
BONE 35 0.013695
BONE 3 0.924088
BONE 33 0.062217

VERT 330
OFFSET 0.080274 1.931725 57.660034
BONES 3
BONE 3 0.677288
BONE 34 0.212983
BONE 35 0.109729

VERT 331
OFFSET 0.133365 1.696139 57.349819
BONES 4
BONE 34 0.074450
BONE 35 0.022729
BONE 3 0.824401
BONE 33 0.078421

VERT 332
OFFSET -0.466029 1.964861 57.055733
BONES 2
BONE 3 0.946523
BONE 35 0.053477

VERT 333
OFFSET -0.202342 1.691868 56.911995
BONES 3
BONE 33 0.031516
BONE 35 0.006922
BONE 3 0.961562

VERT 334
OFFSET -0.691076 2.074908 57.127655
BONES 3
BONE 34 0.001039
BONE 3 0.929846
BONE 35 0.069115

VERT 335
OFFSET -0.911836 2.325813 57.517357
BONES 2
BONE 3 0.857995
BONE 35 0.142005

VERT 336
OFFSET 0.215725 1.381007 57.169735
BONES 3
BONE 34 0.001188
BONE 33 0.210642
BONE 3 0.788170

VERT 337
OFFSET 0.074114 1.397679 56.944080
BONES 2
BONE 33 0.143845
BONE 3 0.856155

VERT 338
OFFSET 0.269850 1.384548 57.342857
BONES 3
BONE 3 0.759438
BONE 33 0.157832
BONE 34 0.082730

VERT 339
OFFSET 0.224219 1.597964 57.558167
BONES 4
BONE 34 0.190494
BONE 3 0.734548
BONE 35 0.018457
BONE 33 0.056501

VERT 340
OFFSET -1.127263 2.228135 57.337379
BONES 2
BONE 3 0.914373
BONE 35 0.085627

VERT 341
OFFSET 0.155800 1.812519 57.786182
BONES 4
BONE 35 0.082475
BONE 33 0.001219
BONE 3 0.560870
BONE 34 0.355435

VERT 342
OFFSET 0.303760 1.345759 57.772346
BONES 5
BONE 42 0.000565
BONE 35 0.007252
BONE 34 0.488203
BONE 33 0.008934
BONE 3 0.495045

VERT 343
OFFSET 0.126577 1.852088 58.078014
BONES 4
BONE 42 0.002867
BONE 34 0.541197
BONE 3 0.335219
BONE 35 0.120717

VERT 344
OFFSET 0.374042 0.981703 57.941563
BONES 2
BONE 34 0.499769
BONE 3 0.500231

VERT 345
OFFSET 0.098120 1.852618 58.261490
BONES 4
BONE 3 0.201913
BONE 34 0.650817
BONE 42 0.018203
BONE 35 0.129067

VERT 346
OFFSET 0.228201 1.355003 58.141315
BONES 4
BONE 43 0.001870
BONE 3 0.239767
BONE 42 0.011340
BONE 34 0.747023

VERT 347
OFFSET 0.052904 1.873398 58.375298
BONES 4
BONE 35 0.107198
BONE 34 0.721074
BONE 42 0.079513
BONE 3 0.092215

VERT 348
OFFSET 0.093694 1.625986 58.390202
BONES 6
BONE 3 0.070481
BONE 43 0.001629
BONE 41 0.014655
BONE 35 0.035543
BONE 34 0.718174
BONE 42 0.159517

VERT 349
OFFSET -0.067258 1.753480 58.617374
BONES 5
BONE 43 0.002866
BONE 42 0.315282
BONE 34 0.587501
BONE 35 0.001695
BONE 41 0.092655

VERT 350
OFFSET 0.063113 1.518246 58.498886
BONES 5
BONE 41 0.000452
BONE 3 0.011367
BONE 43 0.053358
BONE 34 0.666563
BONE 42 0.268260

VERT 351
OFFSET 0.399522 0.783999 58.004974
BONES 3
BONE 34 0.482234
BONE 43 0.014930
BONE 3 0.502836

VERT 352
OFFSET 0.155983 0.984303 58.485992
BONES 4
BONE 43 0.206698
BONE 34 0.676985
BONE 42 0.091687
BONE 3 0.024630

VERT 353
OFFSET 0.482910 0.746452 57.820084
BONES 3
BONE 33 0.008255
BONE 34 0.342820
BONE 3 0.648925

VERT 354
OFFSET 0.627360 0.516170 57.763885
BONES 3
BONE 3 0.782426
BONE 33 0.012569
BONE 34 0.205006

VERT 355
OFFSET 0.739445 0.351983 57.604168
BONES 3
BONE 3 0.831865
BONE 34 0.033347
BONE 33 0.134788

VERT 356
OFFSET 0.666090 0.393122 57.401009
BONES 4
BONE 26 0.013435
BONE 28 0.027614
BONE 3 0.577505
BONE 33 0.381446

VERT 357
OFFSET 0.816701 0.174961 57.568031
BONES 3
BONE 28 0.001687
BONE 3 0.783057
BONE 33 0.215256

VERT 358
OFFSET 0.983930 -0.000668 57.700542
BONES 2
BONE 3 0.972679
BONE 33 0.027321

VERT 359
OFFSET 0.910858 0.145669 57.791866
BONES 1
BONE 3 1.000000

VERT 360
OFFSET 0.741044 0.327103 57.769833
BONES 2
BONE 34 0.097547
BONE 3 0.902453

VERT 361
OFFSET 0.837099 0.129467 57.931488
BONES 1
BONE 3 1.000000

VERT 362
OFFSET 0.564362 0.314136 58.045330
BONES 2
BONE 3 0.805008
BONE 34 0.194992

VERT 363
OFFSET 0.438164 0.525880 58.064758
BONES 3
BONE 43 0.008012
BONE 34 0.364960
BONE 3 0.627028

VERT 364
OFFSET 0.212393 0.720274 58.550175
BONES 4
BONE 42 0.014817
BONE 43 0.202306
