// Export time: Mon Nov 16 23:00:09 2020

// Exported using Blender v2.90.1
// Export filename: 'E:/blackops3/mod_xmodel/iw4/m1903/ch_head_gk_m1903_lod3.XMODEL_EXPORT'
// Source filename: 'E:/blackops3/mod_xmodel/iw4/m1903/m1903.blend'
MODEL
VERSION 6

NUMBONES 54
BONE 0 -1 "tag_origin"
BONE 1 0 "j_spineupper"
BONE 2 1 "j_neck"
BONE 3 2 "j_head"
BONE 4 3 "j_brow_le"
BONE 5 3 "j_brow_ri"
BONE 6 3 "j_browouter_le"
BONE 7 3 "j_browouter_ri"
BONE 8 3 "j_cheek_le"
BONE 9 3 "j_cheek_ri"
BONE 10 3 "j_cheeklower_le"
BONE 11 3 "j_cheeklower_ri"
BONE 12 3 "j_eye_lid_bot_le"
BONE 13 3 "j_eye_lid_bot_ri"
BONE 14 3 "j_eye_lid_top_le"
BONE 15 3 "j_eye_lid_top_ri"
BONE 16 3 "j_eyeball_le"
BONE 17 3 "j_eyeball_ri"
BONE 18 3 "j_head_end"
BONE 19 18 "j_helmet"
BONE 20 3 "j_jaw"
BONE 21 20 "j_chin_skinroll"
BONE 22 20 "j_lip_bot_le"
BONE 23 20 "j_lip_bot_ri"
BONE 24 3 "j_levator_le"
BONE 25 3 "j_levator_ri"
BONE 26 3 "j_lip_top_le"
BONE 27 3 "j_lip_top_ri"
BONE 28 3 "j_mouth_le"
BONE 29 3 "j_mouth_ri"
BONE 30 3 "j_nvg"
BONE 31 3 "tag_eye"
BONE 32 3 "MouthCavity"
BONE 33 3 "MouthMove"
BONE 34 3 "Eye_Rz_L"
BONE 35 34 "CheekUp2_L"
BONE 36 34 "Eye01_S_L"
BONE 37 34 "Eye02_S_L"
BONE 38 34 "Eye03_S_L"
BONE 39 34 "Eye04_S_L"
BONE 40 34 "Eye05_S_L"
BONE 41 34 "Eye06_S_L"
BONE 42 34 "Eye07_S_L"
BONE 43 34 "Eye08_S_L"
BONE 44 3 "Eye_Rz_R"
BONE 45 44 "CheekUp2_R"
BONE 46 44 "Eye01_S_R"
BONE 47 44 "Eye02_S_R"
BONE 48 44 "Eye03_S_R"
BONE 49 44 "Eye04_S_R"
BONE 50 44 "Eye05_S_R"
BONE 51 44 "Eye06_S_R"
BONE 52 44 "Eye07_S_R"
BONE 53 44 "Eye08_S_R"

BONE 0
OFFSET 0.000000 0.000000 0.000000
SCALE 1.000000 1.000000 1.000000
X 1.000000 0.000000 0.000000
Y 0.000000 1.000000 0.000000
Z 0.000000 0.000000 1.000000

BONE 1
OFFSET -2.494701 0.000207 46.434940
SCALE 1.000000 1.000000 1.000000
X 0.020433 -0.000062 0.999791
Y 0.999791 0.000062 -0.020433
Z -0.000060 1.000000 0.000063

BONE 2
OFFSET -2.724489 0.000000 54.036266
SCALE 1.000000 1.000000 1.000000
X 0.309746 -0.000043 0.950819
Y 0.950819 0.000075 -0.309746
Z -0.000058 1.000000 0.000065

BONE 3
OFFSET -2.724488 0.000000 56.457703
SCALE 1.000000 1.000000 1.000000
X 0.216390 -0.000041 0.976307
Y 0.976307 0.000072 -0.216390
Z -0.000061 1.000000 0.000055

BONE 4
OFFSET 1.074486 1.333249 60.298626
SCALE 1.000000 1.000000 1.000000
X 0.000649 1.000000 -0.000112
Y -0.998862 0.000644 -0.047685
Z -0.047685 0.000143 0.998863

BONE 5
OFFSET 1.084291 -1.357670 60.301300
SCALE 1.000000 1.000000 1.000000
X 0.000010 1.000000 0.000097
Y 0.998891 -0.000014 0.047080
Z 0.047080 0.000097 -0.998891

BONE 6
OFFSET 0.712896 2.277034 60.398926
SCALE 1.000000 1.000000 1.000000
X 0.000632 1.000000 -0.000129
Y -0.998866 0.000625 -0.047600
Z -0.047599 0.000159 0.998866

BONE 7
OFFSET 0.742625 -2.249454 60.395012
SCALE 1.000000 1.000000 1.000000
X 0.000002 1.000000 0.000096
Y 0.998896 -0.000006 0.046986
Z 0.046986 0.000096 -0.998896

BONE 8
OFFSET -0.384594 1.706458 58.559166
SCALE 1.000000 1.000000 1.000000
X 0.000645 1.000000 -0.000130
Y -0.998871 0.000638 -0.047506
Z -0.047506 0.000160 0.998871

BONE 9
OFFSET -0.402980 -1.637942 58.618580
SCALE 1.000000 1.000000 1.000000
X 0.000007 1.000000 0.000094
Y 0.998887 -0.000012 0.047161
Z 0.047161 0.000093 -0.998887

BONE 10
OFFSET -0.393820 1.533314 57.477131
SCALE 1.000000 1.000000 1.000000
X 0.170244 0.000001 0.985402
Y 0.985402 0.000010 -0.170244
Z -0.000010 1.000000 0.000001

BONE 11
OFFSET -0.353196 -1.530741 57.504662
SCALE 1.000000 1.000000 1.000000
X 0.170334 0.000000 0.985386
Y 0.985386 0.000018 -0.170334
Z -0.000018 1.000000 0.000003

BONE 12
OFFSET -0.620605 1.038285 59.061363
SCALE 1.000000 1.000000 1.000000
X -0.065616 0.997118 0.038025
Y -0.996949 -0.063895 -0.044840
Z -0.042281 -0.040852 0.998270

BONE 13
OFFSET -0.620316 -0.990538 59.055294
SCALE 1.000000 1.000000 1.000000
X 0.066604 0.997041 -0.038387
Y 0.996918 -0.064899 0.044067
Z 0.041446 -0.041204 -0.998291

BONE 14
OFFSET -0.620212 1.037364 59.128742
SCALE 1.000000 1.000000 1.000000
X -0.065487 0.997126 0.037989
Y -0.996960 -0.063772 -0.044757
Z -0.042206 -0.040806 0.998275

BONE 15
OFFSET -0.619637 -0.991776 59.116570
SCALE 1.000000 1.000000 1.000000
X 0.066551 0.997045 -0.038383
Y 0.996940 -0.064864 0.043642
Z 0.041023 -0.041170 -0.998310

BONE 16
OFFSET -2.097940 0.968687 59.015656
SCALE 1.000000 1.000000 1.000000
X -0.205905 0.978519 -0.010104
Y -0.977362 -0.206153 -0.047594
Z -0.048654 0.000075 0.998815

BONE 17
OFFSET -2.097937 -0.967560 59.015663
SCALE 1.000000 1.000000 1.000000
X 0.207726 0.978138 0.009787
Y 0.977074 -0.207957 0.045620
Z 0.046658 0.000086 -0.998911

BONE 18
OFFSET -2.530040 0.000047 61.629875
SCALE 1.000000 1.000000 1.000000
X 0.170249 0.000011 0.985401
Y 0.985401 -0.000000 -0.170249
Z -0.000002 1.000000 -0.000011

BONE 19
OFFSET -3.424383 0.000050 62.751938
SCALE 1.000000 1.000000 1.000000
X 0.995880 -0.000059 0.090684
Y 0.000074 1.000000 -0.000171
Z -0.090684 0.000177 0.995880

BONE 20
OFFSET -2.271202 0.000479 56.778847
SCALE 1.000000 1.000000 1.000000
X 0.000646 1.000000 -0.000098
Y -0.998855 0.000642 -0.047854
Z -0.047854 0.000129 0.998855

BONE 21
OFFSET 0.458193 -0.001447 55.166122
SCALE 1.000000 1.000000 1.000000
X 0.000646 1.000000 -0.000100
Y -0.998867 0.000642 -0.047599
Z -0.047599 0.000131 0.998867

BONE 22
OFFSET 0.381639 0.266430 56.792156
SCALE 1.000000 1.000000 1.000000
X 0.000645 1.000000 -0.000084
Y -0.998859 0.000642 -0.047768
Z -0.047768 0.000115 0.998859

BONE 23
OFFSET 0.381639 -0.265304 56.792156
SCALE 1.000000 1.000000 1.000000
X 0.001046 1.000000 0.000021
Y 0.998871 -0.000385 0.047509
Z 0.047016 -0.000029 -0.998894

BONE 24
OFFSET 0.370466 0.513224 58.249264
SCALE 1.000000 1.000000 1.000000
X 0.000649 0.999995 -0.000073
Y -0.998862 0.000644 -0.047680
Z -0.047680 0.000104 0.998863

BONE 25
OFFSET 0.392974 -0.493148 58.254398
SCALE 1.000000 1.000000 1.000000
X 0.000014 1.000000 0.000077
Y 0.998887 -0.000018 0.047166
Z 0.047166 0.000077 -0.998887

BONE 26
OFFSET 0.443526 0.266430 56.955730
SCALE 1.000000 1.000000 1.000000
X 0.000646 1.000000 -0.000085
Y -0.998862 0.000642 -0.047684
Z -0.047684 0.000115 0.998863

BONE 27
OFFSET 0.443526 -0.265304 56.955730
SCALE 1.000000 1.000000 1.000000
X 0.000011 1.000000 0.000091
Y 0.998891 -0.000016 0.047077
Z 0.047077 0.000091 -0.998891

BONE 28
OFFSET 0.323814 0.539016 56.899384
SCALE 1.000000 1.000000 1.000000
X 0.000649 1.000000 -0.000115
Y -0.998863 0.000644 -0.047681
Z -0.047681 0.000146 0.998863

BONE 29
OFFSET 0.323814 -0.537890 56.899380
SCALE 1.000000 1.000000 1.000000
X 0.000011 1.000000 0.000106
Y 0.998887 -0.000016 0.047166
Z 0.047166 0.000105 -0.998887

BONE 30
OFFSET 1.747283 0.000050 60.850086
SCALE 1.000000 1.000000 1.000000
X 0.985418 0.000003 -0.170149
Y -0.170149 0.000000 -0.985418
Z -0.000003 1.000000 0.000001

BONE 31
OFFSET -0.022168 0.000481 58.921162
SCALE 1.000000 1.000000 1.000000
X 0.922509 -0.000059 0.385976
Y 0.000064 1.000000 -0.000000
Z -0.385976 0.000025 0.922509

BONE 32
OFFSET -0.475108 0.000001 56.866577
SCALE 1.000000 1.000000 1.000000
X -0.000000 1.000000 0.000000
Y 0.000000 -0.000000 1.000000
Z 1.000000 0.000000 -0.000000

BONE 33
OFFSET 0.427414 0.000001 56.866577
SCALE 1.000000 1.000000 1.000000
X -0.000000 1.000000 -0.000000
Y 0.000000 -0.000000 1.000000
Z 1.000000 0.000000 -0.000000

BONE 34
OFFSET -0.566308 1.521361 59.375961
SCALE 1.000000 1.000000 1.000000
X -0.000000 1.000000 -0.000000
Y 0.000000 0.000000 1.000000
Z 1.000000 0.000000 0.000000

BONE 35
OFFSET -0.763618 1.645426 58.304527
SCALE 1.000000 1.000000 1.000000
X -0.000000 1.000000 -0.000000
Y -0.000000 -0.000000 1.000000
Z 1.000000 0.000000 0.000000

BONE 36
OFFSET 0.239664 0.773981 59.171917
SCALE 1.000000 1.000000 1.000000
X -0.000000 1.000000 0.000000
Y -0.000000 -0.000000 1.000000
Z 1.000000 0.000000 0.000000

BONE 37
OFFSET 0.198870 1.116793 59.388699
SCALE 1.000000 1.000000 1.000000
X -0.000000 1.000000 -0.000000
Y -0.000000 -0.000000 1.000000
Z 1.000000 0.000000 0.000000

BONE 38
OFFSET 0.068330 1.685714 59.267887
SCALE 1.000000 1.000000 1.000000
X -0.000000 1.000000 -0.000000
Y -0.000000 -0.000000 1.000000
Z 1.000000 0.000000 0.000000

BONE 39
OFFSET -0.048700 2.110669 59.314823
SCALE 1.000000 1.000000 1.000000
X -0.000000 1.000000 -0.000000
Y -0.000000 0.000000 1.000000
Z 1.000000 0.000000 0.000000

BONE 40
OFFSET -0.438177 2.436650 58.423409
SCALE 1.000000 1.000000 1.000000
X -0.000000 1.000000 -0.000000
Y 0.000000 0.000000 1.000000
Z 1.000000 0.000000 0.000000

BONE 41
OFFSET -0.243764 2.139206 58.861019
SCALE 1.000000 1.000000 1.000000
X -0.000000 1.000000 0.000000
Y -0.000000 -0.000000 1.000000
Z 1.000000 0.000000 0.000000

BONE 42
OFFSET -0.066504 1.557715 58.624695
SCALE 1.000000 1.000000 1.000000
X -0.000000 1.000000 -0.000000
Y -0.000000 -0.000000 1.000000
Z 1.000000 0.000000 0.000000

BONE 43
OFFSET 0.114169 0.998155 58.753231
SCALE 1.000000 1.000000 1.000000
X -0.000000 1.000000 -0.000000
Y -0.000000 0.000000 1.000000
Z 1.000000 0.000000 0.000000

BONE 44
OFFSET -0.566308 -1.521397 59.376003
SCALE 1.000000 1.000000 1.000000
X -0.000000 1.000000 -0.000000
Y 0.000000 0.000000 1.000000
Z 1.000000 0.000000 -0.000000

BONE 45
OFFSET -0.763616 -1.645461 58.304558
SCALE 1.000000 1.000000 1.000000
X -0.000000 1.000000 -0.000000
Y 0.000000 -0.000000 1.000000
Z 1.000000 0.000000 0.000000

BONE 46
OFFSET 0.237890 -0.773660 59.170918
SCALE 1.000000 1.000000 1.000000
X -0.000000 1.000000 -0.000000
Y 0.000000 -0.000000 1.000000
Z 1.000000 0.000000 0.000000

BONE 47
OFFSET 0.198818 -1.116020 59.388863
SCALE 1.000000 1.000000 1.000000
X -0.000000 1.000000 -0.000000
Y 0.000000 -0.000000 1.000000
Z 1.000000 0.000000 0.000000

BONE 48
OFFSET 0.076514 -1.640065 59.260677
SCALE 1.000000 1.000000 1.000000
X -0.000000 1.000000 -0.000000
Y 0.000000 0.000000 1.000000
Z 1.000000 0.000000 0.000000

BONE 49
OFFSET -0.047542 -2.111448 59.314632
SCALE 1.000000 1.000000 1.000000
X -0.000000 1.000000 -0.000000
Y 0.000000 0.000000 1.000000
Z 1.000000 0.000000 0.000000

BONE 50
OFFSET -0.438195 -2.438060 58.423595
SCALE 1.000000 1.000000 1.000000
X -0.000000 1.000000 -0.000000
Y -0.000000 0.000000 1.000000
Z 1.000000 0.000000 0.000000

BONE 51
OFFSET -0.243030 -2.138408 58.861862
SCALE 1.000000 1.000000 1.000000
X -0.000000 1.000000 -0.000000
Y 0.000000 -0.000000 1.000000
Z 1.000000 0.000000 0.000000

BONE 52
OFFSET -0.067133 -1.556874 58.625557
SCALE 1.000000 1.000000 1.000000
X -0.000000 1.000000 -0.000000
Y 0.000000 -0.000000 1.000000
Z 1.000000 0.000000 0.000000

BONE 53
OFFSET 0.112769 -0.998506 58.752369
SCALE 1.000000 1.000000 1.000000
X -0.000000 1.000000 -0.000000
Y 0.000000 0.000000 1.000000
Z 1.000000 0.000000 0.000000


NUMVERTS 591
VERT 0
OFFSET -2.784072 3.561051 59.190399
BONES 1
BONE 3 1.000000

VERT 1
OFFSET -2.845334 3.813862 59.352539
BONES 1
BONE 3 1.000000

VERT 2
OFFSET -2.379717 3.724864 59.408562
BONES 1
BONE 3 1.000000

VERT 3
OFFSET -2.125702 3.420861 59.131653
BONES 1
BONE 3 1.000000

VERT 4
OFFSET -2.203479 3.268787 58.927773
BONES 1
BONE 3 1.000000

VERT 5
OFFSET -2.262674 3.099145 58.572769
BONES 2
BONE 35 0.003398
BONE 3 0.996602

VERT 6
OFFSET -2.334015 2.903893 58.591858
BONES 1
BONE 3 1.000000

VERT 7
OFFSET -2.481927 3.124669 58.792252
BONES 1
BONE 3 1.000000

VERT 8
OFFSET -2.318016 2.843661 58.203190
BONES 2
BONE 35 0.001388
BONE 3 0.998612

VERT 9
OFFSET -2.572617 2.878859 57.631409
BONES 1
BONE 3 1.000000

VERT 10
OFFSET -2.619451 2.992392 58.096863
BONES 1
BONE 3 1.000000

VERT 11
OFFSET -2.409611 2.660150 57.567802
BONES 1
BONE 3 1.000000

VERT 12
OFFSET -2.484884 2.450418 57.681244
BONES 1
BONE 3 1.000000

VERT 13
OFFSET -2.977579 3.031306 57.943375
BONES 1
BONE 3 1.000000

VERT 14
OFFSET -2.999504 3.381465 58.038311
BONES 1
BONE 3 1.000000

VERT 15
OFFSET -3.193222 3.619504 58.275845
BONES 1
BONE 3 1.000000

VERT 16
OFFSET -2.830117 3.516680 58.461216
BONES 1
BONE 3 1.000000

VERT 17
OFFSET -2.646761 2.973757 58.476540
BONES 1
BONE 3 1.000000

VERT 18
OFFSET -2.615509 3.579138 58.797459
BONES 1
BONE 3 1.000000

VERT 19
OFFSET -3.021480 3.757972 58.880760
BONES 1
BONE 3 1.000000

VERT 20
OFFSET -3.040912 3.825850 58.679256
BONES 1
BONE 3 1.000000

VERT 21
OFFSET -3.200342 3.785012 58.857540
BONES 1
BONE 3 1.000000

VERT 22
OFFSET -3.039219 3.953672 59.036236
BONES 1
BONE 3 1.000000

VERT 23
OFFSET -3.070771 3.555891 58.782024
BONES 1
BONE 3 1.000000

VERT 24
OFFSET -2.603996 3.858852 59.294510
BONES 1
BONE 3 1.000000

VERT 25
OFFSET -2.555916 3.655883 59.295650
BONES 1
BONE 3 1.000000

VERT 26
OFFSET -0.284346 0.000001 56.201057
BONES 2
BONE 32 0.842727
BONE 3 0.157273

VERT 27
OFFSET -0.269709 0.500341 56.446445
BONES 2
BONE 32 0.847156
BONE 3 0.152844

VERT 28
OFFSET -0.098364 0.700957 56.947971
BONES 1
BONE 32 1.000000

VERT 29
OFFSET -0.423845 0.401874 57.400196
BONES 1
BONE 32 1.000000

VERT 30
OFFSET -0.877011 0.394127 57.005489
BONES 1
BONE 32 1.000000

VERT 31
OFFSET 0.260542 0.401955 57.353222
BONES 1
BONE 32 1.000000

VERT 32
OFFSET 0.414675 0.036401 57.360935
BONES 1
BONE 32 1.000000

VERT 33
OFFSET -0.962694 0.544246 56.559219
BONES 2
BONE 3 0.023954
BONE 32 0.976046

VERT 34
OFFSET -0.788423 0.000000 56.187828
BONES 2
BONE 3 0.145000
BONE 32 0.855000

VERT 35
OFFSET -0.269707 -0.500341 56.446445
BONES 2
BONE 32 0.847156
BONE 3 0.152844

VERT 36
OFFSET -0.074638 -0.690929 57.005455
BONES 1
BONE 32 1.000000

VERT 37
OFFSET -0.804841 -0.655838 56.623249
BONES 2
BONE 3 0.059070
BONE 32 0.940930

VERT 38
OFFSET 0.099029 -0.213707 57.494286
BONES 1
BONE 32 1.000000

VERT 39
OFFSET -0.400265 -0.293229 57.484291
BONES 1
BONE 32 1.000000

VERT 40
OFFSET -0.877747 -0.389498 57.007652
BONES 1
BONE 32 1.000000

VERT 41
OFFSET 0.262013 -0.442769 57.300663
BONES 1
BONE 32 1.000000

VERT 42
OFFSET -1.026277 -0.363789 56.529522
BONES 1
BONE 32 1.000000

VERT 43
OFFSET -2.093087 1.044866 56.357674
BONES 1
BONE 3 1.000000

VERT 44
OFFSET -2.182324 1.617001 56.925102
BONES 1
BONE 3 1.000000

VERT 45
OFFSET -2.776479 1.382428 56.906311
BONES 1
BONE 3 1.000000

VERT 46
OFFSET -2.770233 2.011785 57.627338
BONES 1
BONE 3 1.000000

VERT 47
OFFSET -2.325699 2.408608 57.685856
BONES 2
BONE 35 0.004243
BONE 3 0.995757

VERT 48
OFFSET -1.117433 1.423827 56.427841
BONES 1
BONE 3 1.000000

VERT 49
OFFSET -0.723862 2.115298 57.132095
BONES 3
BONE 3 0.924051
BONE 35 0.072719
BONE 34 0.003230

VERT 50
OFFSET -1.630270 0.937966 56.239342
BONES 1
BONE 3 1.000000

VERT 51
OFFSET -1.331221 0.277669 55.886898
BONES 1
BONE 3 1.000000

VERT 52
OFFSET -0.388263 1.694308 56.788502
BONES 3
BONE 33 0.012825
BONE 35 0.008497
BONE 3 0.978679

VERT 53
OFFSET -0.339121 0.641893 55.953720
BONES 2
BONE 3 0.995912
BONE 33 0.004088

VERT 54
OFFSET -0.021906 -0.030171 55.739353
BONES 4
BONE 33 0.009674
BONE 3 0.990307
BONE 28 0.000019
BONE 23 0.000001

VERT 55
OFFSET 0.285277 -0.001534 56.558643
BONES 6
BONE 29 0.004164
BONE 33 0.571382
BONE 3 0.256965
BONE 23 0.079894
BONE 22 0.083974
BONE 28 0.003622

VERT 56
OFFSET -0.716374 0.566404 55.865452
BONES 1
BONE 3 1.000000

VERT 57
OFFSET -1.643218 0.460705 55.891510
BONES 1
BONE 3 1.000000

VERT 58
OFFSET -2.172663 0.902226 55.936161
BONES 1
BONE 3 1.000000

VERT 59
OFFSET -2.691493 1.161004 56.237518
BONES 1
BONE 3 1.000000

VERT 60
OFFSET -3.042807 1.332370 56.967113
BONES 1
BONE 3 1.000000

VERT 61
OFFSET -3.234711 1.121003 56.518967
BONES 1
BONE 3 1.000000

VERT 62
OFFSET -3.997924 0.782329 57.555252
BONES 1
BONE 3 1.000000

VERT 63
OFFSET -4.055690 2.139891 58.886162
BONES 1
BONE 3 1.000000

VERT 64
OFFSET -3.187479 2.679493 58.356903
BONES 1
BONE 3 1.000000

VERT 65
OFFSET -4.374244 1.403332 58.496368
BONES 1
BONE 3 1.000000

VERT 66
OFFSET -3.123484 3.257954 58.954311
BONES 1
BONE 3 1.000000

VERT 67
OFFSET -3.942014 2.648488 59.289089
BONES 1
BONE 3 1.000000

VERT 68
OFFSET -3.827703 3.285091 60.342258
BONES 1
BONE 3 1.000000

VERT 69
OFFSET -2.842312 3.357545 59.266769
BONES 1
BONE 3 1.000000

VERT 70
OFFSET -2.381897 3.382806 59.383556
BONES 1
BONE 3 1.000000

VERT 71
OFFSET -3.594110 3.479040 60.880672
BONES 1
BONE 3 1.000000

VERT 72
OFFSET -2.051707 3.323432 59.227074
BONES 3
BONE 3 0.997324
BONE 34 0.000216
BONE 35 0.002461

VERT 73
OFFSET -1.706688 2.943114 58.560135
BONES 3
BONE 35 0.115214
BONE 34 0.021608
BONE 3 0.863178

VERT 74
OFFSET -1.015301 3.374260 59.527256
BONES 4
BONE 3 0.925546
BONE 35 0.028562
BONE 34 0.043514
BONE 40 0.002378

VERT 75
OFFSET -0.997065 2.741982 58.543152
BONES 3
BONE 34 0.242453
BONE 35 0.233139
BONE 3 0.524408

VERT 76
OFFSET -0.325990 2.850393 59.248966
BONES 6
BONE 41 0.001457
BONE 39 0.050115
BONE 35 0.023060
BONE 3 0.194230
BONE 34 0.530512
BONE 40 0.200627

VERT 77
OFFSET -0.355120 2.515692 58.829880
BONES 5
BONE 40 0.042088
BONE 3 0.080747
BONE 35 0.169405
BONE 34 0.576446
BONE 41 0.131315

VERT 78
OFFSET -0.069580 2.164253 58.364456
BONES 5
BONE 42 0.048625
BONE 3 0.124550
BONE 34 0.600887
BONE 41 0.087525
BONE 35 0.138413

VERT 79
OFFSET -0.229347 2.251827 58.874928
BONES 5
BONE 40 0.122611
BONE 41 0.384868
BONE 34 0.488201
BONE 42 0.002002
BONE 35 0.002320

VERT 80
OFFSET -0.216653 2.213077 57.593174
BONES 3
BONE 34 0.103473
BONE 3 0.734612
BONE 35 0.161915

VERT 81
OFFSET 0.061735 2.049858 57.780205
BONES 5
BONE 33 0.005944
BONE 35 0.123299
BONE 34 0.269223
BONE 3 0.601108
BONE 41 0.000425

VERT 82
OFFSET 0.117271 1.653627 57.188553
BONES 4
BONE 33 0.121837
BONE 3 0.851961
BONE 35 0.008049
BONE 34 0.018152

VERT 83
OFFSET 0.089065 1.843932 58.308048
BONES 6
BONE 43 0.002757
BONE 41 0.001147
BONE 35 0.103830
BONE 3 0.151384
BONE 34 0.674629
BONE 42 0.066253

VERT 84
OFFSET 0.484654 0.599144 57.924068
BONES 4
BONE 43 0.004322
BONE 3 0.638212
BONE 34 0.355553
BONE 33 0.001913

VERT 85
OFFSET -0.105453 1.876660 58.631233
BONES 6
BONE 40 0.003179
BONE 41 0.185527
BONE 35 0.000648
BONE 34 0.549814
BONE 42 0.259736
BONE 43 0.001096

VERT 86
OFFSET 0.072838 1.119432 58.635059
BONES 5
BONE 3 0.001195
BONE 42 0.166316
BONE 34 0.569224
BONE 43 0.248713
BONE 36 0.014552

VERT 87
OFFSET 0.790025 0.309463 57.647152
BONES 5
BONE 28 0.003865
BONE 26 0.001625
BONE 3 0.800045
BONE 33 0.145084
BONE 34 0.049381

VERT 88
OFFSET 0.538154 0.000031 58.239456
BONES 5
BONE 43 0.000050
BONE 53 0.000038
BONE 44 0.016667
BONE 34 0.017051
BONE 3 0.966193

VERT 89
OFFSET 0.159431 0.806164 59.023167
BONES 7
BONE 37 0.085336
BONE 3 0.003957
BONE 34 0.524515
BONE 36 0.265374
BONE 43 0.119071
BONE 42 0.001703
BONE 38 0.000044

VERT 90
OFFSET -0.064046 1.117836 58.633595
BONES 4
BONE 36 0.020760
BONE 43 0.069588
BONE 34 0.741179
BONE 42 0.168473

VERT 91
OFFSET -0.307573 2.011704 58.636814
BONES 6
BONE 40 0.011772
BONE 38 0.000706
BONE 41 0.169909
BONE 42 0.087381
BONE 34 0.726004
BONE 43 0.004227

VERT 92
OFFSET 0.036740 0.778735 59.091801
BONES 5
BONE 38 0.001184
BONE 43 0.046338
BONE 34 0.634199
BONE 36 0.233569
BONE 37 0.084710

VERT 93
OFFSET -0.407799 1.554965 59.088833
BONES 4
BONE 37 0.023574
BONE 3 0.000000
BONE 34 0.941005
BONE 38 0.035421

VERT 94
OFFSET 0.195300 0.940846 59.339691
BONES 4
BONE 36 0.149769
BONE 38 0.013595
BONE 34 0.576528
BONE 37 0.260109

VERT 95
OFFSET 0.160822 1.349744 59.439091
BONES 5
BONE 39 0.010545
BONE 37 0.117041
BONE 34 0.713932
BONE 38 0.158197
BONE 36 0.000284

VERT 96
OFFSET -0.104759 2.183559 59.310226
BONES 4
BONE 40 0.002372
BONE 38 0.118642
BONE 34 0.700722
BONE 39 0.178264

VERT 97
OFFSET -0.044574 2.163857 59.242275
BONES 6
BONE 3 0.000249
BONE 40 0.077364
BONE 38 0.125587
BONE 34 0.600458
BONE 39 0.196134
BONE 37 0.000208

VERT 98
OFFSET 0.652921 1.731084 60.255157
BONES 4
BONE 37 0.008141
BONE 34 0.490268
BONE 38 0.001068
BONE 3 0.500522

VERT 99
OFFSET 0.890623 1.974906 61.117439
BONES 2
BONE 34 0.046428
BONE 3 0.953572

VERT 100
OFFSET 0.472139 1.139120 59.632683
BONES 6
BONE 39 0.001286
BONE 37 0.167245
BONE 34 0.665472
BONE 38 0.052948
BONE 3 0.092973
BONE 36 0.020076

VERT 101
OFFSET 0.256216 1.313998 59.364365
BONES 5
BONE 39 0.013928
BONE 37 0.224563
BONE 34 0.548564
BONE 36 0.071367
BONE 38 0.141578

VERT 102
OFFSET 0.868089 0.223551 59.594715
BONES 5
BONE 44 0.013381
BONE 34 0.186196
BONE 37 0.011941
BONE 3 0.787514
BONE 36 0.000968

VERT 103
OFFSET 1.157291 0.787716 61.149723
BONES 3
BONE 44 0.000527
BONE 3 0.966628
BONE 34 0.032845

VERT 104
OFFSET 0.459668 -0.042220 58.772362
BONES 4
BONE 46 0.000342
BONE 44 0.065818
BONE 3 0.928934
BONE 34 0.004906

VERT 105
OFFSET 0.343237 0.375968 58.825871
BONES 3
BONE 34 0.428054
BONE 36 0.022076
BONE 3 0.549869

VERT 106
OFFSET -2.153317 2.672457 58.014729
BONES 2
BONE 35 0.028382
BONE 3 0.971618

VERT 107
OFFSET -3.644306 0.772221 56.698624
BONES 1
BONE 3 1.000000

VERT 108
OFFSET -3.941272 0.335051 56.789532
BONES 1
BONE 3 1.000000

VERT 109
OFFSET -4.960012 0.041643 58.196804
BONES 1
BONE 3 1.000000

VERT 110
OFFSET 0.309148 0.500329 56.895439
BONES 7
BONE 3 0.000916
BONE 26 0.021266
BONE 22 0.033214
BONE 33 0.677628
BONE 28 0.212338
BONE 32 0.054638
BONE 27 0.000000

VERT 111
OFFSET 0.381900 0.000001 56.850685
BONES 6
BONE 29 0.026736
BONE 28 0.026761
BONE 32 0.011122
BONE 33 0.742966
BONE 22 0.100734
BONE 23 0.091682

VERT 112
OFFSET 0.482994 0.000000 56.790436
BONES 6
BONE 22 0.100790
BONE 33 0.724742
BONE 3 0.049104
BONE 28 0.014753
BONE 23 0.096734
BONE 29 0.013878

VERT 113
OFFSET 0.620431 -0.029614 56.979366
BONES 6
BONE 28 0.005146
BONE 27 0.114268
BONE 33 0.738716
BONE 3 0.037516
BONE 29 0.011810
BONE 26 0.092544

VERT 114
OFFSET 0.433527 0.000001 56.838070
BONES 7
BONE 28 0.016619
BONE 29 0.014195
BONE 3 0.004957
BONE 33 0.762756
BONE 27 0.098226
BONE 26 0.100144
BONE 32 0.003103

VERT 115
OFFSET 0.636002 -0.012124 57.129536
BONES 6
BONE 28 0.000081
BONE 3 0.214500
BONE 29 0.002989
BONE 33 0.615950
BONE 27 0.095139
BONE 26 0.071340

VERT 116
OFFSET 0.505074 0.407316 57.010323
BONES 5
BONE 26 0.144125
BONE 33 0.535780
BONE 3 0.220471
BONE 28 0.091516
BONE 27 0.008108

VERT 117
OFFSET 0.347622 0.540659 56.858284
BONES 6
BONE 22 0.054445
BONE 28 0.197068
BONE 3 0.083314
BONE 33 0.655991
BONE 32 0.003093
BONE 26 0.006090

VERT 118
OFFSET -0.259741 3.253808 60.049709
BONES 4
BONE 3 0.811003
BONE 35 0.001051
BONE 34 0.149190
BONE 40 0.038757

VERT 119
OFFSET -0.205082 3.282778 60.782852
BONES 1
BONE 3 1.000000

VERT 120
OFFSET -0.942794 3.462735 60.599873
BONES 1
BONE 3 1.000000

VERT 121
OFFSET -1.097749 3.471626 60.286041
BONES 1
BONE 3 1.000000

VERT 122
OFFSET -0.707745 3.389133 60.921108
BONES 1
BONE 3 1.000000

VERT 123
OFFSET -0.207338 2.934387 62.143875
BONES 1
BONE 3 1.000000

VERT 124
OFFSET 0.435530 2.775114 60.862846
BONES 3
BONE 34 0.057754
BONE 39 0.000013
BONE 3 0.942233

VERT 125
OFFSET 0.589713 2.036054 62.290287
BONES 1
BONE 3 1.000000

VERT 126
OFFSET -0.214239 2.394957 59.035740
BONES 6
BONE 3 0.000067
BONE 41 0.089605
BONE 38 0.001039
BONE 40 0.229189
BONE 34 0.585089
BONE 39 0.095010

VERT 127
OFFSET 1.097959 0.476118 62.119728
BONES 2
BONE 44 0.005322
BONE 3 0.994678

VERT 128
OFFSET 0.827262 -0.419636 62.892162
BONES 1
BONE 3 1.000000

VERT 129
OFFSET 0.226195 0.345253 63.821812
BONES 1
BONE 3 1.000000

VERT 130
OFFSET 1.174194 -0.203816 60.759705
BONES 3
BONE 3 0.980265
BONE 44 0.018148
BONE 34 0.001587

VERT 131
OFFSET 1.127650 -0.692041 61.823158
BONES 1
BONE 3 1.000000

VERT 132
OFFSET 0.810347 -0.567194 59.751480
BONES 4
BONE 46 0.001955
BONE 47 0.022964
BONE 3 0.652207
BONE 44 0.322874

VERT 133
OFFSET 0.471953 -1.140674 59.632614
BONES 6
BONE 49 0.001291
BONE 48 0.053048
BONE 47 0.167167
BONE 3 0.092802
BONE 44 0.665635
BONE 46 0.020056

VERT 134
OFFSET 0.072838 -1.120786 58.635075
BONES 5
BONE 44 0.569222
BONE 53 0.248689
BONE 3 0.001195
BONE 52 0.166343
BONE 46 0.014551

VERT 135
OFFSET 0.505100 -0.589713 57.888977
BONES 4
BONE 44 0.323267
BONE 53 0.003723
BONE 3 0.670209
BONE 33 0.002801

VERT 136
OFFSET 0.260463 -0.623725 59.022991
BONES 5
BONE 53 0.046764
BONE 47 0.007641
BONE 44 0.652865
BONE 3 0.106140
BONE 46 0.186590

VERT 137
OFFSET 1.045314 0.003281 57.871758
BONES 2
BONE 33 0.002020
BONE 3 0.997980

VERT 138
OFFSET 0.563843 -0.626100 57.361454
BONES 7
BONE 27 0.000724
BONE 29 0.009218
BONE 3 0.574690
BONE 44 0.076486
BONE 33 0.338522
BONE 52 0.000026
BONE 45 0.000334

VERT 139
OFFSET 0.176598 -1.756827 57.673557
BONES 4
BONE 44 0.292431
BONE 33 0.022337
BONE 3 0.627194
BONE 45 0.058038

VERT 140
OFFSET -0.089185 -2.191688 57.736176
BONES 4
BONE 45 0.163034
BONE 44 0.230789
BONE 3 0.605774
BONE 51 0.000403

VERT 141
OFFSET -0.149722 -1.779998 57.005558
BONES 4
BONE 3 0.935185
BONE 45 0.030931
BONE 44 0.007363
BONE 33 0.026521

VERT 142
OFFSET -0.629576 -2.172547 57.255760
BONES 3
BONE 45 0.110318
BONE 44 0.008350
BONE 3 0.881331

VERT 143
OFFSET -0.355231 -2.516910 58.829826
BONES 5
BONE 50 0.042123
BONE 45 0.169301
BONE 3 0.080590
BONE 44 0.576388
BONE 51 0.131598

VERT 144
OFFSET -0.997058 -2.742554 58.543404
BONES 3
BONE 44 0.242495
BONE 3 0.524357
BONE 45 0.233147

VERT 145
OFFSET -0.069593 -2.165351 58.364178
BONES 5
BONE 52 0.048541
BONE 45 0.138489
BONE 44 0.600940
BONE 3 0.124675
BONE 51 0.087355

VERT 146
OFFSET -0.229598 -2.253007 58.873959
BONES 5
BONE 50 0.122555
BONE 51 0.384956
BONE 44 0.488173
BONE 52 0.002002
BONE 45 0.002315

VERT 147
OFFSET -1.699253 -2.908526 58.503208
BONES 3
BONE 45 0.099470
BONE 44 0.015754
BONE 3 0.884776

VERT 148
OFFSET -1.015601 -3.374279 59.527092
BONES 4
BONE 3 0.925491
BONE 45 0.028589
BONE 44 0.043539
BONE 50 0.002381

VERT 149
OFFSET -2.842311 -3.357544 59.266769
BONES 1
BONE 3 1.000000

VERT 150
OFFSET -3.827702 -3.285092 60.342262
BONES 1
BONE 3 1.000000

VERT 151
OFFSET -3.594108 -3.479040 60.880672
BONES 1
BONE 3 1.000000

VERT 152
OFFSET -3.942013 -2.648488 59.289089
BONES 1
BONE 3 1.000000

VERT 153
OFFSET -3.187479 -2.679492 58.356903
BONES 1
BONE 3 1.000000

VERT 154
OFFSET -2.365948 -2.428998 57.718929
BONES 2
BONE 3 0.998298
BONE 45 0.001702

VERT 155
OFFSET -2.161507 -2.679126 58.009083
BONES 2
BONE 3 0.972688
BONE 45 0.027312

VERT 156
OFFSET -0.994703 -1.784721 56.734512
BONES 2
BONE 45 0.006900
BONE 3 0.993100

VERT 157
OFFSET -0.432356 -0.726580 55.967140
BONES 1
BONE 3 1.000000

VERT 158
OFFSET 0.135097 -1.605456 57.177467
BONES 4
BONE 45 0.006384
BONE 44 0.032269
BONE 3 0.805792
BONE 33 0.155555

VERT 159
OFFSET -0.994276 -0.907859 56.071709
BONES 1
BONE 3 1.000000

VERT 160
OFFSET -0.008488 -0.550271 56.227470
BONES 4
BONE 23 0.000033
BONE 29 0.005090
BONE 33 0.138202
BONE 3 0.856674

VERT 161
OFFSET 0.347618 -0.540653 56.858284
BONES 6
BONE 27 0.004666
BONE 29 0.199300
BONE 33 0.665395
BONE 3 0.083981
BONE 23 0.043443
BONE 32 0.003214

VERT 162
OFFSET -0.320011 -0.013738 55.620884
BONES 1
BONE 3 1.000000

VERT 163
OFFSET -1.216995 -0.249853 55.857159
BONES 1
BONE 3 1.000000

VERT 164
OFFSET -1.637891 -0.527130 55.960518
BONES 1
BONE 3 1.000000

VERT 165
OFFSET -1.630305 -0.937955 56.239338
BONES 1
BONE 3 1.000000

VERT 166
OFFSET -2.093090 -1.044863 56.357670
BONES 1
BONE 3 1.000000

VERT 167
OFFSET -2.182447 -1.617280 56.925453
BONES 1
BONE 3 1.000000

VERT 168
OFFSET -2.776478 -1.382427 56.906307
BONES 1
BONE 3 1.000000

VERT 169
OFFSET -3.997925 -0.782329 57.555256
BONES 1
BONE 3 1.000000

VERT 170
OFFSET -4.055689 -2.139895 58.886166
BONES 1
BONE 3 1.000000

VERT 171
OFFSET -3.042807 -1.332370 56.967113
BONES 1
BONE 3 1.000000

VERT 172
OFFSET -3.234711 -1.121003 56.518967
BONES 1
BONE 3 1.000000

VERT 173
OFFSET -2.691492 -1.161004 56.237518
BONES 1
BONE 3 1.000000

VERT 174
OFFSET -2.172662 -0.902225 55.936161
BONES 1
BONE 3 1.000000

VERT 175
OFFSET -1.754210 -0.225923 55.696815
BONES 1
BONE 3 1.000000

VERT 176
OFFSET -1.733094 0.193090 55.682137
BONES 1
BONE 3 1.000000

VERT 177
OFFSET 0.479237 0.868205 57.472813
BONES 5
BONE 35 0.001324
BONE 42 0.000103
BONE 3 0.563963
BONE 34 0.171596
BONE 33 0.263013

VERT 178
OFFSET -0.159883 0.216197 55.740150
BONES 4
BONE 33 0.007498
BONE 3 0.991888
BONE 22 0.000004
BONE 28 0.000609

VERT 179
OFFSET -0.304362 2.382759 59.211006
BONES 5
BONE 40 0.086215
BONE 38 0.014432
BONE 34 0.727132
BONE 41 0.038461
BONE 39 0.133760

VERT 180
OFFSET -1.384029 3.519164 61.015858
BONES 1
BONE 3 1.000000

VERT 181
OFFSET -1.562817 3.533555 60.653275
BONES 1
BONE 3 1.000000

VERT 182
OFFSET -1.880469 3.547742 61.491749
BONES 1
BONE 3 1.000000

VERT 183
OFFSET -1.531028 3.418313 61.890942
BONES 1
BONE 3 1.000000

VERT 184
OFFSET -3.209548 3.572184 61.415825
BONES 1
BONE 3 1.000000

VERT 185
OFFSET -2.434513 3.573282 62.082882
BONES 1
BONE 3 1.000000

VERT 186
OFFSET -1.989215 3.419733 62.432465
BONES 1
BONE 3 1.000000

VERT 187
OFFSET -0.738885 3.262903 61.724842
BONES 1
BONE 3 1.000000

VERT 188
OFFSET -0.606877 2.883185 62.646736
BONES 1
BONE 3 1.000000

VERT 189
OFFSET 0.266038 1.933563 63.184845
BONES 1
BONE 3 1.000000

VERT 190
OFFSET -0.141307 1.920630 63.710281
BONES 1
BONE 3 1.000000

VERT 191
OFFSET 0.698550 1.075042 62.938084
BONES 1
BONE 3 1.000000

VERT 192
OFFSET 0.309148 -0.500328 56.895439
BONES 6
BONE 29 0.215418
BONE 3 0.000948
BONE 33 0.688942
BONE 23 0.020421
BONE 32 0.055672
BONE 27 0.018599

VERT 193
OFFSET -2.784071 -3.561050 59.190399
BONES 1
BONE 3 1.000000

VERT 194
OFFSET -3.123483 -3.257955 58.954311
BONES 1
BONE 3 1.000000

VERT 195
OFFSET -3.070770 -3.555890 58.782024
BONES 1
BONE 3 1.000000

VERT 196
OFFSET -3.193221 -3.619503 58.275845
BONES 1
BONE 3 1.000000

VERT 197
OFFSET -2.977579 -3.031306 57.943375
BONES 1
BONE 3 1.000000

VERT 198
OFFSET -2.999503 -3.381466 58.038315
BONES 1
BONE 3 1.000000

VERT 199
OFFSET -2.572617 -2.878859 57.631409
BONES 1
BONE 3 1.000000

VERT 200
OFFSET -2.409603 -2.660141 57.567802
BONES 1
BONE 3 1.000000

VERT 201
OFFSET -2.588708 -2.328896 57.748356
BONES 1
BONE 3 1.000000

VERT 202
OFFSET -2.619450 -2.992392 58.096863
BONES 1
BONE 3 1.000000

VERT 203
OFFSET -2.318034 -2.843663 58.203220
BONES 2
BONE 3 0.998613
BONE 45 0.001387

VERT 204
OFFSET -2.287711 -3.066487 58.531120
BONES 2
BONE 45 0.000820
BONE 3 0.999180

VERT 205
OFFSET -2.334016 -2.903888 58.591854
BONES 1
BONE 3 1.000000

VERT 206
OFFSET -2.203477 -3.268785 58.927773
BONES 1
BONE 3 1.000000

VERT 207
OFFSET -2.481927 -3.124668 58.792248
BONES 1
BONE 3 1.000000

VERT 208
OFFSET -2.125691 -3.420847 59.131645
BONES 1
BONE 3 1.000000

VERT 209
OFFSET -2.051736 -3.323443 59.227100
BONES 3
BONE 44 0.000215
BONE 3 0.997324
BONE 45 0.002461

VERT 210
OFFSET -2.555914 -3.655882 59.295650
BONES 1
BONE 3 1.000000

VERT 211
OFFSET -2.646760 -2.973757 58.476540
BONES 1
BONE 3 1.000000

VERT 212
OFFSET -2.830116 -3.516680 58.461216
BONES 1
BONE 3 1.000000

VERT 213
OFFSET -3.021479 -3.757972 58.880760
BONES 1
BONE 3 1.000000

VERT 214
OFFSET -2.615507 -3.579137 58.797459
BONES 1
BONE 3 1.000000

VERT 215
OFFSET -2.603995 -3.858850 59.294510
BONES 1
BONE 3 1.000000

VERT 216
OFFSET -2.379717 -3.724864 59.408562
BONES 1
BONE 3 1.000000

VERT 217
OFFSET -3.039218 -3.953672 59.036236
BONES 1
BONE 3 1.000000

VERT 218
OFFSET -2.845333 -3.813861 59.352539
BONES 1
BONE 3 1.000000

VERT 219
OFFSET -2.381896 -3.382805 59.383556
BONES 1
BONE 3 1.000000

VERT 220
OFFSET -3.200341 -3.785012 58.857540
BONES 1
BONE 3 1.000000

VERT 221
OFFSET -3.040911 -3.825850 58.679256
BONES 1
BONE 3 1.000000

VERT 222
OFFSET -3.644305 -0.772221 56.698624
BONES 1
BONE 3 1.000000

VERT 223
OFFSET -4.002705 -0.203354 56.802799
BONES 1
BONE 3 1.000000

VERT 224
OFFSET -4.326066 -0.000001 57.536968
BONES 1
BONE 3 1.000000

VERT 225
OFFSET -4.817770 -0.493279 58.267216
BONES 1
BONE 3 1.000000

VERT 226
OFFSET -4.374243 -1.403331 58.496368
BONES 1
BONE 3 1.000000

VERT 227
OFFSET -0.325913 -2.851239 59.248901
BONES 6
BONE 51 0.001449
BONE 49 0.050113
BONE 50 0.200665
BONE 45 0.023038
BONE 3 0.194247
BONE 44 0.530489

VERT 228
OFFSET -0.259692 -3.253844 60.049343
BONES 4
BONE 3 0.810576
BONE 45 0.001047
BONE 44 0.149439
BONE 50 0.038937

VERT 229
OFFSET -0.205108 -3.282781 60.782902
BONES 1
BONE 3 1.000000

VERT 230
OFFSET -0.942793 -3.462734 60.599873
BONES 1
BONE 3 1.000000

VERT 231
OFFSET -1.097748 -3.471625 60.286041
BONES 1
BONE 3 1.000000

VERT 232
OFFSET -0.707744 -3.389132 60.921108
BONES 1
BONE 3 1.000000

VERT 233
OFFSET -0.207337 -2.934386 62.143875
BONES 1
BONE 3 1.000000

VERT 234
OFFSET 0.435578 -2.775081 60.862885
BONES 3
BONE 44 0.057798
BONE 49 0.000013
BONE 3 0.942189

VERT 235
OFFSET 0.589714 -2.036053 62.290287
BONES 1
BONE 3 1.000000

VERT 236
OFFSET -0.214337 -2.396130 59.035431
BONES 6
BONE 3 0.000067
BONE 51 0.089039
BONE 48 0.001036
BONE 50 0.229268
BONE 44 0.585419
BONE 49 0.095171

VERT 237
OFFSET 0.886121 -1.975047 61.196594
BONES 2
BONE 44 0.029610
BONE 3 0.970390

VERT 238
OFFSET -0.044512 -2.164985 59.242306
BONES 6
BONE 3 0.000249
BONE 49 0.196138
BONE 44 0.600444
BONE 48 0.125644
BONE 50 0.077317
BONE 47 0.000207

VERT 239
OFFSET 0.652620 -1.732597 60.255196
BONES 4
BONE 47 0.008093
BONE 44 0.490126
BONE 48 0.001070
BONE 3 0.500711

VERT 240
OFFSET 0.256114 -1.315939 59.364609
BONES 5
BONE 49 0.013938
BONE 46 0.071086
BONE 48 0.141944
BONE 47 0.224074
BONE 44 0.548959

VERT 241
OFFSET 0.195185 -0.942022 59.339314
BONES 4
BONE 47 0.260169
BONE 44 0.576450
BONE 48 0.013591
BONE 46 0.149791

VERT 242
OFFSET 0.160817 -1.351337 59.439430
BONES 5
BONE 46 0.000284
BONE 48 0.158332
BONE 44 0.713919
BONE 49 0.010550
BONE 47 0.116915

VERT 243
OFFSET -0.407791 -1.556187 59.088947
BONES 4
BONE 47 0.023574
BONE 3 0.000000
BONE 44 0.941005
BONE 48 0.035421

VERT 244
OFFSET -0.104757 -2.184773 59.310326
BONES 4
BONE 50 0.002372
BONE 48 0.118661
BONE 44 0.700705
BONE 49 0.178262

VERT 245
OFFSET -0.304528 -2.384050 59.210747
BONES 5
BONE 51 0.038217
BONE 48 0.014456
BONE 50 0.086270
BONE 44 0.727146
BONE 49 0.133911

VERT 246
OFFSET -0.307820 -2.013533 58.636765
BONES 6
BONE 53 0.004213
BONE 50 0.011800
BONE 48 0.000707
BONE 44 0.725924
BONE 51 0.170222
BONE 52 0.087134

VERT 247
OFFSET -0.064063 -1.119067 58.633636
BONES 4
BONE 46 0.020762
BONE 53 0.069589
BONE 44 0.741178
BONE 52 0.168471

VERT 248
OFFSET 0.036608 -0.780031 59.091423
BONES 5
BONE 48 0.001185
BONE 53 0.046370
BONE 44 0.634257
BONE 46 0.233530
BONE 47 0.084658

VERT 249
OFFSET 0.160826 -0.813132 59.010475
BONES 7
BONE 48 0.000045
BONE 47 0.087230
BONE 53 0.120931
BONE 52 0.001747
BONE 44 0.521159
BONE 46 0.267220
BONE 3 0.001668

VERT 250
OFFSET 0.089048 -1.844978 58.308212
BONES 6
BONE 53 0.002749
BONE 44 0.674783
BONE 3 0.151133
BONE 52 0.066382
BONE 45 0.103794
BONE 51 0.001158

VERT 251
OFFSET -0.105738 -1.878405 58.631111
BONES 6
BONE 50 0.003190
BONE 51 0.185814
BONE 45 0.000647
BONE 44 0.549672
BONE 52 0.259592
BONE 53 0.001085

VERT 252
OFFSET 0.180715 -0.695413 63.815094
BONES 1
BONE 3 1.000000

VERT 253
OFFSET 0.253812 -1.922703 63.174435
BONES 1
BONE 3 1.000000

VERT 254
OFFSET -0.561072 -2.960582 62.682640
BONES 1
BONE 3 1.000000

VERT 255
OFFSET -0.141307 -1.920629 63.710281
BONES 1
BONE 3 1.000000

VERT 256
OFFSET -0.738884 -3.262902 61.724842
BONES 1
BONE 3 1.000000

VERT 257
OFFSET -1.531027 -3.418313 61.890942
BONES 1
BONE 3 1.000000

VERT 258
OFFSET -1.384028 -3.519164 61.015858
BONES 1
BONE 3 1.000000

VERT 259
OFFSET -1.880468 -3.547741 61.491749
BONES 1
BONE 3 1.000000

VERT 260
OFFSET -1.562816 -3.533554 60.653275
BONES 1
BONE 3 1.000000

VERT 261
OFFSET -2.434511 -3.573281 62.082882
BONES 1
BONE 3 1.000000

VERT 262
OFFSET -3.209546 -3.572184 61.415825
BONES 1
BONE 3 1.000000

VERT 263
OFFSET -1.989214 -3.419732 62.432465
BONES 1
BONE 3 1.000000

VERT 264
OFFSET 1.174615 1.048461 60.718838
BONES 3
BONE 3 0.750000
BONE 6 0.021097
BONE 4 0.228903

VERT 265
OFFSET 0.896568 1.613656 60.109158
BONES 3
BONE 4 0.165807
BONE 6 0.084193
BONE 3 0.750000

VERT 266
OFFSET 1.136261 0.560103 60.122833
BONES 3
BONE 3 0.750000
BONE 6 0.006934
BONE 4 0.243066

VERT 267
OFFSET 0.749412 2.021068 60.120647
BONES 3
BONE 3 0.750000
BONE 4 0.089847
BONE 6 0.160153

VERT 268
OFFSET 0.521182 2.427080 60.073425
BONES 3
BONE 6 0.229244
BONE 4 0.020756
BONE 3 0.750000

VERT 269
OFFSET 0.669196 2.449749 60.665207
BONES 3
BONE 6 0.219315
BONE 4 0.030685
BONE 3 0.750000

VERT 270
OFFSET 0.993898 1.727974 60.745594
BONES 3
BONE 6 0.110215
BONE 4 0.139785
BONE 3 0.750000

VERT 271
OFFSET 0.354183 2.841800 60.527351
BONES 3
BONE 3 0.750000
BONE 4 0.009811
BONE 6 0.240189

VERT 272
OFFSET 0.086105 3.068121 60.050522
BONES 3
BONE 3 0.750000
BONE 4 0.014298
BONE 6 0.235702

VERT 273
OFFSET 0.125004 2.978961 59.936893
BONES 3
BONE 3 0.750000
BONE 4 0.013750
BONE 6 0.236250

VERT 274
OFFSET 0.266215 2.789039 59.930588
BONES 3
BONE 6 0.239212
BONE 4 0.010788
BONE 3 0.750000

VERT 275
OFFSET 1.212683 0.758886 60.644012
BONES 3
BONE 3 0.750000
BONE 6 0.007557
BONE 4 0.242444

VERT 276
OFFSET 1.047167 0.808751 59.974926
BONES 3
BONE 4 0.242438
BONE 6 0.007562
BONE 3 0.750000

VERT 277
OFFSET 1.082675 0.662585 60.007973
BONES 3
BONE 4 0.243703
BONE 6 0.006297
BONE 3 0.750000

VERT 278
OFFSET 1.205765 0.589836 60.465546
BONES 3
BONE 3 0.750000
BONE 6 0.007012
BONE 4 0.242988

VERT 279
OFFSET 0.207562 2.979873 60.404263
BONES 3
BONE 6 0.238949
BONE 4 0.011051
BONE 3 0.750000

VERT 280
OFFSET 0.085625 3.063593 60.177139
BONES 3
BONE 6 0.236278
BONE 4 0.013722
BONE 3 0.750000

VERT 281
OFFSET 1.174616 -1.048453 60.719147
BONES 3
BONE 3 0.750000
BONE 5 0.228903
BONE 7 0.021097

VERT 282
OFFSET 0.896645 -1.613414 60.109898
BONES 3
BONE 7 0.084175
BONE 5 0.165825
BONE 3 0.750000

VERT 283
OFFSET 1.136261 -0.560117 60.123055
BONES 3
BONE 3 0.750000
BONE 5 0.243066
BONE 7 0.006934

VERT 284
OFFSET 0.749402 -2.021077 60.122017
BONES 3
BONE 5 0.089807
BONE 7 0.160193
BONE 3 0.750000

VERT 285
OFFSET 0.521355 -2.426724 60.075352
BONES 3
BONE 5 0.020768
BONE 7 0.229232
BONE 3 0.750000

VERT 286
OFFSET 0.669445 -2.449273 60.667107
BONES 3
BONE 5 0.030722
BONE 7 0.219278
BONE 3 0.750000

VERT 287
OFFSET 0.993692 -1.728585 60.746517
BONES 3
BONE 5 0.139669
BONE 7 0.110331
BONE 3 0.750000

VERT 288
OFFSET 0.354297 -2.841566 60.529312
BONES 3
BONE 3 0.750000
BONE 7 0.240189
BONE 5 0.009811

VERT 289
OFFSET 0.086175 -3.067938 60.052422
BONES 3
BONE 3 0.750000
BONE 7 0.235702
BONE 5 0.014298

VERT 290
OFFSET 0.125082 -2.978770 59.938786
BONES 3
BONE 3 0.750000
BONE 7 0.236250
BONE 5 0.013750

VERT 291
OFFSET 0.266302 -2.788841 59.932526
BONES 3
BONE 5 0.010788
BONE 7 0.239212
BONE 3 0.750000

VERT 292
OFFSET 1.212676 -0.758859 60.644207
BONES 3
BONE 3 0.750000
BONE 5 0.242444
BONE 7 0.007556

VERT 293
OFFSET 1.047129 -0.808901 59.975109
BONES 3
BONE 7 0.007564
BONE 5 0.242436
BONE 3 0.750000

VERT 294
OFFSET 1.082668 -0.662601 60.008179
BONES 4
BONE 7 0.006297
BONE 6 0.000000
BONE 5 0.243703
BONE 3 0.750000

VERT 295
OFFSET 1.205755 -0.589847 60.465748
BONES 3
BONE 3 0.750000
BONE 5 0.242988
BONE 7 0.007012

VERT 296
OFFSET 0.207647 -2.979677 60.406208
BONES 3
BONE 5 0.011051
BONE 7 0.238949
BONE 3 0.750000

VERT 297
OFFSET 0.085696 -3.063411 60.179043
BONES 4
BONE 5 0.013722
BONE 6 0.000000
BONE 7 0.236278
BONE 3 0.750000

VERT 298
OFFSET 0.564699 0.012361 58.216892
BONES 2
BONE 3 0.992638
BONE 34 0.007362

VERT 299
OFFSET 0.446007 -0.350337 58.190216
BONES 2
BONE 44 0.257595
BONE 3 0.742405

VERT 300
OFFSET 0.367607 -0.279396 58.758724
BONES 2
BONE 44 0.309643
BONE 3 0.690357

VERT 301
OFFSET 0.419722 0.346865 58.218681
BONES 2
BONE 3 0.736200
BONE 34 0.263800

VERT 302
OFFSET 0.453331 0.012508 58.764366
BONES 3
BONE 3 0.979542
BONE 44 0.012500
BONE 34 0.007958

VERT 303
OFFSET 0.381421 0.279288 58.806313
BONES 2
BONE 34 0.314071
BONE 3 0.685929

VERT 304
OFFSET 0.768027 0.343927 59.521370
BONES 2
BONE 34 0.225557
BONE 3 0.774443

VERT 305
OFFSET 0.767995 -0.344205 59.521408
BONES 2
BONE 44 0.225556
BONE 3 0.774444

VERT 306
OFFSET 0.841497 -0.003977 59.509808
BONES 3
BONE 34 0.049770
BONE 3 0.899230
BONE 44 0.051000

VERT 307
OFFSET 0.755996 -0.321631 57.737331
BONES 3
BONE 33 0.028523
BONE 3 0.889732
BONE 44 0.081746

VERT 308
OFFSET 1.059768 0.000245 57.868877
BONES 2
BONE 33 0.001783
BONE 3 0.998217

VERT 309
OFFSET 0.753091 0.319811 57.741501
BONES 3
BONE 34 0.082966
BONE 33 0.025625
BONE 3 0.891409

VERT 310
OFFSET 0.652827 0.305022 57.356331
BONES 3
BONE 28 0.025188
BONE 3 0.489442
BONE 33 0.485370

VERT 311
OFFSET 0.778182 0.000001 57.380688
BONES 2
BONE 33 0.374056
BONE 3 0.625944

VERT 312
