// Export time: Sun Nov 15 16:51:41 2020

// Exported using Blender v2.90.1
// Export filename: 'E:/blackops3/mod_xmodel/iw4/m16a1_new/ch_body_gk_m16a1_v2_lod3.XMODEL_EXPORT'
// Source filename: 'E:/blackops3/mod_xmodel/iw4/m16a1_new/m16a1_new.blend'
MODEL
VERSION 6

NUMBONES 80
BONE 0 -1 "tag_origin"
BONE 1 0 "j_mainroot"
BONE 2 1 "j_hip_le"
BONE 3 2 "j_knee_le"
BONE 4 3 "j_ankle_le"
BONE 5 4 "j_ball_le"
BONE 6 2 "Sk_06_01"
BONE 7 1 "j_hip_ri"
BONE 8 7 "j_knee_ri"
BONE 9 8 "j_ankle_ri"
BONE 10 9 "j_ball_ri"
BONE 11 7 "Sk_02_01"
BONE 12 1 "j_spinelower"
BONE 13 12 "j_spineupper"
BONE 14 13 "j_spine4"
BONE 15 14 "j_clavicle_le"
BONE 16 15 "j_shoulder_le"
BONE 17 16 "j_elbow_le"
BONE 18 17 "j_wrist_le"
BONE 19 18 "j_index_le_1"
BONE 20 19 "j_index_le_2"
BONE 21 20 "j_index_le_3"
BONE 22 18 "j_mid_le_1"
BONE 23 22 "j_mid_le_2"
BONE 24 23 "j_mid_le_3"
BONE 25 18 "j_pinky_le_1"
BONE 26 25 "j_pinky_le_2"
BONE 27 26 "j_pinky_le_3"
BONE 28 18 "j_ring_le_1"
BONE 29 28 "j_ring_le_2"
BONE 30 29 "j_ring_le_3"
BONE 31 18 "j_thumb_le_1"
BONE 32 31 "j_thumb_le_2"
BONE 33 32 "j_thumb_le_3"
BONE 34 18 "j_wrist_le1"
BONE 35 34 "tag_weapon_left"
BONE 36 17 "j_wristtwist_le"
BONE 37 16 "j_shouldertwist_le"
BONE 38 37 "tag_reflector_arm_le"
BONE 39 14 "j_clavicle_ri"
BONE 40 39 "j_shoulder_ri"
BONE 41 40 "j_elbow_ri"
BONE 42 41 "j_wrist_ri"
BONE 43 42 "j_index_ri_1"
BONE 44 43 "j_index_ri_2"
BONE 45 44 "j_index_ri_3"
BONE 46 42 "j_mid_ri_1"
BONE 47 46 "j_mid_ri_2"
BONE 48 47 "j_mid_ri_3"
BONE 49 42 "j_pinky_ri_1"
BONE 50 49 "j_pinky_ri_2"
BONE 51 50 "j_pinky_ri_3"
BONE 52 42 "j_ring_ri_1"
BONE 53 52 "j_ring_ri_2"
BONE 54 53 "j_ring_ri_3"
BONE 55 42 "j_thumb_ri_1"
BONE 56 55 "j_thumb_ri_2"
BONE 57 56 "j_thumb_ri_3"
BONE 58 42 "j_wrist_ri1"
BONE 59 58 "tag_weapon_right"
BONE 60 58 "j_gun"
BONE 61 41 "j_wristtwist_ri"
BONE 62 40 "j_shouldertwist_ri"
BONE 63 62 "tag_reflector_arm_ri"
BONE 64 14 "j_neck"
BONE 65 64 "j_head"
BONE 66 14 "j_shoulderraise_le"
BONE 67 14 "j_shoulderraise_ri"
BONE 68 14 "tag_bipod"
BONE 69 14 "tag_inhand"
BONE 70 14 "tag_shield_back"
BONE 71 14 "tag_stowed_back"
BONE 72 14 "tag_weapon_chest"
BONE 73 13 "Db_003"
BONE 74 73 "Db_004"
BONE 75 74 "Db_005"
BONE 76 75 "Db_006"
BONE 77 76 "Db_007"
BONE 78 1 "tag_stowed_hip_rear"
BONE 79 0 "tag_sync"

BONE 0
OFFSET 0.000000 0.000000 0.000000
SCALE 1.000000 1.000000 1.000000
X 1.000000 0.000000 0.000000
Y 0.000000 1.000000 0.000000
Z 0.000000 0.000000 1.000000

BONE 1
OFFSET -3.403327 -0.000169 38.951996
SCALE 1.000000 1.000000 1.000000
X -0.024727 -0.000056 0.999694
Y 0.999694 0.000059 0.024727
Z -0.000060 1.000000 0.000054

BONE 2
OFFSET -2.648167 3.138089 36.972809
SCALE 1.000000 1.000000 1.000000
X -0.021534 0.000138 -0.999768
Y 0.999758 -0.004517 -0.021535
Z -0.004519 -0.999990 -0.000041

BONE 3
OFFSET -3.022613 3.140421 19.593895
SCALE 1.000000 1.000000 1.000000
X -0.073551 0.000367 -0.997291
Y 0.997281 -0.004501 -0.073552
Z -0.004515 -0.999990 -0.000035

BONE 4
OFFSET -4.203519 3.146346 3.594701
SCALE 1.000000 1.000000 1.000000
X 0.003442 0.007033 -0.999969
Y 0.999773 -0.021051 0.003293
Z -0.021027 -0.999754 -0.007104

BONE 5
OFFSET 0.125061 3.134970 0.109345
SCALE 1.000000 1.000000 1.000000
X 0.983988 -0.021948 0.176875
Y -0.176987 -0.003280 0.984208
Z -0.021022 -0.999754 -0.007112

BONE 6
OFFSET -2.950770 5.524972 39.681107
SCALE 1.000000 1.000000 1.000000
X 0.181848 0.967903 0.173479
Y -0.030259 0.181846 -0.982861
Z -0.982861 0.173482 0.062356

BONE 7
OFFSET -2.648098 -3.137245 36.973160
SCALE 1.000000 1.000000 1.000000
X 0.021487 -0.000427 0.999783
Y -0.999769 -0.000209 0.021486
Z 0.000200 -1.000000 -0.000432

BONE 8
OFFSET -3.022586 -3.129868 19.592430
SCALE 1.000000 1.000000 1.000000
X 0.073512 0.001333 0.997308
Y -0.997294 -0.000234 0.073512
Z 0.000331 -0.999999 0.001312

BONE 9
OFFSET -4.203192 -3.151289 3.591490
SCALE 1.000000 1.000000 1.000000
X -0.003487 0.008332 0.999974
Y -0.999667 -0.025596 -0.003274
Z 0.025568 -0.999638 0.008418

BONE 10
OFFSET 0.124723 -3.124815 0.105498
SCALE 1.000000 1.000000 1.000000
X -0.983893 -0.026649 -0.176766
Y 0.176922 -0.003755 -0.984232
Z 0.025564 -0.999638 0.008409

BONE 11
OFFSET -2.950648 -5.525405 39.681713
SCALE 1.000000 1.000000 1.000000
X -0.181367 0.968073 -0.173039
Y -0.030274 -0.181367 -0.982964
Z -0.982949 -0.173037 0.062201

BONE 12
OFFSET -2.022245 -0.000011 43.407948
SCALE 1.000000 1.000000 1.000000
X -0.029900 -0.000051 0.999553
Y 0.999553 0.000059 0.029900
Z -0.000060 1.000000 0.000049

BONE 13
OFFSET -2.422579 0.000199 47.106781
SCALE 1.000000 1.000000 1.000000
X 0.020431 -0.000061 0.999791
Y 0.999791 0.000062 -0.020431
Z -0.000060 1.000000 0.000063

BONE 14
OFFSET -2.658645 0.000008 50.228291
SCALE 1.000000 1.000000 1.000000
X 0.046978 -0.000059 0.998896
Y 0.998896 0.000063 -0.046978
Z -0.000060 1.000000 0.000061

BONE 15
OFFSET -2.918044 0.589355 53.386707
SCALE 1.000000 1.000000 1.000000
X 0.022165 0.997056 0.072335
Y -0.999643 0.021023 0.016472
Z 0.014904 -0.072569 0.997215

BONE 16
OFFSET -2.969232 4.143512 53.407322
SCALE 1.000000 1.000000 1.000000
X 0.017829 0.999688 -0.011536
Y -0.996140 0.016758 -0.086153
Z -0.085943 0.013127 0.996185

BONE 17
OFFSET -3.137269 13.704039 53.414200
SCALE 1.000000 1.000000 1.000000
X -0.014310 0.999664 0.017303
Y -0.996198 -0.012777 -0.086176
Z -0.085937 -0.018369 0.996100

BONE 18
OFFSET -3.204952 22.388000 53.415031
SCALE 1.000000 1.000000 1.000000
X -0.103584 0.991811 -0.073462
Y -0.069008 -0.080944 -0.994305
Z -0.992224 -0.097913 0.076823

BONE 19
OFFSET -2.467624 24.408596 53.444725
SCALE 1.000000 1.000000 1.000000
X 0.087598 0.992620 -0.082746
Y -0.213771 -0.062493 -0.974860
Z -0.972948 0.103098 0.206742

BONE 20
OFFSET -2.369914 25.516382 53.352074
SCALE 1.000000 1.000000 1.000000
X 0.087989 0.992714 -0.081187
Y -0.213648 -0.060893 -0.974988
Z -0.972940 0.103147 0.206756

BONE 21
OFFSET -2.304235 26.258068 53.291233
SCALE 1.000000 1.000000 1.000000
X 0.093135 0.993876 -0.057924
Y -0.211480 -0.037198 -0.976649
Z -0.972935 0.103223 0.206744

BONE 22
OFFSET -3.015520 24.498047 53.535217
SCALE 1.000000 1.000000 1.000000
X 0.003272 0.996358 -0.084104
Y -0.050612 -0.083928 -0.995164
Z -0.998713 0.007516 0.050158

BONE 23
OFFSET -3.011501 25.723860 53.431469
SCALE 1.000000 1.000000 1.000000
X 0.003205 0.996168 -0.086325
Y -0.050549 -0.086149 -0.994977
Z -0.998716 0.007556 0.050084

BONE 24
OFFSET -3.008996 26.540422 53.360577
SCALE 1.000000 1.000000 1.000000
X 0.002237 0.994287 -0.105813
Y -0.050524 -0.105660 -0.993098
Z -0.998720 0.007571 0.050003

BONE 25
OFFSET -3.995051 24.071466 53.212051
SCALE 1.000000 1.000000 1.000000
X -0.131324 0.987647 -0.084390
Y -0.030594 -0.089220 -0.995521
Z -0.990867 -0.128144 0.041923

BONE 26
OFFSET -4.129021 25.078915 53.125717
SCALE 1.000000 1.000000 1.000000
X -0.131195 0.987593 -0.085224
Y -0.030400 -0.090031 -0.995454
Z -0.990890 -0.127998 0.041825

BONE 27
OFFSET -4.202758 25.633200 53.077797
SCALE 1.000000 1.000000 1.000000
X -0.131181 0.987489 -0.086436
Y -0.030111 -0.091214 -0.995355
Z -0.990901 -0.127960 0.041690

BONE 28
OFFSET -3.532698 24.331062 53.431675
SCALE 1.000000 1.000000 1.000000
X -0.066278 0.994125 -0.084473
Y 0.011720 -0.083974 -0.996377
Z -0.997732 -0.067026 -0.006092

BONE 29
OFFSET -3.610582 25.498909 53.332092
SCALE 1.000000 1.000000 1.000000
X -0.066140 0.993707 -0.089358
Y 0.012177 -0.088839 -0.995950
Z -0.997736 -0.066959 -0.006231

BONE 30
OFFSET -3.662320 26.274403 53.262280
SCALE 1.000000 1.000000 1.000000
X -0.067211 0.991999 0.106173
Y -0.000880 0.106249 -0.994298
Z -0.997738 -0.066920 -0.006274

BONE 31
OFFSET -2.365280 22.472622 53.073315
SCALE 1.000000 1.000000 1.000000
X 0.570217 0.810183 -0.135357
Y -0.812940 0.580237 0.048980
Z 0.118235 0.082203 0.989555

BONE 32
OFFSET -1.671465 23.459248 52.908424
SCALE 1.000000 1.000000 1.000000
X 0.565695 0.812011 -0.143144
Y -0.815414 0.576704 0.049590
Z 0.122833 0.088764 0.988429

BONE 33
OFFSET -1.167088 24.183825 52.780720
SCALE 1.000000 1.000000 1.000000
X 0.644969 0.757515 -0.100365
Y -0.758582 0.650530 0.035986
Z 0.092560 0.053023 0.994270

BONE 34
OFFSET 0.607762 21.194418 51.858662
SCALE 1.000000 1.000000 1.000000
X -0.103575 0.991812 -0.073471
Y -0.069009 -0.080953 -0.994304
Z -0.992225 -0.097903 0.076824

BONE 35
OFFSET 12.775111 15.327280 28.586147
SCALE 1.000000 1.000000 1.000000
X 0.534253 0.845189 0.010469
Y -0.503771 0.308471 0.806880
Z 0.678814 -0.436267 0.590572

BONE 36
OFFSET -3.185062 19.845617 53.414589
SCALE 1.000000 1.000000 1.000000
X -0.014314 0.999664 0.017300
Y -0.996202 -0.012782 -0.086121
Z -0.085882 -0.018365 0.996105

BONE 37
OFFSET -2.962474 4.520022 53.402985
SCALE 1.000000 1.000000 1.000000
X 0.017812 0.999690 -0.011394
Y -0.996138 0.016753 -0.086173
Z -0.085967 0.012985 0.996185

BONE 38
OFFSET -2.812392 5.180425 55.165737
SCALE 1.000000 1.000000 1.000000
X 0.030290 -0.294058 0.955242
Y -0.948100 -0.311082 -0.065740
Z 0.316525 -0.903652 -0.288327

BONE 39
OFFSET -2.918045 -0.588161 53.386730
SCALE 1.000000 1.000000 1.000000
X -0.019467 0.997197 -0.072247
Y 0.999656 0.018143 -0.018934
Z -0.017570 -0.072591 -0.997207

BONE 40
OFFSET -2.969078 -4.141145 53.406578
SCALE 1.000000 1.000000 1.000000
X -0.020102 0.999735 0.011194
Y 0.996284 0.019092 0.083989
Z 0.083753 0.012841 -0.996404

BONE 41
OFFSET -3.116618 -13.702262 53.417637
SCALE 1.000000 1.000000 1.000000
X 0.017349 0.999701 -0.017206
Y 0.996353 -0.015848 0.083834
Z 0.083537 -0.018598 -0.996331

BONE 42
OFFSET -3.210952 -22.386005 53.418575
SCALE 1.000000 1.000000 1.000000
X 0.045384 0.989900 0.134308
Y -0.085959 -0.130078 0.987771
Z 0.995264 -0.056374 0.079187

BONE 43
OFFSET -2.451950 -24.412678 53.446712
SCALE 1.000000 1.000000 1.000000
X -0.085581 0.992771 0.084146
Y 0.052895 -0.079810 0.995406
Z 0.994926 0.089639 -0.045683

BONE 44
OFFSET -2.356191 -25.524134 53.352394
SCALE 1.000000 1.000000 1.000000
X -0.095993 0.991754 0.084911
Y 0.052928 -0.080099 0.995381
Z 0.993974 0.100044 -0.044803

BONE 45
OFFSET -2.285109 -26.258017 53.289673
SCALE 1.000000 1.000000 1.000000
X -0.095281 0.990587 0.098281
Y 0.054237 -0.093417 0.994149
Z 0.993972 0.100054 -0.044825

BONE 46
OFFSET -2.999279 -24.501846 53.538559
SCALE 1.000000 1.000000 1.000000
X -0.001167 0.996401 0.084751
Y -0.106116 -0.084396 0.990766
Z 0.994353 -0.007837 0.105833

BONE 47
OFFSET -2.997911 -25.727129 53.434383
SCALE 1.000000 1.000000 1.000000
X -0.000872 0.996663 0.081620
Y -0.106081 -0.081251 0.991032
Z 0.994357 -0.007794 0.105798

BONE 48
OFFSET -2.997161 -26.541624 53.367706
SCALE 1.000000 1.000000 1.000000
X -0.010472 0.985223 0.170957
Y -0.105604 -0.171100 0.979578
Z 0.994353 -0.007795 0.105836

BONE 49
OFFSET -3.978651 -24.077389 53.216728
SCALE 1.000000 1.000000 1.000000
X 0.136472 0.987158 0.083031
Y -0.123557 -0.066199 0.990127
Z 0.982908 -0.145384 0.112936

BONE 50
OFFSET -4.118328 -25.088015 53.131763
SCALE 1.000000 1.000000 1.000000
X 0.136115 0.986994 0.085535
Y -0.123898 -0.068701 0.989914
Z 0.982915 -0.145340 0.112935

BONE 51
OFFSET -4.194582 -25.640324 53.083946
SCALE 1.000000 1.000000 1.000000
X 0.183662 0.977031 0.108065
Y -0.126224 -0.085584 0.988303
Z 0.974852 -0.195154 0.107606

BONE 52
OFFSET -3.516151 -24.335802 53.435783
SCALE 1.000000 1.000000 1.000000
X 0.068891 0.993970 0.085314
Y -0.165049 -0.072983 0.983581
Z 0.983876 -0.081841 0.159026

BONE 53
OFFSET -3.596983 -25.500345 53.335846
SCALE 1.000000 1.000000 1.000000
X 0.069203 0.994138 0.083068
Y -0.164843 -0.070728 0.983781
Z 0.983889 -0.081774 0.158982

BONE 54
OFFSET -3.650949 -26.276749 53.270939
SCALE 1.000000 1.000000 1.000000
X 0.084440 0.996376 -0.010221
Y -0.157575 0.023481 0.987228
Z 0.983890 -0.081751 0.158986

BONE 55
OFFSET -2.366657 -22.488157 53.066620
SCALE 1.000000 1.000000 1.000000
X -0.572325 0.808325 0.138042
Y 0.818874 0.554439 0.148471
Z 0.043477 0.198013 -0.979235

BONE 56
OFFSET -1.673108 -23.468081 52.899181
SCALE 1.000000 1.000000 1.000000
X -0.572822 0.807986 0.137958
Y 0.818526 0.554929 0.148560
Z 0.043477 0.198021 -0.979233

BONE 57
OFFSET -1.160618 -24.191093 52.775745
SCALE 1.000000 1.000000 1.000000
X -0.537338 0.830949 0.144189
Y 0.842242 0.519894 0.142614
Z 0.043542 0.198074 -0.979220

BONE 58
OFFSET -7.164019 -23.801619 54.286354
SCALE 1.000000 1.000000 1.000000
X 0.045384 0.989899 0.134311
Y -0.085955 -0.130081 0.987771
Z 0.995265 -0.056374 0.079184

BONE 59
OFFSET -11.497729 -28.210247 56.229740
SCALE 1.000000 1.000000 1.000000
X 0.563736 -0.824004 0.056749
Y 0.583875 0.348971 -0.733014
Z 0.584202 0.446360 0.677843

BONE 60
OFFSET -11.497727 -28.210247 56.229736
SCALE 1.000000 1.000000 1.000000
X 0.563469 -0.824137 0.057459
Y 0.611093 0.368985 -0.700297
Z 0.555939 0.429708 0.711536

BONE 61
OFFSET -3.183344 -19.843679 53.418327
SCALE 1.000000 1.000000 1.000000
X 0.017323 0.999702 -0.017212
Y 0.996356 -0.015822 0.083814
Z 0.083517 -0.018601 -0.996333

BONE 62
OFFSET -2.962277 -4.480044 53.402786
SCALE 1.000000 1.000000 1.000000
X -0.020098 0.999735 0.011188
Y 0.996284 0.019089 0.083989
Z 0.083753 0.012834 -0.996404

BONE 63
OFFSET -2.806448 -5.139837 55.165245
SCALE 1.000000 1.000000 1.000000
X -0.049969 0.244557 0.968347
Y 0.935190 -0.328899 0.131322
Z 0.350603 0.912150 -0.212272

BONE 64
OFFSET -2.714857 -0.000570 54.815048
SCALE 1.000000 1.000000 1.000000
X 0.309743 -0.000043 0.950820
Y 0.950820 0.000075 -0.309743
Z -0.000058 1.000000 0.000064

BONE 65
OFFSET -2.714855 -0.000570 57.265446
SCALE 1.000000 1.000000 1.000000
X 0.216398 -0.000041 0.976305
Y 0.976305 0.000072 -0.216398
Z -0.000061 1.000000 0.000055

BONE 66
OFFSET -2.516549 3.896378 57.103088
SCALE 1.000000 1.000000 1.000000
X -0.019310 -0.997191 -0.072368
Y 0.999659 -0.017985 -0.018916
Z 0.017561 -0.072709 0.997199

BONE 67
OFFSET -2.516076 -3.897120 57.102764
SCALE 1.000000 1.000000 1.000000
X 0.022390 -0.997288 0.071657
Y -0.999638 -0.021264 0.016474
Z -0.014905 -0.072149 -0.997336

BONE 68
OFFSET 16.212355 -27.607416 30.492599
SCALE 1.000000 1.000000 1.000000
X 1.000000 -0.000091 0.000097
Y 0.000091 1.000000 0.000046
Z -0.000097 -0.000046 1.000000

BONE 69
OFFSET 10.683567 -27.608334 37.812237
SCALE 1.000000 1.000000 1.000000
X -0.000154 1.000000 0.000198
Y 0.764294 0.000246 -0.644868
Z -0.644868 0.000052 -0.764294

BONE 70
OFFSET -10.812490 0.775215 50.612869
SCALE 1.000000 1.000000 1.000000
X -0.989756 -0.000184 0.142772
Y 0.000186 -1.000000 -0.000000
Z 0.142772 0.000026 0.989756

BONE 71
OFFSET -9.024031 -4.450550 48.556969
SCALE 1.000000 1.000000 1.000000
X -0.007011 0.025917 -0.999640
Y -0.984168 -0.177222 0.002307
Z -0.177100 0.983834 0.026747

BONE 72
OFFSET 10.683565 -27.608334 37.812241
SCALE 1.000000 1.000000 1.000000
X 1.000000 -0.000013 0.000097
Y 0.000013 1.000000 -0.000001
Z -0.000097 0.000001 1.000000

BONE 73
OFFSET 1.437045 -0.002506 51.290565
SCALE 1.000000 1.000000 1.000000
X 0.000183 1.000000 0.000298
Y 0.448651 0.000184 -0.893707
Z -0.893707 0.000297 -0.448651

BONE 74
OFFSET 2.100528 -0.002234 49.968910
SCALE 1.000000 1.000000 1.000000
X 0.000021 1.000000 0.000024
Y 0.087819 0.000022 -0.996136
Z -0.996136 0.000023 -0.087819

BONE 75
OFFSET 2.193705 -0.002211 48.912003
SCALE 1.000000 1.000000 1.000000
X 0.000021 1.000000 0.000021
Y 0.021083 0.000021 -0.999778
Z -0.999777 0.000021 -0.021083

BONE 76
OFFSET 2.215237 -0.002190 47.890915
SCALE 1.000000 1.000000 1.000000
X 0.000048 1.000000 0.000051
Y 0.056588 0.000048 -0.998398
Z -0.998397 0.000051 -0.056588

BONE 77
OFFSET 2.429843 -0.002006 44.104576
SCALE 1.000000 1.000000 1.000000
X -0.000000 1.000000 0.000000
Y -0.000000 0.000000 1.000000
Z 0.999979 0.000000 -0.000001

BONE 78
OFFSET -9.109749 -2.538144 35.812962
SCALE 1.000000 1.000000 1.000000
X -0.188093 0.137955 0.972414
Y 0.149128 -0.974595 0.167110
Z 0.970763 0.176446 0.162741

BONE 79
OFFSET -0.002207 0.000000 -0.000000
SCALE 1.000000 1.000000 1.000000
X -1.000000 0.000000 0.000000
Y 0.000000 -1.000000 0.000000
Z 0.000000 0.000000 1.000000


NUMVERTS 1198
VERT 0
OFFSET -1.638209 8.647452 53.489017
BONES 2
BONE 16 0.972555
BONE 17 0.027446

VERT 1
OFFSET -1.553267 8.646817 53.506397
BONES 2
BONE 17 0.027493
BONE 16 0.972507

VERT 2
OFFSET -1.798712 8.732127 52.480259
BONES 2
BONE 16 0.971867
BONE 17 0.028133

VERT 3
OFFSET -1.716757 8.776965 52.588402
BONES 2
BONE 17 0.028280
BONE 16 0.971720

VERT 4
OFFSET -1.657970 8.760823 52.470940
BONES 2
BONE 17 0.028174
BONE 16 0.971826

VERT 5
OFFSET -1.723199 9.203648 53.438580
BONES 2
BONE 16 0.969379
BONE 17 0.030621

VERT 6
OFFSET -1.668981 9.264237 53.394264
BONES 2
BONE 16 0.969136
BONE 17 0.030864

VERT 7
OFFSET -1.685544 9.143186 53.344646
BONES 2
BONE 16 0.969568
BONE 17 0.030432

VERT 8
OFFSET -1.616315 8.719184 53.410538
BONES 2
BONE 17 0.027795
BONE 16 0.972205

VERT 9
OFFSET -1.574588 8.938576 53.479652
BONES 2
BONE 17 0.029062
BONE 16 0.970938

VERT 10
OFFSET -1.641418 8.919414 53.116207
BONES 2
BONE 16 0.971080
BONE 17 0.028920

VERT 11
OFFSET -1.639654 8.839323 53.151863
BONES 2
BONE 17 0.028643
BONE 16 0.971357

VERT 12
OFFSET -1.725592 8.914044 53.123875
BONES 2
BONE 16 0.970991
BONE 17 0.029009

VERT 13
OFFSET -1.663016 -8.492078 53.584240
BONES 2
BONE 40 0.973425
BONE 41 0.026575

VERT 14
OFFSET -1.637182 -8.762274 53.543755
BONES 2
BONE 41 0.027951
BONE 40 0.972049

VERT 15
OFFSET -1.669783 -8.338441 52.692009
BONES 2
BONE 40 0.974158
BONE 41 0.025843

VERT 16
OFFSET -1.685754 -8.451725 52.775574
BONES 2
BONE 41 0.026265
BONE 40 0.973734

VERT 17
OFFSET -1.744438 -8.391294 52.748943
BONES 2
BONE 41 0.026012
BONE 40 0.973988

VERT 18
OFFSET -1.835583 -8.947910 52.642918
BONES 2
BONE 41 0.029124
BONE 40 0.970876

VERT 19
OFFSET -1.760515 -8.877401 52.726761
BONES 2
BONE 41 0.028861
BONE 40 0.971139

VERT 20
OFFSET -1.756293 -8.954562 52.641808
BONES 2
BONE 41 0.029197
BONE 40 0.970803

VERT 21
OFFSET -1.748539 -9.108470 53.523823
BONES 2
BONE 41 0.030064
BONE 40 0.969935

VERT 22
OFFSET -1.610229 -8.792004 53.634075
BONES 2
BONE 40 0.971856
BONE 41 0.028144

VERT 23
OFFSET -1.597445 -8.799659 53.578552
BONES 2
BONE 40 0.971770
BONE 41 0.028230

VERT 24
OFFSET -1.659681 -8.781222 53.213490
BONES 2
BONE 41 0.028108
BONE 40 0.971892

VERT 25
OFFSET -1.750626 -8.782728 53.222874
BONES 2
BONE 40 0.971737
BONE 41 0.028263

VERT 26
OFFSET -1.668843 -8.701726 53.250221
BONES 2
BONE 40 0.972172
BONE 41 0.027828

VERT 27
OFFSET -4.518615 9.087899 53.162758
BONES 2
BONE 16 0.970685
BONE 17 0.029315

VERT 28
OFFSET -2.067228 9.090387 54.326897
BONES 2
BONE 16 0.969783
BONE 17 0.030216

VERT 29
OFFSET -3.988240 8.947502 54.407284
BONES 2
BONE 17 0.028848
BONE 16 0.971152

VERT 30
OFFSET -2.192034 8.635765 51.859074
BONES 2
BONE 17 0.027519
BONE 16 0.972481

VERT 31
OFFSET -4.261206 8.662671 51.965675
BONES 2
BONE 16 0.973168
BONE 17 0.026832

VERT 32
OFFSET -1.588137 9.072783 52.997257
BONES 2
BONE 16 0.970193
BONE 17 0.029807

VERT 33
OFFSET -1.487619 8.701754 53.250118
BONES 2
BONE 17 0.027722
BONE 16 0.972278

VERT 34
OFFSET -1.670749 8.893340 53.410130
BONES 2
BONE 16 0.971121
BONE 17 0.028879

VERT 35
OFFSET -1.708376 8.823900 53.943459
BONES 2
BONE 17 0.028604
BONE 16 0.971396

VERT 36
OFFSET -1.779255 9.222552 53.877220
BONES 2
BONE 16 0.969488
BONE 17 0.030512

VERT 37
OFFSET -2.003284 -9.137625 54.226322
BONES 2
BONE 41 0.029895
BONE 40 0.970105

VERT 38
OFFSET -3.625215 -9.107651 54.591118
BONES 2
BONE 41 0.029690
BONE 40 0.970310

VERT 39
OFFSET -4.550354 -8.923636 53.230160
BONES 2
BONE 41 0.028604
BONE 40 0.971396

VERT 40
OFFSET -2.651379 -8.719464 54.653362
BONES 2
BONE 40 0.972348
BONE 41 0.027652

VERT 41
OFFSET -4.134169 -8.536670 51.965233
BONES 2
BONE 40 0.973682
BONE 41 0.026318

VERT 42
OFFSET -2.219116 -8.529991 51.952332
BONES 2
BONE 41 0.026892
BONE 40 0.973108

VERT 43
OFFSET -4.396931 -8.635320 54.184898
BONES 2
BONE 40 0.973005
BONE 41 0.026995

VERT 44
OFFSET -1.605683 -8.927077 53.099834
BONES 2
BONE 40 0.970950
BONE 41 0.029050

VERT 45
OFFSET -1.512475 -8.558290 53.319729
BONES 2
BONE 41 0.026887
BONE 40 0.973113

VERT 46
OFFSET -1.701327 -8.767253 53.507187
BONES 2
BONE 40 0.971870
BONE 41 0.028130

VERT 47
OFFSET -1.773572 -8.770077 54.070980
BONES 2
BONE 40 0.971887
BONE 41 0.028113

VERT 48
OFFSET -1.776410 -9.068638 53.974266
BONES 2
BONE 40 0.970406
BONE 41 0.029594

VERT 49
OFFSET -1.785694 -2.220455 54.502007
BONES 4
BONE 40 0.088320
BONE 64 0.006123
BONE 39 0.423729
BONE 13 0.481828

VERT 50
OFFSET -1.583375 -0.817803 54.878315
BONES 5
BONE 65 0.028255
BONE 64 0.120386
BONE 13 0.756088
BONE 39 0.095262
BONE 40 0.000009

VERT 51
OFFSET 1.312480 0.000346 50.266994
BONES 2
BONE 13 0.907209
BONE 12 0.092791

VERT 52
OFFSET -0.746395 -0.540779 52.988350
BONES 1
BONE 13 1.000000

VERT 53
OFFSET 1.503664 -2.726591 51.046707
BONES 1
BONE 13 1.000000

VERT 54
OFFSET 0.583158 -0.000061 47.172550
BONES 3
BONE 13 0.050990
BONE 12 0.948940
BONE 1 0.000070

VERT 55
OFFSET 0.104176 -0.000965 43.973091
BONES 5
BONE 11 0.003498
BONE 6 0.002669
BONE 12 0.766719
BONE 1 0.227082
BONE 13 0.000032

VERT 56
OFFSET 0.281094 -1.612686 46.570034
BONES 3
BONE 1 0.008059
BONE 12 0.864090
BONE 13 0.127851

VERT 57
OFFSET -0.799309 -2.737551 44.426819
BONES 3
BONE 1 0.220698
BONE 12 0.777975
BONE 13 0.001327

VERT 58
OFFSET -0.470014 -3.101191 46.767643
BONES 3
BONE 1 0.001046
BONE 12 0.789094
BONE 13 0.209860

VERT 59
OFFSET -0.582463 -3.160400 52.735455
BONES 3
BONE 40 0.000312
BONE 13 0.883800
BONE 39 0.115888

VERT 60
OFFSET -1.595762 -4.227190 52.450939
BONES 4
BONE 41 0.000414
BONE 13 0.497217
BONE 39 0.252096
BONE 40 0.250273

VERT 61
OFFSET -1.663035 -1.090004 55.711815
BONES 4
BONE 65 0.187159
BONE 39 0.025713
BONE 13 0.332589
BONE 64 0.454539

VERT 62
OFFSET -3.789046 -1.455600 55.871452
BONES 4
BONE 65 0.136053
BONE 39 0.139631
BONE 13 0.314058
BONE 64 0.410257

VERT 63
OFFSET -3.620797 -1.468916 56.556553
BONES 4
BONE 64 0.555859
BONE 13 0.106272
BONE 39 0.021036
BONE 65 0.316833

VERT 64
OFFSET -3.886869 -1.798174 55.765133
BONES 4
BONE 64 0.344968
BONE 13 0.402472
BONE 39 0.190699
BONE 65 0.061861

VERT 65
OFFSET -4.406005 0.616242 56.511070
BONES 5
BONE 64 0.538512
BONE 13 0.154854
BONE 39 0.000942
BONE 65 0.256911
BONE 15 0.048780

VERT 66
OFFSET -1.466675 -2.255181 54.870052
BONES 5
BONE 64 0.023587
BONE 13 0.559394
BONE 39 0.416820
BONE 65 0.000157
BONE 40 0.000042

VERT 67
OFFSET -4.496120 1.254338 55.663773
BONES 5
BONE 65 0.072749
BONE 39 0.000157
BONE 13 0.377677
BONE 64 0.418031
BONE 15 0.131386

VERT 68
OFFSET -4.181809 1.099371 56.751675
BONES 5
BONE 64 0.575749
BONE 13 0.080407
BONE 15 0.013102
BONE 65 0.330506
BONE 39 0.000237

VERT 69
OFFSET -3.802544 -1.364059 56.733788
BONES 4
BONE 64 0.568632
BONE 13 0.090641
BONE 39 0.014403
BONE 65 0.326323

VERT 70
OFFSET -4.133521 -0.960355 54.921486
BONES 5
BONE 15 0.003555
BONE 64 0.304122
BONE 13 0.512786
BONE 39 0.139475
BONE 65 0.040062

VERT 71
OFFSET -2.755475 -1.470960 54.696667
BONES 4
BONE 65 0.034419
BONE 39 0.173432
BONE 13 0.577452
BONE 64 0.214696

VERT 72
OFFSET -3.238102 -4.099846 55.023151
BONES 5
BONE 41 0.000004
BONE 40 0.400039
BONE 39 0.526627
BONE 13 0.068120
BONE 64 0.005210

VERT 73
OFFSET -4.670208 -0.005581 55.447758
BONES 8
BONE 12 0.000482
BONE 64 0.323864
BONE 13 0.526331
BONE 39 0.055482
BONE 40 0.000673
BONE 65 0.072693
BONE 15 0.020356
BONE 16 0.000121

VERT 74
OFFSET -4.764495 -4.391451 53.734604
BONES 6
BONE 41 0.000390
BONE 39 0.559703
BONE 13 0.033749
BONE 40 0.406017
BONE 12 0.000027
BONE 64 0.000114

VERT 75
OFFSET -4.328013 2.504799 54.899319
BONES 5
BONE 64 0.080949
BONE 13 0.329340
BONE 15 0.493545
BONE 65 0.007899
BONE 16 0.088268

VERT 76
OFFSET -5.348792 -1.876667 52.981533
BONES 7
BONE 16 0.000402
BONE 13 0.574597
BONE 12 0.066708
BONE 15 0.016784
BONE 64 0.003655
BONE 39 0.285933
BONE 40 0.051922

VERT 77
OFFSET -3.532902 2.595549 46.794159
BONES 5
BONE 13 0.104822
BONE 12 0.855065
BONE 15 0.006457
BONE 16 0.000087
BONE 1 0.033570

VERT 78
OFFSET -4.175835 -0.457833 46.068565
BONES 6
BONE 39 0.000255
BONE 1 0.070644
BONE 13 0.059241
BONE 12 0.868585
BONE 15 0.001258
BONE 16 0.000017

VERT 79
OFFSET -3.463935 -2.392540 45.875866
BONES 4
BONE 1 0.109621
BONE 39 0.003546
BONE 12 0.824451
BONE 13 0.062382

VERT 80
OFFSET -2.387345 -3.642782 48.204540
BONES 5
BONE 39 0.009615
BONE 12 0.654324
BONE 13 0.333427
BONE 40 0.001816
BONE 1 0.000818

VERT 81
OFFSET -4.666756 -4.446860 52.389915
BONES 5
BONE 13 0.107904
BONE 12 0.003713
BONE 39 0.450663
BONE 40 0.437424
BONE 41 0.000296

VERT 82
OFFSET -2.860328 -4.607637 51.695370
BONES 5
BONE 13 0.222020
BONE 12 0.002604
BONE 39 0.365117
BONE 40 0.410034
BONE 41 0.000224

VERT 83
OFFSET -0.487959 0.227967 52.977444
BONES 2
BONE 15 0.010474
BONE 13 0.989526

VERT 84
OFFSET -1.346518 0.627318 54.567444
BONES 4
BONE 15 0.032079
BONE 13 0.843714
BONE 64 0.107439
BONE 65 0.016769

VERT 85
OFFSET -0.062771 -0.388236 52.305557
BONES 2
BONE 13 0.999998
BONE 15 0.000002

VERT 86
OFFSET 0.098707 0.336410 51.969585
BONES 1
BONE 13 1.000000

VERT 87
OFFSET -0.827004 0.571407 53.038364
BONES 2
BONE 15 0.000482
BONE 13 0.999518

VERT 88
OFFSET -2.566576 1.521201 55.458778
BONES 5
BONE 16 0.000011
BONE 65 0.093443
BONE 15 0.182864
BONE 13 0.437366
BONE 64 0.286316

VERT 89
OFFSET -3.621028 1.467806 56.556404
BONES 4
BONE 64 0.555833
BONE 13 0.106297
BONE 15 0.021053
BONE 65 0.316818

VERT 90
OFFSET -1.611141 2.183520 54.959358
BONES 5
BONE 16 0.000036
BONE 64 0.048941
BONE 13 0.546818
BONE 15 0.399338
BONE 65 0.004867

VERT 91
OFFSET -1.717094 1.151351 55.805111
BONES 4
BONE 65 0.200902
BONE 15 0.023894
BONE 13 0.311067
BONE 64 0.464137

VERT 92
OFFSET -3.334864 1.587138 54.884590
BONES 4
BONE 64 0.269720
BONE 13 0.501707
BONE 15 0.185785
BONE 65 0.042788

VERT 93
OFFSET -2.019870 1.255883 54.345490
BONES 4
BONE 64 0.060070
BONE 13 0.807605
BONE 15 0.123868
BONE 65 0.008457

VERT 94
OFFSET -1.711062 3.140993 46.042469
BONES 4
BONE 13 0.087574
BONE 12 0.838205
BONE 1 0.074215
BONE 15 0.000006

VERT 95
OFFSET -0.820773 2.624859 44.060696
BONES 4
BONE 6 0.001418
BONE 1 0.286611
BONE 12 0.710759
BONE 13 0.001212

VERT 96
OFFSET 0.201598 2.311869 46.717556
BONES 3
BONE 13 0.221186
BONE 12 0.777945
BONE 1 0.000869

VERT 97
OFFSET 0.034112 1.292371 42.884373
BONES 4
BONE 11 0.005936
BONE 6 0.014947
BONE 12 0.485986
BONE 1 0.493131

VERT 98
OFFSET 1.707346 1.855703 49.203655
BONES 2
BONE 12 0.021764
BONE 13 0.978236

VERT 99
OFFSET 1.514065 2.845625 50.942703
BONES 1
BONE 13 1.000000

VERT 100
OFFSET -2.034910 4.395536 51.262867
BONES 4
BONE 13 0.814836
BONE 15 0.108229
BONE 16 0.030191
BONE 12 0.046744

VERT 101
OFFSET -0.451284 4.534915 49.662048
BONES 2
BONE 12 0.050238
BONE 13 0.949762

VERT 102
OFFSET 1.285486 3.741994 49.246460
BONES 2
BONE 12 0.017567
BONE 13 0.982433

VERT 103
OFFSET -1.242246 4.086581 52.382446
BONES 3
BONE 13 0.557422
BONE 15 0.269883
BONE 16 0.172694

VERT 104
OFFSET -0.492930 2.810120 52.799164
BONES 2
BONE 15 0.065221
BONE 13 0.934779

VERT 105
OFFSET -1.433959 4.313617 53.689186
BONES 4
BONE 13 0.054543
BONE 15 0.450859
BONE 16 0.494547
BONE 17 0.000052

VERT 106
OFFSET 1.540351 -3.350713 50.290794
BONES 1
BONE 13 1.000000

VERT 107
OFFSET -0.349629 -4.501941 49.662792
BONES 3
BONE 13 0.950999
BONE 12 0.048479
BONE 39 0.000523

VERT 108
OFFSET 1.005899 -3.436490 48.450676
BONES 2
BONE 12 0.037264
BONE 13 0.962736

VERT 109
OFFSET 1.707423 -1.855654 49.203323
BONES 2
BONE 13 0.978234
BONE 12 0.021766

VERT 110
OFFSET 0.485010 -0.064954 46.698353
BONES 2
BONE 13 0.001689
BONE 12 0.998311

VERT 111
OFFSET 0.591194 -0.119936 46.978622
BONES 2
BONE 13 0.004930
BONE 12 0.995070

VERT 112
OFFSET 0.515872 0.182472 46.853127
BONES 2
BONE 12 0.994384
BONE 13 0.005616

VERT 113
OFFSET 1.568842 0.001162 49.398499
BONES 2
BONE 12 0.305240
BONE 13 0.694760

VERT 114
OFFSET 1.210442 0.000483 49.113853
BONES 2
BONE 12 0.416123
BONE 13 0.583877

VERT 115
OFFSET 0.223542 0.003831 52.157520
BONES 1
BONE 13 1.000000

VERT 116
OFFSET 0.711324 0.006225 52.128723
BONES 1
BONE 13 1.000000

VERT 117
OFFSET -4.199568 4.443016 51.950485
BONES 5
BONE 13 0.199128
BONE 12 0.016750
BONE 15 0.358986
BONE 17 0.000410
BONE 16 0.424725

VERT 118
OFFSET -4.927089 4.371039 53.253239
BONES 6
BONE 16 0.396461
BONE 13 0.081009
BONE 15 0.514077
BONE 17 0.000481
BONE 12 0.007927
BONE 64 0.000045

VERT 119
OFFSET -2.493474 12.529277 52.499722
BONES 3
BONE 36 0.000373
BONE 17 0.339749
BONE 16 0.659878

VERT 120
OFFSET -1.938478 4.683909 52.109360
BONES 4
BONE 13 0.149187
BONE 15 0.311771
BONE 17 0.001482
BONE 16 0.537560

VERT 121
OFFSET -1.907736 12.011096 53.286240
BONES 3
BONE 15 0.007333
BONE 17 0.376262
BONE 16 0.616405

VERT 122
OFFSET -2.171813 4.104963 54.580761
BONES 5
BONE 64 0.002097
BONE 16 0.405185
BONE 13 0.101068
BONE 15 0.490410
BONE 17 0.001240

VERT 123
OFFSET -3.174807 4.271964 55.044258
BONES 4
BONE 13 0.049208
BONE 15 0.516494
BONE 17 0.000005
BONE 16 0.434294

VERT 124
OFFSET -4.174001 4.550663 54.559998
BONES 4
BONE 13 0.026846
BONE 15 0.495914
BONE 17 0.001903
BONE 16 0.475338

VERT 125
OFFSET -3.062078 13.569448 54.455132
BONES 3
BONE 16 0.446073
BONE 17 0.553690
BONE 36 0.000237

VERT 126
OFFSET -2.226507 14.420857 54.047081
BONES 3
BONE 17 0.633226
BONE 16 0.344723
BONE 36 0.022051

VERT 127
OFFSET -3.703847 20.276747 52.555683
BONES 3
BONE 36 0.608132
BONE 16 0.003099
BONE 17 0.388769

VERT 128
OFFSET -2.173450 20.750084 53.872341
BONES 2
BONE 17 0.277302
BONE 36 0.722698

VERT 129
OFFSET -3.669906 20.690990 54.011330
BONES 2
BONE 17 0.275104
BONE 36 0.724896

VERT 130
OFFSET -2.289333 20.622663 52.667973
BONES 2
BONE 36 0.662753
BONE 17 0.337247

VERT 131
OFFSET -4.121659 13.361603 53.885185
BONES 3
BONE 36 0.000594
BONE 16 0.358523
BONE 17 0.640883

VERT 132
OFFSET -4.020419 13.323176 52.723824
BONES 4
BONE 15 0.000247
BONE 17 0.548996
BONE 16 0.450756
BONE 36 0.000001

VERT 133
OFFSET -2.236617 22.292778 53.778866
BONES 2
BONE 36 0.885173
BONE 17 0.114827

VERT 134
OFFSET -3.864290 22.328819 53.761829
BONES 2
BONE 36 0.840225
BONE 17 0.159775

VERT 135
OFFSET -2.537403 22.292711 52.578861
BONES 2
BONE 36 0.989716
BONE 17 0.010284

VERT 136
OFFSET -4.069554 22.400753 53.277504
BONES 2
BONE 36 0.917018
BONE 17 0.082982

VERT 137
OFFSET -4.053792 20.756287 53.386513
BONES 2
BONE 17 0.295230
BONE 36 0.704770

VERT 138
OFFSET -3.737173 20.843525 53.738483
BONES 2
BONE 36 0.741301
BONE 17 0.258699

VERT 139
OFFSET -2.421228 20.849508 53.676811
BONES 2
BONE 36 0.751966
BONE 17 0.248034

VERT 140
OFFSET -3.899185 20.837702 53.538937
BONES 2
BONE 36 0.730133
BONE 17 0.269867

VERT 141
OFFSET -2.918747 20.821175 52.669186
BONES 2
BONE 17 0.291819
BONE 36 0.708181

VERT 142
OFFSET -1.574171 -4.475276 53.782928
BONES 4
BONE 13 0.064608
BONE 40 0.484421
BONE 41 0.001986
BONE 39 0.448986

VERT 143
OFFSET -2.177966 -4.506991 54.550716
BONES 4
BONE 41 0.001639
BONE 39 0.464228
BONE 13 0.034217
BONE 40 0.499915

VERT 144
OFFSET -4.173084 -4.546051 54.559238
BONES 4
BONE 13 0.026847
BONE 39 0.495885
BONE 41 0.001906
BONE 40 0.475361

VERT 145
OFFSET -2.231997 -14.405312 54.046093
BONES 3
BONE 41 0.631271
BONE 40 0.347163
BONE 61 0.021566

VERT 146
OFFSET -3.069026 -13.568110 54.454388
BONES 3
BONE 40 0.446203
BONE 41 0.553561
BONE 61 0.000236

VERT 147
OFFSET -2.103148 -13.045527 52.669369
BONES 3
BONE 61 0.000123
BONE 41 0.428129
BONE 40 0.571749

VERT 148
OFFSET -3.704460 -20.278316 52.555096
BONES 3
BONE 61 0.608268
BONE 40 0.003096
BONE 41 0.388637

VERT 149
OFFSET -2.173900 -20.749624 53.871521
BONES 2
BONE 41 0.277303
BONE 61 0.722697

VERT 150
OFFSET -3.670413 -20.691547 54.010639
BONES 2
BONE 41 0.275106
BONE 61 0.724894

VERT 151
OFFSET -2.289972 -20.622278 52.667171
BONES 2
BONE 61 0.662752
BONE 41 0.337248

VERT 152
OFFSET -4.128476 -13.375975 53.884792
BONES 3
BONE 61 0.000593
BONE 40 0.352809
BONE 41 0.646598

VERT 153
OFFSET -4.027508 -13.337711 52.723125
BONES 4
BONE 40 0.446305
BONE 41 0.553449
BONE 39 0.000245
BONE 61 0.000001

VERT 154
OFFSET -2.235959 -22.292347 53.778057
BONES 2
BONE 61 0.885175
BONE 41 0.114825

VERT 155
OFFSET -3.863593 -22.329527 53.761162
BONES 2
BONE 61 0.840224
BONE 41 0.159776

VERT 156
OFFSET -2.536838 -22.292496 52.578079
BONES 2
BONE 61 0.989716
BONE 41 0.010284

VERT 157
OFFSET -4.068837 -22.401627 53.276840
BONES 2
BONE 61 0.917018
BONE 41 0.082982

VERT 158
OFFSET -4.054277 -20.757095 53.385857
BONES 2
BONE 41 0.295234
BONE 61 0.704766

VERT 159
OFFSET -3.737564 -20.844133 53.737801
BONES 2
BONE 61 0.741301
BONE 41 0.258699

VERT 160
OFFSET -2.421623 -20.849211 53.676018
BONES 2
BONE 61 0.751966
BONE 41 0.248034

VERT 161
OFFSET -2.919249 -20.821217 52.668430
BONES 2
BONE 41 0.291819
BONE 61 0.708181

VERT 162
OFFSET -3.899599 -20.838427 53.538273
BONES 2
BONE 61 0.730132
BONE 41 0.269868

VERT 163
OFFSET -3.680859 19.124737 53.748951
BONES 2
BONE 17 0.664949
BONE 36 0.335051

VERT 164
OFFSET -3.518928 18.774906 53.575802
BONES 2
BONE 17 0.714621
BONE 36 0.285379

VERT 165
OFFSET -3.422174 21.700546 53.582508
BONES 2
BONE 36 0.827459
BONE 17 0.172541

VERT 166
OFFSET -3.547326 21.371275 53.766548
BONES 2
BONE 17 0.167901
BONE 36 0.832099

VERT 167
OFFSET -3.682509 -19.125313 53.748272
BONES 2
BONE 41 0.664948
BONE 61 0.335052

VERT 168
OFFSET -3.520857 -18.775352 53.575115
BONES 2
BONE 41 0.714621
BONE 61 0.285379

VERT 169
OFFSET -3.421974 -21.700939 53.581833
BONES 2
BONE 61 0.827459
BONE 41 0.172541

VERT 170
OFFSET -3.547349 -21.371748 53.765877
BONES 2
BONE 61 0.832099
BONE 41 0.167902

VERT 171
OFFSET -1.010610 0.476582 53.770386
BONES 2
BONE 15 0.005292
BONE 13 0.994708

VERT 172
OFFSET -0.795655 0.332505 53.461784
BONES 2
BONE 13 0.997673
BONE 15 0.002327

VERT 173
OFFSET -1.821968 1.026769 55.125725
BONES 4
BONE 64 0.287644
BONE 13 0.562742
BONE 15 0.060227
BONE 65 0.089388

VERT 174
OFFSET -1.537925 0.871054 55.303116
BONES 4
BONE 64 0.325890
BONE 13 0.528578
BONE 15 0.038590
BONE 65 0.106941

VERT 175
OFFSET -2.344764 -3.090284 44.580887
BONES 3
BONE 13 0.001494
BONE 1 0.291395
BONE 12 0.707111

VERT 176
OFFSET -0.357744 -5.433081 39.014931
BONES 2
BONE 11 0.250000
BONE 1 0.750000

VERT 177
OFFSET -1.304071 -5.521004 40.509193
BONES 2
BONE 11 0.100406
BONE 1 0.899594

VERT 178
OFFSET 1.535979 -2.692325 36.891548
BONES 4
BONE 11 0.459290
BONE 1 0.467602
BONE 12 0.000032
BONE 6 0.073077

VERT 179
OFFSET 1.275932 3.330576 37.040825
BONES 3
BONE 11 0.084797
BONE 1 0.410132
BONE 6 0.505071

VERT 180
OFFSET -4.439798 -2.822570 43.399029
BONES 2
BONE 1 0.638088
BONE 12 0.361912

VERT 181
OFFSET -5.284537 -4.848742 40.971233
BONES 2
BONE 11 0.100007
BONE 1 0.899993

VERT 182
OFFSET -2.900539 3.554203 43.542053
BONES 2
BONE 12 0.446701
BONE 1 0.553299

VERT 183
OFFSET -1.307203 5.524433 40.511047
BONES 3
BONE 1 0.893865
BONE 6 0.106135
BONE 11 0.000000

VERT 184
OFFSET -0.470859 5.331765 38.968372
BONES 3
BONE 6 0.250000
BONE 11 0.000000
BONE 1 0.750000

VERT 185
OFFSET -1.248898 -5.672852 39.193966
BONES 2
BONE 11 0.250000
BONE 1 0.750000

VERT 186
OFFSET -0.291122 -5.568728 37.614662
BONES 2
BONE 11 0.581144
BONE 1 0.418856

VERT 187
OFFSET 0.609986 -0.388022 41.007523
BONES 4
BONE 6 0.028688
BONE 1 0.900000
BONE 12 0.042624
BONE 11 0.028688

VERT 188
OFFSET -1.247564 5.672045 39.184788
BONES 3
BONE 6 0.250000
BONE 1 0.750000
BONE 11 0.000000

VERT 189
OFFSET -0.277503 5.541846 37.608624
BONES 2
BONE 6 0.583842
BONE 1 0.416158

VERT 190
OFFSET 0.609888 0.387818 41.007851
BONES 4
BONE 6 0.028677
BONE 1 0.900000
BONE 12 0.042645
BONE 11 0.028677

VERT 191
OFFSET 1.842143 0.863285 36.138462
BONES 4
BONE 12 0.000000
BONE 6 0.351885
BONE 11 0.244567
BONE 1 0.403548

VERT 192
OFFSET 0.636532 -0.003762 40.983849
BONES 4
BONE 6 0.030217
BONE 1 0.900000
BONE 12 0.039566
BONE 11 0.030217

VERT 193
OFFSET -0.548161 -5.273465 38.963196
BONES 2
BONE 11 0.250000
BONE 1 0.750000

VERT 194
OFFSET 0.254555 -4.443407 38.615124
BONES 3
BONE 6 0.005495
BONE 11 0.244505
BONE 1 0.750000

VERT 195
OFFSET 1.818444 -0.844801 36.150433
BONES 3
BONE 1 0.403551
BONE 6 0.240448
BONE 11 0.356001

VERT 196
OFFSET 1.075841 -0.398197 39.370674
BONES 4
BONE 6 0.049548
BONE 12 0.006046
BONE 1 0.893170
BONE 11 0.051235

VERT 197
OFFSET 0.576934 -0.386968 41.000137
BONES 4
BONE 6 0.028688
BONE 1 0.900000
BONE 12 0.042624
BONE 11 0.028688

VERT 198
OFFSET 0.243266 4.468189 38.622730
BONES 3
BONE 6 0.245497
BONE 1 0.750000
BONE 11 0.004503

VERT 199
OFFSET -0.543299 5.265769 38.949898
BONES 3
BONE 6 0.250000
BONE 11 0.000000
BONE 1 0.750000

VERT 200
OFFSET 1.439446 0.913186 37.930836
BONES 3
BONE 1 0.750000
BONE 11 0.113885
BONE 6 0.136115

VERT 201
OFFSET 1.452511 -0.883790 37.924503
BONES 3
BONE 1 0.750000
BONE 6 0.114071
BONE 11 0.135929

VERT 202
OFFSET 1.050241 0.421627 39.377846
BONES 4
BONE 6 0.049826
BONE 1 0.896198
BONE 12 0.005910
BONE 11 0.048066

VERT 203
OFFSET 0.144922 -0.003788 44.105000
BONES 2
BONE 12 0.859305
BONE 1 0.140695

VERT 204
OFFSET 0.135267 0.090302 43.756622
BONES 2
BONE 12 0.829169
BONE 1 0.170831

VERT 205
OFFSET 0.166794 -0.132320 43.825138
BONES 2
BONE 1 0.164985
BONE 12 0.835015

VERT 206
OFFSET 0.750488 -0.003320 40.444736
BONES 4
BONE 6 0.039584
BONE 1 0.900000
BONE 12 0.020831
BONE 11 0.039584

VERT 207
OFFSET 0.864697 0.096502 40.059559
BONES 4
BONE 6 0.042718
BONE 1 0.900000
BONE 12 0.014565
BONE 11 0.042718

VERT 208
OFFSET 0.894184 -0.145556 40.156879
BONES 4
BONE 11 0.042069
BONE 12 0.015863
BONE 1 0.900000
BONE 6 0.042069

VERT 209
OFFSET 0.576896 0.386924 41.000107
BONES 4
BONE 6 0.028677
BONE 1 0.900000
BONE 12 0.042645
BONE 11 0.028677

VERT 210
OFFSET -4.475556 1.619153 44.011417
BONES 3
BONE 13 0.000544
BONE 12 0.568358
BONE 1 0.431098

VERT 211
OFFSET -7.487360 3.168301 39.764057
BONES 3
BONE 11 0.045668
BONE 6 0.204332
BONE 1 0.750000

VERT 212
OFFSET -6.664466 4.408134 39.767200
BONES 3
BONE 1 0.750000
BONE 6 0.250000
BONE 11 0.000000

VERT 213
OFFSET -8.176873 0.312141 39.765461
BONES 4
BONE 12 0.001083
BONE 1 0.765432
BONE 6 0.119001
BONE 11 0.114485

VERT 214
OFFSET -6.154912 4.066784 40.946243
BONES 4
BONE 1 0.900000
BONE 6 0.090188
BONE 12 0.009812
BONE 11 0.000000

VERT 215
OFFSET -5.128438 4.932652 40.978298
BONES 2
BONE 6 0.100091
BONE 1 0.899909

VERT 216
OFFSET -7.281044 -3.896299 39.808376
BONES 4
BONE 12 0.000072
BONE 1 0.751881
BONE 6 0.021673
BONE 11 0.226374

VERT 217
OFFSET -5.761881 -5.289246 39.876369
BONES 2
BONE 11 0.250053
BONE 1 0.749947

VERT 218
OFFSET -4.340893 8.744488 52.119194
BONES 2
BONE 16 0.970391
BONE 17 0.029609

VERT 219
OFFSET -2.075860 9.570097 54.837952
BONES 2
BONE 17 0.034262
BONE 16 0.965738

VERT 220
OFFSET -3.777234 14.279333 54.926857
BONES 3
BONE 16 0.230595
BONE 17 0.766245
BONE 36 0.003160

VERT 221
OFFSET -4.708817 13.353561 53.734589
BONES 2
BONE 16 0.316475
BONE 17 0.683525

VERT 222
OFFSET -4.545952 13.488425 52.284534
BONES 2
BONE 16 0.370249
BONE 17 0.629751

VERT 223
OFFSET -1.980284 13.075322 52.134777
BONES 2
BONE 16 0.593521
BONE 17 0.406479

VERT 224
OFFSET -1.486499 12.650080 53.906979
BONES 2
BONE 16 0.734819
BONE 17 0.265181

VERT 225
OFFSET -2.474124 19.786123 51.442017
BONES 2
BONE 17 0.564810
BONE 36 0.435190

VERT 226
OFFSET -1.777785 16.153894 52.393520
BONES 3
BONE 36 0.017050
BONE 17 0.965083
BONE 16 0.017867

VERT 227
OFFSET -4.478370 18.045115 51.858894
BONES 2
BONE 17 0.825340
BONE 36 0.174660

VERT 228
OFFSET -5.105457 19.635178 53.618011
BONES 2
BONE 17 0.564587
BONE 36 0.435413

VERT 229
OFFSET -1.246833 20.929781 52.316593
BONES 2
BONE 17 0.254783
BONE 36 0.745217

VERT 230
OFFSET -1.193553 17.502934 53.314030
BONES 3
BONE 16 0.000307
BONE 17 0.906407
BONE 36 0.093286

VERT 231
OFFSET -1.291562 9.355225 53.145531
BONES 2
BONE 17 0.031854
BONE 16 0.968146

VERT 232
OFFSET -1.991089 9.251369 51.848270
BONES 2
BONE 17 0.030832
BONE 16 0.969168

VERT 233
OFFSET -4.696406 9.326710 54.042591
BONES 2
BONE 16 0.968527
BONE 17 0.031473

VERT 234
OFFSET -3.791007 9.670187 55.001141
BONES 2
BONE 17 0.033879
BONE 16 0.966121

VERT 235
OFFSET -4.503482 21.487898 52.990025
BONES 2
BONE 17 0.172582
BONE 36 0.827418

VERT 236
OFFSET -1.402417 20.544538 54.484062
BONES 2
BONE 17 0.328902
BONE 36 0.671098

VERT 237
OFFSET -4.022693 21.568953 52.203064
BONES 2
BONE 17 0.174243
