// Export time: Sun Nov 15 16:51:32 2020

// Exported using Blender v2.90.1
// Export filename: 'E:/blackops3/mod_xmodel/iw4/m16a1_new/ch_body_gk_m16a1_v2_lod2.XMODEL_EXPORT'
// Source filename: 'E:/blackops3/mod_xmodel/iw4/m16a1_new/m16a1_new.blend'
MODEL
VERSION 6

NUMBONES 80
BONE 0 -1 "tag_origin"
BONE 1 0 "j_mainroot"
BONE 2 1 "j_hip_le"
BONE 3 2 "j_knee_le"
BONE 4 3 "j_ankle_le"
BONE 5 4 "j_ball_le"
BONE 6 2 "Sk_06_01"
BONE 7 1 "j_hip_ri"
BONE 8 7 "j_knee_ri"
BONE 9 8 "j_ankle_ri"
BONE 10 9 "j_ball_ri"
BONE 11 7 "Sk_02_01"
BONE 12 1 "j_spinelower"
BONE 13 12 "j_spineupper"
BONE 14 13 "j_spine4"
BONE 15 14 "j_clavicle_le"
BONE 16 15 "j_shoulder_le"
BONE 17 16 "j_elbow_le"
BONE 18 17 "j_wrist_le"
BONE 19 18 "j_index_le_1"
BONE 20 19 "j_index_le_2"
BONE 21 20 "j_index_le_3"
BONE 22 18 "j_mid_le_1"
BONE 23 22 "j_mid_le_2"
BONE 24 23 "j_mid_le_3"
BONE 25 18 "j_pinky_le_1"
BONE 26 25 "j_pinky_le_2"
BONE 27 26 "j_pinky_le_3"
BONE 28 18 "j_ring_le_1"
BONE 29 28 "j_ring_le_2"
BONE 30 29 "j_ring_le_3"
BONE 31 18 "j_thumb_le_1"
BONE 32 31 "j_thumb_le_2"
BONE 33 32 "j_thumb_le_3"
BONE 34 18 "j_wrist_le1"
BONE 35 34 "tag_weapon_left"
BONE 36 17 "j_wristtwist_le"
BONE 37 16 "j_shouldertwist_le"
BONE 38 37 "tag_reflector_arm_le"
BONE 39 14 "j_clavicle_ri"
BONE 40 39 "j_shoulder_ri"
BONE 41 40 "j_elbow_ri"
BONE 42 41 "j_wrist_ri"
BONE 43 42 "j_index_ri_1"
BONE 44 43 "j_index_ri_2"
BONE 45 44 "j_index_ri_3"
BONE 46 42 "j_mid_ri_1"
BONE 47 46 "j_mid_ri_2"
BONE 48 47 "j_mid_ri_3"
BONE 49 42 "j_pinky_ri_1"
BONE 50 49 "j_pinky_ri_2"
BONE 51 50 "j_pinky_ri_3"
BONE 52 42 "j_ring_ri_1"
BONE 53 52 "j_ring_ri_2"
BONE 54 53 "j_ring_ri_3"
BONE 55 42 "j_thumb_ri_1"
BONE 56 55 "j_thumb_ri_2"
BONE 57 56 "j_thumb_ri_3"
BONE 58 42 "j_wrist_ri1"
BONE 59 58 "tag_weapon_right"
BONE 60 58 "j_gun"
BONE 61 41 "j_wristtwist_ri"
BONE 62 40 "j_shouldertwist_ri"
BONE 63 62 "tag_reflector_arm_ri"
BONE 64 14 "j_neck"
BONE 65 64 "j_head"
BONE 66 14 "j_shoulderraise_le"
BONE 67 14 "j_shoulderraise_ri"
BONE 68 14 "tag_bipod"
BONE 69 14 "tag_inhand"
BONE 70 14 "tag_shield_back"
BONE 71 14 "tag_stowed_back"
BONE 72 14 "tag_weapon_chest"
BONE 73 13 "Db_003"
BONE 74 73 "Db_004"
BONE 75 74 "Db_005"
BONE 76 75 "Db_006"
BONE 77 76 "Db_007"
BONE 78 1 "tag_stowed_hip_rear"
BONE 79 0 "tag_sync"

BONE 0
OFFSET 0.000000 0.000000 0.000000
SCALE 1.000000 1.000000 1.000000
X 1.000000 0.000000 0.000000
Y 0.000000 1.000000 0.000000
Z 0.000000 0.000000 1.000000

BONE 1
OFFSET -3.403327 -0.000169 38.951996
SCALE 1.000000 1.000000 1.000000
X -0.024727 -0.000056 0.999694
Y 0.999694 0.000059 0.024727
Z -0.000060 1.000000 0.000054

BONE 2
OFFSET -2.648167 3.138089 36.972809
SCALE 1.000000 1.000000 1.000000
X -0.021534 0.000138 -0.999768
Y 0.999758 -0.004517 -0.021535
Z -0.004519 -0.999990 -0.000041

BONE 3
OFFSET -3.022613 3.140421 19.593895
SCALE 1.000000 1.000000 1.000000
X -0.073551 0.000367 -0.997291
Y 0.997281 -0.004501 -0.073552
Z -0.004515 -0.999990 -0.000035

BONE 4
OFFSET -4.203519 3.146346 3.594701
SCALE 1.000000 1.000000 1.000000
X 0.003442 0.007033 -0.999969
Y 0.999773 -0.021051 0.003293
Z -0.021027 -0.999754 -0.007104

BONE 5
OFFSET 0.125061 3.134970 0.109345
SCALE 1.000000 1.000000 1.000000
X 0.983988 -0.021948 0.176875
Y -0.176987 -0.003280 0.984208
Z -0.021022 -0.999754 -0.007112

BONE 6
OFFSET -2.950770 5.524972 39.681107
SCALE 1.000000 1.000000 1.000000
X 0.181848 0.967903 0.173479
Y -0.030259 0.181846 -0.982861
Z -0.982861 0.173482 0.062356

BONE 7
OFFSET -2.648098 -3.137245 36.973160
SCALE 1.000000 1.000000 1.000000
X 0.021487 -0.000427 0.999783
Y -0.999769 -0.000209 0.021486
Z 0.000200 -1.000000 -0.000432

BONE 8
OFFSET -3.022586 -3.129868 19.592430
SCALE 1.000000 1.000000 1.000000
X 0.073512 0.001333 0.997308
Y -0.997294 -0.000234 0.073512
Z 0.000331 -0.999999 0.001312

BONE 9
OFFSET -4.203192 -3.151289 3.591490
SCALE 1.000000 1.000000 1.000000
X -0.003487 0.008332 0.999974
Y -0.999667 -0.025596 -0.003274
Z 0.025568 -0.999638 0.008418

BONE 10
OFFSET 0.124723 -3.124815 0.105498
SCALE 1.000000 1.000000 1.000000
X -0.983893 -0.026649 -0.176766
Y 0.176922 -0.003755 -0.984232
Z 0.025564 -0.999638 0.008409

BONE 11
OFFSET -2.950648 -5.525405 39.681713
SCALE 1.000000 1.000000 1.000000
X -0.181367 0.968073 -0.173039
Y -0.030274 -0.181367 -0.982964
Z -0.982949 -0.173037 0.062201

BONE 12
OFFSET -2.022245 -0.000011 43.407948
SCALE 1.000000 1.000000 1.000000
X -0.029900 -0.000051 0.999553
Y 0.999553 0.000059 0.029900
Z -0.000060 1.000000 0.000049

BONE 13
OFFSET -2.422579 0.000199 47.106781
SCALE 1.000000 1.000000 1.000000
X 0.020431 -0.000061 0.999791
Y 0.999791 0.000062 -0.020431
Z -0.000060 1.000000 0.000063

BONE 14
OFFSET -2.658645 0.000008 50.228291
SCALE 1.000000 1.000000 1.000000
X 0.046978 -0.000059 0.998896
Y 0.998896 0.000063 -0.046978
Z -0.000060 1.000000 0.000061

BONE 15
OFFSET -2.918044 0.589355 53.386707
SCALE 1.000000 1.000000 1.000000
X 0.022165 0.997056 0.072335
Y -0.999643 0.021023 0.016472
Z 0.014904 -0.072569 0.997215

BONE 16
OFFSET -2.969232 4.143512 53.407322
SCALE 1.000000 1.000000 1.000000
X 0.017829 0.999688 -0.011536
Y -0.996140 0.016758 -0.086153
Z -0.085943 0.013127 0.996185

BONE 17
OFFSET -3.137269 13.704039 53.414200
SCALE 1.000000 1.000000 1.000000
X -0.014310 0.999664 0.017303
Y -0.996198 -0.012777 -0.086176
Z -0.085937 -0.018369 0.996100

BONE 18
OFFSET -3.204952 22.388000 53.415031
SCALE 1.000000 1.000000 1.000000
X -0.103584 0.991811 -0.073462
Y -0.069008 -0.080944 -0.994305
Z -0.992224 -0.097913 0.076823

BONE 19
OFFSET -2.467624 24.408596 53.444725
SCALE 1.000000 1.000000 1.000000
X 0.087598 0.992620 -0.082746
Y -0.213771 -0.062493 -0.974860
Z -0.972948 0.103098 0.206742

BONE 20
OFFSET -2.369914 25.516382 53.352074
SCALE 1.000000 1.000000 1.000000
X 0.087989 0.992714 -0.081187
Y -0.213648 -0.060893 -0.974988
Z -0.972940 0.103147 0.206756

BONE 21
OFFSET -2.304235 26.258068 53.291233
SCALE 1.000000 1.000000 1.000000
X 0.093135 0.993876 -0.057924
Y -0.211480 -0.037198 -0.976649
Z -0.972935 0.103223 0.206744

BONE 22
OFFSET -3.015520 24.498047 53.535217
SCALE 1.000000 1.000000 1.000000
X 0.003272 0.996358 -0.084104
Y -0.050612 -0.083928 -0.995164
Z -0.998713 0.007516 0.050158

BONE 23
OFFSET -3.011501 25.723860 53.431469
SCALE 1.000000 1.000000 1.000000
X 0.003205 0.996168 -0.086325
Y -0.050549 -0.086149 -0.994977
Z -0.998716 0.007556 0.050084

BONE 24
OFFSET -3.008996 26.540422 53.360577
SCALE 1.000000 1.000000 1.000000
X 0.002237 0.994287 -0.105813
Y -0.050524 -0.105660 -0.993098
Z -0.998720 0.007571 0.050003

BONE 25
OFFSET -3.995051 24.071466 53.212051
SCALE 1.000000 1.000000 1.000000
X -0.131324 0.987647 -0.084390
Y -0.030594 -0.089220 -0.995521
Z -0.990867 -0.128144 0.041923

BONE 26
OFFSET -4.129021 25.078915 53.125717
SCALE 1.000000 1.000000 1.000000
X -0.131195 0.987593 -0.085224
Y -0.030400 -0.090031 -0.995454
Z -0.990890 -0.127998 0.041825

BONE 27
OFFSET -4.202758 25.633200 53.077797
SCALE 1.000000 1.000000 1.000000
X -0.131181 0.987489 -0.086436
Y -0.030111 -0.091214 -0.995355
Z -0.990901 -0.127960 0.041690

BONE 28
OFFSET -3.532698 24.331062 53.431675
SCALE 1.000000 1.000000 1.000000
X -0.066278 0.994125 -0.084473
Y 0.011720 -0.083974 -0.996377
Z -0.997732 -0.067026 -0.006092

BONE 29
OFFSET -3.610582 25.498909 53.332092
SCALE 1.000000 1.000000 1.000000
X -0.066140 0.993707 -0.089358
Y 0.012177 -0.088839 -0.995950
Z -0.997736 -0.066959 -0.006231

BONE 30
OFFSET -3.662320 26.274403 53.262280
SCALE 1.000000 1.000000 1.000000
X -0.067211 0.991999 0.106173
Y -0.000880 0.106249 -0.994298
Z -0.997738 -0.066920 -0.006274

BONE 31
OFFSET -2.365280 22.472622 53.073315
SCALE 1.000000 1.000000 1.000000
X 0.570217 0.810183 -0.135357
Y -0.812940 0.580237 0.048980
Z 0.118235 0.082203 0.989555

BONE 32
OFFSET -1.671465 23.459248 52.908424
SCALE 1.000000 1.000000 1.000000
X 0.565695 0.812011 -0.143144
Y -0.815414 0.576704 0.049590
Z 0.122833 0.088764 0.988429

BONE 33
OFFSET -1.167088 24.183825 52.780720
SCALE 1.000000 1.000000 1.000000
X 0.644969 0.757515 -0.100365
Y -0.758582 0.650530 0.035986
Z 0.092560 0.053023 0.994270

BONE 34
OFFSET 0.607762 21.194418 51.858662
SCALE 1.000000 1.000000 1.000000
X -0.103575 0.991812 -0.073471
Y -0.069009 -0.080953 -0.994304
Z -0.992225 -0.097903 0.076824

BONE 35
OFFSET 12.775111 15.327280 28.586147
SCALE 1.000000 1.000000 1.000000
X 0.534253 0.845189 0.010469
Y -0.503771 0.308471 0.806880
Z 0.678814 -0.436267 0.590572

BONE 36
OFFSET -3.185062 19.845617 53.414589
SCALE 1.000000 1.000000 1.000000
X -0.014314 0.999664 0.017300
Y -0.996202 -0.012782 -0.086121
Z -0.085882 -0.018365 0.996105

BONE 37
OFFSET -2.962474 4.520022 53.402985
SCALE 1.000000 1.000000 1.000000
X 0.017812 0.999690 -0.011394
Y -0.996138 0.016753 -0.086173
Z -0.085967 0.012985 0.996185

BONE 38
OFFSET -2.812392 5.180425 55.165737
SCALE 1.000000 1.000000 1.000000
X 0.030290 -0.294058 0.955242
Y -0.948100 -0.311082 -0.065740
Z 0.316525 -0.903652 -0.288327

BONE 39
OFFSET -2.918045 -0.588161 53.386730
SCALE 1.000000 1.000000 1.000000
X -0.019467 0.997197 -0.072247
Y 0.999656 0.018143 -0.018934
Z -0.017570 -0.072591 -0.997207

BONE 40
OFFSET -2.969078 -4.141145 53.406578
SCALE 1.000000 1.000000 1.000000
X -0.020102 0.999735 0.011194
Y 0.996284 0.019092 0.083989
Z 0.083753 0.012841 -0.996404

BONE 41
OFFSET -3.116618 -13.702262 53.417637
SCALE 1.000000 1.000000 1.000000
X 0.017349 0.999701 -0.017206
Y 0.996353 -0.015848 0.083834
Z 0.083537 -0.018598 -0.996331

BONE 42
OFFSET -3.210952 -22.386005 53.418575
SCALE 1.000000 1.000000 1.000000
X 0.045384 0.989900 0.134308
Y -0.085959 -0.130078 0.987771
Z 0.995264 -0.056374 0.079187

BONE 43
OFFSET -2.451950 -24.412678 53.446712
SCALE 1.000000 1.000000 1.000000
X -0.085581 0.992771 0.084146
Y 0.052895 -0.079810 0.995406
Z 0.994926 0.089639 -0.045683

BONE 44
OFFSET -2.356191 -25.524134 53.352394
SCALE 1.000000 1.000000 1.000000
X -0.095993 0.991754 0.084911
Y 0.052928 -0.080099 0.995381
Z 0.993974 0.100044 -0.044803

BONE 45
OFFSET -2.285109 -26.258017 53.289673
SCALE 1.000000 1.000000 1.000000
X -0.095281 0.990587 0.098281
Y 0.054237 -0.093417 0.994149
Z 0.993972 0.100054 -0.044825

BONE 46
OFFSET -2.999279 -24.501846 53.538559
SCALE 1.000000 1.000000 1.000000
X -0.001167 0.996401 0.084751
Y -0.106116 -0.084396 0.990766
Z 0.994353 -0.007837 0.105833

BONE 47
OFFSET -2.997911 -25.727129 53.434383
SCALE 1.000000 1.000000 1.000000
X -0.000872 0.996663 0.081620
Y -0.106081 -0.081251 0.991032
Z 0.994357 -0.007794 0.105798

BONE 48
OFFSET -2.997161 -26.541624 53.367706
SCALE 1.000000 1.000000 1.000000
X -0.010472 0.985223 0.170957
Y -0.105604 -0.171100 0.979578
Z 0.994353 -0.007795 0.105836

BONE 49
OFFSET -3.978651 -24.077389 53.216728
SCALE 1.000000 1.000000 1.000000
X 0.136472 0.987158 0.083031
Y -0.123557 -0.066199 0.990127
Z 0.982908 -0.145384 0.112936

BONE 50
OFFSET -4.118328 -25.088015 53.131763
SCALE 1.000000 1.000000 1.000000
X 0.136115 0.986994 0.085535
Y -0.123898 -0.068701 0.989914
Z 0.982915 -0.145340 0.112935

BONE 51
OFFSET -4.194582 -25.640324 53.083946
SCALE 1.000000 1.000000 1.000000
X 0.183662 0.977031 0.108065
Y -0.126224 -0.085584 0.988303
Z 0.974852 -0.195154 0.107606

BONE 52
OFFSET -3.516151 -24.335802 53.435783
SCALE 1.000000 1.000000 1.000000
X 0.068891 0.993970 0.085314
Y -0.165049 -0.072983 0.983581
Z 0.983876 -0.081841 0.159026

BONE 53
OFFSET -3.596983 -25.500345 53.335846
SCALE 1.000000 1.000000 1.000000
X 0.069203 0.994138 0.083068
Y -0.164843 -0.070728 0.983781
Z 0.983889 -0.081774 0.158982

BONE 54
OFFSET -3.650949 -26.276749 53.270939
SCALE 1.000000 1.000000 1.000000
X 0.084440 0.996376 -0.010221
Y -0.157575 0.023481 0.987228
Z 0.983890 -0.081751 0.158986

BONE 55
OFFSET -2.366657 -22.488157 53.066620
SCALE 1.000000 1.000000 1.000000
X -0.572325 0.808325 0.138042
Y 0.818874 0.554439 0.148471
Z 0.043477 0.198013 -0.979235

BONE 56
OFFSET -1.673108 -23.468081 52.899181
SCALE 1.000000 1.000000 1.000000
X -0.572822 0.807986 0.137958
Y 0.818526 0.554929 0.148560
Z 0.043477 0.198021 -0.979233

BONE 57
OFFSET -1.160618 -24.191093 52.775745
SCALE 1.000000 1.000000 1.000000
X -0.537338 0.830949 0.144189
Y 0.842242 0.519894 0.142614
Z 0.043542 0.198074 -0.979220

BONE 58
OFFSET -7.164019 -23.801619 54.286354
SCALE 1.000000 1.000000 1.000000
X 0.045384 0.989899 0.134311
Y -0.085955 -0.130081 0.987771
Z 0.995265 -0.056374 0.079184

BONE 59
OFFSET -11.497729 -28.210247 56.229740
SCALE 1.000000 1.000000 1.000000
X 0.563736 -0.824004 0.056749
Y 0.583875 0.348971 -0.733014
Z 0.584202 0.446360 0.677843

BONE 60
OFFSET -11.497727 -28.210247 56.229736
SCALE 1.000000 1.000000 1.000000
X 0.563469 -0.824137 0.057459
Y 0.611093 0.368985 -0.700297
Z 0.555939 0.429708 0.711536

BONE 61
OFFSET -3.183344 -19.843679 53.418327
SCALE 1.000000 1.000000 1.000000
X 0.017323 0.999702 -0.017212
Y 0.996356 -0.015822 0.083814
Z 0.083517 -0.018601 -0.996333

BONE 62
OFFSET -2.962277 -4.480044 53.402786
SCALE 1.000000 1.000000 1.000000
X -0.020098 0.999735 0.011188
Y 0.996284 0.019089 0.083989
Z 0.083753 0.012834 -0.996404

BONE 63
OFFSET -2.806448 -5.139837 55.165245
SCALE 1.000000 1.000000 1.000000
X -0.049969 0.244557 0.968347
Y 0.935190 -0.328899 0.131322
Z 0.350603 0.912150 -0.212272

BONE 64
OFFSET -2.714857 -0.000570 54.815048
SCALE 1.000000 1.000000 1.000000
X 0.309743 -0.000043 0.950820
Y 0.950820 0.000075 -0.309743
Z -0.000058 1.000000 0.000064

BONE 65
OFFSET -2.714855 -0.000570 57.265446
SCALE 1.000000 1.000000 1.000000
X 0.216398 -0.000041 0.976305
Y 0.976305 0.000072 -0.216398
Z -0.000061 1.000000 0.000055

BONE 66
OFFSET -2.516549 3.896378 57.103088
SCALE 1.000000 1.000000 1.000000
X -0.019310 -0.997191 -0.072368
Y 0.999659 -0.017985 -0.018916
Z 0.017561 -0.072709 0.997199

BONE 67
OFFSET -2.516076 -3.897120 57.102764
SCALE 1.000000 1.000000 1.000000
X 0.022390 -0.997288 0.071657
Y -0.999638 -0.021264 0.016474
Z -0.014905 -0.072149 -0.997336

BONE 68
OFFSET 16.212355 -27.607416 30.492599
SCALE 1.000000 1.000000 1.000000
X 1.000000 -0.000091 0.000097
Y 0.000091 1.000000 0.000046
Z -0.000097 -0.000046 1.000000

BONE 69
OFFSET 10.683567 -27.608334 37.812237
SCALE 1.000000 1.000000 1.000000
X -0.000154 1.000000 0.000198
Y 0.764294 0.000246 -0.644868
Z -0.644868 0.000052 -0.764294

BONE 70
OFFSET -10.812490 0.775215 50.612869
SCALE 1.000000 1.000000 1.000000
X -0.989756 -0.000184 0.142772
Y 0.000186 -1.000000 -0.000000
Z 0.142772 0.000026 0.989756

BONE 71
OFFSET -9.024031 -4.450550 48.556969
SCALE 1.000000 1.000000 1.000000
X -0.007011 0.025917 -0.999640
Y -0.984168 -0.177222 0.002307
Z -0.177100 0.983834 0.026747

BONE 72
OFFSET 10.683565 -27.608334 37.812241
SCALE 1.000000 1.000000 1.000000
X 1.000000 -0.000013 0.000097
Y 0.000013 1.000000 -0.000001
Z -0.000097 0.000001 1.000000

BONE 73
OFFSET 1.437045 -0.002506 51.290565
SCALE 1.000000 1.000000 1.000000
X 0.000183 1.000000 0.000298
Y 0.448651 0.000184 -0.893707
Z -0.893707 0.000297 -0.448651

BONE 74
OFFSET 2.100528 -0.002234 49.968910
SCALE 1.000000 1.000000 1.000000
X 0.000021 1.000000 0.000024
Y 0.087819 0.000022 -0.996136
Z -0.996136 0.000023 -0.087819

BONE 75
OFFSET 2.193705 -0.002211 48.912003
SCALE 1.000000 1.000000 1.000000
X 0.000021 1.000000 0.000021
Y 0.021083 0.000021 -0.999778
Z -0.999777 0.000021 -0.021083

BONE 76
OFFSET 2.215237 -0.002190 47.890915
SCALE 1.000000 1.000000 1.000000
X 0.000048 1.000000 0.000051
Y 0.056588 0.000048 -0.998398
Z -0.998397 0.000051 -0.056588

BONE 77
OFFSET 2.429843 -0.002006 44.104576
SCALE 1.000000 1.000000 1.000000
X -0.000000 1.000000 0.000000
Y -0.000000 0.000000 1.000000
Z 0.999979 0.000000 -0.000001

BONE 78
OFFSET -9.109749 -2.538144 35.812962
SCALE 1.000000 1.000000 1.000000
X -0.188093 0.137955 0.972414
Y 0.149128 -0.974595 0.167110
Z 0.970763 0.176446 0.162741

BONE 79
OFFSET -0.002207 0.000000 -0.000000
SCALE 1.000000 1.000000 1.000000
X -1.000000 0.000000 0.000000
Y 0.000000 -1.000000 0.000000
Z 0.000000 0.000000 1.000000


NUMVERTS 2215
VERT 0
OFFSET -1.638209 8.647452 53.489017
BONES 2
BONE 16 0.972555
BONE 17 0.027446

VERT 1
OFFSET -1.553267 8.646817 53.506397
BONES 2
BONE 17 0.027493
BONE 16 0.972507

VERT 2
OFFSET -1.708519 8.484753 52.657879
BONES 2
BONE 17 0.026632
BONE 16 0.973368

VERT 3
OFFSET -1.657878 8.578678 52.680660
BONES 2
BONE 16 0.972987
BONE 17 0.027013

VERT 4
OFFSET -1.640326 8.482572 52.589611
BONES 2
BONE 16 0.973340
BONE 17 0.026660

VERT 5
OFFSET -1.813752 9.070455 52.545757
BONES 2
BONE 17 0.029791
BONE 16 0.970209

VERT 6
OFFSET -1.735295 9.066334 52.539547
BONES 2
BONE 16 0.970204
BONE 17 0.029796

VERT 7
OFFSET -1.738192 9.002687 52.629951
BONES 2
BONE 17 0.029573
BONE 16 0.970427

VERT 8
OFFSET -1.723199 9.203648 53.438580
BONES 2
BONE 16 0.969379
BONE 17 0.030621

VERT 9
OFFSET -1.668981 9.264237 53.394264
BONES 2
BONE 16 0.969136
BONE 17 0.030864

VERT 10
OFFSET -1.685544 9.143186 53.344646
BONES 2
BONE 16 0.969568
BONE 17 0.030432

VERT 11
OFFSET -1.616315 8.719184 53.410538
BONES 2
BONE 17 0.027795
BONE 16 0.972205

VERT 12
OFFSET -1.574588 8.938576 53.479652
BONES 2
BONE 17 0.029062
BONE 16 0.970938

VERT 13
OFFSET -1.641418 8.919414 53.116207
BONES 2
BONE 16 0.971080
BONE 17 0.028920

VERT 14
OFFSET -1.639654 8.839323 53.151863
BONES 2
BONE 17 0.028643
BONE 16 0.971357

VERT 15
OFFSET -1.725592 8.914044 53.123875
BONES 2
BONE 16 0.970991
BONE 17 0.029009

VERT 16
OFFSET -1.663016 -8.492078 53.584240
BONES 2
BONE 40 0.973425
BONE 41 0.026575

VERT 17
OFFSET -1.581382 -8.513045 53.605827
BONES 2
BONE 41 0.026664
BONE 40 0.973336

VERT 18
OFFSET -1.641074 -8.577430 53.508183
BONES 2
BONE 40 0.973078
BONE 41 0.026922

VERT 19
OFFSET -1.669783 -8.338441 52.692009
BONES 2
BONE 40 0.974158
BONE 41 0.025843

VERT 20
OFFSET -1.685754 -8.451725 52.775574
BONES 2
BONE 41 0.026265
BONE 40 0.973734

VERT 21
OFFSET -1.744438 -8.391294 52.748943
BONES 2
BONE 41 0.026012
BONE 40 0.973988

VERT 22
OFFSET -1.835583 -8.947910 52.642918
BONES 2
BONE 41 0.029124
BONE 40 0.970876

VERT 23
OFFSET -1.760515 -8.877401 52.726761
BONES 2
BONE 41 0.028861
BONE 40 0.971139

VERT 24
OFFSET -1.756293 -8.954562 52.641808
BONES 2
BONE 41 0.029197
BONE 40 0.970803

VERT 25
OFFSET -1.748539 -9.108470 53.523823
BONES 2
BONE 41 0.030064
BONE 40 0.969935

VERT 26
OFFSET -1.661301 -9.051181 53.482769
BONES 2
BONE 41 0.029755
BONE 40 0.970245

VERT 27
OFFSET -1.730595 -9.014557 53.455135
BONES 2
BONE 40 0.970433
BONE 41 0.029567

VERT 28
OFFSET -1.597445 -8.799659 53.578552
BONES 2
BONE 40 0.971770
BONE 41 0.028230

VERT 29
OFFSET -1.659681 -8.781222 53.213490
BONES 2
BONE 41 0.028108
BONE 40 0.971892

VERT 30
OFFSET -1.750626 -8.782728 53.222874
BONES 2
BONE 40 0.971737
BONE 41 0.028263

VERT 31
OFFSET -1.668843 -8.701726 53.250221
BONES 2
BONE 40 0.972172
BONE 41 0.027828

VERT 32
OFFSET -4.414798 9.027323 52.598396
BONES 2
BONE 17 0.028871
BONE 16 0.971129

VERT 33
OFFSET -3.604665 9.233857 54.495117
BONES 2
BONE 16 0.969481
BONE 17 0.030519

VERT 34
OFFSET -3.890593 8.860508 51.783611
BONES 2
BONE 16 0.971895
BONE 17 0.028106

VERT 35
OFFSET -2.202715 8.831478 51.853996
BONES 2
BONE 16 0.971416
BONE 17 0.028585

VERT 36
OFFSET -1.983699 9.259776 54.150478
BONES 2
BONE 17 0.030796
BONE 16 0.969204

VERT 37
OFFSET -4.155502 8.794415 54.281013
BONES 2
BONE 16 0.972028
BONE 17 0.027972

VERT 38
OFFSET -2.622998 8.870760 54.548855
BONES 2
BONE 16 0.971401
BONE 17 0.028599

VERT 39
OFFSET -1.762662 8.824226 53.851612
BONES 2
BONE 16 0.971577
BONE 17 0.028423

VERT 40
OFFSET -1.900759 8.494965 52.250286
BONES 2
BONE 17 0.026567
BONE 16 0.973433

VERT 41
OFFSET -2.796067 8.378075 51.732040
BONES 2
BONE 17 0.025823
BONE 16 0.974177

VERT 42
OFFSET -3.998996 8.473110 51.871593
BONES 2
BONE 16 0.974012
BONE 17 0.025988

VERT 43
OFFSET -4.487023 8.589251 52.618191
BONES 2
BONE 16 0.973329
BONE 17 0.026671

VERT 44
OFFSET -1.588137 9.072783 52.997257
BONES 2
BONE 16 0.970193
BONE 17 0.029807

VERT 45
OFFSET -1.514715 8.653801 53.036312
BONES 2
BONE 16 0.972490
BONE 17 0.027510

VERT 46
OFFSET -4.354279 9.096832 53.655128
BONES 2
BONE 17 0.029711
BONE 16 0.970289

VERT 47
OFFSET -1.642072 8.711244 53.445625
BONES 2
BONE 17 0.027898
BONE 16 0.972102

VERT 48
OFFSET -1.717082 9.161471 53.389561
BONES 2
BONE 17 0.030307
BONE 16 0.969693

VERT 49
OFFSET -1.708376 8.823900 53.943459
BONES 2
BONE 17 0.028604
BONE 16 0.971396

VERT 50
OFFSET -1.779255 9.222552 53.877220
BONES 2
BONE 16 0.969488
BONE 17 0.030512

VERT 51
OFFSET -2.003284 -9.137625 54.226322
BONES 2
BONE 41 0.029895
BONE 40 0.970105

VERT 52
OFFSET -3.625215 -9.107651 54.591118
BONES 2
BONE 41 0.029690
BONE 40 0.970310

VERT 53
OFFSET -4.550354 -8.923636 53.230160
BONES 2
BONE 41 0.028604
BONE 40 0.971396

VERT 54
OFFSET -3.942157 -8.766660 51.888771
BONES 2
BONE 40 0.972437
BONE 41 0.027563

VERT 55
OFFSET -2.893166 -8.682479 51.771431
BONES 2
BONE 41 0.027484
BONE 40 0.972516

VERT 56
OFFSET -1.986935 -8.799668 52.284515
BONES 2
BONE 41 0.028194
BONE 40 0.971806

VERT 57
OFFSET -1.783245 -8.675001 53.937050
BONES 2
BONE 40 0.972480
BONE 41 0.027520

VERT 58
OFFSET -2.651379 -8.719464 54.653362
BONES 2
BONE 40 0.972348
BONE 41 0.027652

VERT 59
OFFSET -4.229941 -8.404702 52.066250
BONES 2
BONE 41 0.025554
BONE 40 0.974446

VERT 60
OFFSET -2.805723 -8.278484 51.831299
BONES 2
BONE 41 0.025246
BONE 40 0.974753

VERT 61
OFFSET -1.930066 -8.378655 52.343475
BONES 2
BONE 41 0.025891
BONE 40 0.974109

VERT 62
OFFSET -3.788697 -8.682605 54.572392
BONES 2
BONE 41 0.027400
BONE 40 0.972600

VERT 63
OFFSET -1.605683 -8.927077 53.099834
BONES 2
BONE 40 0.970950
BONE 41 0.029050

VERT 64
OFFSET -1.544366 -8.516444 53.119598
BONES 2
BONE 40 0.973289
BONE 41 0.026711

VERT 65
OFFSET -4.540723 -8.583014 53.649464
BONES 2
BONE 41 0.026695
BONE 40 0.973305

VERT 66
OFFSET -1.667538 -8.570469 53.542511
BONES 2
BONE 41 0.027071
BONE 40 0.972929

VERT 67
OFFSET -1.741879 -9.022805 53.491127
BONES 2
BONE 41 0.029486
BONE 40 0.970514

VERT 68
OFFSET -1.734728 -8.673716 54.044445
BONES 2
BONE 41 0.027644
BONE 40 0.972356

VERT 69
OFFSET -1.822180 -9.037355 53.972492
BONES 2
BONE 40 0.970495
BONE 41 0.029505

VERT 70
OFFSET -1.776410 -9.068638 53.974266
BONES 2
BONE 40 0.970406
BONE 41 0.029594

VERT 71
OFFSET -0.672388 -1.319084 53.303757
BONES 2
BONE 13 0.972929
BONE 39 0.027071

VERT 72
OFFSET -1.708323 -1.173051 54.865040
BONES 5
BONE 40 0.000012
BONE 39 0.123836
BONE 13 0.710387
BONE 64 0.130886
BONE 65 0.034878

VERT 73
OFFSET -2.113432 -2.881040 54.647461
BONES 4
BONE 64 0.008375
BONE 39 0.569572
BONE 13 0.301260
BONE 40 0.120793

VERT 74
OFFSET -1.272714 -0.461505 54.291233
BONES 4
BONE 65 0.012213
BONE 13 0.866796
BONE 39 0.026043
BONE 64 0.094948

VERT 75
OFFSET -0.189261 0.259896 52.490551
BONES 1
BONE 13 1.000000

VERT 76
OFFSET 1.058171 0.001653 50.743248
BONES 2
BONE 12 0.000937
BONE 13 0.999063

VERT 77
OFFSET -0.746395 -0.540779 52.988350
BONES 1
BONE 13 1.000000

VERT 78
OFFSET -1.749500 -1.205239 54.233948
BONES 3
BONE 64 0.027331
BONE 13 0.837427
BONE 39 0.135241

VERT 79
OFFSET 1.362298 -1.596382 51.015572
BONES 1
BONE 13 1.000000

VERT 80
OFFSET 1.239346 -0.000021 49.871006
BONES 2
BONE 13 0.841098
BONE 12 0.158902

VERT 81
OFFSET 0.598664 -0.325257 47.147701
BONES 3
BONE 1 0.000124
BONE 12 0.962608
BONE 13 0.037268

VERT 82
OFFSET 0.299069 0.009647 45.508671
BONES 3
BONE 13 0.000081
BONE 1 0.023270
BONE 12 0.976649

VERT 83
OFFSET 0.059645 -1.603457 45.800369
BONES 3
BONE 13 0.031259
BONE 12 0.946407
BONE 1 0.022334

VERT 84
OFFSET -0.919684 -2.862220 45.139980
BONES 3
BONE 13 0.002422
BONE 12 0.883137
BONE 1 0.114441

VERT 85
OFFSET -0.831064 -3.305871 46.964161
BONES 3
BONE 13 0.182063
BONE 12 0.816860
BONE 1 0.001077

VERT 86
OFFSET -2.177801 -3.130679 45.375542
BONES 3
BONE 13 0.002355
BONE 12 0.877683
BONE 1 0.119962

VERT 87
OFFSET -1.436771 -4.297958 53.726158
BONES 4
BONE 41 0.000003
BONE 13 0.067824
BONE 39 0.469473
BONE 40 0.462699

VERT 88
OFFSET -1.003785 -3.739802 52.624840
BONES 3
BONE 39 0.218349
BONE 13 0.780707
BONE 40 0.000944

VERT 89
OFFSET -1.574053 -4.284172 52.056671
BONES 3
BONE 13 0.528724
BONE 39 0.272422
BONE 40 0.198854

VERT 90
OFFSET -1.663035 -1.090004 55.711815
BONES 4
BONE 65 0.187159
BONE 39 0.025713
BONE 13 0.332589
BONE 64 0.454539

VERT 91
OFFSET -2.836692 -1.519747 55.549015
BONES 4
BONE 64 0.323628
BONE 13 0.373657
BONE 39 0.191177
BONE 65 0.111539

VERT 92
OFFSET -4.067797 -1.231871 55.839668
BONES 4
BONE 65 0.143655
BONE 39 0.123648
BONE 13 0.295578
BONE 64 0.437120

VERT 93
OFFSET -4.041895 1.237994 55.858170
BONES 4
BONE 64 0.449958
BONE 13 0.271009
BONE 15 0.126125
BONE 65 0.152909

VERT 94
OFFSET -2.760361 -1.430088 56.209270
BONES 4
BONE 65 0.302007
BONE 39 0.031619
BONE 13 0.151476
BONE 64 0.514898

VERT 95
OFFSET -2.920657 -1.944541 55.517113
BONES 4
BONE 65 0.044689
BONE 39 0.269122
BONE 13 0.441621
BONE 64 0.244569

VERT 96
OFFSET -3.974144 -1.190324 56.638687
BONES 4
BONE 64 0.574225
BONE 13 0.086004
BONE 39 0.016291
BONE 65 0.323481

VERT 97
OFFSET -4.432939 -0.000995 56.654488
BONES 5
BONE 15 0.000759
BONE 65 0.321484
BONE 39 0.001527
BONE 13 0.082737
BONE 64 0.593493

VERT 98
OFFSET -3.974379 1.188780 56.638779
BONES 4
BONE 64 0.574223
BONE 13 0.086002
BONE 15 0.016291
BONE 65 0.323484

VERT 99
OFFSET -3.599113 -1.323596 56.585232
BONES 4
BONE 64 0.552301
BONE 13 0.096460
BONE 39 0.024761
BONE 65 0.326478

VERT 100
OFFSET -4.391651 -1.217931 55.648396
BONES 4
BONE 64 0.418894
BONE 13 0.373645
BONE 39 0.132954
BONE 65 0.074506

VERT 101
OFFSET -1.466675 -2.255181 54.870052
BONES 5
BONE 64 0.023587
BONE 13 0.559394
BONE 39 0.416820
BONE 65 0.000157
BONE 40 0.000042

VERT 102
OFFSET -4.496120 1.254338 55.663773
BONES 5
BONE 65 0.072749
BONE 39 0.000157
BONE 13 0.377677
BONE 64 0.418031
BONE 15 0.131386

VERT 103
OFFSET -4.194801 -0.892833 56.705585
BONES 4
BONE 64 0.589430
BONE 13 0.072249
BONE 39 0.007640
BONE 65 0.330681

VERT 104
OFFSET -4.368495 0.254127 56.708717
BONES 5
BONE 64 0.593195
BONE 13 0.068197
BONE 15 0.001059
BONE 65 0.336681
BONE 39 0.000867

VERT 105
OFFSET -4.104609 0.984259 56.696808
BONES 4
BONE 65 0.330011
BONE 15 0.010346
BONE 13 0.073286
BONE 64 0.586357

VERT 106
OFFSET -2.454922 -1.329657 56.160110
BONES 4
BONE 64 0.541700
BONE 13 0.138023
BONE 39 0.009369
BONE 65 0.310908

VERT 107
OFFSET -3.831109 -1.144501 54.919315
BONES 4
BONE 65 0.047448
BONE 39 0.191993
BONE 13 0.455375
BONE 64 0.305183

VERT 108
OFFSET -2.970726 -1.579067 54.778461
BONES 4
BONE 65 0.040318
BONE 39 0.182586
BONE 13 0.525959
BONE 64 0.251138

VERT 109
OFFSET -2.090908 -1.144532 54.869125
BONES 4
BONE 65 0.049176
BONE 39 0.127056
BONE 13 0.632888
BONE 64 0.190879

VERT 110
OFFSET -3.936301 -2.944509 54.911343
BONES 4
BONE 64 0.044832
BONE 13 0.211915
BONE 39 0.603569
BONE 40 0.139683

VERT 111
OFFSET -4.313038 -4.448144 54.478466
BONES 4
BONE 40 0.453135
BONE 13 0.028332
BONE 39 0.517475
BONE 41 0.001058

VERT 112
OFFSET -4.835828 -0.272166 55.080200
BONES 8
BONE 16 0.000228
BONE 15 0.032700
BONE 65 0.010185
BONE 40 0.001275
BONE 39 0.098884
BONE 13 0.709998
BONE 64 0.145816
BONE 12 0.000913

VERT 113
OFFSET -4.819390 -4.303100 53.823395
BONES 5
BONE 64 0.000136
BONE 12 0.000032
BONE 40 0.366890
BONE 13 0.039288
BONE 39 0.593654

VERT 114
OFFSET -4.479569 -0.001078 55.947586
BONES 5
BONE 15 0.006569
BONE 65 0.142504
BONE 39 0.007007
BONE 13 0.321201
BONE 64 0.522719

VERT 115
OFFSET -4.657680 1.613834 54.909729
BONES 5
BONE 16 0.004247
BONE 65 0.020741
BONE 15 0.314555
BONE 13 0.520639
BONE 64 0.139819

VERT 116
OFFSET -5.294710 -0.001567 53.565777
BONES 7
BONE 40 0.001987
BONE 39 0.083087
BONE 64 0.018000
BONE 15 0.082663
BONE 12 0.012769
BONE 13 0.799516
BONE 16 0.001978

VERT 117
OFFSET -4.819888 4.309353 53.824238
BONES 5
BONE 13 0.039296
BONE 12 0.000032
BONE 15 0.593671
BONE 16 0.366865
BONE 64 0.000136

VERT 118
OFFSET -5.167229 2.945330 52.374245
BONES 4
BONE 16 0.064746
BONE 15 0.334122
BONE 12 0.087623
BONE 13 0.513510

VERT 119
OFFSET -4.391809 4.013297 51.491486
BONES 4
BONE 16 0.177960
BONE 15 0.304971
BONE 12 0.116088
BONE 13 0.400981

VERT 120
OFFSET -4.155847 2.123725 48.233685
BONES 5
BONE 13 0.248000
BONE 12 0.729511
BONE 15 0.019653
BONE 16 0.000472
BONE 1 0.002364

VERT 121
OFFSET -3.516156 2.990661 48.123459
BONES 4
BONE 1 0.002624
BONE 15 0.015657
BONE 12 0.735950
BONE 13 0.245769

VERT 122
OFFSET -3.318614 2.671907 46.061310
BONES 3
BONE 1 0.051483
BONE 13 0.022928
BONE 12 0.925588

VERT 123
OFFSET -2.078702 3.532254 47.620808
BONES 3
BONE 15 0.000037
BONE 12 0.818932
BONE 13 0.181031

VERT 124
OFFSET -4.593077 0.013556 48.639069
BONES 6
BONE 39 0.001717
BONE 1 0.000474
BONE 13 0.310595
BONE 12 0.678612
BONE 15 0.008490
BONE 16 0.000112

VERT 125
OFFSET -4.167930 1.437661 45.267715
BONES 3
BONE 13 0.001255
BONE 12 0.828849
BONE 1 0.169896

VERT 126
OFFSET -4.223810 0.583850 46.258133
BONES 3
BONE 13 0.034032
BONE 12 0.933411
BONE 1 0.032557

VERT 127
OFFSET -4.095075 -2.388242 48.188576
BONES 4
BONE 13 0.271684
BONE 12 0.709397
BONE 39 0.017411
BONE 1 0.001508

VERT 128
OFFSET -5.268257 -2.090657 52.372902
BONES 4
BONE 39 0.337612
BONE 13 0.517294
BONE 12 0.080450
BONE 40 0.064643

VERT 129
OFFSET -2.750602 -3.492790 48.229454
BONES 5
BONE 1 0.001866
BONE 40 0.004143
BONE 13 0.252805
BONE 12 0.719433
BONE 39 0.021753

VERT 130
OFFSET -4.789532 -4.395931 52.731491
BONES 5
BONE 41 0.000012
BONE 40 0.368466
BONE 39 0.527691
BONE 12 0.007553
BONE 13 0.096278

VERT 131
OFFSET -3.487265 -4.499209 51.767143
BONES 5
BONE 41 0.000103
BONE 40 0.393871
BONE 39 0.362027
BONE 12 0.005820
BONE 13 0.238179

VERT 132
OFFSET -0.617375 0.896936 53.260948
BONES 2
BONE 13 0.974336
BONE 15 0.025664

VERT 133
OFFSET -1.346518 0.627318 54.567444
BONES 4
BONE 15 0.032079
BONE 13 0.843714
BONE 64 0.107439
BONE 65 0.016769

VERT 134
OFFSET -2.113621 2.887614 54.647957
BONES 4
BONE 64 0.008359
BONE 13 0.300795
BONE 15 0.569709
BONE 16 0.121137

VERT 135
OFFSET -0.879109 0.074990 53.622253
BONES 2
BONE 15 0.003782
BONE 13 0.996219

VERT 136
OFFSET -0.061903 -0.386353 52.304214
BONES 1
BONE 13 1.000000

VERT 137
OFFSET -0.052350 0.343915 52.015808
BONES 2
BONE 13 1.000000
BONE 11 0.000000

VERT 138
OFFSET 0.135252 -0.024703 52.001827
BONES 1
BONE 13 1.000000

VERT 139
OFFSET -0.827004 0.571407 53.038364
BONES 2
BONE 15 0.000482
BONE 13 0.999518

VERT 140
OFFSET -1.748110 1.205037 54.233067
BONES 3
BONE 64 0.026909
BONE 13 0.838168
BONE 15 0.134923

VERT 141
OFFSET -2.566576 1.521201 55.458778
BONES 5
BONE 16 0.000011
BONE 65 0.093443
BONE 15 0.182864
BONE 13 0.437366
BONE 64 0.286316

VERT 142
OFFSET -1.663807 1.087256 55.712040
BONES 4
BONE 64 0.454344
BONE 13 0.332921
BONE 15 0.025725
BONE 65 0.187010

VERT 143
OFFSET -2.760612 1.429119 56.209282
BONES 4
BONE 65 0.301962
BONE 15 0.031665
BONE 13 0.151525
BONE 64 0.514848

VERT 144
OFFSET -2.645410 1.985859 55.412720
BONES 4
BONE 65 0.034787
BONE 15 0.288268
BONE 13 0.466925
BONE 64 0.210020

VERT 145
OFFSET -2.455517 1.328826 56.160122
BONES 4
BONE 64 0.541651
BONE 13 0.138088
BONE 15 0.009403
BONE 65 0.310858

VERT 146
OFFSET -3.599486 1.322414 56.585018
BONES 4
BONE 64 0.552244
BONE 13 0.096556
BONE 15 0.024809
BONE 65 0.326391

VERT 147
OFFSET -1.466615 2.258718 54.870457
BONES 5
BONE 64 0.023586
BONE 13 0.559393
BONE 15 0.416821
BONE 65 0.000157
BONE 16 0.000042

VERT 148
OFFSET -2.970768 1.579447 54.778572
BONES 4
BONE 65 0.040352
BONE 15 0.182539
BONE 13 0.525881
BONE 64 0.251228

VERT 149
OFFSET -1.905717 1.053246 54.715477
BONES 4
BONE 65 0.026560
BONE 15 0.100203
BONE 13 0.742184
BONE 64 0.131053

VERT 150
OFFSET -0.831033 3.306364 46.965004
BONES 3
BONE 13 0.182168
BONE 12 0.816756
BONE 1 0.001076

VERT 151
OFFSET -1.834281 3.154276 45.286640
BONES 3
BONE 13 0.001867
BONE 12 0.857059
BONE 1 0.141073

VERT 152
OFFSET -0.764091 2.604917 44.662926
BONES 3
BONE 13 0.001820
BONE 12 0.831151
BONE 1 0.167029

VERT 153
OFFSET -0.003718 2.592907 46.771671
BONES 3
BONE 1 0.001274
BONE 12 0.759473
BONE 13 0.239254

VERT 154
OFFSET -0.044966 1.406855 44.015995
BONES 2
BONE 1 0.221812
BONE 12 0.778188

VERT 155
OFFSET 0.624045 0.412102 47.181248
BONES 2
BONE 13 0.068427
BONE 12 0.931573

VERT 156
OFFSET 1.519061 1.766098 48.715584
BONES 2
BONE 13 0.956643
BONE 12 0.043357

VERT 157
OFFSET 1.756566 1.983769 49.720631
BONES 1
BONE 13 1.000000

VERT 158
OFFSET 1.119042 3.086651 51.208660
BONES 1
BONE 13 1.000000

VERT 159
OFFSET 1.587765 2.072304 50.760117
BONES 1
BONE 13 1.000000

VERT 160
OFFSET -0.444720 4.068177 51.548717
BONES 2
BONE 15 0.005665
BONE 13 0.994335

VERT 161
OFFSET -1.793409 4.336117 51.711563
BONES 4
BONE 12 0.001251
BONE 16 0.051578
BONE 15 0.179153
BONE 13 0.768019

VERT 162
OFFSET -0.216503 4.424109 50.282505
BONES 2
BONE 13 0.999424
BONE 12 0.000576

VERT 163
OFFSET -1.052208 4.426019 49.675930
BONES 2
BONE 13 0.931592
BONE 12 0.068407

VERT 164
OFFSET -1.978419 4.317105 50.567863
BONES 3
BONE 15 0.008108
BONE 13 0.880926
BONE 12 0.110966

VERT 165
OFFSET -0.156652 4.317915 49.162781
BONES 2
BONE 13 0.928451
BONE 12 0.071549

VERT 166
OFFSET 0.689012 3.700619 48.521442
BONES 2
BONE 12 0.045004
BONE 13 0.954996

VERT 167
OFFSET 1.334170 2.917084 48.614227
BONES 2
BONE 13 0.974864
BONE 12 0.025136

VERT 168
OFFSET 0.495042 1.704377 46.964134
BONES 2
BONE 13 0.182396
BONE 12 0.817604

VERT 169
OFFSET 1.300898 3.625399 50.045055
BONES 1
BONE 13 1.000000

VERT 170
OFFSET -3.108242 -2.796256 45.341282
BONES 3
BONE 13 0.006029
BONE 12 0.851686
BONE 1 0.142285

VERT 171
OFFSET -1.311151 4.160931 52.490444
BONES 3
BONE 16 0.192361
BONE 15 0.299973
BONE 13 0.507666

VERT 172
OFFSET -0.492930 2.810120 52.799164
BONES 2
BONE 15 0.065221
BONE 13 0.934779

VERT 173
OFFSET -1.535730 4.231728 53.935825
BONES 4
BONE 17 0.000005
BONE 16 0.466913
BONE 15 0.476386
BONE 13 0.056696

VERT 174
OFFSET 1.756646 -1.983808 49.720284
BONES 1
BONE 13 1.000000

VERT 175
OFFSET 0.495099 -1.703940 46.963856
BONES 2
BONE 13 0.182387
BONE 12 0.817613

VERT 176
OFFSET -0.106576 -2.676499 46.745674
BONES 3
BONE 12 0.754789
BONE 13 0.244204
BONE 1 0.001007

VERT 177
OFFSET -2.116997 -3.737416 48.327072
BONES 3
BONE 39 0.000140
BONE 12 0.603501
BONE 13 0.396359

VERT 178
OFFSET -0.156514 -4.317923 49.161961
BONES 2
BONE 13 0.928452
BONE 12 0.071548

VERT 179
OFFSET -1.013695 -4.436119 49.666595
BONES 2
BONE 12 0.057933
BONE 13 0.942067

VERT 180
OFFSET -0.216342 -4.424321 50.281696
BONES 2
BONE 13 0.999424
BONE 12 0.000576

VERT 181
OFFSET 0.977748 -3.890687 50.012085
BONES 1
BONE 13 1.000000

VERT 182
OFFSET 1.634250 -2.947122 50.316959
BONES 1
BONE 13 1.000000

VERT 183
OFFSET 1.119168 -3.086984 51.208080
BONES 1
BONE 13 1.000000

VERT 184
OFFSET 0.689157 -3.700477 48.520771
BONES 2
BONE 13 0.954998
BONE 12 0.045002

VERT 185
OFFSET -1.932488 -4.342326 50.747139
BONES 3
BONE 39 0.023168
BONE 12 0.076782
BONE 13 0.900050

VERT 186
OFFSET -0.435350 -4.069148 51.538525
BONES 2
BONE 13 0.994591
BONE 39 0.005409

VERT 187
OFFSET -0.492135 -2.810976 52.797829
BONES 2
BONE 13 0.934697
BONE 39 0.065303

VERT 188
OFFSET 1.334285 -2.916924 48.613686
BONES 2
BONE 13 0.974861
BONE 12 0.025139

VERT 189
OFFSET 1.519128 -1.765961 48.715248
BONES 2
BONE 12 0.043361
BONE 13 0.956639

VERT 190
OFFSET 0.485010 -0.064954 46.698353
BONES 2
BONE 13 0.001689
BONE 12 0.998311

VERT 191
OFFSET 0.527261 -0.158418 46.920097
BONES 2
BONE 12 0.993339
BONE 13 0.006661

VERT 192
OFFSET 0.490515 0.115047 46.740845
BONES 3
BONE 13 0.003370
BONE 12 0.996630
BONE 11 0.000000

VERT 193
OFFSET 0.526545 0.159233 46.920292
BONES 2
BONE 12 0.993317
BONE 13 0.006683

VERT 194
OFFSET 0.546650 -0.000147 47.028393
BONES 3
BONE 13 0.001957
BONE 12 0.998043
BONE 11 0.000000

VERT 195
OFFSET 1.156982 0.125251 49.405533
BONES 2
BONE 12 0.334892
BONE 13 0.665108

VERT 196
OFFSET 1.138800 -0.037886 49.132278
BONES 2
BONE 13 0.580865
BONE 12 0.419135

VERT 197
OFFSET 1.248067 -0.025697 49.498192
BONES 2
BONE 12 0.301413
BONE 13 0.698587

VERT 198
OFFSET 1.123212 0.091094 49.186855
BONES 3
BONE 13 0.602029
BONE 12 0.397971
BONE 11 0.000000

VERT 199
OFFSET 1.154671 -0.128318 49.325161
BONES 3
BONE 13 0.648813
BONE 12 0.351187
BONE 11 0.000000

VERT 200
OFFSET 0.161081 -0.067514 52.095612
BONES 1
BONE 13 1.000000

VERT 201
OFFSET 0.293132 -0.133855 51.916801
BONES 1
BONE 13 1.000000

VERT 202
OFFSET 0.357386 0.004991 51.799339
BONES 2
BONE 13 1.000000
BONE 11 0.000000

VERT 203
OFFSET 0.291416 0.141924 51.917889
BONES 1
BONE 13 1.000000

VERT 204
OFFSET 0.173893 0.104309 52.072674
BONES 2
BONE 13 1.000000
BONE 11 0.000000

VERT 205
OFFSET -3.831343 1.145607 54.919464
BONES 4
BONE 65 0.047466
BONE 15 0.192015
BONE 13 0.455304
BONE 64 0.305215

VERT 206
OFFSET -4.313625 -0.223458 54.902153
BONES 5
BONE 15 0.012185
BONE 64 0.301546
BONE 13 0.652169
BONE 39 0.011972
BONE 65 0.022128

VERT 207
OFFSET -4.422321 4.569788 52.191456
BONES 5
BONE 13 0.125896
BONE 12 0.000589
BONE 15 0.373800
BONE 17 0.000623
BONE 16 0.499092

VERT 208
OFFSET -3.401405 4.505146 51.759918
BONES 5
BONE 16 0.370854
BONE 13 0.271926
BONE 15 0.350585
BONE 17 0.000115
BONE 12 0.006519

VERT 209
OFFSET -4.795359 4.440712 52.920811
BONES 4
BONE 17 0.000014
BONE 15 0.555796
BONE 13 0.054254
BONE 16 0.389935

VERT 210
OFFSET -2.440867 12.211714 52.550018
BONES 2
BONE 16 0.725588
BONE 17 0.274412

VERT 211
OFFSET -2.379839 4.672594 51.899738
BONES 4
BONE 16 0.423452
BONE 17 0.000326
BONE 15 0.367390
BONE 13 0.208833

VERT 212
OFFSET -1.779063 8.674880 53.584976
BONES 3
BONE 16 0.927619
BONE 17 0.049191
BONE 15 0.023190

VERT 213
OFFSET -1.453104 4.432302 53.268463
BONES 4
BONE 16 0.538748
BONE 13 0.051098
BONE 15 0.410028
BONE 17 0.000126

VERT 214
OFFSET -2.001665 4.274723 54.582565
BONES 3
BONE 16 0.465835
BONE 13 0.036911
BONE 15 0.497254

VERT 215
OFFSET -2.342927 7.709424 54.376366
BONES 3
BONE 16 0.931883
BONE 17 0.022369
BONE 15 0.045749

VERT 216
OFFSET -3.174807 4.271964 55.044258
BONES 4
BONE 13 0.049208
BONE 15 0.516494
BONE 17 0.000005
BONE 16 0.434294

VERT 217
OFFSET -3.502229 6.940496 54.514515
BONES 3
BONE 16 0.877149
BONE 17 0.017217
BONE 15 0.105634

VERT 218
OFFSET -4.313850 4.453176 54.479233
BONES 4
BONE 13 0.028331
BONE 15 0.517500
BONE 17 0.001056
BONE 16 0.453114

VERT 219
OFFSET -4.641812 5.006341 53.645565
BONES 4
BONE 17 0.002452
BONE 15 0.378725
BONE 16 0.614690
BONE 13 0.004132

VERT 220
OFFSET -1.739175 5.472973 52.591263
BONES 3
BONE 15 0.172655
BONE 17 0.004375
BONE 16 0.822970

VERT 221
OFFSET -4.073353 12.234852 53.822018
BONES 2
BONE 16 0.799380
BONE 17 0.200620

VERT 222
OFFSET -2.785042 13.301632 54.385540
BONES 3
BONE 36 0.000404
BONE 17 0.476176
BONE 16 0.523421

VERT 223
OFFSET -3.343410 13.821651 54.396049
BONES 3
BONE 36 0.000074
BONE 17 0.629345
BONE 16 0.370581

VERT 224
OFFSET -2.173125 13.462758 53.975155
BONES 3
BONE 36 0.001525
BONE 16 0.520294
BONE 17 0.478182

VERT 225
OFFSET -1.999371 13.534413 52.998001
BONES 2
BONE 16 0.472478
BONE 17 0.527522

VERT 226
OFFSET -2.301216 16.141638 54.112762
BONES 3
BONE 36 0.058826
BONE 17 0.911005
BONE 16 0.030170

VERT 227
OFFSET -2.598279 14.957374 52.351910
BONES 3
BONE 36 0.003185
BONE 17 0.832439
BONE 16 0.164376

VERT 228
OFFSET -3.896880 13.514763 52.705349
BONES 2
BONE 17 0.586985
BONE 16 0.413015

VERT 229
OFFSET -3.471583 16.330992 52.313755
BONES 3
BONE 36 0.083589
BONE 16 0.052341
BONE 17 0.864071

VERT 230
OFFSET -3.907539 16.721071 52.638542
BONES 3
BONE 17 0.927049
BONE 16 0.005405
BONE 36 0.067546

VERT 231
OFFSET -2.695049 20.698584 52.571198
BONES 2
BONE 36 0.674391
BONE 17 0.325609

VERT 232
OFFSET -2.055774 20.643513 53.490932
BONES 2
BONE 36 0.707055
BONE 17 0.292945

VERT 233
OFFSET -2.558251 20.692440 54.044647
BONES 2
BONE 36 0.738932
BONE 17 0.261068

VERT 234
OFFSET -3.326264 20.663855 54.109074
BONES 2
BONE 36 0.732748
BONE 17 0.267252

VERT 235
OFFSET -3.828590 20.690582 53.839649
BONES 2
BONE 36 0.719944
BONE 17 0.280056

VERT 236
OFFSET -2.171462 20.557533 52.794998
BONES 2
BONE 17 0.341969
BONE 36 0.658031

VERT 237
OFFSET -3.751616 20.643560 52.663937
BONES 2
BONE 17 0.339714
BONE 36 0.660286

VERT 238
OFFSET -3.976251 20.789351 53.528889
BONES 2
BONE 17 0.278447
BONE 36 0.721554

VERT 239
OFFSET -3.903141 13.773704 54.159569
