// Export time: Thu Oct 08 20:25:52 2020

// Exported using Blender v2.90.1
// Export filename: 'E:/blackops3/mod_xmodel/iw4/m16a1_new/ch_head_gk_m16a1_v2_lod2.XMODEL_EXPORT'
// Source filename: 'E:/blackops3/mod_xmodel/iw4/m16a1_new/m16a1_new.blend'
MODEL
VERSION 6

NUMBONES 37
BONE 0 -1 "tag_origin"
BONE 1 0 "j_mainroot"
BONE 2 1 "j_spinelower"
BONE 3 2 "j_spineupper"
BONE 4 3 "j_spine4"
BONE 5 4 "j_neck"
BONE 6 5 "j_head"
BONE 7 6 "j_brow_le"
BONE 8 6 "j_brow_ri"
BONE 9 6 "j_browouter_le"
BONE 10 6 "j_browouter_ri"
BONE 11 6 "j_cheek_le"
BONE 12 6 "j_cheek_ri"
BONE 13 6 "j_cheeklower_le"
BONE 14 6 "j_cheeklower_ri"
BONE 15 6 "j_eye_lid_bot_le"
BONE 16 6 "j_eye_lid_bot_ri"
BONE 17 6 "j_eye_lid_top_le"
BONE 18 6 "j_eye_lid_top_ri"
BONE 19 6 "j_eyeball_le"
BONE 20 6 "j_eyeball_ri"
BONE 21 6 "j_head_end"
BONE 22 21 "j_helmet"
BONE 23 6 "j_jaw"
BONE 24 23 "j_chin_skinroll"
BONE 25 23 "j_lip_bot_le"
BONE 26 23 "j_lip_bot_ri"
BONE 27 6 "j_levator_le"
BONE 28 6 "j_levator_ri"
BONE 29 6 "j_lip_top_le"
BONE 30 6 "j_lip_top_ri"
BONE 31 6 "j_mouth_le"
BONE 32 6 "j_mouth_ri"
BONE 33 6 "j_nvg"
BONE 34 6 "tag_eye"
BONE 35 6 "MouthCavity"
BONE 36 6 "MouthMove"

BONE 0
OFFSET 0.000000 0.000000 0.000000
SCALE 1.000000 1.000000 1.000000
X 1.000000 0.000000 0.000000
Y 0.000000 1.000000 0.000000
Z 0.000000 0.000000 1.000000

BONE 1
OFFSET -3.403327 -0.000169 38.951996
SCALE 1.000000 1.000000 1.000000
X -0.024727 -0.000056 0.999694
Y 0.999694 0.000059 0.024727
Z -0.000060 1.000000 0.000054

BONE 2
OFFSET -2.022245 -0.000011 43.407951
SCALE 1.000000 1.000000 1.000000
X -0.029900 -0.000051 0.999553
Y 0.999553 0.000059 0.029901
Z -0.000060 1.000000 0.000049

BONE 3
OFFSET -2.422578 0.000199 47.106785
SCALE 1.000000 1.000000 1.000000
X 0.020431 -0.000061 0.999791
Y 0.999791 0.000062 -0.020431
Z -0.000060 1.000000 0.000063

BONE 4
OFFSET -2.658645 0.000008 50.228298
SCALE 1.000000 1.000000 1.000000
X 0.046978 -0.000059 0.998896
Y 0.998896 0.000063 -0.046978
Z -0.000060 1.000000 0.000061

BONE 5
OFFSET -2.714857 -0.000570 54.815052
SCALE 1.000000 1.000000 1.000000
X 0.309743 -0.000043 0.950820
Y 0.950820 0.000075 -0.309743
Z -0.000058 1.000000 0.000064

BONE 6
OFFSET -2.714856 -0.000570 57.265446
SCALE 1.000000 1.000000 1.000000
X 0.216399 -0.000041 0.976305
Y 0.976305 0.000072 -0.216399
Z -0.000061 1.000000 0.000055

BONE 7
OFFSET 0.806946 1.190301 60.478870
SCALE 1.000000 1.000000 1.000000
X 0.000652 1.000000 -0.000115
Y -0.998861 0.000646 -0.047715
Z -0.047715 0.000146 0.998861

BONE 8
OFFSET 0.816345 -1.213724 60.486504
SCALE 1.000000 1.000000 1.000000
X 0.000012 1.000000 0.000091
Y 0.998889 -0.000016 0.047120
Z 0.047119 0.000091 -0.998889

BONE 9
OFFSET 0.486104 2.045361 60.764050
SCALE 1.000000 1.000000 1.000000
X 0.000646 0.999996 -0.000131
Y -0.998860 0.000638 -0.047723
Z -0.047722 0.000161 0.998860

BONE 10
OFFSET 0.513116 -2.021847 60.755013
SCALE 1.000000 1.000000 1.000000
X 0.000006 1.000000 0.000096
Y 0.998893 -0.000011 0.047033
Z 0.047033 0.000095 -0.998893

BONE 11
OFFSET -0.346976 1.726299 59.392044
SCALE 1.000000 1.000000 1.000000
X 0.000645 1.000000 -0.000131
Y -0.998869 0.000638 -0.047544
Z -0.047544 0.000162 0.998869

BONE 12
OFFSET -0.365582 -1.658103 59.452171
SCALE 1.000000 1.000000 1.000000
X 0.000017 1.000000 0.000086
Y 0.998889 -0.000021 0.047119
Z 0.047119 0.000085 -0.998889

BONE 13
OFFSET -0.356312 1.551083 58.297070
SCALE 1.000000 1.000000 1.000000
X 0.170270 0.000001 0.985397
Y 0.985397 0.000014 -0.170270
Z -0.000014 1.000000 0.000001

BONE 14
OFFSET -0.315202 -1.549620 58.324928
SCALE 1.000000 1.000000 1.000000
X 0.170361 0.000002 0.985382
Y 0.985382 0.000011 -0.170361
Z -0.000011 1.000000 -0.000000

BONE 15
OFFSET -0.585809 1.050133 59.900253
SCALE 1.000000 1.000000 1.000000
X -0.065616 0.997119 0.038027
Y -0.996949 -0.063896 -0.044820
Z -0.042261 -0.040853 0.998271

BONE 16
OFFSET -0.585517 -1.002956 59.894112
SCALE 1.000000 1.000000 1.000000
X 0.066598 0.997041 -0.038388
Y 0.996923 -0.064897 0.043973
Z 0.041352 -0.041199 -0.998295

BONE 17
OFFSET -0.585412 1.049202 59.968433
SCALE 1.000000 1.000000 1.000000
X -0.065488 0.997131 0.037996
Y -0.996961 -0.063772 -0.044736
Z -0.042184 -0.040809 0.998276

BONE 18
OFFSET -0.584830 -1.004208 59.956116
SCALE 1.000000 1.000000 1.000000
X 0.066551 0.997045 -0.038382
Y 0.996936 -0.064861 0.043720
Z 0.041101 -0.041174 -0.998306

BONE 19
OFFSET -2.080814 0.979703 59.853996
SCALE 1.000000 1.000000 1.000000
X -0.205905 0.978521 -0.010104
Y -0.977364 -0.206152 -0.047544
Z -0.048607 0.000088 0.998819

BONE 20
OFFSET -2.080811 -0.979703 59.854000
SCALE 1.000000 1.000000 1.000000
X 0.207727 0.978138 0.009780
Y 0.977071 -0.207957 0.045676
Z 0.046711 0.000067 -0.998908

BONE 21
OFFSET -2.518082 -0.000522 62.499481
SCALE 1.000000 1.000000 1.000000
X 0.170346 0.000015 0.985384
Y 0.985384 -0.000000 -0.170346
Z -0.000002 1.000000 -0.000015

BONE 22
OFFSET -3.423121 -0.000520 63.634960
SCALE 1.000000 1.000000 1.000000
X 0.995886 -0.000060 0.090612
Y 0.000076 1.000000 -0.000170
Z -0.090612 0.000176 0.995886

BONE 23
OFFSET -2.256148 -0.000085 57.590431
SCALE 1.000000 1.000000 1.000000
X 0.000647 1.000000 -0.000097
Y -0.998853 0.000642 -0.047884
Z -0.047884 0.000128 0.998853

BONE 24
OFFSET 0.505892 -0.002035 55.958420
SCALE 1.000000 1.000000 1.000000
X 0.000647 1.000000 -0.000102
Y -0.998865 0.000642 -0.047629
Z -0.047629 0.000132 0.998865

BONE 25
OFFSET 0.249409 0.285047 57.486767
SCALE 1.000000 1.000000 1.000000
X 0.000646 1.000000 -0.000084
Y -0.998861 0.000642 -0.047715
Z -0.047715 0.000115 0.998861

BONE 26
OFFSET 0.249408 -0.285047 57.486767
SCALE 1.000000 1.000000 1.000000
X 0.000384 1.000000 0.000002
Y 0.998869 -0.000385 0.047542
Z 0.047542 -0.000016 -0.998869

BONE 27
OFFSET 0.417115 0.518793 59.078438
SCALE 1.000000 1.000000 1.000000
X 0.000646 1.000000 -0.000076
Y -0.998861 0.000642 -0.047713
Z -0.047713 0.000107 0.998861

BONE 28
OFFSET 0.439893 -0.499616 59.083633
SCALE 1.000000 1.000000 1.000000
X 0.000014 1.000000 0.000073
Y 0.998885 -0.000017 0.047205
Z 0.047205 0.000072 -0.998885

BONE 29
OFFSET 0.312036 0.285047 57.629890
SCALE 1.000000 1.000000 1.000000
X 0.000646 1.000000 -0.000085
Y -0.998861 0.000641 -0.047714
Z -0.047714 0.000116 0.998861

BONE 30
OFFSET 0.312036 -0.285047 57.629890
SCALE 1.000000 1.000000 1.000000
X 0.000012 1.000000 0.000093
Y 0.998889 -0.000017 0.047120
Z 0.047120 0.000093 -0.998889

BONE 31
OFFSET 0.190893 0.577298 57.560829
SCALE 1.000000 1.000000 1.000000
X 0.000646 1.000000 -0.000116
Y -0.998861 0.000641 -0.047714
Z -0.047714 0.000147 0.998861

BONE 32
OFFSET 0.190893 -0.577298 57.560825
SCALE 1.000000 1.000000 1.000000
X 0.000007 1.000000 0.000100
Y 0.998890 -0.000012 0.047117
Z 0.047117 0.000100 -0.998889

BONE 33
OFFSET 1.810401 -0.000519 61.710365
SCALE 1.000000 1.000000 1.000000
X 0.985418 0.000005 -0.170152
Y -0.170152 0.000000 -0.985418
Z -0.000005 1.000000 0.000001

BONE 34
OFFSET 0.019786 -0.000083 59.758369
SCALE 1.000000 1.000000 1.000000
X 0.922509 -0.000054 0.385974
Y 0.000058 1.000000 0.000002
Z -0.385974 0.000021 0.922510

BONE 35
OFFSET -0.616967 -0.000662 57.551010
SCALE 1.000000 1.000000 1.000000
X -0.000000 1.000000 0.000000
Y 0.000000 -0.000000 1.000000
Z 1.000000 0.000000 0.000000

BONE 36
OFFSET 0.290961 -0.000662 57.551010
SCALE 1.000000 1.000000 1.000000
X -0.000000 1.000000 -0.000000
Y 0.000000 -0.000000 1.000000
Z 1.000000 0.000000 -0.000000


NUMVERTS 1210
VERT 0
OFFSET -2.716132 2.997951 59.980392
BONES 1
BONE 6 1.000000

VERT 1
OFFSET -3.015091 3.303881 59.574799
BONES 1
BONE 6 1.000000

VERT 2
OFFSET -3.051354 3.016625 59.490391
BONES 1
BONE 6 1.000000

VERT 3
OFFSET -2.749351 3.274754 59.929234
BONES 1
BONE 6 1.000000

VERT 4
OFFSET -2.819435 3.584374 60.064823
BONES 1
BONE 6 1.000000

VERT 5
OFFSET -2.463627 3.322841 60.135708
BONES 1
BONE 6 1.000000

VERT 6
OFFSET -2.124582 2.913153 59.964687
BONES 1
BONE 6 1.000000

VERT 7
OFFSET -2.388430 3.507041 60.118359
BONES 1
BONE 6 1.000000

VERT 8
OFFSET -2.134001 3.044664 59.968067
BONES 1
BONE 6 1.000000

VERT 9
OFFSET -2.022500 2.851080 59.819286
BONES 1
BONE 6 1.000000

VERT 10
OFFSET -2.198491 3.273620 59.961426
BONES 1
BONE 6 1.000000

VERT 11
OFFSET -2.235952 3.045832 59.665222
BONES 1
BONE 6 1.000000

VERT 12
OFFSET -2.153536 2.894260 59.472610
BONES 1
BONE 6 1.000000

VERT 13
OFFSET -2.264359 3.203590 59.826431
BONES 1
BONE 6 1.000000

VERT 14
OFFSET -2.277719 2.821652 59.435707
BONES 1
BONE 6 1.000000

VERT 15
OFFSET -2.498948 2.942788 59.554707
BONES 1
BONE 6 1.000000

VERT 16
OFFSET -2.533142 3.066154 59.510746
BONES 1
BONE 6 1.000000

VERT 17
OFFSET -2.340155 2.858767 59.286221
BONES 1
BONE 6 1.000000

VERT 18
OFFSET -2.381941 2.728717 59.312557
BONES 1
BONE 6 1.000000

VERT 19
OFFSET -2.360459 2.683317 59.046768
BONES 1
BONE 6 1.000000

VERT 20
OFFSET -2.188711 2.449419 58.948006
BONES 1
BONE 6 1.000000

VERT 21
OFFSET -2.452076 2.674372 58.544151
BONES 1
BONE 6 1.000000

VERT 22
OFFSET -2.612366 2.794425 59.038784
BONES 1
BONE 6 1.000000

VERT 23
OFFSET -2.596006 2.793783 58.767834
BONES 1
BONE 6 1.000000

VERT 24
OFFSET -2.333970 2.462896 58.508854
BONES 1
BONE 6 1.000000

VERT 25
OFFSET -2.479706 2.541145 58.425381
BONES 1
BONE 6 1.000000

VERT 26
OFFSET -2.561341 2.170943 58.558655
BONES 1
BONE 6 1.000000

VERT 27
OFFSET -2.687862 2.820735 58.537743
BONES 1
BONE 6 1.000000

VERT 28
OFFSET -2.849757 2.798262 58.649059
BONES 1
BONE 6 1.000000

VERT 29
OFFSET -3.012862 2.877415 59.029758
BONES 1
BONE 6 1.000000

VERT 30
OFFSET -2.977247 3.207589 58.819080
BONES 1
BONE 6 1.000000

VERT 31
OFFSET -3.109839 3.323336 58.985321
BONES 1
BONE 6 1.000000

VERT 32
OFFSET -2.928017 3.172162 58.915134
BONES 1
BONE 6 1.000000

VERT 33
OFFSET -2.739784 3.147559 58.991856
BONES 1
BONE 6 1.000000

VERT 34
OFFSET -2.637755 2.802500 59.256229
BONES 1
BONE 6 1.000000

VERT 35
OFFSET -2.758689 3.294284 59.316246
BONES 1
BONE 6 1.000000

VERT 36
OFFSET -2.637238 3.391427 59.552067
BONES 1
BONE 6 1.000000

VERT 37
OFFSET -2.452139 3.237911 59.615509
BONES 1
BONE 6 1.000000

VERT 38
OFFSET -2.815869 3.465569 59.613594
BONES 1
BONE 6 1.000000

VERT 39
OFFSET -2.922575 3.534600 59.739605
BONES 1
BONE 6 1.000000

VERT 40
OFFSET -3.024014 3.476910 59.410130
BONES 1
BONE 6 1.000000

VERT 41
OFFSET -3.027652 3.481300 59.216560
BONES 1
BONE 6 1.000000

VERT 42
OFFSET -2.926281 3.664968 59.629055
BONES 1
BONE 6 1.000000

VERT 43
OFFSET -3.114869 3.568992 59.322937
BONES 1
BONE 6 1.000000

VERT 44
OFFSET -3.160690 3.469230 59.362236
BONES 1
BONE 6 1.000000

VERT 45
OFFSET -2.999777 3.726493 59.772511
BONES 1
BONE 6 1.000000

VERT 46
OFFSET -3.097171 3.574595 59.751106
BONES 1
BONE 6 1.000000

VERT 47
OFFSET -2.735595 3.631011 59.840641
BONES 1
BONE 6 1.000000

VERT 48
OFFSET -2.659327 3.668612 60.050171
BONES 1
BONE 6 1.000000

VERT 49
OFFSET -2.691401 3.505617 59.936222
BONES 1
BONE 6 1.000000

VERT 50
OFFSET -2.486989 3.385440 59.979118
BONES 1
BONE 6 1.000000

VERT 51
OFFSET -2.453923 3.515861 60.009811
BONES 1
BONE 6 1.000000

VERT 52
OFFSET -0.311168 -0.000663 56.979874
BONES 2
BONE 35 0.800000
BONE 6 0.200000

VERT 53
OFFSET -0.245363 0.511124 57.258751
BONES 2
BONE 6 0.200000
BONE 35 0.800000

VERT 54
OFFSET -0.593544 -0.000663 56.867294
BONES 2
BONE 35 0.900000
BONE 6 0.100000

VERT 55
OFFSET -0.598345 0.553629 57.114777
BONES 2
BONE 6 0.100000
BONE 35 0.900000

VERT 56
OFFSET -0.065762 0.692907 57.597164
BONES 1
BONE 35 1.000000

VERT 57
OFFSET -0.538459 0.737665 57.556152
BONES 1
BONE 35 1.000000

VERT 58
OFFSET -0.432771 0.620901 57.850399
BONES 1
BONE 35 1.000000

VERT 59
OFFSET -1.020861 0.426412 57.690601
BONES 1
BONE 35 1.000000

VERT 60
OFFSET -0.541749 0.348833 58.150761
BONES 1
BONE 35 1.000000

VERT 61
OFFSET -0.037889 0.328354 58.113903
BONES 1
BONE 35 1.000000

VERT 62
OFFSET 0.103617 0.505719 57.962109
BONES 1
BONE 35 1.000000

VERT 63
OFFSET 0.268238 0.088626 58.043934
BONES 1
BONE 35 1.000000

VERT 64
OFFSET 0.240375 -0.000662 57.559738
BONES 6
BONE 32 0.018556
BONE 35 0.008614
BONE 31 0.005428
BONE 36 0.701255
BONE 29 0.131764
BONE 30 0.134382

VERT 65
OFFSET -0.024403 0.065241 58.198055
BONES 1
BONE 35 1.000000

VERT 66
OFFSET -1.158397 0.429573 57.229012
BONES 1
BONE 35 1.000000

VERT 67
OFFSET -0.929196 0.188640 56.939983
BONES 2
BONE 6 0.145000
BONE 35 0.855000

VERT 68
OFFSET -0.928920 -0.124884 56.917591
BONES 2
BONE 6 0.145000
BONE 35 0.855000

VERT 69
OFFSET -0.898917 0.575233 57.142452
BONES 2
BONE 6 0.145000
BONE 35 0.855000

VERT 70
OFFSET -1.018572 0.630691 57.357479
BONES 2
BONE 35 1.000000
BONE 6 0.000000

VERT 71
OFFSET -0.598345 -0.554954 57.114777
BONES 2
BONE 6 0.100000
BONE 35 0.900000

VERT 72
OFFSET -0.245357 -0.512449 57.258755
BONES 2
BONE 6 0.200000
BONE 35 0.800000

VERT 73
OFFSET -0.065762 -0.694232 57.597164
BONES 1
BONE 35 1.000000

VERT 74
OFFSET -0.538458 -0.738990 57.556152
BONES 1
BONE 35 1.000000

VERT 75
OFFSET -0.419222 -0.612551 57.869038
BONES 1
BONE 35 1.000000

VERT 76
OFFSET -0.543123 -0.382109 58.123505
BONES 1
BONE 35 1.000000

VERT 77
OFFSET -0.962498 -0.488020 57.678265
BONES 1
BONE 35 1.000000

VERT 78
OFFSET 0.058792 -0.557190 57.915913
BONES 1
BONE 35 1.000000

VERT 79
OFFSET 0.136654 -0.532537 57.589737
BONES 5
BONE 29 0.000014
BONE 35 0.132499
BONE 32 0.167792
BONE 36 0.579916
BONE 30 0.119780

VERT 80
OFFSET -0.048775 -0.262093 58.154659
BONES 1
BONE 35 1.000000

VERT 81
OFFSET -1.037622 -0.269249 57.683727
BONES 1
BONE 35 1.000000

VERT 82
OFFSET -0.541805 -0.079735 58.204010
BONES 1
BONE 35 1.000000

VERT 83
OFFSET 0.208460 -0.295553 58.032082
BONES 1
BONE 35 1.000000

VERT 84
OFFSET -1.171247 -0.395222 57.211723
BONES 1
BONE 35 1.000000

VERT 85
OFFSET -0.898917 -0.576559 57.142452
BONES 2
BONE 6 0.145000
BONE 35 0.855000

VERT 86
OFFSET -1.018572 -0.632017 57.357479
BONES 2
BONE 35 1.000000
BONE 6 0.000000

VERT 87
OFFSET -2.076283 0.955646 57.062828
BONES 1
BONE 6 1.000000

VERT 88
OFFSET -2.350584 1.138833 57.293285
BONES 1
BONE 6 1.000000

VERT 89
OFFSET -2.413226 1.498797 57.799770
BONES 1
BONE 6 1.000000

VERT 90
OFFSET -2.638967 1.325023 57.624626
BONES 1
BONE 6 1.000000

VERT 91
OFFSET -2.911047 1.282487 57.623901
BONES 1
BONE 6 1.000000

VERT 92
OFFSET -2.817178 1.417007 57.943153
BONES 1
BONE 6 1.000000

VERT 93
OFFSET -2.415123 2.138256 58.550282
BONES 1
BONE 6 1.000000

VERT 94
OFFSET -2.000054 1.604487 57.687149
BONES 1
BONE 6 1.000000

VERT 95
OFFSET -2.942113 2.097078 58.881321
BONES 1
BONE 6 1.000000

VERT 96
OFFSET -1.726730 1.826410 57.844276
BONES 1
BONE 6 1.000000

VERT 97
OFFSET -2.237868 2.336365 58.768963
BONES 1
BONE 6 1.000000

VERT 98
OFFSET -1.160417 1.545114 57.418312
BONES 1
BONE 6 1.000000

VERT 99
OFFSET -1.352299 1.221442 57.150684
BONES 1
BONE 6 1.000000

VERT 100
OFFSET -1.943179 1.119594 57.255013
BONES 1
BONE 6 1.000000

VERT 101
OFFSET -0.772752 0.908597 56.903538
BONES 1
BONE 6 1.000000

VERT 102
OFFSET -1.480381 0.750655 56.895882
BONES 1
BONE 6 1.000000

VERT 103
OFFSET -1.568545 0.480475 56.755417
BONES 1
BONE 6 1.000000

VERT 104
OFFSET -0.668401 1.667366 57.647621
BONES 1
BONE 6 1.000000

VERT 105
OFFSET -0.370546 1.424159 57.526028
BONES 2
BONE 6 0.973778
BONE 36 0.026222

VERT 106
OFFSET -0.576007 0.989110 57.036716
BONES 1
BONE 6 1.000000

VERT 107
OFFSET -0.203041 1.083743 57.350239
BONES 3
BONE 25 0.000050
BONE 36 0.094583
BONE 6 0.905367

VERT 108
OFFSET -0.439397 0.433397 56.620422
BONES 1
BONE 6 1.000000

VERT 109
OFFSET -0.144526 0.375476 56.848988
BONES 3
BONE 6 0.930658
BONE 25 0.000068
BONE 36 0.069275

VERT 110
OFFSET -0.264013 0.265857 56.607670
BONES 1
BONE 6 1.000000

VERT 111
OFFSET -0.051351 0.130973 56.879307
BONES 3
BONE 36 0.178656
BONE 6 0.820352
BONE 31 0.000993

VERT 112
OFFSET -0.175231 -0.083378 56.622356
BONES 3
BONE 32 0.000033
BONE 36 0.018058
BONE 6 0.981910

VERT 113
OFFSET -0.351798 -0.012929 56.458363
BONES 1
BONE 6 1.000000

VERT 114
OFFSET -0.523947 0.187115 56.485458
BONES 1
BONE 6 1.000000

VERT 115
OFFSET -1.320985 -0.121504 56.647900
BONES 1
BONE 6 1.000000

VERT 116
OFFSET -0.946130 0.531085 56.673008
BONES 1
BONE 6 1.000000

VERT 117
OFFSET -1.284638 0.181018 56.645107
BONES 1
BONE 6 1.000000

VERT 118
OFFSET -1.629063 0.210468 56.657959
BONES 1
BONE 6 1.000000

VERT 119
OFFSET -1.776794 0.606313 56.767059
BONES 1
BONE 6 1.000000

VERT 120
OFFSET -1.995741 0.653381 56.646145
BONES 1
BONE 6 1.000000

VERT 121
OFFSET -2.250204 0.930607 56.794285
BONES 1
BONE 6 1.000000

VERT 122
OFFSET -1.753545 0.229927 56.507305
BONES 1
BONE 6 1.000000

VERT 123
OFFSET -2.638748 1.161739 57.017448
BONES 1
BONE 6 1.000000

VERT 124
OFFSET -2.648962 1.185958 57.191437
BONES 1
BONE 6 1.000000

VERT 125
OFFSET -2.993837 1.160653 57.200241
BONES 1
BONE 6 1.000000

VERT 126
OFFSET -3.289024 1.079748 57.358990
BONES 1
BONE 6 1.000000

VERT 127
OFFSET -3.380860 1.129420 58.087528
BONES 1
BONE 6 1.000000

VERT 128
OFFSET -3.774331 0.761725 57.921143
BONES 1
BONE 6 1.000000

VERT 129
OFFSET -3.804019 0.886837 58.387375
BONES 1
BONE 6 1.000000

VERT 130
OFFSET -3.218640 1.341346 58.408733
BONES 1
BONE 6 1.000000

VERT 131
OFFSET -3.663654 1.347558 58.854942
BONES 1
BONE 6 1.000000

VERT 132
OFFSET -2.732593 1.812035 58.490128
BONES 1
BONE 6 1.000000

VERT 133
OFFSET -3.925279 1.886042 59.669781
BONES 1
BONE 6 1.000000

VERT 134
OFFSET -3.186311 2.416351 59.291592
BONES 1
BONE 6 1.000000

VERT 135
OFFSET -4.056098 1.540500 59.475239
BONES 1
BONE 6 1.000000

VERT 136
OFFSET -4.225821 1.212738 59.282970
BONES 1
BONE 6 1.000000

VERT 137
OFFSET -3.246857 2.651445 59.759483
BONES 1
BONE 6 1.000000

VERT 138
OFFSET -3.833758 2.277371 60.006264
BONES 1
BONE 6 1.000000

VERT 139
OFFSET -3.801460 2.599470 60.521866
BONES 1
BONE 6 1.000000

VERT 140
OFFSET -3.099436 2.843124 59.688847
BONES 1
BONE 6 1.000000

VERT 141
OFFSET -3.047781 2.813898 60.058193
BONES 1
BONE 6 1.000000

VERT 142
OFFSET -3.731807 2.836799 60.975033
BONES 1
BONE 6 1.000000

VERT 143
OFFSET -2.734977 2.896709 60.235294
BONES 1
BONE 6 1.000000

VERT 144
OFFSET -2.899604 2.934020 59.891853
BONES 1
BONE 6 1.000000

VERT 145
OFFSET -2.457468 2.920936 60.037643
BONES 1
BONE 6 1.000000

VERT 146
OFFSET -2.158480 2.996206 60.645424
BONES 1
BONE 6 1.000000

VERT 147
OFFSET -3.512551 2.991751 61.475712
BONES 1
BONE 6 1.000000

VERT 148
OFFSET -1.901136 2.884902 60.062092
BONES 1
BONE 6 1.000000

VERT 149
OFFSET -1.932226 2.736861 59.544010
BONES 1
BONE 6 1.000000

VERT 150
OFFSET -0.953979 2.842820 60.058033
BONES 1
BONE 6 1.000000

VERT 151
OFFSET -0.704406 2.426945 59.057358
BONES 1
BONE 6 1.000000

VERT 152
OFFSET -0.399984 2.214689 58.731190
BONES 1
BONE 6 1.000000

VERT 153
OFFSET -0.118714 2.053975 58.958786
BONES 1
BONE 6 1.000000

VERT 154
OFFSET -0.331178 2.368320 59.469456
BONES 1
BONE 6 1.000000

VERT 155
OFFSET -0.089197 1.959343 59.138454
BONES 1
BONE 6 1.000000

VERT 156
OFFSET -0.221971 2.147222 59.457981
BONES 1
BONE 6 1.000000

VERT 157
OFFSET -0.329028 1.875271 58.151737
BONES 1
BONE 6 1.000000

VERT 158
OFFSET -0.749217 2.007741 58.100105
BONES 1
BONE 6 1.000000

VERT 159
OFFSET -1.100606 2.404410 58.840179
BONES 1
BONE 6 1.000000

VERT 160
OFFSET -0.117627 1.878454 58.468822
BONES 1
BONE 6 1.000000

VERT 161
OFFSET -0.031173 1.400750 57.811520
BONES 2
BONE 6 0.884910
BONE 36 0.115091

VERT 162
OFFSET 0.088224 1.444549 58.160828
BONES 2
BONE 6 0.937564
BONE 36 0.062436

VERT 163
OFFSET 0.190303 0.945151 57.792892
BONES 4
BONE 31 0.001888
BONE 29 0.000314
BONE 36 0.306997
BONE 6 0.690801

VERT 164
OFFSET -1.184940 2.057160 58.124352
BONES 1
BONE 6 1.000000

VERT 165
OFFSET 0.419648 0.760235 58.161133
BONES 2
BONE 36 0.271248
BONE 6 0.728752

VERT 166
OFFSET 0.274762 1.162297 58.524475
BONES 2
BONE 36 0.006043
BONE 6 0.993957

VERT 167
OFFSET 0.180363 1.271717 58.879299
BONES 1
BONE 6 1.000000

VERT 168
OFFSET -0.122514 1.846324 59.262562
BONES 1
BONE 6 1.000000

VERT 169
OFFSET -0.021722 1.497121 59.181644
BONES 1
BONE 6 1.000000

VERT 170
OFFSET 0.434449 0.756031 58.665833
BONES 1
BONE 6 1.000000

VERT 171
OFFSET 0.527075 0.670662 58.275394
BONES 2
BONE 6 0.879558
BONE 36 0.120442

VERT 172
OFFSET 0.706821 0.394067 58.454422
BONES 2
BONE 36 0.003556
BONE 6 0.996444

VERT 173
OFFSET 0.111444 1.001139 59.095692
BONES 1
BONE 6 1.000000

VERT 174
OFFSET 0.749223 0.271113 58.275753
BONES 3
BONE 31 0.000652
BONE 36 0.194796
BONE 6 0.804552

VERT 175
OFFSET 0.939835 -0.002040 58.316856
BONES 2
BONE 36 0.035091
BONE 6 0.964909

VERT 176
OFFSET 0.487001 0.407806 58.836605
BONES 1
BONE 6 1.000000

VERT 177
OFFSET 0.327555 0.404857 59.269272
BONES 1
BONE 6 1.000000

VERT 178
OFFSET 0.106483 0.814195 59.284939
BONES 1
BONE 6 1.000000

VERT 179
OFFSET 0.072414 0.904031 59.398964
BONES 1
BONE 6 1.000000

VERT 180
OFFSET 0.048550 1.098645 59.235325
BONES 1
BONE 6 1.000000

VERT 181
OFFSET -0.198130 1.617378 59.187447
BONES 1
BONE 6 1.000000

VERT 182
OFFSET -0.086776 1.023323 59.247139
BONES 1
BONE 6 1.000000

VERT 183
OFFSET -0.058434 0.869959 59.452820
BONES 1
BONE 6 1.000000

VERT 184
OFFSET -0.401094 1.518983 59.650726
BONES 1
BONE 6 1.000000

VERT 185
OFFSET 0.066434 0.874113 59.754723
BONES 1
BONE 6 1.000000

VERT 186
OFFSET 0.184053 0.894604 59.691628
BONES 1
BONE 6 1.000000

VERT 187
OFFSET 0.122274 1.071957 59.921200
BONES 1
BONE 6 1.000000

VERT 188
OFFSET -0.045324 1.876028 59.993629
BONES 1
BONE 6 1.000000

VERT 189
OFFSET 0.144050 1.644603 59.958992
BONES 1
BONE 6 1.000000

VERT 190
OFFSET -0.007866 2.048057 59.911648
BONES 1
BONE 6 1.000000

VERT 191
OFFSET 0.423938 1.816013 60.828857
BONES 1
BONE 6 1.000000

VERT 192
OFFSET 0.489154 1.978894 61.468010
BONES 1
BONE 6 1.000000

VERT 193
OFFSET 0.730147 1.281136 61.358444
BONES 1
BONE 6 1.000000

VERT 194
OFFSET 0.394824 1.331046 60.200691
BONES 1
BONE 6 1.000000

VERT 195
OFFSET 0.413367 0.917760 60.042942
BONES 1
BONE 6 1.000000

VERT 196
OFFSET 0.226999 1.099923 59.861931
BONES 1
BONE 6 1.000000

VERT 197
OFFSET 0.665708 0.538231 60.397560
BONES 1
BONE 6 1.000000

VERT 198
OFFSET 0.732660 1.388743 61.967228
BONES 1
BONE 6 1.000000

VERT 199
OFFSET 0.581616 -0.003974 60.096478
BONES 1
BONE 6 1.000000

VERT 200
OFFSET 0.380588 0.431302 59.769833
BONES 1
BONE 6 1.000000

VERT 201
OFFSET 0.411181 0.000583 59.555107
BONES 1
BONE 6 1.000000

VERT 202
OFFSET 0.796036 -0.000622 60.661087
BONES 1
BONE 6 1.000000

VERT 203
OFFSET 0.308162 0.471050 59.555801
BONES 1
BONE 6 1.000000

VERT 204
OFFSET 0.919811 0.214152 61.452652
BONES 1
BONE 6 1.000000

VERT 205
OFFSET 0.917922 0.319916 62.064541
BONES 1
BONE 6 1.000000

VERT 206
OFFSET 0.589489 -0.000671 58.937027
BONES 1
BONE 6 1.000000

VERT 207
OFFSET 0.156655 0.730636 59.483532
BONES 1
BONE 6 1.000000

VERT 208
OFFSET -1.931436 2.584435 59.195400
BONES 1
BONE 6 1.000000

VERT 209
OFFSET -3.540649 0.894381 57.464909
BONES 1
BONE 6 1.000000

VERT 210
OFFSET -3.789129 0.624224 57.552227
BONES 1
BONE 6 1.000000

VERT 211
OFFSET -3.952394 0.337995 57.605003
BONES 1
BONE 6 1.000000

VERT 212
OFFSET -4.213062 0.412263 58.419235
BONES 1
BONE 6 1.000000

VERT 213
OFFSET -4.735579 0.414957 59.066387
BONES 1
BONE 6 1.000000

VERT 214
OFFSET -4.810228 -0.000664 58.963306
BONES 1
BONE 6 1.000000

VERT 215
OFFSET -4.185318 0.890114 58.744858
BONES 1
BONE 6 1.000000

VERT 216
OFFSET -4.478336 0.882098 59.183018
BONES 1
BONE 6 1.000000

VERT 217
OFFSET 0.177855 0.562402 57.559113
BONES 8
BONE 6 0.000905
BONE 26 0.000038
BONE 35 0.044940
BONE 31 0.193537
BONE 36 0.713269
BONE 29 0.031713
BONE 25 0.015539
BONE 30 0.000059

VERT 218
OFFSET 0.211615 0.207426 57.535957
BONES 6
BONE 29 0.000165
BONE 26 0.038209
BONE 25 0.162903
BONE 36 0.743141
BONE 31 0.035752
BONE 35 0.019829

VERT 219
OFFSET 0.208409 0.587573 57.528923
BONES 7
BONE 26 0.000044
BONE 29 0.005290
BONE 25 0.047408
BONE 31 0.191563
BONE 36 0.687080
BONE 35 0.004228
BONE 6 0.064387

VERT 220
OFFSET 0.277973 -0.000663 57.537125
BONES 7
BONE 31 0.008115
BONE 35 0.000731
BONE 36 0.731460
BONE 25 0.116748
BONE 26 0.134351
BONE 29 0.000030
BONE 32 0.008564

VERT 221
OFFSET 0.320154 0.152801 57.477352
BONES 6
BONE 31 0.019204
BONE 6 0.042017
BONE 36 0.781950
BONE 25 0.097259
BONE 26 0.059568
BONE 29 0.000002

VERT 222
OFFSET 0.156501 0.456515 57.374714
BONES 6
BONE 6 0.253626
BONE 31 0.047350
BONE 36 0.631334
BONE 25 0.058870
BONE 29 0.000001
BONE 26 0.008820

VERT 223
OFFSET 0.182535 -0.003043 57.314938
BONES 5
BONE 32 0.000014
BONE 6 0.232307
BONE 36 0.767596
BONE 25 0.000034
BONE 26 0.000049

VERT 224
OFFSET 0.194671 -0.633016 57.527302
BONES 7
BONE 35 0.001035
BONE 25 0.000047
BONE 32 0.141856
BONE 6 0.272255
BONE 36 0.546858
BONE 26 0.037869
BONE 30 0.000080

VERT 225
OFFSET 0.223033 -0.609761 57.561638
BONES 7
BONE 29 0.000000
BONE 32 0.188939
BONE 6 0.069881
BONE 36 0.721651
BONE 30 0.013703
BONE 35 0.003937
BONE 26 0.001889

VERT 226
OFFSET 0.333247 -0.609410 57.687752
BONES 5
BONE 29 0.005061
BONE 30 0.040882
BONE 36 0.565381
BONE 6 0.322724
BONE 32 0.065952

VERT 227
OFFSET 0.370843 0.000414 57.543457
BONES 6
BONE 31 0.014145
BONE 30 0.174948
BONE 29 0.158696
BONE 36 0.633251
BONE 6 0.010458
BONE 32 0.008501

VERT 228
OFFSET 0.307169 0.051070 57.534050
BONES 7
BONE 35 0.000806
BONE 32 0.005140
BONE 36 0.630211
BONE 29 0.181335
BONE 30 0.160836
BONE 6 0.000036
BONE 31 0.021636

VERT 229
OFFSET 0.494620 0.010325 57.669743
BONES 6
BONE 32 0.000076
BONE 6 0.048842
BONE 31 0.000868
BONE 36 0.716855
BONE 29 0.114858
BONE 30 0.118500

VERT 230
OFFSET 0.505469 -0.000662 57.753975
BONES 4
BONE 30 0.059200
BONE 29 0.063064
BONE 36 0.721039
BONE 6 0.156697

VERT 231
OFFSET 0.322322 0.610430 57.670776
BONES 5
BONE 30 0.000084
BONE 29 0.060207
BONE 36 0.595133
BONE 31 0.108889
BONE 6 0.235686

VERT 232
OFFSET 0.101110 0.648582 57.400661
BONES 5
BONE 6 0.478899
BONE 31 0.087944
BONE 36 0.415684
BONE 29 0.000343
BONE 25 0.017131

VERT 233
OFFSET 0.136654 0.531212 57.589737
BONES 5
BONE 35 0.145138
BONE 31 0.184204
BONE 36 0.623304
BONE 29 0.047156
BONE 30 0.000198

VERT 234
OFFSET -0.535413 2.525120 59.552982
BONES 1
BONE 6 1.000000

VERT 235
OFFSET -0.537809 2.884138 60.608379
BONES 1
BONE 6 1.000000

VERT 236
OFFSET -0.977793 2.939864 60.481297
BONES 1
BONE 6 1.000000

VERT 237
OFFSET -1.355496 3.029537 61.331245
BONES 1
BONE 6 1.000000

VERT 238
OFFSET -0.179546 2.764632 61.067440
BONES 1
BONE 6 1.000000

VERT 239
OFFSET -0.599517 2.847485 61.741207
BONES 1
BONE 6 1.000000

VERT 240
OFFSET -0.313200 2.685452 60.248005
BONES 1
BONE 6 1.000000

VERT 241
OFFSET -0.233222 2.436693 59.818287
BONES 1
BONE 6 1.000000

VERT 242
OFFSET 0.105365 2.490779 61.667931
BONES 1
BONE 6 1.000000

VERT 243
OFFSET -0.281276 2.539718 62.354286
BONES 1
BONE 6 1.000000

VERT 244
OFFSET 0.167935 2.469220 61.254105
BONES 1
BONE 6 1.000000

VERT 245
OFFSET -0.034913 2.362780 60.222294
BONES 1
BONE 6 1.000000

VERT 246
OFFSET 0.331669 2.253515 61.837730
BONES 1
BONE 6 1.000000

VERT 247
OFFSET 0.509234 1.609366 62.556934
BONES 1
BONE 6 1.000000

VERT 248
OFFSET -0.141884 2.235100 59.829514
BONES 1
BONE 6 1.000000

VERT 249
OFFSET 0.718889 0.930421 62.611485
BONES 1
BONE 6 1.000000

VERT 250
OFFSET 0.598290 0.596449 63.151897
BONES 1
BONE 6 1.000000

VERT 251
OFFSET 0.318642 0.610387 63.678223
BONES 1
BONE 6 1.000000

VERT 252
OFFSET 0.854932 0.085019 62.634106
BONES 1
BONE 6 1.000000

VERT 253
OFFSET 0.548168 0.012226 63.395164
BONES 1
BONE 6 1.000000

VERT 254
OFFSET -0.027274 0.596439 64.184959
BONES 1
BONE 6 1.000000

VERT 255
OFFSET 0.011723 -0.000662 64.185089
BONES 1
BONE 6 1.000000

VERT 256
OFFSET 0.871776 -0.634931 61.429886
BONES 1
BONE 6 1.000000

VERT 257
OFFSET 0.899298 -0.497467 62.042595
BONES 1
BONE 6 1.000000

VERT 258
OFFSET 0.798029 -0.537765 62.628750
BONES 1
BONE 6 1.000000

VERT 259
OFFSET 0.644587 -0.546384 60.351295
BONES 1
BONE 6 1.000000

VERT 260
OFFSET 0.730194 -1.282480 61.358402
BONES 1
BONE 6 1.000000

VERT 261
OFFSET 0.732668 -1.390047 61.967224
BONES 1
BONE 6 1.000000

VERT 262
OFFSET 0.485225 -0.329937 59.951889
BONES 1
BONE 6 1.000000

VERT 263
OFFSET 0.446398 -0.849874 60.056587
BONES 1
BONE 6 1.000000

VERT 264
OFFSET 0.371246 -0.258404 59.599873
BONES 1
BONE 6 1.000000

VERT 265
OFFSET 0.279909 -0.569365 59.642967
BONES 1
BONE 6 1.000000

VERT 266
OFFSET 0.327532 -0.406829 59.269291
BONES 1
BONE 6 1.000000

VERT 267
OFFSET 0.500167 -0.395952 58.821636
BONES 1
BONE 6 1.000000

VERT 268
OFFSET 0.111401 -1.004039 59.095852
BONES 1
BONE 6 1.000000

VERT 269
OFFSET 0.106442 -0.817077 59.285091
BONES 1
BONE 6 1.000000

VERT 270
OFFSET 0.434375 -0.757975 58.666000
BONES 1
BONE 6 1.000000

VERT 271
OFFSET 0.718854 -0.403234 58.386154
BONES 2
BONE 36 0.042998
BONE 6 0.957002

VERT 272
OFFSET 1.004641 -0.002610 58.516621
BONES 1
BONE 6 1.000000

VERT 273
OFFSET 0.758288 -0.258394 58.282001
BONES 3
BONE 32 0.000468
BONE 6 0.813456
BONE 36 0.186076

VERT 274
OFFSET 0.465355 -0.765161 58.308846
BONES 2
BONE 6 0.846861
BONE 36 0.153139

VERT 275
OFFSET 0.274750 -1.163895 58.524799
BONES 2
BONE 36 0.006033
BONE 6 0.993967

VERT 276
OFFSET 0.084902 -1.439083 58.147709
BONES 2
BONE 36 0.063761
BONE 6 0.936239

VERT 277
OFFSET 0.190210 -0.945916 57.793034
BONES 3
BONE 32 0.003854
BONE 6 0.689938
BONE 36 0.306208

VERT 278
OFFSET -0.031228 -1.401049 57.811691
BONES 2
BONE 36 0.115100
BONE 6 0.884900

VERT 279
OFFSET -0.117694 -1.879933 58.469563
BONES 1
BONE 6 1.000000

VERT 280
OFFSET -0.329155 -1.875941 58.151855
BONES 1
BONE 6 1.000000

VERT 281
OFFSET -0.400220 -2.216877 58.732731
BONES 1
BONE 6 1.000000

VERT 282
OFFSET -0.749438 -2.008377 58.100174
BONES 1
BONE 6 1.000000

VERT 283
OFFSET -0.668400 -1.667990 57.647972
BONES 1
BONE 6 1.000000

VERT 284
OFFSET -1.100948 -2.406575 58.842278
BONES 1
BONE 6 1.000000

VERT 285
OFFSET -0.702309 -2.426257 59.050652
BONES 1
BONE 6 1.000000

VERT 286
OFFSET -0.331233 -2.371354 59.469887
BONES 1
BONE 6 1.000000

VERT 287
OFFSET -0.089255 -1.962214 59.138721
BONES 1
BONE 6 1.000000

VERT 288
OFFSET -0.221964 -2.150040 59.458153
BONES 1
BONE 6 1.000000

VERT 289
OFFSET -1.931590 -2.585618 59.195389
BONES 1
BONE 6 1.000000

VERT 290
OFFSET -0.954415 -2.844086 60.056873
BONES 1
BONE 6 1.000000

VERT 291
OFFSET -1.932157 -2.738190 59.544418
BONES 1
BONE 6 1.000000

VERT 292
OFFSET -1.901418 -2.886277 60.062279
BONES 1
BONE 6 1.000000

VERT 293
OFFSET -2.734979 -2.898034 60.235294
BONES 1
BONE 6 1.000000

VERT 294
OFFSET -2.158995 -2.997560 60.645744
BONES 1
BONE 6 1.000000

VERT 295
OFFSET -3.731806 -2.838125 60.975033
BONES 1
BONE 6 1.000000

VERT 296
OFFSET -3.512550 -2.993077 61.475712
BONES 1
BONE 6 1.000000

VERT 297
OFFSET -3.047780 -2.815224 60.058193
BONES 1
BONE 6 1.000000

VERT 298
OFFSET -3.801459 -2.600796 60.521866
BONES 1
BONE 6 1.000000

VERT 299
OFFSET -3.099435 -2.844450 59.688847
BONES 1
BONE 6 1.000000

VERT 300
OFFSET -3.246856 -2.652771 59.759483
BONES 1
BONE 6 1.000000

VERT 301
OFFSET -3.833757 -2.278698 60.006264
BONES 1
BONE 6 1.000000

VERT 302
OFFSET -3.186311 -2.417676 59.291592
BONES 1
BONE 6 1.000000

VERT 303
OFFSET -2.942112 -2.098404 58.881321
BONES 1
BONE 6 1.000000

VERT 304
OFFSET -2.732517 -1.813403 58.490089
BONES 1
BONE 6 1.000000

VERT 305
OFFSET -2.423765 -2.133362 58.549862
BONES 1
BONE 6 1.000000

VERT 306
OFFSET -2.413007 -1.500181 57.799831
BONES 1
BONE 6 1.000000

VERT 307
OFFSET -2.150814 -1.806206 57.993252
BONES 1
BONE 6 1.000000

VERT 308
OFFSET -2.036689 -2.422037 58.892483
BONES 1
BONE 6 1.000000

VERT 309
OFFSET -1.178563 -2.064383 58.131493
BONES 1
BONE 6 1.000000

VERT 310
OFFSET -0.370616 -1.424461 57.526058
BONES 2
BONE 6 0.973773
BONE 36 0.026226

VERT 311
OFFSET -0.203117 -1.084016 57.350056
BONES 2
BONE 36 0.094615
BONE 6 0.905385

VERT 312
OFFSET -0.656880 -0.999180 57.002731
BONES 1
BONE 6 1.000000

VERT 313
OFFSET -0.743735 -0.544163 56.654770
BONES 1
BONE 6 1.000000

VERT 314
OFFSET -0.494705 -0.620033 56.745213
BONES 1
BONE 6 1.000000

VERT 315
OFFSET -0.093398 -0.674444 57.168297
BONES 4
BONE 32 0.024619
BONE 36 0.237941
BONE 26 0.000143
BONE 6 0.737298

VERT 316
OFFSET -0.348350 -0.335556 56.587406
BONES 1
BONE 6 1.000000

VERT 317
OFFSET 0.158008 -0.471366 57.384335
BONES 6
BONE 30 0.000000
BONE 6 0.267220
BONE 36 0.658367
BONE 26 0.047154
BONE 32 0.019887
BONE 25 0.007372

VERT 318
OFFSET -0.554102 -0.038559 56.449039
BONES 1
BONE 6 1.000000

VERT 319
OFFSET -1.150438 -0.526764 56.710022
BONES 1
BONE 6 1.000000

VERT 320
OFFSET -1.460887 -1.220428 57.178070
BONES 1
BONE 6 1.000000

VERT 321
OFFSET -1.568545 -0.481800 56.755417
BONES 1
BONE 6 1.000000

VERT 322
OFFSET -1.480506 -0.752020 56.895916
BONES 1
BONE 6 1.000000

VERT 323
OFFSET -1.776794 -0.607638 56.767059
BONES 1
BONE 6 1.000000

VERT 324
OFFSET -2.076319 -0.956987 57.062824
BONES 1
BONE 6 1.000000

VERT 325
OFFSET -1.836921 -1.027794 57.160267
BONES 1
BONE 6 1.000000

VERT 326
OFFSET -2.350600 -1.140155 57.293266
BONES 1
BONE 6 1.000000

VERT 327
OFFSET -2.176659 -1.302784 57.488537
BONES 1
BONE 6 1.000000

VERT 328
OFFSET -1.727094 -1.827150 57.844479
BONES 1
BONE 6 1.000000

VERT 329
OFFSET -1.160535 -1.545365 57.417995
BONES 1
BONE 6 1.000000

VERT 330
OFFSET -2.639003 -1.326315 57.624546
BONES 1
BONE 6 1.000000

VERT 331
OFFSET -2.817154 -1.418335 57.943123
BONES 1
BONE 6 1.000000

VERT 332
OFFSET -2.911047 -1.283813 57.623901
BONES 1
BONE 6 1.000000

VERT 333
OFFSET -3.218637 -1.342674 58.408733
BONES 1
BONE 6 1.000000

VERT 334
OFFSET -3.380860 -1.130746 58.087528
BONES 1
BONE 6 1.000000

VERT 335
OFFSET -3.804019 -0.888163 58.387375
BONES 1
BONE 6 1.000000

VERT 336
OFFSET -3.663650 -1.348887 58.854942
BONES 1
BONE 6 1.000000

VERT 337
OFFSET -3.925278 -1.887368 59.669781
BONES 1
BONE 6 1.000000

VERT 338
OFFSET -4.056098 -1.541827 59.475239
BONES 1
BONE 6 1.000000

VERT 339
OFFSET -2.993836 -1.161979 57.200241
BONES 1
BONE 6 1.000000

VERT 340
OFFSET -2.648961 -1.187283 57.191437
BONES 1
BONE 6 1.000000

VERT 341
OFFSET -3.774330 -0.763052 57.921139
BONES 1
BONE 6 1.000000

VERT 342
OFFSET -3.289024 -1.081074 57.358990
BONES 1
BONE 6 1.000000

VERT 343
OFFSET -2.638748 -1.163066 57.017452
BONES 1
BONE 6 1.000000

VERT 344
OFFSET -2.250204 -0.931933 56.794285
BONES 1
BONE 6 1.000000

VERT 345
OFFSET -1.995738 -0.654703 56.646145
BONES 1
BONE 6 1.000000

VERT 346
OFFSET -1.730753 -0.198430 56.491421
BONES 1
BONE 6 1.000000

VERT 347
OFFSET -1.609968 -0.174637 56.658035
BONES 1
BONE 6 1.000000

VERT 348
OFFSET 0.634970 -0.000662 57.975742
BONES 4
BONE 29 0.000356
BONE 6 0.443318
BONE 36 0.555857
BONE 31 0.000469

VERT 349
OFFSET 0.443092 0.494336 57.872116
BONES 4
BONE 36 0.558101
BONE 31 0.000324
BONE 6 0.408981
BONE 29 0.032594

VERT 350
OFFSET -0.341672 2.085031 59.405762
BONES 1
BONE 6 1.000000

VERT 351
OFFSET -0.364113 2.261662 59.657730
BONES 1
BONE 6 1.000000

VERT 352
OFFSET -0.272423 2.255637 59.861214
BONES 1
BONE 6 1.000000

VERT 353
OFFSET -0.215792 2.271919 59.686943
BONES 1
BONE 6 1.000000

VERT 354
OFFSET -3.157500 3.071867 61.969795
BONES 1
BONE 6 1.000000

VERT 355
OFFSET -2.440524 3.072625 62.586830
BONES 1
BONE 6 1.000000

VERT 356
OFFSET -1.649336 2.790111 63.207718
BONES 1
BONE 6 1.000000

VERT 357
OFFSET -1.137239 2.469863 63.575306
BONES 1
BONE 6 1.000000

VERT 358
OFFSET -0.584294 2.041474 63.921047
BONES 1
BONE 6 1.000000

VERT 359
OFFSET -0.002370 1.847201 63.343468
BONES 1
BONE 6 1.000000

VERT 360
OFFSET -0.281652 1.533410 64.106651
BONES 1
BONE 6 1.000000

VERT 361
OFFSET 0.301909 1.384017 63.317574
BONES 1
BONE 6 1.000000

VERT 362
OFFSET 0.331493 -0.098658 57.471992
BONES 7
BONE 29 0.000000
BONE 6 0.046384
BONE 36 0.810989
BONE 25 0.052656
BONE 26 0.081800
BONE 32 0.008171
BONE 30 0.000000

VERT 363
OFFSET 0.177853 -0.563729 57.559113
BONES 8
BONE 35 0.045388
BONE 29 0.000013
BONE 30 0.025079
BONE 25 0.000080
BONE 26 0.014685
BONE 32 0.189716
BONE 36 0.724100
BONE 6 0.000939

VERT 364
OFFSET 0.206221 -0.236095 57.537369
BONES 7
BONE 29 0.000001
BONE 30 0.000136
BONE 25 0.031955
BONE 26 0.176752
BONE 36 0.684400
BONE 35 0.021135
BONE 32 0.085621

VERT 365
OFFSET -2.716131 -2.999277 59.980392
BONES 1
BONE 6 1.000000

VERT 366
OFFSET -2.749349 -3.276079 59.929234
BONES 1
BONE 6 1.000000

VERT 367
OFFSET -2.899602 -2.935346 59.891857
BONES 1
BONE 6 1.000000

VERT 368
OFFSET -3.015090 -3.305207 59.574799
BONES 1
BONE 6 1.000000

VERT 369
OFFSET -3.051353 -3.017951 59.490391
BONES 1
BONE 6 1.000000

VERT 370
OFFSET -3.160689 -3.470556 59.362236
BONES 1
BONE 6 1.000000

VERT 371
OFFSET -3.109838 -3.324662 58.985321
BONES 1
BONE 6 1.000000

VERT 372
OFFSET -3.012861 -2.878740 59.029758
BONES 1
BONE 6 1.000000

VERT 373
OFFSET -3.114868 -3.570318 59.322937
BONES 1
BONE 6 1.000000

VERT 374
OFFSET -3.027651 -3.482626 59.216560
BONES 1
BONE 6 1.000000

VERT 375
OFFSET -2.977246 -3.208915 58.819080
BONES 1
BONE 6 1.000000

VERT 376
OFFSET -2.928015 -3.173487 58.915134
BONES 1
BONE 6 1.000000

VERT 377
OFFSET -2.687861 -2.822061 58.537743
BONES 1
BONE 6 1.000000

VERT 378
OFFSET -2.849756 -2.799587 58.649059
BONES 1
BONE 6 1.000000

VERT 379
OFFSET -2.479705 -2.542471 58.425381
BONES 1
BONE 6 1.000000

VERT 380
OFFSET -2.452044 -2.675682 58.544155
BONES 1
BONE 6 1.000000

VERT 381
OFFSET -2.333978 -2.464232 58.508846
BONES 1
BONE 6 1.000000

VERT 382
OFFSET -2.198818 -2.450270 58.927402
BONES 1
BONE 6 1.000000

VERT 383
OFFSET -2.561340 -2.172269 58.558655
BONES 1
BONE 6 1.000000

VERT 384
OFFSET -2.596005 -2.795109 58.767834
BONES 1
BONE 6 1.000000

VERT 385
OFFSET -2.340149 -2.860090 59.286247
BONES 1
BONE 6 1.000000

VERT 386
OFFSET -2.360459 -2.684645 59.046780
BONES 1
BONE 6 1.000000

VERT 387
OFFSET -2.153523 -2.895508 59.472622
BONES 1
BONE 6 1.000000

VERT 388
OFFSET -2.277707 -2.822995 59.435719
BONES 1
BONE 6 1.000000

VERT 389
OFFSET -2.235954 -3.047161 59.665222
BONES 1
BONE 6 1.000000

VERT 390
OFFSET -2.498948 -2.944111 59.554703
BONES 1
BONE 6 1.000000

VERT 391
OFFSET -2.381940 -2.730043 59.312557
BONES 1
BONE 6 1.000000

VERT 392
OFFSET -2.022488 -2.852343 59.819290
BONES 1
BONE 6 1.000000

VERT 393
OFFSET -2.198477 -3.274925 59.961411
BONES 1
BONE 6 1.000000

VERT 394
OFFSET -2.134004 -3.046003 59.968071
BONES 1
BONE 6 1.000000

VERT 395
OFFSET -2.264358 -3.204916 59.826431
BONES 1
BONE 6 1.000000

VERT 396
OFFSET -2.533140 -3.067477 59.510746
BONES 1
BONE 6 1.000000

VERT 397
OFFSET -2.452140 -3.239241 59.615513
BONES 1
BONE 6 1.000000

VERT 398
OFFSET -2.486988 -3.386766 59.979118
BONES 1
BONE 6 1.000000

VERT 399
OFFSET -2.637754 -2.803826 59.256229
BONES 1
BONE 6 1.000000

VERT 400
OFFSET -2.758688 -3.295609 59.316246
BONES 1
BONE 6 1.000000

VERT 401
OFFSET -2.739784 -3.148886 58.991856
BONES 1
BONE 6 1.000000

VERT 402
OFFSET -2.612365 -2.795751 59.038784
BONES 1
BONE 6 1.000000

VERT 403
OFFSET -3.024014 -3.478236 59.410126
BONES 1
BONE 6 1.000000

VERT 404
OFFSET -2.922575 -3.535927 59.739601
BONES 1
BONE 6 1.000000

VERT 405
OFFSET -2.815873 -3.466896 59.613590
BONES 1
BONE 6 1.000000

VERT 406
OFFSET -2.637235 -3.392752 59.552067
BONES 1
BONE 6 1.000000

VERT 407
OFFSET -2.691396 -3.506942 59.936222
BONES 1
BONE 6 1.000000

VERT 408
OFFSET -2.735594 -3.632336 59.840641
BONES 1
BONE 6 1.000000

VERT 409
OFFSET -2.453922 -3.517187 60.009815
BONES 1
BONE 6 1.000000

VERT 410
OFFSET -2.659337 -3.669940 60.050171
BONES 1
BONE 6 1.000000

VERT 411
OFFSET -2.388431 -3.508368 60.118359
BONES 1
BONE 6 1.000000

VERT 412
OFFSET -2.999777 -3.727819 59.772507
BONES 1
BONE 6 1.000000

VERT 413
OFFSET -2.819430 -3.585702 60.064827
BONES 1
BONE 6 1.000000

VERT 414
OFFSET -2.463629 -3.324174 60.135712
BONES 1
BONE 6 1.000000

VERT 415
OFFSET -2.457467 -2.922262 60.037643
BONES 1
BONE 6 1.000000

VERT 416
OFFSET -2.124574 -2.914479 59.964684
BONES 1
BONE 6 1.000000

VERT 417
OFFSET -3.097170 -3.575921 59.751106
BONES 1
BONE 6 1.000000

VERT 418
OFFSET -2.926279 -3.666294 59.629055
BONES 1
BONE 6 1.000000

VERT 419
OFFSET -2.295796 -2.264560 58.679901
BONES 1
BONE 6 1.000000

VERT 420
OFFSET -3.540648 -0.895707 57.464909
BONES 1
BONE 6 1.000000

VERT 421
OFFSET -3.952394 -0.339322 57.605003
BONES 1
BONE 6 1.000000

VERT 422
OFFSET -3.789129 -0.625550 57.552227
BONES 1
BONE 6 1.000000

VERT 423
OFFSET -4.213062 -0.413589 58.419235
BONES 1
BONE 6 1.000000

