// Export time: Sat Oct 03 21:14:10 2020

// Exported using Blender v2.90.1
// Export filename: 'E:/blackops3/mod_xmodel/iw4/m16a1_new/ch_head_gk_m16a1_v2_lod1.XMODEL_EXPORT'
// Source filename: 'E:/blackops3/mod_xmodel/iw4/m16a1_new/m16a1_new.blend'
MODEL
VERSION 6

NUMBONES 37
BONE 0 -1 "tag_origin"
BONE 1 0 "j_mainroot"
BONE 2 1 "j_spinelower"
BONE 3 2 "j_spineupper"
BONE 4 3 "j_spine4"
BONE 5 4 "j_neck"
BONE 6 5 "j_head"
BONE 7 6 "j_brow_le"
BONE 8 6 "j_brow_ri"
BONE 9 6 "j_browouter_le"
BONE 10 6 "j_browouter_ri"
BONE 11 6 "j_cheek_le"
BONE 12 6 "j_cheek_ri"
BONE 13 6 "j_cheeklower_le"
BONE 14 6 "j_cheeklower_ri"
BONE 15 6 "j_eye_lid_bot_le"
BONE 16 6 "j_eye_lid_bot_ri"
BONE 17 6 "j_eye_lid_top_le"
BONE 18 6 "j_eye_lid_top_ri"
BONE 19 6 "j_eyeball_le"
BONE 20 6 "j_eyeball_ri"
BONE 21 6 "j_head_end"
BONE 22 21 "j_helmet"
BONE 23 6 "j_jaw"
BONE 24 23 "j_chin_skinroll"
BONE 25 23 "j_lip_bot_le"
BONE 26 23 "j_lip_bot_ri"
BONE 27 6 "j_levator_le"
BONE 28 6 "j_levator_ri"
BONE 29 6 "j_lip_top_le"
BONE 30 6 "j_lip_top_ri"
BONE 31 6 "j_mouth_le"
BONE 32 6 "j_mouth_ri"
BONE 33 6 "j_nvg"
BONE 34 6 "tag_eye"
BONE 35 6 "MouthCavity"
BONE 36 6 "MouthMove"

BONE 0
OFFSET 0.000000 0.000000 0.000000
SCALE 1.000000 1.000000 1.000000
X 1.000000 0.000000 0.000000
Y 0.000000 1.000000 0.000000
Z 0.000000 0.000000 1.000000

BONE 1
OFFSET -3.403327 -0.000169 38.951996
SCALE 1.000000 1.000000 1.000000
X -0.024727 -0.000056 0.999694
Y 0.999694 0.000059 0.024727
Z -0.000060 1.000000 0.000054

BONE 2
OFFSET -2.022245 -0.000011 43.407951
SCALE 1.000000 1.000000 1.000000
X -0.029900 -0.000051 0.999553
Y 0.999553 0.000059 0.029901
Z -0.000060 1.000000 0.000049

BONE 3
OFFSET -2.422578 0.000199 47.106785
SCALE 1.000000 1.000000 1.000000
X 0.020431 -0.000061 0.999791
Y 0.999791 0.000062 -0.020431
Z -0.000060 1.000000 0.000063

BONE 4
OFFSET -2.658645 0.000008 50.228298
SCALE 1.000000 1.000000 1.000000
X 0.046978 -0.000059 0.998896
Y 0.998896 0.000063 -0.046978
Z -0.000060 1.000000 0.000061

BONE 5
OFFSET -2.714857 -0.000570 54.815052
SCALE 1.000000 1.000000 1.000000
X 0.309743 -0.000043 0.950820
Y 0.950820 0.000075 -0.309743
Z -0.000058 1.000000 0.000064

BONE 6
OFFSET -2.714856 -0.000570 57.265446
SCALE 1.000000 1.000000 1.000000
X 0.216399 -0.000041 0.976305
Y 0.976305 0.000072 -0.216399
Z -0.000061 1.000000 0.000055

BONE 7
OFFSET 0.806946 1.190301 60.478870
SCALE 1.000000 1.000000 1.000000
X 0.000652 1.000000 -0.000115
Y -0.998861 0.000646 -0.047715
Z -0.047715 0.000146 0.998861

BONE 8
OFFSET 0.816345 -1.213724 60.486504
SCALE 1.000000 1.000000 1.000000
X 0.000012 1.000000 0.000091
Y 0.998889 -0.000016 0.047120
Z 0.047119 0.000091 -0.998889

BONE 9
OFFSET 0.486104 2.045361 60.764050
SCALE 1.000000 1.000000 1.000000
X 0.000646 0.999996 -0.000131
Y -0.998860 0.000638 -0.047723
Z -0.047722 0.000161 0.998860

BONE 10
OFFSET 0.513116 -2.021847 60.755013
SCALE 1.000000 1.000000 1.000000
X 0.000006 1.000000 0.000096
Y 0.998893 -0.000011 0.047033
Z 0.047033 0.000095 -0.998893

BONE 11
OFFSET -0.346976 1.726299 59.392044
SCALE 1.000000 1.000000 1.000000
X 0.000645 1.000000 -0.000131
Y -0.998869 0.000638 -0.047544
Z -0.047544 0.000162 0.998869

BONE 12
OFFSET -0.365582 -1.658103 59.452171
SCALE 1.000000 1.000000 1.000000
X 0.000017 1.000000 0.000086
Y 0.998889 -0.000021 0.047119
Z 0.047119 0.000085 -0.998889

BONE 13
OFFSET -0.356312 1.551083 58.297070
SCALE 1.000000 1.000000 1.000000
X 0.170270 0.000001 0.985397
Y 0.985397 0.000014 -0.170270
Z -0.000014 1.000000 0.000001

BONE 14
OFFSET -0.315202 -1.549620 58.324928
SCALE 1.000000 1.000000 1.000000
X 0.170361 0.000002 0.985382
Y 0.985382 0.000011 -0.170361
Z -0.000011 1.000000 -0.000000

BONE 15
OFFSET -0.585809 1.050133 59.900253
SCALE 1.000000 1.000000 1.000000
X -0.065616 0.997119 0.038027
Y -0.996949 -0.063896 -0.044820
Z -0.042261 -0.040853 0.998271

BONE 16
OFFSET -0.585517 -1.002956 59.894112
SCALE 1.000000 1.000000 1.000000
X 0.066598 0.997041 -0.038388
Y 0.996923 -0.064897 0.043973
Z 0.041352 -0.041199 -0.998295

BONE 17
OFFSET -0.585412 1.049202 59.968433
SCALE 1.000000 1.000000 1.000000
X -0.065488 0.997131 0.037996
Y -0.996961 -0.063772 -0.044736
Z -0.042184 -0.040809 0.998276

BONE 18
OFFSET -0.584830 -1.004208 59.956116
SCALE 1.000000 1.000000 1.000000
X 0.066551 0.997045 -0.038382
Y 0.996936 -0.064861 0.043720
Z 0.041101 -0.041174 -0.998306

BONE 19
OFFSET -2.080814 0.979703 59.853996
SCALE 1.000000 1.000000 1.000000
X -0.205905 0.978521 -0.010104
Y -0.977364 -0.206152 -0.047544
Z -0.048607 0.000088 0.998819

BONE 20
OFFSET -2.080811 -0.979703 59.854000
SCALE 1.000000 1.000000 1.000000
X 0.207727 0.978138 0.009780
Y 0.977071 -0.207957 0.045676
Z 0.046711 0.000067 -0.998908

BONE 21
OFFSET -2.518082 -0.000522 62.499481
SCALE 1.000000 1.000000 1.000000
X 0.170346 0.000015 0.985384
Y 0.985384 -0.000000 -0.170346
Z -0.000002 1.000000 -0.000015

BONE 22
OFFSET -3.423121 -0.000520 63.634960
SCALE 1.000000 1.000000 1.000000
X 0.995886 -0.000060 0.090612
Y 0.000076 1.000000 -0.000170
Z -0.090612 0.000176 0.995886

BONE 23
OFFSET -2.256148 -0.000085 57.590431
SCALE 1.000000 1.000000 1.000000
X 0.000647 1.000000 -0.000097
Y -0.998853 0.000642 -0.047884
Z -0.047884 0.000128 0.998853

BONE 24
OFFSET 0.505892 -0.002035 55.958420
SCALE 1.000000 1.000000 1.000000
X 0.000647 1.000000 -0.000102
Y -0.998865 0.000642 -0.047629
Z -0.047629 0.000132 0.998865

BONE 25
OFFSET 0.249409 0.285047 57.486767
SCALE 1.000000 1.000000 1.000000
X 0.000646 1.000000 -0.000084
Y -0.998861 0.000642 -0.047715
Z -0.047715 0.000115 0.998861

BONE 26
OFFSET 0.249408 -0.285047 57.486767
SCALE 1.000000 1.000000 1.000000
X 0.000384 1.000000 0.000002
Y 0.998869 -0.000385 0.047542
Z 0.047542 -0.000016 -0.998869

BONE 27
OFFSET 0.417115 0.518793 59.078438
SCALE 1.000000 1.000000 1.000000
X 0.000646 1.000000 -0.000076
Y -0.998861 0.000642 -0.047713
Z -0.047713 0.000107 0.998861

BONE 28
OFFSET 0.439893 -0.499616 59.083633
SCALE 1.000000 1.000000 1.000000
X 0.000014 1.000000 0.000073
Y 0.998885 -0.000017 0.047205
Z 0.047205 0.000072 -0.998885

BONE 29
OFFSET 0.312036 0.285047 57.629890
SCALE 1.000000 1.000000 1.000000
X 0.000646 1.000000 -0.000085
Y -0.998861 0.000641 -0.047714
Z -0.047714 0.000116 0.998861

BONE 30
OFFSET 0.312036 -0.285047 57.629890
SCALE 1.000000 1.000000 1.000000
X 0.000012 1.000000 0.000093
Y 0.998889 -0.000017 0.047120
Z 0.047120 0.000093 -0.998889

BONE 31
OFFSET 0.190893 0.577298 57.560829
SCALE 1.000000 1.000000 1.000000
X 0.000646 1.000000 -0.000116
Y -0.998861 0.000641 -0.047714
Z -0.047714 0.000147 0.998861

BONE 32
OFFSET 0.190893 -0.577298 57.560825
SCALE 1.000000 1.000000 1.000000
X 0.000007 1.000000 0.000100
Y 0.998890 -0.000012 0.047117
Z 0.047117 0.000100 -0.998889

BONE 33
OFFSET 1.810401 -0.000519 61.710365
SCALE 1.000000 1.000000 1.000000
X 0.985418 0.000005 -0.170152
Y -0.170152 0.000000 -0.985418
Z -0.000005 1.000000 0.000001

BONE 34
OFFSET 0.019786 -0.000083 59.758369
SCALE 1.000000 1.000000 1.000000
X 0.922509 -0.000054 0.385974
Y 0.000058 1.000000 0.000002
Z -0.385974 0.000021 0.922510

BONE 35
OFFSET -0.616967 -0.000662 57.551010
SCALE 1.000000 1.000000 1.000000
X -0.000000 1.000000 0.000000
Y 0.000000 -0.000000 1.000000
Z 1.000000 0.000000 0.000000

BONE 36
OFFSET 0.290961 -0.000662 57.551010
SCALE 1.000000 1.000000 1.000000
X -0.000000 1.000000 -0.000000
Y 0.000000 -0.000000 1.000000
Z 1.000000 0.000000 -0.000000


NUMVERTS 4919
VERT 0
OFFSET 0.807816 0.440833 60.637222
BONES 1
BONE 6 1.000000

VERT 1
OFFSET 0.783634 -0.044667 60.487690
BONES 1
BONE 6 1.000000

VERT 2
OFFSET 0.741193 0.061721 60.239834
BONES 1
BONE 6 1.000000

VERT 3
OFFSET 0.763724 0.464600 60.420540
BONES 1
BONE 6 1.000000

VERT 4
OFFSET 0.798677 0.973206 60.752880
BONES 1
BONE 6 1.000000

VERT 5
OFFSET 0.782317 0.967248 60.548203
BONES 1
BONE 6 1.000000

VERT 6
OFFSET -0.511303 2.875387 60.737675
BONES 1
BONE 6 1.000000

VERT 7
OFFSET -1.399942 2.957015 60.877663
BONES 1
BONE 6 1.000000

VERT 8
OFFSET -3.231426 3.069229 61.119251
BONES 1
BONE 6 1.000000

VERT 9
OFFSET 0.437599 2.257182 60.826794
BONES 1
BONE 6 1.000000

VERT 10
OFFSET 0.431875 2.276878 60.587593
BONES 1
BONE 6 1.000000

VERT 11
OFFSET -0.502179 2.870720 61.003239
BONES 1
BONE 6 1.000000

VERT 12
OFFSET 0.036186 2.641922 60.876423
BONES 1
BONE 6 1.000000

VERT 13
OFFSET 0.031927 2.652613 60.618484
BONES 1
BONE 6 1.000000

VERT 14
OFFSET -1.336907 2.952447 61.141701
BONES 1
BONE 6 1.000000

VERT 15
OFFSET -3.211625 3.084289 61.395683
BONES 1
BONE 6 1.000000

VERT 16
OFFSET 0.615566 1.702400 60.592556
BONES 1
BONE 6 1.000000

VERT 17
OFFSET 0.630747 1.690020 60.814941
BONES 1
BONE 6 1.000000

VERT 18
OFFSET 0.815691 -0.482270 60.510372
BONES 1
BONE 6 1.000000

VERT 19
OFFSET 0.736539 -0.272671 60.237789
BONES 1
BONE 6 1.000000

VERT 20
OFFSET -0.660745 -2.790939 60.469173
BONES 1
BONE 6 1.000000

VERT 21
OFFSET -0.738892 -2.803220 60.177059
BONES 1
BONE 6 1.000000

VERT 22
OFFSET -0.440091 -2.697824 60.046619
BONES 1
BONE 6 1.000000

VERT 23
OFFSET -0.287255 -2.668165 60.409546
BONES 1
BONE 6 1.000000

VERT 24
OFFSET -1.295509 -2.855917 60.370853
BONES 1
BONE 6 1.000000

VERT 25
OFFSET -1.248216 -2.864292 60.620293
BONES 1
BONE 6 1.000000

VERT 26
OFFSET 0.824289 0.007435 60.468124
BONES 1
BONE 6 1.000000

VERT 27
OFFSET 0.839899 0.463376 60.605099
BONES 1
BONE 6 1.000000

VERT 28
OFFSET 0.778891 0.094856 60.286007
BONES 1
BONE 6 1.000000

VERT 29
OFFSET 0.797195 0.479794 60.448872
BONES 1
BONE 6 1.000000

VERT 30
OFFSET 0.804854 0.978601 60.580776
BONES 1
BONE 6 1.000000

VERT 31
OFFSET 0.828187 0.988300 60.729473
BONES 1
BONE 6 1.000000

VERT 32
OFFSET 0.047667 2.680485 60.846642
BONES 1
BONE 6 1.000000

VERT 33
OFFSET 0.456536 2.288397 60.801506
BONES 1
BONE 6 1.000000

VERT 34
OFFSET 0.446568 2.292204 60.630558
BONES 1
BONE 6 1.000000

VERT 35
OFFSET 0.037637 2.674163 60.656147
BONES 1
BONE 6 1.000000

VERT 36
OFFSET -0.494742 2.915043 60.969166
BONES 1
BONE 6 1.000000

VERT 37
OFFSET -0.507499 2.903193 60.778538
BONES 1
BONE 6 1.000000

VERT 38
OFFSET -3.144672 3.101635 61.341679
BONES 1
BONE 6 1.000000

VERT 39
OFFSET -1.362241 3.007230 61.111683
BONES 1
BONE 6 1.000000

VERT 40
OFFSET -1.387294 2.992963 60.909630
BONES 1
BONE 6 1.000000

VERT 41
OFFSET -3.165859 3.090314 61.173283
BONES 1
BONE 6 1.000000

VERT 42
OFFSET 0.637884 1.709153 60.631630
BONES 1
BONE 6 1.000000

VERT 43
OFFSET 0.659454 1.719050 60.793549
BONES 1
BONE 6 1.000000

VERT 44
OFFSET 0.783574 -0.248639 60.264488
BONES 1
BONE 6 1.000000

VERT 45
OFFSET 0.859898 -0.443375 60.514851
BONES 1
BONE 6 1.000000

VERT 46
OFFSET 0.811146 -0.727685 60.321110
BONES 1
BONE 6 1.000000

VERT 47
OFFSET 0.748729 -1.180481 60.708759
BONES 1
BONE 6 1.000000

VERT 48
OFFSET 0.763278 -1.245691 60.481777
BONES 1
BONE 6 1.000000

VERT 49
OFFSET 0.753984 -1.260587 60.138351
BONES 1
BONE 6 1.000000

VERT 50
OFFSET 0.607476 -1.893687 60.502422
BONES 1
BONE 6 1.000000

VERT 51
OFFSET 0.683073 -1.806895 60.115376
BONES 1
BONE 6 1.000000

VERT 52
OFFSET 0.773247 -0.517986 60.107632
BONES 1
BONE 6 1.000000

VERT 53
OFFSET 0.645709 -0.243641 59.762054
BONES 1
BONE 6 1.000000

VERT 54
OFFSET 0.666260 -0.455193 59.780869
BONES 1
BONE 6 1.000000

VERT 55
OFFSET 0.573228 -0.475583 59.484207
BONES 1
BONE 6 1.000000

VERT 56
OFFSET 0.551576 -0.289056 59.472054
BONES 1
BONE 6 1.000000

VERT 57
OFFSET 0.109987 -1.882896 58.511951
BONES 1
BONE 6 1.000000

VERT 58
OFFSET 0.249281 -1.807027 58.686646
BONES 1
BONE 6 1.000000

VERT 59
OFFSET 0.083680 -2.039434 58.792103
BONES 1
BONE 6 1.000000

VERT 60
OFFSET -0.047912 -2.101400 58.591312
BONES 1
BONE 6 1.000000

VERT 61
OFFSET -0.621020 -2.827285 60.423630
BONES 1
BONE 6 1.000000

VERT 62
OFFSET -0.675204 -2.822518 60.203777
BONES 1
BONE 6 1.000000

VERT 63
OFFSET -0.389745 -2.749926 60.067020
BONES 1
BONE 6 1.000000

VERT 64
OFFSET -0.241030 -2.715832 60.400036
BONES 1
BONE 6 1.000000

VERT 65
OFFSET -0.110935 -2.614772 59.872017
BONES 1
BONE 6 1.000000

VERT 66
OFFSET 0.052139 -2.576639 60.180012
BONES 1
BONE 6 1.000000

VERT 67
OFFSET -0.145927 -2.591435 59.528477
BONES 1
BONE 6 1.000000

VERT 68
OFFSET -0.408359 -2.693290 59.519463
BONES 1
BONE 6 1.000000

VERT 69
OFFSET 0.329603 -1.105506 58.749672
BONES 1
BONE 6 1.000000

VERT 70
OFFSET 0.265459 -1.392398 58.678814
BONES 1
BONE 6 1.000000

VERT 71
OFFSET 0.173249 -1.401203 58.523003
BONES 1
BONE 6 1.000000

VERT 72
OFFSET 0.257893 -1.073894 58.607090
BONES 1
BONE 6 1.000000

VERT 73
OFFSET 0.380574 -0.886672 58.866798
BONES 1
BONE 6 1.000000

VERT 74
OFFSET 0.322829 -0.819078 58.736557
BONES 1
BONE 6 1.000000

VERT 75
OFFSET -1.260940 -2.916229 60.590973
BONES 1
BONE 6 1.000000

VERT 76
OFFSET -1.271259 -2.893852 60.407665
BONES 1
BONE 6 1.000000

VERT 77
OFFSET 0.581775 -1.884419 60.737675
BONES 1
BONE 6 1.000000

VERT 78
OFFSET 0.480046 -0.969657 59.049873
BONES 1
BONE 6 1.000000

VERT 79
OFFSET 0.602212 -1.041157 59.293240
BONES 1
BONE 6 1.000000

VERT 80
OFFSET 0.590209 -1.199680 59.250370
BONES 1
BONE 6 1.000000

VERT 81
OFFSET 0.457923 -1.154530 58.980831
BONES 1
BONE 6 1.000000

VERT 82
OFFSET 0.555736 -1.377866 59.241352
BONES 1
BONE 6 1.000000

VERT 83
OFFSET 0.416321 -1.387730 58.948536
BONES 1
BONE 6 1.000000

VERT 84
OFFSET 0.562685 -1.743042 59.265732
BONES 1
BONE 6 1.000000

VERT 85
OFFSET 0.413085 -1.761480 58.955887
BONES 1
BONE 6 1.000000

VERT 86
OFFSET -0.323384 -2.598685 59.080791
BONES 1
BONE 6 1.000000

VERT 87
OFFSET -0.104673 -2.390012 59.191643
BONES 1
BONE 6 1.000000

VERT 88
OFFSET 0.659267 -1.741089 59.773987
BONES 1
BONE 6 1.000000

VERT 89
OFFSET 0.721952 -1.291669 59.765003
BONES 1
BONE 6 1.000000

VERT 90
OFFSET 0.736730 -1.044798 59.721653
BONES 1
BONE 6 1.000000

VERT 91
OFFSET 0.777091 -0.877800 60.051411
BONES 1
BONE 6 1.000000

VERT 92
OFFSET 0.522520 -1.976441 59.707066
BONES 1
BONE 6 1.000000

VERT 93
OFFSET 0.395097 -2.359162 60.045742
BONES 1
BONE 6 1.000000

VERT 94
OFFSET 0.711029 -0.901700 59.633308
BONES 1
BONE 6 1.000000

VERT 95
OFFSET 0.695462 -0.684189 59.732307
BONES 1
BONE 6 1.000000

VERT 96
OFFSET 0.380421 -2.171343 59.636944
BONES 1
BONE 6 1.000000

VERT 97
OFFSET 0.214247 -2.432647 59.862392
BONES 1
BONE 6 1.000000

VERT 98
OFFSET 0.351483 -2.400936 60.388733
BONES 1
BONE 6 1.000000

VERT 99
OFFSET 0.224090 -2.460916 60.656528
BONES 1
BONE 6 1.000000

VERT 100
OFFSET 0.432344 -0.716795 59.027973
BONES 1
BONE 6 1.000000

VERT 101
OFFSET 0.375234 -0.623481 58.920685
BONES 1
BONE 6 1.000000

VERT 102
OFFSET 0.482787 -0.596073 59.212894
BONES 1
BONE 6 1.000000

VERT 103
OFFSET 0.442621 -0.467606 59.130672
BONES 1
BONE 6 1.000000

VERT 104
OFFSET 0.469144 -1.974025 59.329887
BONES 1
BONE 6 1.000000

VERT 105
OFFSET 0.269688 -1.982466 59.037357
BONES 1
BONE 6 1.000000

VERT 106
OFFSET 0.343770 -2.168530 59.386974
BONES 1
BONE 6 1.000000

VERT 107
OFFSET 0.185086 -2.194250 59.179333
BONES 1
BONE 6 1.000000

VERT 108
OFFSET -0.013247 -2.287695 58.946960
BONES 1
BONE 6 1.000000

VERT 109
OFFSET -0.151369 -2.337811 58.756237
BONES 1
BONE 6 1.000000

VERT 110
OFFSET 0.505923 -0.821097 59.158398
BONES 1
BONE 6 1.000000

VERT 111
OFFSET 0.609840 -0.929770 59.326786
BONES 1
BONE 6 1.000000

VERT 112
OFFSET 0.161261 -2.433740 59.601433
BONES 1
BONE 6 1.000000

VERT 113
OFFSET 0.172577 -2.290277 59.333771
BONES 1
BONE 6 1.000000

VERT 114
OFFSET 0.549688 -0.732087 59.301456
BONES 1
BONE 6 1.000000

VERT 115
OFFSET 0.614346 -0.679787 59.501884
BONES 1
BONE 6 1.000000

VERT 116
OFFSET 0.656735 -0.850227 59.499340
BONES 1
BONE 6 1.000000

VERT 117
OFFSET 0.633761 -0.858271 59.413101
BONES 1
BONE 6 1.000000

VERT 118
OFFSET -1.387294 2.992963 60.909630
BONES 1
BONE 6 1.000000

VERT 119
OFFSET -0.507499 2.903193 60.778538
BONES 1
BONE 6 1.000000

VERT 120
OFFSET -1.362241 3.007230 61.111683
BONES 1
BONE 6 1.000000

VERT 121
OFFSET -0.494742 2.915043 60.969166
BONES 1
BONE 6 1.000000

VERT 122
OFFSET 0.859898 -0.443375 60.514851
BONES 1
BONE 6 1.000000

VERT 123
OFFSET 0.783574 -0.248639 60.264488
BONES 1
BONE 6 1.000000

VERT 124
OFFSET -0.241030 -2.715832 60.400036
BONES 1
BONE 6 1.000000

VERT 125
OFFSET -0.389745 -2.749926 60.067020
BONES 1
BONE 6 1.000000

VERT 126
OFFSET 0.783634 -0.044667 60.487690
BONES 1
BONE 6 1.000000

VERT 127
OFFSET 0.807816 0.440833 60.637222
BONES 1
BONE 6 1.000000

VERT 128
OFFSET 0.741193 0.061721 60.239834
BONES 1
BONE 6 1.000000

VERT 129
OFFSET 0.763724 0.464600 60.420540
BONES 1
BONE 6 1.000000

VERT 130
OFFSET 0.798677 0.973206 60.752880
BONES 1
BONE 6 1.000000

VERT 131
OFFSET 0.782317 0.967248 60.548203
BONES 1
BONE 6 1.000000

VERT 132
OFFSET 0.036186 2.641922 60.876423
BONES 1
BONE 6 1.000000

VERT 133
OFFSET 0.437599 2.257182 60.826794
BONES 1
BONE 6 1.000000

VERT 134
OFFSET 0.031927 2.652613 60.618484
BONES 1
BONE 6 1.000000

VERT 135
OFFSET 0.431875 2.276878 60.587593
BONES 1
BONE 6 1.000000

VERT 136
OFFSET -0.502179 2.870720 61.003239
BONES 1
BONE 6 1.000000

VERT 137
OFFSET -0.511303 2.875387 60.737675
BONES 1
BONE 6 1.000000

VERT 138
OFFSET -3.211625 3.084289 61.395683
BONES 1
BONE 6 1.000000

VERT 139
OFFSET -1.336907 2.952447 61.141701
BONES 1
BONE 6 1.000000

VERT 140
OFFSET -3.231426 3.069229 61.119251
BONES 1
BONE 6 1.000000

VERT 141
OFFSET -1.399942 2.957015 60.877663
BONES 1
BONE 6 1.000000

VERT 142
OFFSET 0.630747 1.690020 60.814941
BONES 1
BONE 6 1.000000

VERT 143
OFFSET 0.615566 1.702400 60.592556
BONES 1
BONE 6 1.000000

VERT 144
OFFSET 0.815691 -0.482270 60.510372
BONES 1
BONE 6 1.000000

VERT 145
OFFSET 0.815691 -0.482270 60.510372
BONES 1
BONE 6 1.000000

VERT 146
OFFSET 0.705057 -1.156284 60.684605
BONES 1
BONE 6 1.000000

VERT 147
OFFSET 0.606755 -0.243177 59.765697
BONES 1
BONE 6 1.000000

VERT 148
OFFSET 0.515985 -0.280383 59.486420
BONES 1
BONE 6 1.000000

VERT 149
OFFSET -0.064709 -2.045822 58.630814
BONES 1
BONE 6 1.000000

VERT 150
OFFSET 0.089146 -1.832118 58.551857
BONES 1
BONE 6 1.000000

VERT 151
OFFSET -0.389745 -2.749926 60.067020
BONES 1
BONE 6 1.000000

VERT 152
OFFSET -0.440091 -2.697824 60.046619
BONES 1
BONE 6 1.000000

VERT 153
OFFSET -0.287255 -2.668165 60.409546
BONES 1
BONE 6 1.000000

VERT 154
OFFSET -0.440091 -2.697824 60.046619
BONES 1
BONE 6 1.000000

VERT 155
OFFSET -0.418580 -2.629635 59.539837
BONES 1
BONE 6 1.000000

VERT 156
OFFSET 0.149782 -1.361514 58.578926
BONES 1
BONE 6 1.000000

VERT 157
OFFSET 0.232511 -1.043044 58.660439
BONES 1
BONE 6 1.000000

VERT 158
OFFSET 0.293335 -0.794980 58.770729
BONES 1
BONE 6 1.000000

VERT 159
OFFSET -0.660745 -2.790939 60.469173
BONES 1
BONE 6 1.000000

VERT 160
OFFSET -1.248216 -2.864292 60.620293
BONES 1
BONE 6 1.000000

VERT 161
OFFSET -0.738892 -2.803220 60.177059
BONES 1
BONE 6 1.000000

VERT 162
OFFSET -1.295509 -2.855917 60.370853
BONES 1
BONE 6 1.000000

VERT 163
OFFSET 0.546538 -1.835793 60.719074
BONES 1
BONE 6 1.000000

VERT 164
OFFSET -0.330370 -2.533508 59.105450
BONES 1
BONE 6 1.000000

VERT 165
OFFSET -0.287255 -2.668165 60.409546
BONES 1
BONE 6 1.000000

VERT 166
OFFSET 0.193218 -2.403485 60.639236
BONES 1
BONE 6 1.000000

VERT 167
OFFSET 0.344753 -0.604481 58.951248
BONES 1
BONE 6 1.000000

VERT 168
OFFSET 0.410366 -0.452578 59.155540
BONES 1
BONE 6 1.000000

VERT 169
OFFSET -0.162317 -2.384253 58.790852
BONES 1
BONE 6 1.000000

VERT 170
OFFSET 0.736539 -0.272671 60.237789
BONES 1
BONE 6 1.000000

VERT 171
OFFSET 0.736539 -0.272671 60.237789
BONES 1
BONE 6 1.000000

VERT 172
OFFSET -2.799824 3.115292 59.897541
BONES 1
BONE 6 1.000000

VERT 173
OFFSET -2.719746 3.119291 59.949730
BONES 1
BONE 6 1.000000

VERT 174
OFFSET -2.737240 2.966114 60.000042
BONES 1
BONE 6 1.000000

VERT 175
OFFSET -2.879903 3.129148 59.845360
BONES 1
BONE 6 1.000000

VERT 176
OFFSET -2.953060 3.106875 59.753391
BONES 1
BONE 6 1.000000

VERT 177
OFFSET -3.026219 3.107122 59.661415
BONES 1
BONE 6 1.000000

VERT 178
OFFSET -3.039892 3.043601 59.544453
BONES 1
BONE 6 1.000000

VERT 179
OFFSET -3.053566 3.003653 59.427483
BONES 1
BONE 6 1.000000

VERT 180
OFFSET -3.065803 3.239395 59.362549
BONES 1
BONE 6 1.000000

VERT 181
OFFSET -2.563943 3.083129 59.994579
BONES 1
BONE 6 1.000000

VERT 182
OFFSET -2.702279 3.284190 59.968948
BONES 1
BONE 6 1.000000

VERT 183
OFFSET -2.780720 3.298191 59.900169
BONES 1
BONE 6 1.000000

VERT 184
OFFSET -2.825227 3.572505 60.045326
BONES 1
BONE 6 1.000000

VERT 185
OFFSET -2.442270 2.924093 60.041687
BONES 1
BONE 6 1.000000

VERT 186
OFFSET -2.434526 3.167283 60.110081
BONES 1
BONE 6 1.000000

VERT 187
OFFSET -2.307635 3.076422 60.068630
BONES 1
BONE 6 1.000000

VERT 188
OFFSET -2.545367 3.216977 60.040024
BONES 1
BONE 6 1.000000

VERT 189
OFFSET -2.673795 3.515012 60.118187
BONES 1
BONE 6 1.000000

VERT 190
OFFSET -2.502024 3.398752 60.141262
BONES 1
BONE 6 1.000000

VERT 191
OFFSET -2.460348 3.524349 60.136082
BONES 1
BONE 6 1.000000

VERT 192
OFFSET -2.359820 3.435821 60.115696
BONES 1
BONE 6 1.000000

VERT 193
OFFSET -2.269555 3.283663 60.079155
BONES 1
BONE 6 1.000000

VERT 194
OFFSET -2.282638 3.385370 60.025448
BONES 1
BONE 6 1.000000

VERT 195
OFFSET -2.180743 2.997081 60.007011
BONES 1
BONE 6 1.000000

VERT 196
OFFSET -2.080028 2.897674 59.928246
BONES 1
BONE 6 1.000000

VERT 197
OFFSET -2.179289 3.151859 60.010971
BONES 1
BONE 6 1.000000

VERT 198
OFFSET -2.107663 2.998708 59.927494
BONES 1
BONE 6 1.000000

VERT 199
OFFSET -1.959829 2.822146 59.791435
BONES 1
BONE 6 1.000000

VERT 200
OFFSET -2.057064 2.867423 59.769711
BONES 1
BONE 6 1.000000

VERT 201
OFFSET -2.139929 3.129059 59.895836
BONES 1
BONE 6 1.000000

VERT 202
OFFSET -2.193248 3.053448 59.717197
BONES 1
BONE 6 1.000000

VERT 203
OFFSET -2.169343 2.955537 59.557545
BONES 1
BONE 6 1.000000

VERT 204
OFFSET -2.002376 2.792274 59.598751
BONES 1
BONE 6 1.000000

VERT 205
OFFSET -2.248803 3.249822 59.851742
BONES 1
BONE 6 1.000000

VERT 206
OFFSET -2.305242 3.211915 59.812542
BONES 1
BONE 6 1.000000

VERT 207
OFFSET -2.256847 3.028741 59.643322
BONES 1
BONE 6 1.000000

VERT 208
OFFSET -2.258910 3.104722 59.698723
BONES 1
BONE 6 1.000000

VERT 209
OFFSET -2.240203 2.955519 59.538933
BONES 1
BONE 6 1.000000

VERT 210
OFFSET -2.185989 2.879520 59.439102
BONES 1
BONE 6 1.000000

VERT 211
OFFSET -2.265875 2.846121 59.423225
BONES 1
BONE 6 1.000000

VERT 212
OFFSET -2.266289 2.914364 59.529884
BONES 1
BONE 6 1.000000

VERT 213
OFFSET -2.280621 2.800761 59.428883
BONES 1
BONE 6 1.000000

VERT 214
OFFSET -2.503903 2.942545 59.556271
BONES 1
BONE 6 1.000000

VERT 215
OFFSET -2.380375 2.990636 59.599796
BONES 1
BONE 6 1.000000

VERT 216
OFFSET -2.484921 3.060543 59.539684
BONES 1
BONE 6 1.000000

VERT 217
OFFSET -2.340342 2.865757 59.282658
BONES 1
BONE 6 1.000000

VERT 218
OFFSET -2.373540 2.791534 59.302631
BONES 1
BONE 6 1.000000

VERT 219
OFFSET -2.371070 2.717680 59.305267
BONES 1
BONE 6 1.000000

VERT 220
OFFSET -2.213283 2.781100 59.286442
BONES 1
BONE 6 1.000000

VERT 221
OFFSET -2.359675 2.752949 59.146130
BONES 1
BONE 6 1.000000

VERT 222
OFFSET -2.237917 2.674752 59.145531
BONES 1
BONE 6 1.000000

VERT 223
OFFSET -2.356990 2.673541 59.025196
BONES 1
BONE 6 1.000000

VERT 224
OFFSET -2.266162 2.576758 58.977406
BONES 1
BONE 6 1.000000

VERT 225
OFFSET -2.159703 2.472188 58.999660
BONES 1
BONE 6 1.000000

VERT 226
OFFSET -2.065410 2.696509 59.281231
BONES 1
BONE 6 1.000000

VERT 227
OFFSET -2.268973 2.505190 58.773815
BONES 1
BONE 6 1.000000

VERT 228
OFFSET -2.274476 2.312574 58.730808
BONES 1
BONE 6 1.000000

VERT 229
OFFSET -2.397679 2.665855 58.754272
BONES 1
BONE 6 1.000000

VERT 230
OFFSET -2.364879 2.707717 59.144341
BONES 1
BONE 6 1.000000

VERT 231
OFFSET -2.606523 2.772263 59.073105
BONES 1
BONE 6 1.000000

VERT 232
OFFSET -2.606812 2.782390 59.176373
BONES 1
BONE 6 1.000000

VERT 233
OFFSET -2.596006 2.793783 58.767834
BONES 1
BONE 6 1.000000

VERT 234
OFFSET -2.630632 2.861200 58.955147
BONES 1
BONE 6 1.000000

VERT 235
OFFSET -2.413977 2.665262 58.607662
BONES 1
BONE 6 1.000000

VERT 236
OFFSET -2.295203 2.418872 58.599506
BONES 1
BONE 6 1.000000

VERT 237
OFFSET -2.468229 2.650755 58.507069
BONES 1
BONE 6 1.000000

VERT 238
OFFSET -2.352184 2.496418 58.487789
BONES 1
BONE 6 1.000000

VERT 239
OFFSET -2.446493 2.556553 58.445591
BONES 1
BONE 6 1.000000

VERT 240
OFFSET -2.442957 2.451781 58.447838
BONES 1
BONE 6 1.000000

VERT 241
OFFSET -2.535904 2.620367 58.450420
BONES 1
BONE 6 1.000000

VERT 242
OFFSET -2.588969 2.569931 58.474625
BONES 1
BONE 6 1.000000

VERT 243
OFFSET -2.459847 2.368903 58.472904
BONES 1
BONE 6 1.000000

VERT 244
OFFSET -2.622691 2.444224 58.541950
BONES 1
BONE 6 1.000000

VERT 245
OFFSET -2.505783 2.222709 58.532867
BONES 1
BONE 6 1.000000

VERT 246
OFFSET -2.692491 2.822263 58.537563
BONES 1
BONE 6 1.000000

VERT 247
OFFSET -2.637530 2.811328 58.640827
BONES 1
BONE 6 1.000000

VERT 248
OFFSET -2.747656 2.725133 58.569157
BONES 1
BONE 6 1.000000

VERT 249
OFFSET -2.790453 2.586938 58.651207
BONES 1
BONE 6 1.000000

VERT 250
OFFSET -2.950594 2.977815 58.752766
BONES 1
BONE 6 1.000000

VERT 251
OFFSET -2.929315 2.752888 58.850620
BONES 1
BONE 6 1.000000

VERT 252
OFFSET -2.997653 2.915401 58.994396
BONES 1
BONE 6 1.000000

VERT 253
OFFSET -2.917788 3.097673 58.733921
BONES 1
BONE 6 1.000000

VERT 254
OFFSET -2.886398 3.097145 58.778015
BONES 1
BONE 6 1.000000

VERT 255
OFFSET -2.975582 3.261181 58.910671
BONES 1
BONE 6 1.000000

VERT 256
OFFSET -3.068867 3.166054 58.908035
BONES 1
BONE 6 1.000000

VERT 257
OFFSET -2.807345 3.035320 58.820980
BONES 1
BONE 6 1.000000

VERT 258
OFFSET -2.907441 3.170097 58.943653
BONES 1
BONE 6 1.000000

VERT 259
OFFSET -2.856339 3.159056 58.947510
BONES 1
BONE 6 1.000000

VERT 260
OFFSET -2.680076 2.989004 58.860546
BONES 1
BONE 6 1.000000

VERT 261
OFFSET -2.709902 3.098937 58.981716
BONES 1
BONE 6 1.000000

VERT 262
OFFSET -2.679074 2.961009 59.058029
BONES 1
BONE 6 1.000000

VERT 263
OFFSET -2.981567 3.280674 59.066330
BONES 1
BONE 6 1.000000

VERT 264
OFFSET -2.888273 3.258564 59.074047
BONES 1
BONE 6 1.000000

VERT 265
OFFSET -2.805238 3.148014 58.951374
BONES 1
BONE 6 1.000000

VERT 266
OFFSET -2.739728 3.181195 59.102882
BONES 1
BONE 6 1.000000

VERT 267
OFFSET -2.727516 3.060818 59.160923
BONES 1
BONE 6 1.000000

VERT 268
OFFSET -2.740519 3.249170 59.303131
BONES 1
BONE 6 1.000000

VERT 269
OFFSET -2.696539 3.135338 59.368958
BONES 1
BONE 6 1.000000

VERT 270
OFFSET -2.677017 3.252860 59.386936
BONES 1
BONE 6 1.000000

VERT 271
OFFSET -2.800818 3.301130 59.275082
BONES 1
BONE 6 1.000000

VERT 272
OFFSET -2.760545 3.323557 59.352650
BONES 1
BONE 6 1.000000

VERT 273
OFFSET -2.850466 3.366379 59.336132
BONES 1
BONE 6 1.000000

VERT 274
OFFSET -2.861614 3.333259 59.258694
BONES 1
BONE 6 1.000000

VERT 275
OFFSET -2.794979 3.225439 59.081768
BONES 1
BONE 6 1.000000

VERT 276
OFFSET -2.607102 2.792518 59.279644
BONES 1
BONE 6 1.000000

VERT 277
OFFSET -2.576142 2.837526 59.362625
BONES 1
BONE 6 1.000000

VERT 278
OFFSET -2.540023 2.890035 59.459446
BONES 1
BONE 6 1.000000

VERT 279
OFFSET -2.633054 3.112900 59.420170
BONES 1
BONE 6 1.000000

VERT 280
OFFSET -2.615164 3.244965 59.447727
BONES 1
BONE 6 1.000000

VERT 281
OFFSET -2.695882 3.333306 59.430634
BONES 1
BONE 6 1.000000

VERT 282
OFFSET -2.548366 3.229968 59.512360
BONES 1
BONE 6 1.000000

VERT 283
OFFSET -2.629429 3.330073 59.496021
BONES 1
BONE 6 1.000000

VERT 284
OFFSET -2.720295 3.396714 59.484283
BONES 1
BONE 6 1.000000

VERT 285
OFFSET -2.558988 3.086722 59.479927
BONES 1
BONE 6 1.000000

VERT 286
OFFSET -2.481568 3.209031 59.576996
BONES 1
BONE 6 1.000000

VERT 287
OFFSET -2.557819 3.316857 59.563839
BONES 1
BONE 6 1.000000

VERT 288
OFFSET -2.657184 3.395220 59.553371
BONES 1
BONE 6 1.000000

VERT 289
OFFSET -2.754950 3.423056 59.534595
BONES 1
BONE 6 1.000000

VERT 290
OFFSET -2.829216 3.414251 59.449150
BONES 1
BONE 6 1.000000

VERT 291
OFFSET -2.587923 3.380468 59.629761
BONES 1
BONE 6 1.000000

VERT 292
OFFSET -2.697840 3.420534 59.611675
BONES 1
BONE 6 1.000000

VERT 293
OFFSET -2.789604 3.438090 59.584908
BONES 1
BONE 6 1.000000

VERT 294
OFFSET -2.742649 3.437231 59.663116
BONES 1
BONE 6 1.000000

VERT 295
OFFSET -2.865958 3.437434 59.484814
BONES 1
BONE 6 1.000000

VERT 296
OFFSET -2.930297 3.427102 59.383026
BONES 1
BONE 6 1.000000

VERT 297
OFFSET -2.832658 3.487758 59.644451
BONES 1
BONE 6 1.000000

VERT 298
OFFSET -2.782518 3.483530 59.729866
BONES 1
BONE 6 1.000000

VERT 299
OFFSET -2.893555 3.507468 59.726994
BONES 1
BONE 6 1.000000

VERT 300
OFFSET -2.980657 3.492150 59.564484
BONES 1
BONE 6 1.000000

VERT 301
OFFSET -3.019647 3.476984 59.422585
BONES 1
BONE 6 1.000000

VERT 302
OFFSET -3.013245 3.506654 59.412975
BONES 1
BONE 6 1.000000

VERT 303
OFFSET -2.984133 3.545110 59.582455
BONES 1
BONE 6 1.000000

VERT 304
OFFSET -2.993545 3.527967 59.394203
BONES 1
BONE 6 1.000000

VERT 305
OFFSET -3.023520 3.456915 59.254002
BONES 1
BONE 6 1.000000

VERT 306
OFFSET -2.977321 3.384830 59.247387
BONES 1
BONE 6 1.000000

VERT 307
OFFSET -2.889196 3.401776 59.365025
BONES 1
BONE 6 1.000000

VERT 308
OFFSET -3.023008 3.507727 59.245487
BONES 1
BONE 6 1.000000

VERT 309
OFFSET -3.011953 3.376005 59.043343
BONES 1
BONE 6 1.000000

VERT 310
OFFSET -2.922055 3.357795 59.251919
BONES 1
BONE 6 1.000000

VERT 311
OFFSET -3.101631 3.377275 59.046349
BONES 1
BONE 6 1.000000

VERT 312
OFFSET -2.794396 3.389228 59.411606
BONES 1
BONE 6 1.000000

VERT 313
OFFSET -2.942609 3.603946 59.566559
BONES 1
BONE 6 1.000000

VERT 314
OFFSET -3.018295 3.583920 59.379768
BONES 1
BONE 6 1.000000

VERT 315
OFFSET -2.982667 3.671433 59.572304
BONES 1
BONE 6 1.000000

VERT 316
OFFSET -3.104884 3.601645 59.394318
BONES 1
BONE 6 1.000000

VERT 317
OFFSET -3.115838 3.535392 59.267048
BONES 1
BONE 6 1.000000

VERT 318
OFFSET -3.158207 3.442197 59.307224
BONES 1
BONE 6 1.000000

VERT 319
OFFSET -3.149282 3.503126 59.467545
BONES 1
BONE 6 1.000000

VERT 320
OFFSET -3.055243 3.686743 59.609932
BONES 1
BONE 6 1.000000

VERT 321
OFFSET -3.119077 3.562054 59.679317
BONES 1
BONE 6 1.000000

VERT 322
OFFSET -2.992002 3.307824 59.601528
BONES 1
BONE 6 1.000000

VERT 323
OFFSET -2.929077 3.300690 59.710411
BONES 1
BONE 6 1.000000

VERT 324
OFFSET -2.997212 3.715008 59.742447
BONES 1
BONE 6 1.000000

VERT 325
OFFSET -2.910532 3.697854 59.708229
BONES 1
BONE 6 1.000000

VERT 326
OFFSET -2.858763 3.623654 59.695183
BONES 1
BONE 6 1.000000

VERT 327
OFFSET -3.032398 3.276547 59.475986
BONES 1
BONE 6 1.000000

VERT 328
OFFSET -3.132639 3.303511 59.063305
BONES 1
BONE 6 1.000000

VERT 329
OFFSET -3.062383 3.073203 59.127754
BONES 1
BONE 6 1.000000

VERT 330
OFFSET -3.035029 3.270075 58.890133
BONES 1
BONE 6 1.000000

VERT 331
OFFSET -3.042544 2.845999 59.184025
BONES 1
BONE 6 1.000000

VERT 332
OFFSET -3.008850 2.727685 59.018425
BONES 1
BONE 6 1.000000

VERT 333
OFFSET -2.859161 3.312103 59.831387
BONES 1
BONE 6 1.000000

VERT 334
OFFSET -3.069427 3.578533 59.799355
BONES 1
BONE 6 1.000000

VERT 335
OFFSET -2.948133 3.591875 59.941525
BONES 1
BONE 6 1.000000

VERT 336
OFFSET -2.894182 3.716068 59.901485
BONES 1
BONE 6 1.000000

VERT 337
OFFSET -2.756171 3.677394 60.028267
BONES 1
BONE 6 1.000000

VERT 338
OFFSET -2.812909 3.699061 59.845337
BONES 1
BONE 6 1.000000

VERT 339
OFFSET -2.777849 3.628819 59.789555
BONES 1
BONE 6 1.000000

VERT 340
OFFSET -2.679167 3.620549 59.885437
BONES 1
BONE 6 1.000000

VERT 341
OFFSET -2.707613 3.678096 59.953873
BONES 1
BONE 6 1.000000

VERT 342
OFFSET -2.732581 3.539989 59.908672
BONES 1
BONE 6 1.000000

VERT 343
OFFSET -2.841976 3.554645 59.824409
BONES 1
BONE 6 1.000000

VERT 344
OFFSET -2.622878 3.500500 59.961437
BONES 1
BONE 6 1.000000

VERT 345
OFFSET -2.753011 3.504038 59.891666
BONES 1
BONE 6 1.000000

VERT 346
OFFSET -2.839550 3.506195 59.800484
BONES 1
BONE 6 1.000000

VERT 347
OFFSET -2.714004 3.469501 59.822693
BONES 1
BONE 6 1.000000

VERT 348
OFFSET -2.627010 3.455471 59.900318
BONES 1
BONE 6 1.000000

VERT 349
OFFSET -2.606478 3.406520 59.822918
BONES 1
BONE 6 1.000000

VERT 350
OFFSET -2.514860 3.375339 59.884293
BONES 1
BONE 6 1.000000

VERT 351
OFFSET -2.555644 3.376163 59.761684
BONES 1
BONE 6 1.000000

VERT 352
OFFSET -2.628211 3.402900 59.695793
BONES 1
BONE 6 1.000000

VERT 353
OFFSET -2.513641 3.337150 59.695942
BONES 1
BONE 6 1.000000

VERT 354
OFFSET -2.471819 3.336272 59.829178
BONES 1
BONE 6 1.000000

VERT 355
OFFSET -2.453188 3.367609 59.962124
BONES 1
BONE 6 1.000000

VERT 356
OFFSET -2.520600 3.408232 59.962009
BONES 1
BONE 6 1.000000

VERT 357
OFFSET -2.523060 3.422329 59.995319
BONES 1
BONE 6 1.000000

VERT 358
OFFSET -2.470015 3.518023 59.996643
BONES 1
BONE 6 1.000000

VERT 359
OFFSET -2.409012 3.458775 59.980751
BONES 1
BONE 6 1.000000

VERT 360
OFFSET -2.364723 3.410148 59.951538
BONES 1
BONE 6 1.000000

VERT 361
OFFSET -2.364242 3.278714 59.902885
BONES 1
BONE 6 1.000000

VERT 362
OFFSET -2.320435 3.354845 59.922329
BONES 1
BONE 6 1.000000

VERT 363
OFFSET -2.215062 3.296640 59.970642
BONES 1
BONE 6 1.000000

VERT 364
OFFSET -2.350215 3.476119 60.064621
BONES 1
BONE 6 1.000000

VERT 365
OFFSET -2.440244 3.548673 60.089542
BONES 1
BONE 6 1.000000

VERT 366
OFFSET -2.585865 3.627149 60.049862
BONES 1
BONE 6 1.000000

VERT 367
OFFSET -2.573283 3.582042 59.959503
BONES 1
BONE 6 1.000000

VERT 368
OFFSET -2.615065 3.611763 60.107262
BONES 1
BONE 6 1.000000

VERT 369
OFFSET -2.411847 3.280008 59.750648
BONES 1
BONE 6 1.000000

VERT 370
OFFSET -2.373915 3.207936 59.663868
BONES 1
BONE 6 1.000000

VERT 371
OFFSET -2.488920 3.281602 59.629009
BONES 1
BONE 6 1.000000

VERT 372
OFFSET -2.370239 3.160473 59.637859
BONES 1
BONE 6 1.000000

VERT 373
OFFSET -2.369208 3.123879 59.610153
BONES 1
BONE 6 1.000000

VERT 374
OFFSET -2.370884 3.049635 59.591503
BONES 1
BONE 6 1.000000

VERT 375
OFFSET -2.679382 3.429278 59.754166
BONES 1
BONE 6 1.000000

VERT 376
OFFSET -2.932190 3.557467 59.730610
BONES 1
BONE 6 1.000000

VERT 377
OFFSET -2.377952 2.307913 58.524357
BONES 1
BONE 6 1.000000

VERT 378
OFFSET -2.406043 2.166165 58.554222
BONES 1
BONE 6 1.000000

VERT 379
OFFSET -2.423495 2.275566 58.507706
BONES 1
BONE 6 1.000000

VERT 380
OFFSET -0.294940 0.103298 57.018894
BONES 2
BONE 35 0.800000
BONE 6 0.200000

VERT 381
OFFSET -0.292995 0.207258 57.055119
BONES 2
BONE 35 0.800000
BONE 6 0.200000

VERT 382
OFFSET 0.193485 0.198730 57.529697
BONES 8
BONE 31 0.017634
BONE 35 0.017217
BONE 36 0.756092
BONE 25 0.174604
BONE 26 0.034451
BONE 29 0.000001
BONE 30 0.000000
BONE 32 0.000000

VERT 383
OFFSET -0.286897 0.369123 57.145363
BONES 2
BONE 35 0.800000
BONE 6 0.200000

VERT 384
OFFSET -0.591262 0.252002 56.956112
BONES 2
BONE 35 0.900000
BONE 6 0.100000

VERT 385
OFFSET -0.595616 0.125670 56.902203
BONES 2
BONE 35 0.900000
BONE 6 0.100000

VERT 386
OFFSET -0.579431 0.432279 57.036232
BONES 2
BONE 35 0.900000
BONE 6 0.100000

VERT 387
OFFSET -0.559546 0.602387 57.196095
BONES 2
BONE 35 0.900000
BONE 6 0.100000

VERT 388
OFFSET -0.269056 0.537634 57.262375
BONES 2
BONE 35 0.800000
BONE 6 0.200000

VERT 389
OFFSET 0.180274 0.295052 57.529236
BONES 8
BONE 31 0.027088
BONE 35 0.034497
BONE 36 0.760613
BONE 25 0.170051
BONE 26 0.007747
BONE 29 0.000003
BONE 30 0.000000
BONE 32 0.000000

VERT 390
OFFSET -0.150442 0.698080 57.517971
BONES 2
BONE 35 1.000000
BONE 6 0.000000

VERT 391
OFFSET 0.112194 0.581439 57.536335
BONES 7
BONE 35 0.198450
BONE 31 0.205742
BONE 36 0.594286
BONE 29 0.001011
BONE 25 0.000511
BONE 26 0.000000
BONE 30 0.000000

VERT 392
OFFSET 0.106636 0.592352 57.568104
BONES 8
BONE 35 0.216910
BONE 6 0.000000
BONE 36 0.573808
BONE 31 0.206299
BONE 29 0.002982
BONE 25 0.000000
BONE 26 0.000000
BONE 30 0.000000

VERT 393
OFFSET 0.148987 0.458081 57.532932
BONES 7
BONE 35 0.083267
BONE 31 0.151246
BONE 36 0.584235
BONE 25 0.181173
BONE 29 0.000080
BONE 26 0.000000
BONE 30 0.000000

VERT 394
OFFSET -0.443119 0.740377 57.557159
BONES 2
BONE 35 1.000000
BONE 6 0.000000

VERT 395
OFFSET -0.091072 0.682813 57.658947
BONES 2
BONE 35 1.000000
BONE 6 0.000000

VERT 396
OFFSET 0.108824 0.583885 57.587654
BONES 8
BONE 35 0.208535
BONE 6 0.000000
BONE 36 0.583368
BONE 31 0.199500
BONE 29 0.008597
BONE 25 0.000000
BONE 26 0.000000
BONE 30 0.000000

VERT 397
OFFSET 0.130758 0.550514 57.588486
BONES 7
BONE 35 0.162150
BONE 31 0.191442
BONE 36 0.629785
BONE 29 0.016623
BONE 25 0.000000
BONE 26 0.000000
BONE 30 0.000000

VERT 398
OFFSET -0.709472 0.706848 57.497086
BONES 2
BONE 35 1.000000
BONE 6 0.000000

VERT 399
OFFSET -0.527178 0.594715 57.846340
BONES 2
BONE 35 1.000000
BONE 6 0.000000

VERT 400
OFFSET -0.815486 0.537867 57.731022
BONES 2
BONE 35 1.000000
BONE 6 0.000000

VERT 401
OFFSET -0.529301 0.464044 58.046062
BONES 2
BONE 35 1.000000
BONE 6 0.000000

VERT 402
OFFSET -0.147876 0.451886 58.006393
BONES 2
BONE 35 1.000000
BONE 6 0.000000

VERT 403
OFFSET -0.239921 0.614167 57.879379
BONES 2
BONE 35 1.000000
BONE 6 0.000000

VERT 404
OFFSET 0.020365 0.585315 57.890125
BONES 2
BONE 35 1.000000
BONE 6 0.000000

VERT 405
OFFSET 0.069372 0.530446 57.934513
BONES 2
BONE 35 1.000000
BONE 6 0.000000

VERT 406
OFFSET -0.065785 0.293473 58.136971
BONES 2
BONE 35 1.000000
BONE 6 0.000000

VERT 407
OFFSET -0.536152 0.289813 58.160225
BONES 2
BONE 35 1.000000
BONE 6 0.000000

VERT 408
OFFSET -0.982018 0.440892 57.692829
BONES 2
BONE 35 1.000000
BONE 6 0.000000

VERT 409
OFFSET -1.036592 0.303264 57.695404
BONES 2
BONE 35 1.000000
BONE 6 0.000000

VERT 410
OFFSET -1.032227 0.151301 57.690800
BONES 2
BONE 35 1.000000
BONE 6 0.000000

VERT 411
OFFSET -0.540242 0.140834 58.192970
BONES 2
BONE 35 1.000000
BONE 6 0.000000

VERT 412
OFFSET 0.161789 0.387917 58.017849
BONES 2
BONE 35 1.000000
BONE 6 0.000000

VERT 413
OFFSET 0.164203 0.437036 57.582001
BONES 7
BONE 35 0.056054
BONE 31 0.147218
BONE 36 0.588163
BONE 29 0.208313
BONE 25 0.000000
BONE 26 0.000000
BONE 30 0.000253

VERT 414
OFFSET 0.226566 0.213300 58.034176
BONES 2
BONE 35 1.000000
BONE 6 0.000000

VERT 415
OFFSET 0.216248 0.201615 57.571743
BONES 8
BONE 35 0.011340
BONE 31 0.007217
BONE 36 0.709506
BONE 29 0.236836
BONE 30 0.035101
BONE 25 0.000000
BONE 26 0.000000
BONE 32 0.000000

VERT 416
OFFSET 0.262579 0.106319 58.037945
BONES 2
BONE 35 1.000000
BONE 6 0.000000

VERT 417
OFFSET -0.032940 0.146301 58.182560
BONES 2
BONE 35 1.000000
BONE 6 0.000000

VERT 418
OFFSET -1.174831 0.170394 57.195000
BONES 2
BONE 35 1.000000
BONE 6 0.000000

VERT 419
OFFSET -1.027863 -0.000663 57.686192
BONES 2
BONE 35 1.000000
BONE 6 0.000000

VERT 420
OFFSET 0.272865 -0.000662 58.041714
BONES 2
BONE 35 1.000000
BONE 6 0.000000

VERT 421
OFFSET -0.549439 -0.000663 58.204372
BONES 2
BONE 35 1.000000
BONE 6 0.000000

VERT 422
OFFSET 0.222739 -0.000662 57.558334
BONES 8
BONE 36 0.640311
BONE 6 0.000000
BONE 29 0.193859
BONE 30 0.165830
BONE 25 0.000000
BONE 26 0.000000
BONE 31 0.000000
BONE 32 0.000000

VERT 423
OFFSET -0.934777 0.147600 56.929432
BONES 2
BONE 35 0.855000
BONE 6 0.145000

VERT 424
OFFSET -0.941783 -0.000663 56.919144
BONES 2
BONE 35 0.855000
BONE 6 0.145000

VERT 425
OFFSET -0.924257 0.295863 56.982956
BONES 2
BONE 35 0.855000
BONE 6 0.145000

VERT 426
OFFSET -1.166479 0.341451 57.208374
BONES 2
BONE 35 1.000000
BONE 6 0.000000

VERT 427
OFFSET -1.129731 0.486071 57.250996
BONES 2
BONE 35 1.000000
BONE 6 0.000000

VERT 428
OFFSET -0.900303 0.483525 57.065331
BONES 2
BONE 35 0.855000
BONE 6 0.145000

VERT 429
OFFSET -0.857028 0.632558 57.230259
BONES 2
BONE 35 0.855000
BONE 6 0.145000

VERT 430
OFFSET -1.018572 0.630691 57.357479
BONES 2
BONE 35 1.000000
BONE 6 0.000000

VERT 431
OFFSET -0.597196 -0.000663 56.880146
BONES 2
BONE 35 0.900000
BONE 6 0.100000

VERT 432
OFFSET -0.295141 -0.000663 57.007050
BONES 2
BONE 35 0.800000
BONE 6 0.200000

VERT 433
OFFSET -0.595616 -0.126995 56.902203
BONES 2
BONE 35 0.900000
BONE 6 0.100000

VERT 434
OFFSET -0.294940 -0.104623 57.018894
BONES 2
BONE 35 0.800000
BONE 6 0.200000

VERT 435
OFFSET -0.591262 -0.253327 56.956112
BONES 2
BONE 35 0.900000
BONE 6 0.100000

VERT 436
OFFSET -0.292995 -0.208583 57.055119
BONES 2
BONE 35 0.800000
BONE 6 0.200000

VERT 437
OFFSET -0.934777 -0.148926 56.929432
BONES 2
BONE 35 0.855000
BONE 6 0.145000

VERT 438
OFFSET -0.924257 -0.297189 56.982956
BONES 2
BONE 35 0.855000
BONE 6 0.145000

VERT 439
