// Export time: Sun Nov 15 17:13:19 2020

// Exported using Blender v2.90.1
// Export filename: 'E:/blackops3/mod_xmodel/iw4/rfb/ch_body_gk_rfb_lod3.XMODEL_EXPORT'
// Source filename: 'E:/blackops3/mod_xmodel/iw4/rfb/rfb.blend'
MODEL
VERSION 6

NUMBONES 75
BONE 0 -1 "tag_origin"
BONE 1 0 "j_mainroot"
BONE 2 1 "j_hip_le"
BONE 3 2 "j_knee_le"
BONE 4 3 "j_ankle_le"
BONE 5 4 "j_ball_le"
BONE 6 2 "Sk_06_01"
BONE 7 1 "j_hip_ri"
BONE 8 7 "j_knee_ri"
BONE 9 8 "j_ankle_ri"
BONE 10 9 "j_ball_ri"
BONE 11 7 "Sk_02_01"
BONE 12 1 "j_spinelower"
BONE 13 12 "j_spineupper"
BONE 14 13 "j_spine4"
BONE 15 14 "j_clavicle_le"
BONE 16 15 "j_shoulder_le"
BONE 17 16 "j_elbow_le"
BONE 18 17 "j_wrist_le"
BONE 19 18 "j_index_le_1"
BONE 20 19 "j_index_le_2"
BONE 21 20 "j_index_le_3"
BONE 22 18 "j_mid_le_1"
BONE 23 22 "j_mid_le_2"
BONE 24 23 "j_mid_le_3"
BONE 25 18 "j_pinky_le_1"
BONE 26 25 "j_pinky_le_2"
BONE 27 26 "j_pinky_le_3"
BONE 28 18 "j_ring_le_1"
BONE 29 28 "j_ring_le_2"
BONE 30 29 "j_ring_le_3"
BONE 31 18 "j_thumb_le_1"
BONE 32 31 "j_thumb_le_2"
BONE 33 32 "j_thumb_le_3"
BONE 34 18 "j_wrist_le1"
BONE 35 34 "tag_weapon_left"
BONE 36 17 "j_wristtwist_le"
BONE 37 16 "j_shouldertwist_le"
BONE 38 37 "tag_reflector_arm_le"
BONE 39 14 "j_clavicle_ri"
BONE 40 39 "j_shoulder_ri"
BONE 41 40 "j_elbow_ri"
BONE 42 41 "j_wrist_ri"
BONE 43 42 "j_index_ri_1"
BONE 44 43 "j_index_ri_2"
BONE 45 44 "j_index_ri_3"
BONE 46 42 "j_mid_ri_1"
BONE 47 46 "j_mid_ri_2"
BONE 48 47 "j_mid_ri_3"
BONE 49 42 "j_pinky_ri_1"
BONE 50 49 "j_pinky_ri_2"
BONE 51 50 "j_pinky_ri_3"
BONE 52 42 "j_ring_ri_1"
BONE 53 52 "j_ring_ri_2"
BONE 54 53 "j_ring_ri_3"
BONE 55 42 "j_thumb_ri_1"
BONE 56 55 "j_thumb_ri_2"
BONE 57 56 "j_thumb_ri_3"
BONE 58 42 "j_wrist_ri1"
BONE 59 58 "tag_weapon_right"
BONE 60 58 "j_gun"
BONE 61 41 "j_wristtwist_ri"
BONE 62 40 "j_shouldertwist_ri"
BONE 63 62 "tag_reflector_arm_ri"
BONE 64 14 "j_neck"
BONE 65 64 "j_head"
BONE 66 14 "j_shoulderraise_le"
BONE 67 14 "j_shoulderraise_ri"
BONE 68 14 "tag_bipod"
BONE 69 14 "tag_inhand"
BONE 70 14 "tag_shield_back"
BONE 71 14 "tag_stowed_back"
BONE 72 14 "tag_weapon_chest"
BONE 73 1 "tag_stowed_hip_rear"
BONE 74 0 "tag_sync"

BONE 0
OFFSET 0.000000 0.000000 0.000000
SCALE 1.000000 1.000000 1.000000
X 1.000000 0.000000 0.000000
Y 0.000000 1.000000 0.000000
Z 0.000000 0.000000 1.000000

BONE 1
OFFSET -2.200000 0.000773 37.849987
SCALE 1.000000 1.000000 1.000000
X -0.024739 -0.000055 0.999694
Y 0.999694 0.000059 0.024739
Z -0.000060 1.000000 0.000054

BONE 2
OFFSET -2.807176 3.038548 35.794094
SCALE 1.000000 1.000000 1.000000
X -0.017186 0.000119 -0.999852
Y 0.999842 -0.004516 -0.017186
Z -0.004518 -0.999990 -0.000042

BONE 3
OFFSET -3.096559 3.040475 18.966679
SCALE 1.000000 1.000000 1.000000
X -0.069212 0.000365 -0.997602
Y 0.997591 -0.004504 -0.069213
Z -0.004518 -0.999990 -0.000053

BONE 4
OFFSET -4.177967 3.045935 3.393567
SCALE 1.000000 1.000000 1.000000
X 0.007772 0.007026 -0.999945
Y 0.999749 -0.021050 0.007622
Z -0.020995 -0.999754 -0.007188

BONE 5
OFFSET 0.048729 3.034798 0.020426
SCALE 1.000000 1.000000 1.000000
X 0.983212 -0.021941 0.181144
Y -0.181257 -0.003259 0.983430
Z -0.020987 -0.999754 -0.007181

BONE 6
OFFSET -3.164854 5.792379 38.242260
SCALE 1.000000 1.000000 1.000000
X 0.000000 1.000000 -0.000000
Y 0.000000 -0.000000 1.000000
Z 1.000000 -0.000000 0.000000

BONE 7
OFFSET -2.807175 -3.037002 35.794098
SCALE 1.000000 1.000000 1.000000
X 0.017146 -0.000428 1.000000
Y -0.999853 -0.000212 0.017136
Z 0.000204 -1.000000 -0.000433

BONE 8
OFFSET -3.096586 -3.029844 18.964933
SCALE 1.000000 1.000000 1.000000
X 0.069189 0.001327 0.997768
Y -0.997604 -0.000231 0.069188
Z 0.000322 -0.999999 0.001307

BONE 9
OFFSET -4.177691 -3.050672 3.390123
SCALE 1.000000 1.000000 1.000000
X -0.007832 0.008334 1.000000
Y -0.999644 -0.025592 -0.007630
Z 0.025526 -0.999638 0.008532

BONE 10
OFFSET 0.048361 -3.024916 0.016364
SCALE 1.000000 1.000000 1.000000
X -0.983111 -0.026634 -0.181105
Y 0.181224 -0.003753 -0.983594
Z 0.025513 -0.999638 0.008517

BONE 11
OFFSET -3.164854 -5.792382 38.242260
SCALE 1.000000 1.000000 1.000000
X -0.000000 1.000000 0.000001
Y -0.000000 -0.000000 1.000000
Z 1.000000 0.000000 0.000013

BONE 12
OFFSET -2.200000 0.000000 42.024075
SCALE 1.000000 1.000000 1.000000
X -0.029907 -0.000053 0.999553
Y 0.999552 0.000059 0.029907
Z -0.000060 1.000000 0.000051

BONE 13
OFFSET -2.587597 0.000203 45.605228
SCALE 1.000000 1.000000 1.000000
X 0.020425 -0.000063 0.999791
Y 0.999791 0.000062 -0.020425
Z -0.000060 1.000000 0.000064

BONE 14
OFFSET -2.816153 0.000018 48.627426
SCALE 1.000000 1.000000 1.000000
X 0.046991 -0.000057 0.998895
Y 0.998895 0.000063 -0.046991
Z -0.000060 1.000000 0.000060

BONE 15
OFFSET -3.050160 1.341745 51.741249
SCALE 1.000000 1.000000 1.000000
X 0.022166 0.997204 0.072712
Y -0.999643 0.021025 0.016458
Z 0.014882 -0.073181 0.997254

BONE 16
OFFSET -3.069456 4.012022 51.709549
SCALE 1.000000 1.000000 1.000000
X -0.008783 0.999999 -0.011883
Y -0.996261 -0.009759 -0.085840
Z -0.085943 0.010960 0.996275

BONE 17
OFFSET -3.477935 13.260659 51.709686
SCALE 1.000000 1.000000 1.000000
X -0.006566 0.999928 0.017561
Y -0.996353 -0.005035 -0.085179
Z -0.085070 -0.018182 0.996248

BONE 18
OFFSET -3.477950 21.676201 51.709995
SCALE 1.000000 1.000000 1.000000
X -0.105851 0.991456 -0.077720
Y -0.070101 -0.085286 -0.993914
Z -0.991908 -0.099773 0.078535

BONE 19
OFFSET -2.720903 23.750105 51.749008
SCALE 1.000000 1.000000 1.000000
X 0.082026 0.993159 -0.084492
Y -0.214786 -0.065053 -0.974521
Z -0.973210 0.098067 0.207952

BONE 20
OFFSET -2.626403 24.891502 51.651752
SCALE 1.000000 1.000000 1.000000
X 0.088062 0.992672 -0.084130
Y -0.214682 -0.063443 -0.974650
Z -0.972706 0.103874 0.207493

BONE 21
OFFSET -2.558953 25.652363 51.587223
SCALE 1.000000 1.000000 1.000000
X 0.093224 0.993893 -0.060912
Y -0.212501 -0.039789 -0.976382
Z -0.972703 0.103950 0.207465

BONE 22
OFFSET -3.283477 23.842888 51.842762
SCALE 1.000000 1.000000 1.000000
X -0.000929 0.996516 -0.084784
Y -0.051756 -0.084599 -0.995097
Z -0.998659 0.003460 0.051649

BONE 23
OFFSET -3.284459 25.102901 51.735535
SCALE 1.000000 1.000000 1.000000
X -0.000836 0.996375 -0.086429
Y -0.051684 -0.086237 -0.994960
Z -0.998663 0.003631 0.051563

BONE 24
OFFSET -3.285266 25.941692 51.662827
SCALE 1.000000 1.000000 1.000000
X -0.001825 0.994496 -0.105887
Y -0.051581 -0.105723 -0.993081
Z -0.998667 0.003646 0.051485

BONE 25
OFFSET -4.290933 23.406748 51.511635
SCALE 1.000000 1.000000 1.000000
X -0.137020 0.987131 -0.083829
Y -0.032529 -0.088946 -0.995531
Z -0.990034 -0.133694 0.044310

BONE 26
OFFSET -4.435108 24.446264 51.423279
SCALE 1.000000 1.000000 1.000000
X -0.136962 0.986975 -0.085746
Y -0.032188 -0.090831 -0.995372
Z -0.990053 -0.133581 0.044222

BONE 27
OFFSET -4.513741 25.012815 51.374088
SCALE 1.000000 1.000000 1.000000
X -0.136950 0.986872 -0.086943
Y -0.031889 -0.091998 -0.995274
Z -0.990064 -0.133543 0.044082

BONE 28
OFFSET -3.815207 23.672382 51.736908
SCALE 1.000000 1.000000 1.000000
X -0.067870 0.994220 -0.084572
Y 0.010184 -0.083953 -0.996444
Z -0.997642 -0.068492 -0.004420

BONE 29
OFFSET -3.896992 24.872095 51.634735
SCALE 1.000000 1.000000 1.000000
X -0.067741 0.994216 -0.084722
Y 0.010324 -0.084094 -0.996431
Z -0.997649 -0.068376 -0.004560

BONE 30
OFFSET -3.951567 25.672007 51.566662
SCALE 1.000000 1.000000 1.000000
X -0.067534 0.992819 -0.099925
Y 0.011395 -0.099261 -0.995021
Z -0.997652 -0.068339 -0.004602

BONE 31
OFFSET -2.619730 21.761457 51.365421
SCALE 1.000000 1.000000 1.000000
X 0.565214 0.813200 -0.139308
Y -0.816243 0.575740 0.048342
Z 0.119501 0.086268 0.989105

BONE 32
OFFSET -1.913611 22.777781 51.191040
SCALE 1.000000 1.000000 1.000000
X 0.558421 0.817689 -0.140430
Y -0.821708 0.568443 0.041622
Z 0.113845 0.092032 0.989252

BONE 33
OFFSET -1.401320 23.528238 51.061916
SCALE 1.000000 1.000000 1.000000
X 0.637883 0.764103 -0.096911
Y -0.765550 0.642821 0.028272
Z 0.083889 0.056035 0.994928

BONE 34
OFFSET 0.217249 20.520662 50.202003
SCALE 1.000000 1.000000 1.000000
X -0.105846 0.991453 -0.077758
Y -0.070106 -0.085323 -0.993910
Z -0.991908 -0.099765 0.078544

BONE 35
OFFSET 11.991312 14.763616 27.658827
SCALE 1.000000 1.000000 1.000000
X 0.532890 0.846248 0.006422
Y -0.503394 0.310839 0.806213
Z 0.680165 -0.432961 0.591653

BONE 36
OFFSET -3.477874 19.212404 51.709705
SCALE 1.000000 1.000000 1.000000
X -0.006570 0.999928 0.017580
Y -0.996356 -0.005038 -0.085141
Z -0.085033 -0.018202 0.996251

BONE 37
OFFSET -3.072599 4.376592 51.705082
SCALE 1.000000 1.000000 1.000000
X -0.008807 1.000000 -0.011800
Y -0.996261 -0.009776 -0.085841
Z -0.085943 0.010876 0.996276

BONE 38
OFFSET -2.943759 5.020835 53.411228
SCALE 1.000000 1.000000 1.000000
X 0.038485 -0.293023 0.955412
Y -0.939538 -0.336205 -0.065213
Z 0.340276 -0.895163 -0.288112

BONE 39
OFFSET -3.052245 -1.340595 51.741249
SCALE 1.000000 1.000000 1.000000
X -0.019467 0.997199 -0.072217
Y 0.999655 0.018143 -0.018947
Z -0.017583 -0.072561 -0.997209

BONE 40
OFFSET -3.068546 -4.008415 51.709560
SCALE 1.000000 1.000000 1.000000
X 0.007041 0.999895 0.012655
Y 0.996460 -0.008076 0.083666
Z 0.083759 0.012021 -0.996413

BONE 41
OFFSET -3.462665 -13.260360 51.707066
SCALE 1.000000 1.000000 1.000000
X 0.006388 0.999829 -0.017365
Y 0.996551 -0.004929 0.082829
Z 0.082730 -0.017834 -0.996412

BONE 42
OFFSET -3.462043 -21.675131 51.709328
SCALE 1.000000 1.000000 1.000000
X 0.061522 0.988338 0.139295
Y -0.083717 -0.133958 0.987444
Z 0.994588 -0.072411 0.074500

BONE 43
OFFSET -2.705176 -23.749588 51.748978
SCALE 1.000000 1.000000 1.000000
X -0.085121 0.992780 0.084514
Y 0.055488 -0.079967 0.995252
Z 0.994824 0.089406 -0.048280

BONE 44
OFFSET -2.607219 -24.892590 51.651566
SCALE 1.000000 1.000000 1.000000
X -0.085109 0.992695 0.085515
Y 0.055583 -0.080962 0.995166
Z 0.994819 0.089450 -0.048286

BONE 45
OFFSET -2.541946 -25.653263 51.586147
SCALE 1.000000 1.000000 1.000000
X -0.084362 0.991517 0.098875
Y 0.056746 -0.094287 0.993926
Z 0.994817 0.089461 -0.048311

BONE 46
OFFSET -3.267747 -23.842365 51.842728
SCALE 1.000000 1.000000 1.000000
X 0.000041 0.996375 0.085071
Y -0.103150 -0.084613 0.991060
Z 0.994665 -0.008815 0.102773

BONE 47
OFFSET -3.267859 -25.103819 51.735073
SCALE 1.000000 1.000000 1.000000
X 0.000000 0.996374 0.085086
Y -0.103108 -0.084632 0.991063
Z 0.994669 -0.008773 0.102734

BONE 48
OFFSET -3.267813 -25.945267 51.663242
SCALE 1.000000 1.000000 1.000000
X -0.009333 0.984632 0.174390
Y -0.102730 -0.174419 0.979298
Z 0.994665 -0.008775 0.102779

BONE 49
OFFSET -4.275201 -23.406235 51.511578
SCALE 1.000000 1.000000 1.000000
X 0.136095 0.987134 0.083929
Y -0.119799 -0.067698 0.990487
Z 0.983425 -0.144855 0.109045

BONE 50
OFFSET -4.418610 -24.446775 51.423141
SCALE 1.000000 1.000000 1.000000
X 0.136375 0.987090 0.083995
Y -0.119113 -0.067833 0.990561
Z 0.983470 -0.145092 0.108325

BONE 51
OFFSET -4.496981 -25.013411 51.374981
SCALE 1.000000 1.000000 1.000000
X 0.184034 0.977157 0.106279
Y -0.121448 -0.084691 0.988978
Z 0.975387 -0.194913 0.103087

BONE 52
OFFSET -3.799480 -23.671839 51.736973
SCALE 1.000000 1.000000 1.000000
X 0.067917 0.994077 0.084841
Y -0.161717 -0.072944 0.984137
Z 0.984497 -0.080560 0.155806

BONE 53
OFFSET -3.881544 -24.871305 51.634636
SCALE 1.000000 1.000000 1.000000
X 0.067905 0.994105 0.084524
Y -0.161649 -0.072638 0.984171
Z 0.984509 -0.080494 0.155763

BONE 54
OFFSET -3.936002 -25.669882 51.566696
SCALE 1.000000 1.000000 1.000000
X 0.057190 0.987250 0.148548
Y -0.165743 -0.137338 0.976559
Z 0.984509 -0.080471 0.155775

BONE 55
OFFSET -2.603991 -21.760933 51.365452
SCALE 1.000000 1.000000 1.000000
X -0.565564 0.812822 0.139494
Y 0.823521 0.547557 0.148306
Z 0.044165 0.198752 -0.979054

BONE 56
OFFSET -1.897805 -22.776211 51.191097
SCALE 1.000000 1.000000 1.000000
X -0.565631 0.812814 0.139262
Y 0.823465 0.547621 0.148380
Z 0.044342 0.198606 -0.979076

BONE 57
OFFSET -1.378593 -23.522449 51.063248
SCALE 1.000000 1.000000 1.000000
X -0.529937 0.835465 0.145480
Y 0.846876 0.512395 0.142310
Z 0.044351 0.198619 -0.979073

BONE 58
OFFSET -7.309843 -22.990974 52.559917
SCALE 1.000000 1.000000 1.000000
X 0.061531 0.988340 0.139276
Y -0.083714 -0.133939 0.987447
Z 0.994588 -0.072418 0.074497

BONE 59
OFFSET -11.567480 -27.206282 54.439194
SCALE 1.000000 1.000000 1.000000
X 0.550951 -0.833041 0.049949
Y 0.586112 0.343643 -0.733744
Z 0.594074 0.433533 0.677587

BONE 60
OFFSET -11.567479 -27.206274 54.439186
SCALE 1.000000 1.000000 1.000000
X 0.550694 -0.833169 0.050649
Y 0.613788 0.363076 -0.701027
Z 0.565684 0.417139 0.711333

BONE 61
OFFSET -3.462234 -19.211546 51.708694
SCALE 1.000000 1.000000 1.000000
X 0.006374 0.999829 -0.017369
Y 0.996554 -0.004915 0.082789
Z 0.082690 -0.017837 -0.996415

BONE 62
OFFSET -3.070871 -4.336664 51.705414
SCALE 1.000000 1.000000 1.000000
X 0.007045 0.999895 0.012652
Y 0.996459 -0.008080 0.083686
Z 0.083779 0.012017 -0.996412

BONE 63
OFFSET -2.936806 -4.981942 53.411247
SCALE 1.000000 1.000000 1.000000
X -0.043022 0.244431 0.968712
Y 0.925957 -0.354348 0.130535
Z 0.375168 0.902602 -0.211088

BONE 64
OFFSET -2.813338 0.000000 53.071339
SCALE 1.000000 1.000000 1.000000
X 0.309744 -0.000046 0.950820
Y 0.950820 0.000075 -0.309744
Z -0.000057 1.000000 0.000067

BONE 65
OFFSET -2.813336 0.000000 55.449188
SCALE 1.000000 1.000000 1.000000
X 0.216382 -0.000044 0.976309
Y 0.976308 0.000072 -0.216382
Z -0.000060 1.000000 0.000058

BONE 66
OFFSET -2.678578 3.772423 55.283493
SCALE 1.000000 1.000000 1.000000
X -0.019313 -0.997191 -0.072368
Y 0.999659 -0.017990 -0.018891
Z 0.017536 -0.072708 0.997199

BONE 67
OFFSET -2.678120 -3.773121 55.283184
SCALE 1.000000 1.000000 1.000000
X 0.022390 -0.997160 0.071951
Y -0.999638 -0.021257 0.016476
Z -0.014900 -0.072298 -0.997273

BONE 68
OFFSET 15.454465 -26.729071 29.519621
SCALE 1.000000 1.000000 1.000000
X 1.000000 -0.000122 0.000085
Y 0.000122 1.000000 0.000051
Z -0.000085 -0.000051 1.000000

BONE 69
OFFSET 10.101578 -26.729954 36.606380
SCALE 1.000000 1.000000 1.000000
X -0.000157 1.000000 0.000189
Y 0.764290 0.000241 -0.644872
Z -0.644872 0.000043 -0.764290

BONE 70
OFFSET -10.710585 0.750562 48.999767
SCALE 1.000000 1.000000 1.000000
X -0.989754 -0.000179 0.142783
Y 0.000181 -1.000000 0.000000
Z 0.142783 0.000026 0.989754

BONE 71
OFFSET -8.979022 -4.308942 47.009274
SCALE 1.000000 1.000000 1.000000
X -0.006998 0.025909 -0.999639
Y -0.984168 -0.177222 0.002296
Z -0.177096 0.983823 0.026742

BONE 72
OFFSET 10.101573 -26.729954 36.606388
SCALE 1.000000 1.000000 1.000000
X 1.000000 -0.000032 0.000085
Y 0.000032 1.000000 -0.000001
Z -0.000085 0.000001 1.000000

BONE 73
OFFSET -8.819918 -2.457391 34.673542
SCALE 1.000000 1.000000 1.000000
X -0.188075 0.137949 0.972418
Y 0.149149 -0.974593 0.167104
Z 0.970763 0.176463 0.162722

BONE 74
OFFSET -0.002137 -0.000000 -0.000000
SCALE 1.000000 1.000000 1.000000
X -1.000000 0.000000 0.000000
Y 0.000000 -1.000000 0.000000
Z 0.000000 0.000000 1.000000


NUMVERTS 2205
VERT 0
OFFSET -4.527943 -6.074687 51.464741
BONES 2
BONE 39 0.131361
BONE 13 0.868639

VERT 1
OFFSET -2.960772 -5.034669 52.485699
BONES 2
BONE 13 0.067291
BONE 39 0.932709

VERT 2
OFFSET -2.820238 -5.364537 52.698711
BONES 2
BONE 13 0.071892
BONE 39 0.928108

VERT 3
OFFSET -2.848691 -5.710668 51.575520
BONES 2
BONE 39 0.527644
BONE 13 0.472356

VERT 4
OFFSET -3.509474 -6.870090 51.553963
BONES 2
BONE 39 0.119066
BONE 13 0.880934

VERT 5
OFFSET -4.480725 -6.576809 51.822952
BONES 2
BONE 39 0.193769
BONE 13 0.806231

VERT 6
OFFSET -3.364172 -5.094935 52.671108
BONES 2
BONE 39 0.928423
BONE 13 0.071576

VERT 7
OFFSET -1.520853 -7.034517 52.205681
BONES 2
BONE 13 0.530783
BONE 39 0.469217

VERT 8
OFFSET -5.564185 -5.029209 52.563744
BONES 2
BONE 13 0.484118
BONE 39 0.515882

VERT 9
OFFSET -5.177605 -4.591917 51.863911
BONES 2
BONE 39 0.444994
BONE 13 0.555006

VERT 10
OFFSET -1.566964 -6.230470 51.368641
BONES 2
BONE 13 0.446318
BONE 39 0.553682

VERT 11
OFFSET -4.371611 -5.683650 53.457371
BONES 2
BONE 13 0.368531
BONE 39 0.631469

VERT 12
OFFSET -3.783306 -4.866021 51.125408
BONES 2
BONE 13 0.251158
BONE 39 0.748842

VERT 13
OFFSET -2.552753 -6.592328 53.174870
BONES 2
BONE 13 0.219754
BONE 39 0.780246

VERT 14
OFFSET -3.622070 -6.680685 53.046516
BONES 2
BONE 39 0.279902
BONE 13 0.720098

VERT 15
OFFSET -2.860560 -5.119909 51.192745
BONES 2
BONE 39 0.257050
BONE 13 0.742950

VERT 16
OFFSET -5.649176 -5.827621 52.604095
BONES 2
BONE 39 0.167144
BONE 13 0.832856

VERT 17
OFFSET -1.334131 -7.065047 52.025166
BONES 2
BONE 13 0.916174
BONE 39 0.083826

VERT 18
OFFSET -5.882925 -5.037356 51.792435
BONES 2
BONE 39 0.055068
BONE 13 0.944932

VERT 19
OFFSET -5.318320 -4.812588 52.465805
BONES 2
BONE 39 0.893322
BONE 13 0.106678

VERT 20
OFFSET -1.338595 -6.330404 52.542397
BONES 2
BONE 13 0.127427
BONE 39 0.872573

VERT 21
OFFSET -1.255329 -5.626400 52.125214
BONES 6
BONE 39 0.958055
BONE 13 0.041945
BONE 11 0.000000
BONE 6 0.000000
BONE 36 0.000000
BONE 61 0.000000

VERT 22
OFFSET -2.564271 -6.189980 53.446774
BONES 6
BONE 39 0.958070
BONE 13 0.041930
BONE 11 0.000000
BONE 6 0.000000
BONE 36 0.000000
BONE 61 0.000000

VERT 23
OFFSET -3.480375 -3.993187 52.030682
BONES 6
BONE 39 0.958070
BONE 13 0.041930
BONE 11 0.000000
BONE 6 0.000000
BONE 36 0.000000
BONE 61 0.000000

VERT 24
OFFSET -2.300681 -4.610950 51.732677
BONES 2
BONE 13 0.131151
BONE 39 0.868849

VERT 25
OFFSET -4.589793 -5.661997 53.387249
BONES 2
BONE 39 0.827064
BONE 13 0.172936

VERT 26
OFFSET -1.409925 -6.155191 51.715984
BONES 2
BONE 13 0.238382
BONE 39 0.761618

VERT 27
OFFSET -5.145649 -4.457194 52.771660
BONES 2
BONE 13 0.267612
BONE 39 0.732388

VERT 28
OFFSET -1.846641 -7.057850 52.354614
BONES 2
BONE 39 0.664075
BONE 13 0.335925

VERT 29
OFFSET -4.363108 -4.102782 52.036995
BONES 2
BONE 13 0.412015
BONE 39 0.587985

VERT 30
OFFSET -5.177502 -6.609773 52.572521
BONES 2
BONE 39 0.434388
BONE 13 0.565612

VERT 31
OFFSET -2.760653 -5.230884 51.182064
BONES 2
BONE 13 0.523173
BONE 39 0.476827

VERT 32
OFFSET -1.402816 -6.627092 51.462997
BONES 2
BONE 39 0.304530
BONE 13 0.695470

VERT 33
OFFSET -5.854801 -5.144265 52.070698
BONES 2
BONE 39 0.258775
BONE 13 0.741226

VERT 34
OFFSET -1.788497 -7.503235 51.706272
BONES 2
BONE 39 0.232214
BONE 13 0.767786

VERT 35
OFFSET -4.847458 -5.034534 51.026814
BONES 2
BONE 39 0.165668
BONE 13 0.834332

VERT 36
OFFSET -3.445020 -7.507369 52.403126
BONES 2
BONE 39 0.131230
BONE 13 0.868770

VERT 37
OFFSET -2.825057 -6.213729 50.531628
BONES 6
BONE 13 0.964707
BONE 39 0.035293
BONE 11 0.000000
BONE 6 0.000000
BONE 36 0.000000
BONE 61 0.000000

VERT 38
OFFSET -5.019833 -6.842899 52.462597
BONES 6
BONE 13 0.964707
BONE 39 0.035293
BONE 11 0.000000
BONE 6 0.000000
BONE 36 0.000000
BONE 61 0.000000

VERT 39
OFFSET -4.461918 -3.978727 52.313362
BONES 2
BONE 13 0.066284
BONE 39 0.933716

VERT 40
OFFSET -1.777790 -6.578697 52.694450
BONES 2
BONE 13 0.055874
BONE 39 0.944126

VERT 41
OFFSET -4.171517 -5.963003 53.350555
BONES 2
BONE 13 0.226395
BONE 39 0.773605

VERT 42
OFFSET -2.453626 -5.183785 51.264999
BONES 2
BONE 13 0.229908
BONE 39 0.770092

VERT 43
OFFSET -1.212943 -6.475786 52.004974
BONES 2
BONE 39 0.588790
BONE 13 0.411210

VERT 44
OFFSET -5.207939 -4.609977 53.024151
BONES 6
BONE 39 0.598320
BONE 13 0.401680
BONE 11 0.000000
BONE 6 0.000000
BONE 36 0.000000
BONE 61 0.000000

VERT 45
OFFSET -4.565437 -3.916391 52.049664
BONES 2
BONE 39 0.524761
BONE 13 0.475239

VERT 46
OFFSET -3.198456 -7.427342 52.421558
BONES 2
BONE 13 0.547471
BONE 39 0.452529

VERT 47
OFFSET -1.775321 -6.871744 50.671486
BONES 2
BONE 13 0.761120
BONE 39 0.238880

VERT 48
OFFSET -6.009813 -5.736326 52.315639
BONES 2
BONE 13 0.777466
BONE 39 0.222534

VERT 49
OFFSET -1.798804 -7.589072 51.920464
BONES 2
BONE 39 0.136941
BONE 13 0.863059

VERT 50
OFFSET -5.633914 -4.783554 51.764660
BONES 2
BONE 39 0.139695
BONE 13 0.860305

VERT 51
OFFSET -3.276459 -7.770781 52.112400
BONES 6
BONE 13 0.957773
BONE 39 0.042227
BONE 11 0.000000
BONE 6 0.000000
BONE 36 0.000000
BONE 61 0.000000

VERT 52
OFFSET -4.630168 -5.384390 50.796665
BONES 6
BONE 13 0.957773
BONE 39 0.042227
BONE 11 0.000000
BONE 6 0.000000
BONE 36 0.000000
BONE 61 0.000000

VERT 53
OFFSET -3.920772 -5.577803 53.634083
BONES 6
BONE 39 0.964707
BONE 13 0.035293
BONE 11 0.000000
BONE 6 0.000000
BONE 36 0.000000
BONE 61 0.000000

VERT 54
OFFSET -2.182969 -4.699685 51.761868
BONES 6
BONE 39 0.964707
BONE 13 0.035293
BONE 11 0.000000
BONE 6 0.000000
BONE 36 0.000000
BONE 61 0.000000

VERT 55
OFFSET -1.416805 -5.777569 51.759541
BONES 2
BONE 13 0.136684
BONE 39 0.863316

VERT 56
OFFSET -5.053134 -4.968773 53.147911
BONES 2
BONE 13 0.142093
BONE 39 0.857907

VERT 57
OFFSET -1.457164 -6.606161 52.478352
BONES 2
BONE 13 0.216620
BONE 39 0.783380

VERT 58
OFFSET -4.822784 -4.059255 52.380360
BONES 2
BONE 13 0.233950
BONE 39 0.766050

VERT 59
OFFSET -2.870924 -6.997952 52.782722
BONES 2
BONE 13 0.319186
BONE 39 0.680814

VERT 60
OFFSET -2.499969 -5.181850 51.192207
BONES 2
BONE 13 0.452664
BONE 39 0.547336

VERT 61
OFFSET -4.884367 -5.995347 53.011639
BONES 2
BONE 13 0.485646
BONE 39 0.514354

VERT 62
OFFSET -1.654075 -7.378110 51.235981
BONES 2
BONE 39 0.407492
BONE 13 0.592508

VERT 63
OFFSET -5.518097 -4.937370 52.599823
BONES 2
BONE 39 0.435186
BONE 13 0.564814

VERT 64
OFFSET -4.718680 -4.272711 51.846329
BONES 2
BONE 39 0.284384
BONE 13 0.715616

VERT 65
OFFSET -2.959832 -7.319277 52.573536
BONES 2
BONE 39 0.236629
BONE 13 0.763371

VERT 66
OFFSET -6.107969 -6.435464 52.060066
BONES 2
BONE 13 0.936221
BONE 39 0.063779

VERT 67
OFFSET -1.922238 -6.680502 50.890564
BONES 2
BONE 39 0.069637
BONE 13 0.930363

VERT 68
OFFSET -1.573712 -5.624559 51.664143
BONES 2
BONE 13 0.063799
BONE 39 0.936201

VERT 69
OFFSET -4.867559 -4.911336 53.287811
BONES 2
BONE 13 0.047322
BONE 39 0.952678

VERT 70
OFFSET -2.663663 -6.722925 53.160389
BONES 2
BONE 39 0.698020
BONE 13 0.301980

VERT 71
OFFSET -3.304646 -4.755263 51.340103
BONES 2
BONE 13 0.227260
BONE 39 0.772740

VERT 72
OFFSET -5.389724 -4.536182 52.087448
BONES 2
BONE 39 0.543999
BONE 13 0.456001

VERT 73
OFFSET -1.391212 -6.799200 51.612377
BONES 2
BONE 39 0.496359
BONE 13 0.503641

VERT 74
OFFSET -5.472553 -5.775702 52.721661
BONES 2
BONE 39 0.421436
BONE 13 0.578564

VERT 75
OFFSET -2.649965 -5.304927 51.138180
BONES 2
BONE 39 0.282897
BONE 13 0.717103

VERT 76
OFFSET -3.824189 -7.006506 52.735245
BONES 2
BONE 39 0.230793
BONE 13 0.769207

VERT 77
OFFSET -1.950497 -7.726624 51.770679
BONES 2
BONE 13 0.937282
BONE 39 0.062718

VERT 78
OFFSET -5.751145 -5.043233 51.635414
BONES 2
BONE 39 0.054748
BONE 13 0.945252

VERT 79
OFFSET -2.472917 -6.271176 53.361717
BONES 6
BONE 39 0.964707
BONE 13 0.035293
BONE 11 0.000000
BONE 6 0.000000
BONE 36 0.000000
BONE 61 0.000000

VERT 80
OFFSET -1.371421 -6.526956 52.454037
BONES 2
BONE 39 0.823979
BONE 13 0.176021

VERT 81
OFFSET -3.682112 -3.582176 52.471996
BONES 2
BONE 39 0.951633
BONE 13 0.048367

VERT 82
OFFSET -5.278324 -4.796038 52.820793
BONES 2
BONE 13 0.238186
BONE 39 0.761814

VERT 83
OFFSET -1.555585 -5.225317 51.657692
BONES 2
BONE 13 0.372442
BONE 39 0.627558

VERT 84
OFFSET -4.322963 -6.206725 53.162014
BONES 2
BONE 13 0.441399
BONE 39 0.558601

VERT 85
OFFSET -3.818241 -4.913600 51.175354
BONES 2
BONE 13 0.526017
BONE 39 0.473983

VERT 86
OFFSET -2.736262 -7.522001 52.290291
BONES 2
BONE 39 0.418890
BONE 13 0.581110

VERT 87
OFFSET -5.839248 -4.947956 51.918423
BONES 2
BONE 13 0.748461
BONE 39 0.251539

VERT 88
OFFSET -1.539199 -7.270220 51.436520
BONES 2
BONE 13 0.764850
BONE 39 0.235149

VERT 89
OFFSET -5.331796 -7.055413 52.299450
BONES 2
BONE 13 0.941932
BONE 39 0.058068

VERT 90
OFFSET -2.899258 -6.569828 50.112965
BONES 2
BONE 13 0.944171
BONE 39 0.055829

VERT 91
OFFSET -3.222481 -6.183670 52.275570
BONES 2
BONE 39 0.539765
BONE 13 0.460235

VERT 92
OFFSET -2.481508 -6.759048 51.307297
BONES 2
BONE 39 0.070466
BONE 13 0.929534

VERT 93
OFFSET -1.939315 -6.488755 51.050537
BONES 2
BONE 39 0.115184
BONE 13 0.884816

VERT 94
OFFSET -2.037092 -4.799043 52.106945
BONES 2
BONE 39 0.892004
BONE 13 0.107996

VERT 95
OFFSET -1.832547 -4.947118 52.305004
BONES 2
BONE 13 0.072262
BONE 39 0.927738

VERT 96
OFFSET -1.640111 -6.779456 51.376194
BONES 2
BONE 39 0.166627
BONE 13 0.833373

VERT 97
OFFSET -2.512094 -5.190277 52.403862
BONES 2
BONE 13 0.064554
BONE 39 0.935446

VERT 98
OFFSET 0.262423 -5.144476 51.477760
BONES 2
BONE 13 0.526384
BONE 39 0.473616

VERT 99
OFFSET -4.248971 -6.867843 52.656178
BONES 2
BONE 13 0.484146
BONE 39 0.515854

VERT 100
OFFSET -4.356920 -6.273146 51.940533
BONES 2
BONE 39 0.445516
BONE 13 0.554484

VERT 101
OFFSET -0.390372 -4.665666 50.729057
BONES 2
BONE 13 0.447555
BONE 39 0.552445

VERT 102
OFFSET -2.787030 -6.342862 53.340542
BONES 2
BONE 13 0.368817
BONE 39 0.631183

VERT 103
OFFSET -3.131596 -5.467241 50.913666
BONES 2
BONE 13 0.252666
BONE 39 0.747334

VERT 104
OFFSET -0.647462 -5.569760 52.648819
BONES 2
BONE 13 0.220268
BONE 39 0.779732

VERT 105
OFFSET -1.513567 -6.478516 52.716740
BONES 2
BONE 39 0.279486
BONE 13 0.720514

VERT 106
OFFSET -2.245903 -4.920586 50.844498
BONES 2
BONE 39 0.253303
BONE 13 0.746698

VERT 107
OFFSET -3.629279 -7.422863 52.608490
BONES 2
BONE 39 0.166515
BONE 13 0.833485

VERT 108
OFFSET 0.167381 -5.085707 51.414783
BONES 2
BONE 13 0.901460
BONE 39 0.098540

VERT 109
OFFSET -4.420222 -7.085076 51.881016
BONES 2
BONE 39 0.057318
BONE 13 0.942682

VERT 110
OFFSET -4.344639 -6.582324 52.575321
BONES 2
BONE 39 0.904858
BONE 13 0.095141

VERT 111
OFFSET -0.002567 -4.641596 50.961784
BONES 2
BONE 39 0.915143
BONE 13 0.084857

VERT 112
OFFSET -0.878307 -5.267011 52.946415
BONES 6
BONE 39 0.958070
BONE 13 0.041930
BONE 11 0.000000
BONE 6 0.000000
BONE 36 0.000000
BONE 61 0.000000

VERT 113
OFFSET -3.514401 -4.584672 51.897903
BONES 6
BONE 39 0.958070
BONE 13 0.041930
BONE 11 0.000000
BONE 6 0.000000
BONE 36 0.000000
BONE 61 0.000000

VERT 114
OFFSET -2.031976 -4.075883 51.307789
BONES 2
BONE 13 0.133263
BONE 39 0.866737

VERT 115
OFFSET -3.078664 -6.621758 53.273182
BONES 2
BONE 39 0.821806
BONE 13 0.178194

VERT 116
OFFSET -0.184632 -4.464562 50.995140
BONES 2
BONE 13 0.240408
BONE 39 0.759592

VERT 117
OFFSET -4.527207 -6.213649 52.592175
BONES 2
BONE 39 0.704974
BONE 13 0.295026

VERT 118
OFFSET 0.166258 -5.378617 51.629475
BONES 2
BONE 39 0.669244
BONE 13 0.330756

VERT 119
OFFSET -2.687052 -4.951876 50.996700
BONES 2
BONE 39 0.501771
BONE 13 0.498229

VERT 120
OFFSET -2.859682 -7.677315 52.478664
BONES 2
BONE 39 0.429671
BONE 13 0.570329

VERT 121
OFFSET -0.106091 -4.845918 50.822544
BONES 2
BONE 39 0.302749
BONE 13 0.697251

VERT 122
OFFSET -4.332657 -7.122910 52.168839
BONES 2
BONE 39 0.259062
BONE 13 0.740938

VERT 123
OFFSET 0.224070 -5.729893 51.069466
BONES 2
BONE 39 0.233658
BONE 13 0.766342

VERT 124
OFFSET -3.788961 -6.362799 50.951187
BONES 2
BONE 39 0.163602
BONE 13 0.836398

VERT 125
OFFSET -2.119455 -8.428541 51.623943
BONES 2
BONE 13 0.957325
BONE 39 0.042675

VERT 126
OFFSET -1.650511 -5.707333 50.148632
BONES 6
BONE 13 0.964707
BONE 39 0.035293
BONE 11 0.000000
BONE 6 0.000000
BONE 36 0.000000
BONE 61 0.000000

VERT 127
OFFSET -4.345335 -5.324504 52.405083
BONES 2
BONE 13 0.064398
BONE 39 0.935602

VERT 128
OFFSET 0.026634 -4.915401 51.996387
BONES 2
BONE 13 0.054491
BONE 39 0.945509

VERT 129
OFFSET -2.480569 -6.431762 53.161678
BONES 2
BONE 13 0.228802
BONE 39 0.771198

VERT 130
OFFSET -1.797722 -4.610114 50.818592
BONES 2
BONE 13 0.231788
BONE 39 0.768212

VERT 131
OFFSET 0.134683 -4.492982 51.299854
BONES 2
BONE 39 0.588148
BONE 13 0.411852

VERT 132
OFFSET -4.278080 -6.265283 53.142673
BONES 6
BONE 39 0.598320
BONE 13 0.401680
BONE 11 0.000000
BONE 6 0.000000
BONE 36 0.000000
BONE 61 0.000000

VERT 133
OFFSET -4.451172 -5.959811 52.231171
BONES 2
BONE 13 0.463590
BONE 39 0.536410

VERT 134
OFFSET -0.742627 -6.774078 51.923214
BONES 2
BONE 13 0.549837
BONE 39 0.450163

VERT 135
OFFSET -2.984851 -5.666246 50.773010
BONES 2
BONE 39 0.427208
BONE 13 0.572792

VERT 136
OFFSET -0.332696 -5.360349 50.065147
BONES 2
BONE 13 0.761271
BONE 39 0.238729

VERT 137
OFFSET -3.997734 -7.628115 52.389652
BONES 2
BONE 13 0.778393
BONE 39 0.221607

VERT 138
OFFSET 0.243324 -5.811123 51.306797
BONES 2
BONE 39 0.137431
BONE 13 0.862569

VERT 139
OFFSET -4.443718 -6.720418 51.823185
BONES 2
BONE 39 0.138669
BONE 13 0.861331

VERT 140
OFFSET -0.669103 -7.047531 51.678055
BONES 6
BONE 13 0.957773
BONE 39 0.042227
BONE 11 0.000000
BONE 6 0.000000
BONE 36 0.000000
BONE 61 0.000000

VERT 141
OFFSET -3.435730 -6.438059 50.700344
BONES 6
BONE 13 0.957773
BONE 39 0.042227
BONE 11 0.000000
BONE 6 0.000000
BONE 36 0.000000
BONE 61 0.000000

VERT 142
OFFSET -2.518973 -5.940935 53.451950
BONES 6
BONE 39 0.964707
BONE 13 0.035293
BONE 11 0.000000
BONE 6 0.000000
BONE 36 0.000000
BONE 61 0.000000

VERT 143
OFFSET -1.864600 -4.026077 51.314106
BONES 6
BONE 39 0.964707
BONE 13 0.035293
BONE 11 0.000000
BONE 6 0.000000
BONE 36 0.000000
BONE 61 0.000000

VERT 144
OFFSET -0.388874 -4.227116 51.010166
BONES 2
BONE 13 0.140347
BONE 39 0.859653

VERT 145
OFFSET -3.983145 -6.491889 53.183907
BONES 2
BONE 13 0.144771
BONE 39 0.855229

VERT 146
OFFSET 0.229415 -4.622557 51.979427
BONES 2
BONE 13 0.221282
BONE 39 0.778718

VERT 147
OFFSET -4.563330 -5.642652 52.536152
BONES 2
BONE 13 0.229767
BONE 39 0.770233

VERT 148
OFFSET -1.817287 -6.121117 53.103146
BONES 2
BONE 13 0.421828
BONE 39 0.578172

VERT 149
OFFSET -1.863310 -4.660064 50.769672
BONES 2
BONE 13 0.456959
BONE 39 0.543041

VERT 150
OFFSET -4.137312 -6.681910 52.924313
BONES 2
BONE 39 0.447322
BONE 13 0.552678

VERT 151
OFFSET 0.243638 -5.492016 50.607864
BONES 2
BONE 39 0.410157
BONE 13 0.589843

VERT 152
OFFSET -4.146579 -5.667141 51.821831
BONES 2
BONE 39 0.281195
BONE 13 0.718805

VERT 153
OFFSET -0.659307 -6.472751 52.102520
BONES 2
BONE 39 0.235595
BONE 13 0.764405

VERT 154
OFFSET -3.537070 -8.171403 52.097645
BONES 2
BONE 13 0.934716
BONE 39 0.065284

VERT 155
OFFSET -0.669924 -5.354127 50.357658
BONES 2
BONE 39 0.070581
BONE 13 0.929419

VERT 156
OFFSET -0.635964 -4.189993 51.013969
BONES 2
BONE 13 0.061799
BONE 39 0.938201

VERT 157
OFFSET -3.886929 -6.301283 53.274258
BONES 2
BONE 13 0.044642
BONE 39 0.955358

VERT 158
OFFSET -1.311544 -6.203248 52.700092
BONES 2
BONE 13 0.234338
BONE 39 0.765662

VERT 159
OFFSET -2.883676 -5.006375 51.107670
BONES 2
BONE 13 0.228852
BONE 39 0.771148

VERT 160
OFFSET 0.314693 -5.444364 51.287178
BONES 2
BONE 39 0.538363
BONE 13 0.461637

VERT 161
OFFSET -4.549773 -6.376546 52.244724
BONES 2
BONE 39 0.542609
BONE 13 0.457391

VERT 162
OFFSET -0.258707 -5.082550 50.602505
BONES 2
BONE 39 0.448737
BONE 13 0.551263

VERT 163
OFFSET -3.631892 -7.262415 52.743465
BONES 2
BONE 39 0.424401
BONE 13 0.575599

VERT 164
OFFSET -2.036808 -4.889118 50.774704
BONES 2
BONE 39 0.281969
BONE 13 0.718031

VERT 165
OFFSET -1.466086 -6.872474 52.410759
BONES 2
BONE 39 0.230326
BONE 13 0.769674

VERT 166
OFFSET 0.166983 -6.067915 51.170330
BONES 2
BONE 13 0.936727
BONE 39 0.063273

VERT 167
OFFSET -4.342801 -6.969563 51.708698
BONES 2
BONE 39 0.055008
BONE 13 0.944992

VERT 168
OFFSET -0.744890 -5.251439 52.835896
BONES 6
BONE 39 0.964707
BONE 13 0.035293
BONE 11 0.000000
BONE 6 0.000000
BONE 36 0.000000
BONE 61 0.000000

VERT 169
OFFSET 0.234143 -4.644522 51.702145
BONES 2
BONE 39 0.822708
BONE 13 0.177292

VERT 170
OFFSET -3.975921 -4.437305 52.432575
BONES 2
BONE 39 0.948609
BONE 13 0.051391

VERT 171
OFFSET -4.318779 -6.443696 52.929024
BONES 2
BONE 13 0.233245
BONE 39 0.766755

VERT 172
OFFSET -1.085948 -3.928621 51.091976
BONES 2
BONE 13 0.372840
BONE 39 0.627160

VERT 173
OFFSET -2.369792 -6.684241 52.969837
BONES 2
BONE 13 0.441220
BONE 39 0.558780

VERT 174
OFFSET -3.169792 -5.500854 51.012375
BONES 2
BONE 13 0.526522
BONE 39 0.473478

VERT 175
OFFSET -0.317694 -6.418013 51.761162
BONES 2
BONE 39 0.418840
BONE 13 0.581160

VERT 176
OFFSET -4.488840 -6.956001 52.057037
BONES 2
BONE 13 0.747278
BONE 39 0.252722

VERT 177
OFFSET 0.205773 -5.428784 50.782307
BONES 2
BONE 13 0.763378
BONE 39 0.236622

VERT 178
OFFSET -2.545727 -8.055977 52.163994
BONES 2
BONE 13 0.942624
BONE 39 0.057376

VERT 179
OFFSET -1.517707 -6.058624 49.703133
BONES 2
BONE 13 0.946266
BONE 39 0.053734

VERT 180
OFFSET -2.623699 -6.513296 51.143623
BONES 2
BONE 13 0.869799
BONE 39 0.130201

VERT 181
OFFSET -2.003869 -4.683997 52.008217
BONES 2
BONE 13 0.067189
BONE 39 0.932811

VERT 182
OFFSET -1.630727 -4.847332 52.161629
BONES 2
BONE 13 0.070799
BONE 39 0.929201

VERT 183
OFFSET -1.955581 -6.294034 50.790569
BONES 2
BONE 13 0.890276
BONE 39 0.109724

VERT 184
OFFSET -1.921678 -6.784983 51.232841
BONES 2
BONE 39 0.104252
BONE 13 0.895748

VERT 185
OFFSET -2.130840 -4.961983 52.207783
BONES 2
BONE 39 0.924842
BONE 13 0.075158

VERT 186
OFFSET -0.763032 -5.460333 50.300182
BONES 2
BONE 39 0.503481
BONE 13 0.496519

VERT 187
OFFSET -3.217144 -6.198030 52.448231
BONES 2
BONE 13 0.478955
BONE 39 0.521045

VERT 188
OFFSET -3.538918 -5.871881 51.447681
BONES 2
BONE 39 0.427626
BONE 13 0.572374

VERT 189
OFFSET -0.808243 -6.509262 51.603054
BONES 2
BONE 39 0.383704
BONE 13 0.616296

VERT 190
OFFSET -1.387109 -6.564939 52.400192
BONES 2
BONE 39 0.695137
BONE 13 0.304863

VERT 191
OFFSET -2.976430 -4.890388 51.008289
BONES 2
BONE 13 0.254062
BONE 39 0.745938

VERT 192
OFFSET -2.422057 -4.940468 50.592022
BONES 2
BONE 39 0.252327
BONE 13 0.747674

VERT 193
OFFSET -2.072496 -7.056907 52.210884
BONES 2
BONE 39 0.218524
BONE 13 0.781476

VERT 194
OFFSET -3.588905 -6.971273 51.487442
BONES 2
BONE 13 0.930052
BONE 39 0.069948

VERT 195
OFFSET -0.579850 -5.522392 51.070778
BONES 2
BONE 13 0.924719
BONE 39 0.075281

VERT 196
OFFSET -3.310434 -5.733854 52.587681
BONES 2
BONE 39 0.901702
BONE 13 0.098298

VERT 197
OFFSET -0.676968 -4.458423 51.213295
BONES 2
BONE 39 0.923382
BONE 13 0.076618

VERT 198
OFFSET -0.918442 -5.158110 53.130653
BONES 2
BONE 13 0.055318
BONE 39 0.944682

VERT 199
OFFSET -2.792764 -3.809143 51.771469
BONES 2
BONE 13 0.067155
BONE 39 0.932845

VERT 200
OFFSET -0.955558 -4.522003 51.006252
BONES 2
BONE 13 0.230940
BONE 39 0.769060

VERT 201
OFFSET -3.257479 -5.761085 52.752563
BONES 2
BONE 39 0.740679
BONE 13 0.259321

VERT 202
OFFSET -0.475945 -5.569218 51.682915
BONES 2
BONE 39 0.636877
BONE 13 0.363123

VERT 203
OFFSET -3.342209 -4.983771 51.691574
BONES 2
BONE 13 0.420707
BONE 39 0.579293

VERT 204
OFFSET -2.159439 -6.979759 52.338436
BONES 2
BONE 39 0.438987
BONE 13 0.561013

VERT 205
OFFSET -2.330621 -4.744541 50.774307
BONES 2
BONE 13 0.521209
BONE 39 0.478791

VERT 206
OFFSET -0.733601 -5.043955 50.854042
BONES 2
BONE 13 0.702471
BONE 39 0.297529

VERT 207
OFFSET -3.407826 -6.442084 52.042286
BONES 2
BONE 39 0.267959
BONE 13 0.732041

VERT 208
OFFSET -3.395994 -5.954515 50.679199
BONES 2
BONE 39 0.149933
BONE 13 0.850067

VERT 209
OFFSET -0.673420 -6.384750 51.486816
BONES 2
BONE 39 0.180442
BONE 13 0.819558

VERT 210
OFFSET -2.007991 -7.667230 51.720787
BONES 2
BONE 39 0.039834
BONE 13 0.960166

VERT 211
OFFSET -2.183338 -5.612674 50.075840
BONES 6
BONE 13 0.964707
BONE 39 0.035293
BONE 11 0.000000
BONE 6 0.000000
BONE 36 0.000000
BONE 61 0.000000

VERT 212
OFFSET -3.437569 -4.777040 52.252556
BONES 2
BONE 13 0.068680
BONE 39 0.931320

VERT 213
OFFSET -0.423848 -5.062095 51.878864
BONES 2
BONE 13 0.059686
BONE 39 0.940314

VERT 214
OFFSET -1.816499 -6.125245 52.858147
BONES 2
BONE 13 0.224542
BONE 39 0.775458

VERT 215
OFFSET -2.159358 -4.523714 50.805683
BONES 2
BONE 13 0.228639
BONE 39 0.771361

VERT 216
OFFSET -0.624785 -4.671347 51.179962
BONES 2
BONE 39 0.605998
BONE 13 0.394002

VERT 217
OFFSET -3.065764 -5.866445 52.806522
BONES 2
BONE 13 0.379535
BONE 39 0.620465

VERT 218
OFFSET -3.484920 -4.902932 51.795784
BONES 2
BONE 39 0.514426
BONE 13 0.485574

VERT 219
OFFSET -0.949280 -6.564491 51.915443
BONES 2
BONE 13 0.554551
BONE 39 0.445449

VERT 220
OFFSET -1.343392 -5.211264 50.241966
BONES 2
BONE 39 0.254329
BONE 13 0.745672

VERT 221
OFFSET -3.028637 -7.008198 52.141701
BONES 2
BONE 13 0.770455
BONE 39 0.229545

VERT 222
OFFSET -0.592708 -6.353505 50.825123
BONES 2
BONE 39 0.125561
BONE 13 0.874439

VERT 223
OFFSET -3.610223 -6.194333 51.512085
BONES 2
BONE 39 0.133465
BONE 13 0.866535

VERT 224
OFFSET -0.999837 -7.062327 51.388363
BONES 6
BONE 13 0.957773
BONE 39 0.042227
BONE 11 0.000000
BONE 6 0.000000
BONE 36 0.000000
BONE 61 0.000000

VERT 225
OFFSET -3.252400 -6.019847 50.568382
BONES 6
BONE 13 0.957773
BONE 39 0.042227
BONE 11 0.000000
BONE 6 0.000000
BONE 36 0.000000
BONE 61 0.000000

VERT 226
OFFSET -1.804518 -5.683453 53.137535
BONES 6
BONE 39 0.964707
BONE 13 0.035293
BONE 11 0.000000
BONE 6 0.000000
BONE 36 0.000000
BONE 61 0.000000

VERT 227
OFFSET -2.036273 -3.952538 51.271980
BONES 6
BONE 39 0.964707
BONE 13 0.035293
BONE 11 0.000000
BONE 6 0.000000
BONE 36 0.000000
BONE 61 0.000000

VERT 228
OFFSET -1.096255 -4.185825 51.124283
BONES 2
BONE 13 0.129011
BONE 39 0.870989

VERT 229
OFFSET -3.137309 -5.910075 52.787289
BONES 2
BONE 39 0.838915
BONE 13 0.161086

VERT 230
OFFSET -0.446860 -5.708482 51.676754
BONES 2
BONE 39 0.730747
BONE 13 0.269253

VERT 231
OFFSET -3.425494 -5.088189 51.811607
BONES 2
BONE 13 0.267482
BONE 39 0.732518

VERT 232
OFFSET -2.544661 -4.699653 50.859470
BONES 2
BONE 13 0.428848
BONE 39 0.571152

VERT 233
OFFSET -2.899462 -6.747215 52.485107
BONES 2
BONE 39 0.471171
BONE 13 0.528829

VERT 234
OFFSET -0.795147 -5.710587 50.194603
BONES 2
BONE 39 0.402160
BONE 13 0.597840

VERT 235
OFFSET -3.430186 -5.359521 51.442379
BONES 2
BONE 39 0.271875
BONE 13 0.728125

VERT 236
OFFSET -1.111503 -6.782720 51.935555
BONES 2
BONE 39 0.206800
BONE 13 0.793200

VERT 237
OFFSET -1.430091 -5.284216 50.381939
BONES 2
BONE 13 0.928677
BONE 39 0.071323

VERT 238
OFFSET -3.043351 -7.512817 51.765469
BONES 2
BONE 39 0.049252
BONE 13 0.950748

VERT 239
OFFSET -1.215034 -4.232000 50.982109
BONES 2
BONE 13 0.066725
BONE 39 0.933275

VERT 240
OFFSET -2.762318 -5.649343 53.186211
BONES 2
BONE 13 0.049275
BONE 39 0.950725

VERT 241
OFFSET -1.195727 -6.060082 52.514366
BONES 2
BONE 13 0.228342
BONE 39 0.771658

VERT 242
OFFSET -2.768817 -4.703388 51.046127
BONES 2
BONE 13 0.230559
BONE 39 0.769441

VERT 243
OFFSET -0.442808 -5.504696 51.334728
BONES 2
BONE 39 0.560276
BONE 13 0.439724

VERT 244
OFFSET -3.595922 -5.731495 51.962193
BONES 2
BONE 39 0.555246
BONE 13 0.444754

VERT 245
OFFSET -1.513626 -5.235811 50.257107
BONES 2
BONE 13 0.607414
BONE 39 0.392586

VERT 246
OFFSET -2.809730 -6.691534 52.432491
BONES 2
BONE 39 0.431085
BONE 13 0.568915

VERT 247
OFFSET -1.247518 -6.637994 52.235806
BONES 2
BONE 13 0.766719
BONE 39 0.233281

VERT 248
OFFSET -3.348576 -5.926278 50.504601
BONES 2
BONE 13 0.838181
BONE 39 0.161819

VERT 249
OFFSET -0.602238 -6.308360 50.720009
BONES 2
BONE 39 0.050082
BONE 13 0.949918

VERT 250
OFFSET -3.597813 -6.697124 51.365387
BONES 6
BONE 13 0.958055
BONE 39 0.041945
BONE 11 0.000000
BONE 6 0.000000
BONE 36 0.000000
BONE 61 0.000000

VERT 251
OFFSET -0.602251 -5.670225 52.046497
BONES 2
BONE 13 0.082735
BONE 39 0.917265

VERT 252
OFFSET -3.203544 -4.065475 52.280792
BONES 2
BONE 39 0.954538
BONE 13 0.045462

VERT 253
OFFSET -0.805080 -4.833150 50.914001
BONES 2
BONE 39 0.751762
BONE 13 0.248238

VERT 254
OFFSET -3.167108 -5.864888 52.738525
BONES 2
BONE 13 0.251420
BONE 39 0.748580

VERT 255
OFFSET -2.552280 -4.777637 50.744019
BONES 2
BONE 39 0.524224
BONE 13 0.475776

VERT 256
OFFSET -1.796133 -6.447166 52.612877
BONES 2
BONE 13 0.448403
BONE 39 0.551597

VERT 257
OFFSET -0.759473 -6.501019 51.514282
BONES 2
BONE 39 0.418131
BONE 13 0.581869

VERT 258
OFFSET -3.676407 -6.742443 51.568756
BONES 2
BONE 39 0.244577
BONE 13 0.755423

VERT 259
OFFSET -0.661179 -5.652575 50.693535
BONES 2
BONE 13 0.757307
BONE 39 0.242693

VERT 260
OFFSET -2.144594 -5.776652 49.807278
BONES 2
BONE 13 0.944080
BONE 39 0.055920

VERT 261
OFFSET -2.010484 -7.582639 51.804398
BONES 2
BONE 39 0.045365
BONE 13 0.954635

VERT 262
OFFSET -5.314931 -5.509407 51.701458
BONES 2
BONE 39 0.070485
BONE 13 0.929515

VERT 263
OFFSET -5.162714 -4.587970 52.601250
