// Export time: Sat Nov 14 23:56:57 2020

// Exported using Blender v2.90.1
// Export filename: 'E:/blackops3/mod_xmodel/iw4/rfb/ch_body_gk_rfb_lod2.XMODEL_EXPORT'
// Source filename: 'E:/blackops3/mod_xmodel/iw4/rfb/rfb.blend'
MODEL
VERSION 6

NUMBONES 75
BONE 0 -1 "tag_origin"
BONE 1 0 "j_mainroot"
BONE 2 1 "j_hip_le"
BONE 3 2 "j_knee_le"
BONE 4 3 "j_ankle_le"
BONE 5 4 "j_ball_le"
BONE 6 2 "Sk_06_01"
BONE 7 1 "j_hip_ri"
BONE 8 7 "j_knee_ri"
BONE 9 8 "j_ankle_ri"
BONE 10 9 "j_ball_ri"
BONE 11 7 "Sk_02_01"
BONE 12 1 "j_spinelower"
BONE 13 12 "j_spineupper"
BONE 14 13 "j_spine4"
BONE 15 14 "j_clavicle_le"
BONE 16 15 "j_shoulder_le"
BONE 17 16 "j_elbow_le"
BONE 18 17 "j_wrist_le"
BONE 19 18 "j_index_le_1"
BONE 20 19 "j_index_le_2"
BONE 21 20 "j_index_le_3"
BONE 22 18 "j_mid_le_1"
BONE 23 22 "j_mid_le_2"
BONE 24 23 "j_mid_le_3"
BONE 25 18 "j_pinky_le_1"
BONE 26 25 "j_pinky_le_2"
BONE 27 26 "j_pinky_le_3"
BONE 28 18 "j_ring_le_1"
BONE 29 28 "j_ring_le_2"
BONE 30 29 "j_ring_le_3"
BONE 31 18 "j_thumb_le_1"
BONE 32 31 "j_thumb_le_2"
BONE 33 32 "j_thumb_le_3"
BONE 34 18 "j_wrist_le1"
BONE 35 34 "tag_weapon_left"
BONE 36 17 "j_wristtwist_le"
BONE 37 16 "j_shouldertwist_le"
BONE 38 37 "tag_reflector_arm_le"
BONE 39 14 "j_clavicle_ri"
BONE 40 39 "j_shoulder_ri"
BONE 41 40 "j_elbow_ri"
BONE 42 41 "j_wrist_ri"
BONE 43 42 "j_index_ri_1"
BONE 44 43 "j_index_ri_2"
BONE 45 44 "j_index_ri_3"
BONE 46 42 "j_mid_ri_1"
BONE 47 46 "j_mid_ri_2"
BONE 48 47 "j_mid_ri_3"
BONE 49 42 "j_pinky_ri_1"
BONE 50 49 "j_pinky_ri_2"
BONE 51 50 "j_pinky_ri_3"
BONE 52 42 "j_ring_ri_1"
BONE 53 52 "j_ring_ri_2"
BONE 54 53 "j_ring_ri_3"
BONE 55 42 "j_thumb_ri_1"
BONE 56 55 "j_thumb_ri_2"
BONE 57 56 "j_thumb_ri_3"
BONE 58 42 "j_wrist_ri1"
BONE 59 58 "tag_weapon_right"
BONE 60 58 "j_gun"
BONE 61 41 "j_wristtwist_ri"
BONE 62 40 "j_shouldertwist_ri"
BONE 63 62 "tag_reflector_arm_ri"
BONE 64 14 "j_neck"
BONE 65 64 "j_head"
BONE 66 14 "j_shoulderraise_le"
BONE 67 14 "j_shoulderraise_ri"
BONE 68 14 "tag_bipod"
BONE 69 14 "tag_inhand"
BONE 70 14 "tag_shield_back"
BONE 71 14 "tag_stowed_back"
BONE 72 14 "tag_weapon_chest"
BONE 73 1 "tag_stowed_hip_rear"
BONE 74 0 "tag_sync"

BONE 0
OFFSET 0.000000 0.000000 0.000000
SCALE 1.000000 1.000000 1.000000
X 1.000000 0.000000 0.000000
Y 0.000000 1.000000 0.000000
Z 0.000000 0.000000 1.000000

BONE 1
OFFSET -2.200000 0.000773 37.849987
SCALE 1.000000 1.000000 1.000000
X -0.024739 -0.000055 0.999694
Y 0.999694 0.000059 0.024739
Z -0.000060 1.000000 0.000054

BONE 2
OFFSET -2.807176 3.038548 35.794094
SCALE 1.000000 1.000000 1.000000
X -0.017186 0.000119 -0.999852
Y 0.999842 -0.004516 -0.017186
Z -0.004518 -0.999990 -0.000042

BONE 3
OFFSET -3.096559 3.040475 18.966679
SCALE 1.000000 1.000000 1.000000
X -0.069212 0.000365 -0.997602
Y 0.997591 -0.004504 -0.069213
Z -0.004518 -0.999990 -0.000053

BONE 4
OFFSET -4.177967 3.045935 3.393567
SCALE 1.000000 1.000000 1.000000
X 0.007772 0.007026 -0.999945
Y 0.999749 -0.021050 0.007622
Z -0.020995 -0.999754 -0.007188

BONE 5
OFFSET 0.048729 3.034798 0.020426
SCALE 1.000000 1.000000 1.000000
X 0.983212 -0.021941 0.181144
Y -0.181257 -0.003259 0.983430
Z -0.020987 -0.999754 -0.007181

BONE 6
OFFSET -3.164854 5.792379 38.242260
SCALE 1.000000 1.000000 1.000000
X 0.000000 1.000000 -0.000000
Y 0.000000 -0.000000 1.000000
Z 1.000000 -0.000000 0.000000

BONE 7
OFFSET -2.807175 -3.037002 35.794098
SCALE 1.000000 1.000000 1.000000
X 0.017146 -0.000428 1.000000
Y -0.999853 -0.000212 0.017136
Z 0.000204 -1.000000 -0.000433

BONE 8
OFFSET -3.096586 -3.029844 18.964933
SCALE 1.000000 1.000000 1.000000
X 0.069189 0.001327 0.997768
Y -0.997604 -0.000231 0.069188
Z 0.000322 -0.999999 0.001307

BONE 9
OFFSET -4.177691 -3.050672 3.390123
SCALE 1.000000 1.000000 1.000000
X -0.007832 0.008334 1.000000
Y -0.999644 -0.025592 -0.007630
Z 0.025526 -0.999638 0.008532

BONE 10
OFFSET 0.048361 -3.024916 0.016364
SCALE 1.000000 1.000000 1.000000
X -0.983111 -0.026634 -0.181105
Y 0.181224 -0.003753 -0.983594
Z 0.025513 -0.999638 0.008517

BONE 11
OFFSET -3.164854 -5.792382 38.242260
SCALE 1.000000 1.000000 1.000000
X -0.000000 1.000000 0.000001
Y -0.000000 -0.000000 1.000000
Z 1.000000 0.000000 0.000013

BONE 12
OFFSET -2.200000 0.000000 42.024075
SCALE 1.000000 1.000000 1.000000
X -0.029907 -0.000053 0.999553
Y 0.999552 0.000059 0.029907
Z -0.000060 1.000000 0.000051

BONE 13
OFFSET -2.587597 0.000203 45.605228
SCALE 1.000000 1.000000 1.000000
X 0.020425 -0.000063 0.999791
Y 0.999791 0.000062 -0.020425
Z -0.000060 1.000000 0.000064

BONE 14
OFFSET -2.816153 0.000018 48.627426
SCALE 1.000000 1.000000 1.000000
X 0.046991 -0.000057 0.998895
Y 0.998895 0.000063 -0.046991
Z -0.000060 1.000000 0.000060

BONE 15
OFFSET -3.050160 1.341745 51.741249
SCALE 1.000000 1.000000 1.000000
X 0.022166 0.997204 0.072712
Y -0.999643 0.021025 0.016458
Z 0.014882 -0.073181 0.997254

BONE 16
OFFSET -3.069456 4.012022 51.709549
SCALE 1.000000 1.000000 1.000000
X -0.008783 0.999999 -0.011883
Y -0.996261 -0.009759 -0.085840
Z -0.085943 0.010960 0.996275

BONE 17
OFFSET -3.477935 13.260659 51.709686
SCALE 1.000000 1.000000 1.000000
X -0.006566 0.999928 0.017561
Y -0.996353 -0.005035 -0.085179
Z -0.085070 -0.018182 0.996248

BONE 18
OFFSET -3.477950 21.676201 51.709995
SCALE 1.000000 1.000000 1.000000
X -0.105851 0.991456 -0.077720
Y -0.070101 -0.085286 -0.993914
Z -0.991908 -0.099773 0.078535

BONE 19
OFFSET -2.720903 23.750105 51.749008
SCALE 1.000000 1.000000 1.000000
X 0.082026 0.993159 -0.084492
Y -0.214786 -0.065053 -0.974521
Z -0.973210 0.098067 0.207952

BONE 20
OFFSET -2.626403 24.891502 51.651752
SCALE 1.000000 1.000000 1.000000
X 0.088062 0.992672 -0.084130
Y -0.214682 -0.063443 -0.974650
Z -0.972706 0.103874 0.207493

BONE 21
OFFSET -2.558953 25.652363 51.587223
SCALE 1.000000 1.000000 1.000000
X 0.093224 0.993893 -0.060912
Y -0.212501 -0.039789 -0.976382
Z -0.972703 0.103950 0.207465

BONE 22
OFFSET -3.283477 23.842888 51.842762
SCALE 1.000000 1.000000 1.000000
X -0.000929 0.996516 -0.084784
Y -0.051756 -0.084599 -0.995097
Z -0.998659 0.003460 0.051649

BONE 23
OFFSET -3.284459 25.102901 51.735535
SCALE 1.000000 1.000000 1.000000
X -0.000836 0.996375 -0.086429
Y -0.051684 -0.086237 -0.994960
Z -0.998663 0.003631 0.051563

BONE 24
OFFSET -3.285266 25.941692 51.662827
SCALE 1.000000 1.000000 1.000000
X -0.001825 0.994496 -0.105887
Y -0.051581 -0.105723 -0.993081
Z -0.998667 0.003646 0.051485

BONE 25
OFFSET -4.290933 23.406748 51.511635
SCALE 1.000000 1.000000 1.000000
X -0.137020 0.987131 -0.083829
Y -0.032529 -0.088946 -0.995531
Z -0.990034 -0.133694 0.044310

BONE 26
OFFSET -4.435108 24.446264 51.423279
SCALE 1.000000 1.000000 1.000000
X -0.136962 0.986975 -0.085746
Y -0.032188 -0.090831 -0.995372
Z -0.990053 -0.133581 0.044222

BONE 27
OFFSET -4.513741 25.012815 51.374088
SCALE 1.000000 1.000000 1.000000
X -0.136950 0.986872 -0.086943
Y -0.031889 -0.091998 -0.995274
Z -0.990064 -0.133543 0.044082

BONE 28
OFFSET -3.815207 23.672382 51.736908
SCALE 1.000000 1.000000 1.000000
X -0.067870 0.994220 -0.084572
Y 0.010184 -0.083953 -0.996444
Z -0.997642 -0.068492 -0.004420

BONE 29
OFFSET -3.896992 24.872095 51.634735
SCALE 1.000000 1.000000 1.000000
X -0.067741 0.994216 -0.084722
Y 0.010324 -0.084094 -0.996431
Z -0.997649 -0.068376 -0.004560

BONE 30
OFFSET -3.951567 25.672007 51.566662
SCALE 1.000000 1.000000 1.000000
X -0.067534 0.992819 -0.099925
Y 0.011395 -0.099261 -0.995021
Z -0.997652 -0.068339 -0.004602

BONE 31
OFFSET -2.619730 21.761457 51.365421
SCALE 1.000000 1.000000 1.000000
X 0.565214 0.813200 -0.139308
Y -0.816243 0.575740 0.048342
Z 0.119501 0.086268 0.989105

BONE 32
OFFSET -1.913611 22.777781 51.191040
SCALE 1.000000 1.000000 1.000000
X 0.558421 0.817689 -0.140430
Y -0.821708 0.568443 0.041622
Z 0.113845 0.092032 0.989252

BONE 33
OFFSET -1.401320 23.528238 51.061916
SCALE 1.000000 1.000000 1.000000
X 0.637883 0.764103 -0.096911
Y -0.765550 0.642821 0.028272
Z 0.083889 0.056035 0.994928

BONE 34
OFFSET 0.217249 20.520662 50.202003
SCALE 1.000000 1.000000 1.000000
X -0.105846 0.991453 -0.077758
Y -0.070106 -0.085323 -0.993910
Z -0.991908 -0.099765 0.078544

BONE 35
OFFSET 11.991312 14.763616 27.658827
SCALE 1.000000 1.000000 1.000000
X 0.532890 0.846248 0.006422
Y -0.503394 0.310839 0.806213
Z 0.680165 -0.432961 0.591653

BONE 36
OFFSET -3.477874 19.212404 51.709705
SCALE 1.000000 1.000000 1.000000
X -0.006570 0.999928 0.017580
Y -0.996356 -0.005038 -0.085141
Z -0.085033 -0.018202 0.996251

BONE 37
OFFSET -3.072599 4.376592 51.705082
SCALE 1.000000 1.000000 1.000000
X -0.008807 1.000000 -0.011800
Y -0.996261 -0.009776 -0.085841
Z -0.085943 0.010876 0.996276

BONE 38
OFFSET -2.943759 5.020835 53.411228
SCALE 1.000000 1.000000 1.000000
X 0.038485 -0.293023 0.955412
Y -0.939538 -0.336205 -0.065213
Z 0.340276 -0.895163 -0.288112

BONE 39
OFFSET -3.052245 -1.340595 51.741249
SCALE 1.000000 1.000000 1.000000
X -0.019467 0.997199 -0.072217
Y 0.999655 0.018143 -0.018947
Z -0.017583 -0.072561 -0.997209

BONE 40
OFFSET -3.068546 -4.008415 51.709560
SCALE 1.000000 1.000000 1.000000
X 0.007041 0.999895 0.012655
Y 0.996460 -0.008076 0.083666
Z 0.083759 0.012021 -0.996413

BONE 41
OFFSET -3.462665 -13.260360 51.707066
SCALE 1.000000 1.000000 1.000000
X 0.006388 0.999829 -0.017365
Y 0.996551 -0.004929 0.082829
Z 0.082730 -0.017834 -0.996412

BONE 42
OFFSET -3.462043 -21.675131 51.709328
SCALE 1.000000 1.000000 1.000000
X 0.061522 0.988338 0.139295
Y -0.083717 -0.133958 0.987444
Z 0.994588 -0.072411 0.074500

BONE 43
OFFSET -2.705176 -23.749588 51.748978
SCALE 1.000000 1.000000 1.000000
X -0.085121 0.992780 0.084514
Y 0.055488 -0.079967 0.995252
Z 0.994824 0.089406 -0.048280

BONE 44
OFFSET -2.607219 -24.892590 51.651566
SCALE 1.000000 1.000000 1.000000
X -0.085109 0.992695 0.085515
Y 0.055583 -0.080962 0.995166
Z 0.994819 0.089450 -0.048286

BONE 45
OFFSET -2.541946 -25.653263 51.586147
SCALE 1.000000 1.000000 1.000000
X -0.084362 0.991517 0.098875
Y 0.056746 -0.094287 0.993926
Z 0.994817 0.089461 -0.048311

BONE 46
OFFSET -3.267747 -23.842365 51.842728
SCALE 1.000000 1.000000 1.000000
X 0.000041 0.996375 0.085071
Y -0.103150 -0.084613 0.991060
Z 0.994665 -0.008815 0.102773

BONE 47
OFFSET -3.267859 -25.103819 51.735073
SCALE 1.000000 1.000000 1.000000
X 0.000000 0.996374 0.085086
Y -0.103108 -0.084632 0.991063
Z 0.994669 -0.008773 0.102734

BONE 48
OFFSET -3.267813 -25.945267 51.663242
SCALE 1.000000 1.000000 1.000000
X -0.009333 0.984632 0.174390
Y -0.102730 -0.174419 0.979298
Z 0.994665 -0.008775 0.102779

BONE 49
OFFSET -4.275201 -23.406235 51.511578
SCALE 1.000000 1.000000 1.000000
X 0.136095 0.987134 0.083929
Y -0.119799 -0.067698 0.990487
Z 0.983425 -0.144855 0.109045

BONE 50
OFFSET -4.418610 -24.446775 51.423141
SCALE 1.000000 1.000000 1.000000
X 0.136375 0.987090 0.083995
Y -0.119113 -0.067833 0.990561
Z 0.983470 -0.145092 0.108325

BONE 51
OFFSET -4.496981 -25.013411 51.374981
SCALE 1.000000 1.000000 1.000000
X 0.184034 0.977157 0.106279
Y -0.121448 -0.084691 0.988978
Z 0.975387 -0.194913 0.103087

BONE 52
OFFSET -3.799480 -23.671839 51.736973
SCALE 1.000000 1.000000 1.000000
X 0.067917 0.994077 0.084841
Y -0.161717 -0.072944 0.984137
Z 0.984497 -0.080560 0.155806

BONE 53
OFFSET -3.881544 -24.871305 51.634636
SCALE 1.000000 1.000000 1.000000
X 0.067905 0.994105 0.084524
Y -0.161649 -0.072638 0.984171
Z 0.984509 -0.080494 0.155763

BONE 54
OFFSET -3.936002 -25.669882 51.566696
SCALE 1.000000 1.000000 1.000000
X 0.057190 0.987250 0.148548
Y -0.165743 -0.137338 0.976559
Z 0.984509 -0.080471 0.155775

BONE 55
OFFSET -2.603991 -21.760933 51.365452
SCALE 1.000000 1.000000 1.000000
X -0.565564 0.812822 0.139494
Y 0.823521 0.547557 0.148306
Z 0.044165 0.198752 -0.979054

BONE 56
OFFSET -1.897805 -22.776211 51.191097
SCALE 1.000000 1.000000 1.000000
X -0.565631 0.812814 0.139262
Y 0.823465 0.547621 0.148380
Z 0.044342 0.198606 -0.979076

BONE 57
OFFSET -1.378593 -23.522449 51.063248
SCALE 1.000000 1.000000 1.000000
X -0.529937 0.835465 0.145480
Y 0.846876 0.512395 0.142310
Z 0.044351 0.198619 -0.979073

BONE 58
OFFSET -7.309843 -22.990974 52.559917
SCALE 1.000000 1.000000 1.000000
X 0.061531 0.988340 0.139276
Y -0.083714 -0.133939 0.987447
Z 0.994588 -0.072418 0.074497

BONE 59
OFFSET -11.567480 -27.206282 54.439194
SCALE 1.000000 1.000000 1.000000
X 0.550951 -0.833041 0.049949
Y 0.586112 0.343643 -0.733744
Z 0.594074 0.433533 0.677587

BONE 60
OFFSET -11.567479 -27.206274 54.439186
SCALE 1.000000 1.000000 1.000000
X 0.550694 -0.833169 0.050649
Y 0.613788 0.363076 -0.701027
Z 0.565684 0.417139 0.711333

BONE 61
OFFSET -3.462234 -19.211546 51.708694
SCALE 1.000000 1.000000 1.000000
X 0.006374 0.999829 -0.017369
Y 0.996554 -0.004915 0.082789
Z 0.082690 -0.017837 -0.996415

BONE 62
OFFSET -3.070871 -4.336664 51.705414
SCALE 1.000000 1.000000 1.000000
X 0.007045 0.999895 0.012652
Y 0.996459 -0.008080 0.083686
Z 0.083779 0.012017 -0.996412

BONE 63
OFFSET -2.936806 -4.981942 53.411247
SCALE 1.000000 1.000000 1.000000
X -0.043022 0.244431 0.968712
Y 0.925957 -0.354348 0.130535
Z 0.375168 0.902602 -0.211088

BONE 64
OFFSET -2.813338 0.000000 53.071339
SCALE 1.000000 1.000000 1.000000
X 0.309744 -0.000046 0.950820
Y 0.950820 0.000075 -0.309744
Z -0.000057 1.000000 0.000067

BONE 65
OFFSET -2.813336 0.000000 55.449188
SCALE 1.000000 1.000000 1.000000
X 0.216382 -0.000044 0.976309
Y 0.976308 0.000072 -0.216382
Z -0.000060 1.000000 0.000058

BONE 66
OFFSET -2.678578 3.772423 55.283493
SCALE 1.000000 1.000000 1.000000
X -0.019313 -0.997191 -0.072368
Y 0.999659 -0.017990 -0.018891
Z 0.017536 -0.072708 0.997199

BONE 67
OFFSET -2.678120 -3.773121 55.283184
SCALE 1.000000 1.000000 1.000000
X 0.022390 -0.997160 0.071951
Y -0.999638 -0.021257 0.016476
Z -0.014900 -0.072298 -0.997273

BONE 68
OFFSET 15.454465 -26.729071 29.519621
SCALE 1.000000 1.000000 1.000000
X 1.000000 -0.000122 0.000085
Y 0.000122 1.000000 0.000051
Z -0.000085 -0.000051 1.000000

BONE 69
OFFSET 10.101578 -26.729954 36.606380
SCALE 1.000000 1.000000 1.000000
X -0.000157 1.000000 0.000189
Y 0.764290 0.000241 -0.644872
Z -0.644872 0.000043 -0.764290

BONE 70
OFFSET -10.710585 0.750562 48.999767
SCALE 1.000000 1.000000 1.000000
X -0.989754 -0.000179 0.142783
Y 0.000181 -1.000000 0.000000
Z 0.142783 0.000026 0.989754

BONE 71
OFFSET -8.979022 -4.308942 47.009274
SCALE 1.000000 1.000000 1.000000
X -0.006998 0.025909 -0.999639
Y -0.984168 -0.177222 0.002296
Z -0.177096 0.983823 0.026742

BONE 72
OFFSET 10.101573 -26.729954 36.606388
SCALE 1.000000 1.000000 1.000000
X 1.000000 -0.000032 0.000085
Y 0.000032 1.000000 -0.000001
Z -0.000085 0.000001 1.000000

BONE 73
OFFSET -8.819918 -2.457391 34.673542
SCALE 1.000000 1.000000 1.000000
X -0.188075 0.137949 0.972418
Y 0.149149 -0.974593 0.167104
Z 0.970763 0.176463 0.162722

BONE 74
OFFSET -0.002137 -0.000000 -0.000000
SCALE 1.000000 1.000000 1.000000
X -1.000000 0.000000 0.000000
Y 0.000000 -1.000000 0.000000
Z 0.000000 0.000000 1.000000


NUMVERTS 3611
VERT 0
OFFSET -3.858574 -4.983912 51.938560
BONES 2
BONE 39 0.634295
BONE 13 0.365705

VERT 1
OFFSET -4.730036 -5.543414 52.057522
BONES 2
BONE 13 0.632456
BONE 39 0.367544

VERT 2
OFFSET -3.622814 -6.644643 51.392406
BONES 2
BONE 39 0.076532
BONE 13 0.923468

VERT 3
OFFSET -4.293678 -6.265572 51.515678
BONES 2
BONE 39 0.070707
BONE 13 0.929294

VERT 4
OFFSET -2.960772 -5.034669 52.485699
BONES 2
BONE 13 0.067291
BONE 39 0.932709

VERT 5
OFFSET -2.820238 -5.364537 52.698711
BONES 2
BONE 13 0.071892
BONE 39 0.928108

VERT 6
OFFSET -2.532404 -5.669843 51.860897
BONES 2
BONE 13 0.338473
BONE 39 0.661527

VERT 7
OFFSET -2.587641 -6.598831 51.789204
BONES 2
BONE 39 0.343736
BONE 13 0.656264

VERT 8
OFFSET -3.417554 -5.775340 51.341755
BONES 2
BONE 13 0.667941
BONE 39 0.332059

VERT 9
OFFSET -3.909505 -6.764616 51.607742
BONES 2
BONE 39 0.078589
BONE 13 0.921412

VERT 10
OFFSET -2.886792 -6.346931 52.535797
BONES 2
BONE 39 0.621383
BONE 13 0.378617

VERT 11
OFFSET -4.172023 -5.290182 52.706516
BONES 2
BONE 39 0.664448
BONE 13 0.335552

VERT 12
OFFSET -4.110306 -6.339421 52.408695
BONES 2
BONE 13 0.650627
BONE 39 0.349373

VERT 13
OFFSET -3.345565 -5.086203 52.654160
BONES 2
BONE 13 0.064860
BONE 39 0.935139

VERT 14
OFFSET -1.473827 -6.848385 51.764595
BONES 6
BONE 39 0.500000
BONE 13 0.500000
BONE 11 0.000000
BONE 6 0.000000
BONE 36 0.000000
BONE 61 0.000000

VERT 15
OFFSET -5.500489 -4.818674 52.430485
BONES 6
BONE 39 0.500000
BONE 13 0.500000
BONE 11 0.000000
BONE 6 0.000000
BONE 36 0.000000
BONE 61 0.000000

VERT 16
OFFSET -5.177605 -4.591917 51.863911
BONES 2
BONE 39 0.444994
BONE 13 0.555006

VERT 17
OFFSET -1.868944 -7.221101 52.227859
BONES 2
BONE 39 0.446327
BONE 13 0.553673

VERT 18
OFFSET -1.566964 -6.230470 51.368641
BONES 2
BONE 13 0.446318
BONE 39 0.553682

VERT 19
OFFSET -5.304416 -5.121345 52.904724
BONES 6
BONE 39 0.549265
BONE 13 0.450735
BONE 11 0.000000
BONE 6 0.000000
BONE 36 0.000000
BONE 61 0.000000

VERT 20
OFFSET -4.371611 -5.683650 53.457371
BONES 2
BONE 13 0.368531
BONE 39 0.631469

VERT 21
OFFSET -2.705751 -5.183239 51.246098
BONES 6
BONE 39 0.696501
BONE 13 0.303499
BONE 11 0.000000
BONE 6 0.000000
BONE 36 0.000000
BONE 61 0.000000

VERT 22
OFFSET -2.552753 -6.592328 53.174870
BONES 2
BONE 13 0.219754
BONE 39 0.780246

VERT 23
OFFSET -3.939771 -4.410706 51.621883
BONES 2
BONE 13 0.226128
BONE 39 0.773872

VERT 24
OFFSET -3.622070 -6.680685 53.046516
BONES 2
BONE 39 0.279902
BONE 13 0.720098

VERT 25
OFFSET -3.786558 -4.865064 51.257992
BONES 6
BONE 13 0.701120
BONE 39 0.298880
BONE 11 0.000000
BONE 6 0.000000
BONE 36 0.000000
BONE 61 0.000000

VERT 26
OFFSET -2.452093 -5.764282 50.968666
BONES 2
BONE 39 0.223519
BONE 13 0.776481

VERT 27
OFFSET -5.212022 -6.207479 52.704948
BONES 6
BONE 13 0.799269
BONE 39 0.200731
BONE 11 0.000000
BONE 6 0.000000
BONE 36 0.000000
BONE 61 0.000000

VERT 28
OFFSET -5.852089 -5.770655 52.386318
BONES 6
BONE 13 0.848611
BONE 39 0.151389
BONE 11 0.000000
BONE 6 0.000000
BONE 36 0.000000
BONE 61 0.000000

VERT 29
OFFSET -1.774443 -6.937437 50.909115
BONES 6
BONE 13 0.848611
BONE 39 0.151389
BONE 11 0.000000
BONE 6 0.000000
BONE 36 0.000000
BONE 61 0.000000

VERT 30
OFFSET -6.109775 -5.443197 51.926155
BONES 6
BONE 13 0.897760
BONE 39 0.102240
BONE 11 0.000000
BONE 6 0.000000
BONE 36 0.000000
BONE 61 0.000000

VERT 31
OFFSET -1.705159 -7.565615 51.109394
BONES 6
BONE 13 0.897760
BONE 39 0.102240
BONE 11 0.000000
BONE 6 0.000000
BONE 36 0.000000
BONE 61 0.000000

VERT 32
OFFSET -1.972001 -7.867243 51.496014
BONES 6
BONE 13 0.964707
BONE 39 0.035293
BONE 11 0.000000
BONE 6 0.000000
BONE 36 0.000000
BONE 61 0.000000

VERT 33
OFFSET -5.872888 -5.189383 51.498215
BONES 6
BONE 13 0.964707
BONE 39 0.035293
BONE 11 0.000000
BONE 6 0.000000
BONE 36 0.000000
BONE 61 0.000000

VERT 34
OFFSET -4.660148 -4.070758 52.425129
BONES 6
BONE 39 0.844075
BONE 13 0.155925
BONE 11 0.000000
BONE 6 0.000000
BONE 36 0.000000
BONE 61 0.000000

VERT 35
OFFSET -1.621573 -6.490812 52.725319
BONES 6
BONE 39 0.844075
BONE 13 0.155925
BONE 11 0.000000
BONE 6 0.000000
BONE 36 0.000000
BONE 61 0.000000

VERT 36
OFFSET -4.868469 -4.162469 52.962864
BONES 6
BONE 39 0.893141
BONE 13 0.106859
BONE 11 0.000000
BONE 6 0.000000
BONE 36 0.000000
BONE 61 0.000000

VERT 37
OFFSET -1.224105 -6.097198 52.448483
BONES 6
BONE 39 0.893141
BONE 13 0.106859
BONE 11 0.000000
BONE 6 0.000000
BONE 36 0.000000
BONE 61 0.000000

VERT 38
OFFSET -4.788110 -4.554601 53.354088
BONES 6
BONE 39 0.957787
BONE 13 0.042213
BONE 11 0.000000
BONE 6 0.000000
BONE 36 0.000000
BONE 61 0.000000

VERT 39
OFFSET -1.255329 -5.626400 52.125214
BONES 6
BONE 39 0.958055
BONE 13 0.041945
BONE 11 0.000000
BONE 6 0.000000
BONE 36 0.000000
BONE 61 0.000000

VERT 40
OFFSET -2.564271 -6.189980 53.446774
BONES 6
BONE 39 0.958070
BONE 13 0.041930
BONE 11 0.000000
BONE 6 0.000000
BONE 36 0.000000
BONE 61 0.000000

VERT 41
OFFSET -3.480375 -3.993187 52.030682
BONES 6
BONE 39 0.958070
BONE 13 0.041930
BONE 11 0.000000
BONE 6 0.000000
BONE 36 0.000000
BONE 61 0.000000

VERT 42
OFFSET -2.300681 -4.610950 51.732677
BONES 2
BONE 13 0.131151
BONE 39 0.868849

VERT 43
OFFSET -3.926566 -5.760861 53.564930
BONES 2
BONE 13 0.135997
BONE 39 0.864003

VERT 44
OFFSET -1.571354 -5.711594 51.668037
BONES 6
BONE 39 0.794783
BONE 13 0.205217
BONE 11 0.000000
BONE 6 0.000000
BONE 36 0.000000
BONE 61 0.000000

VERT 45
OFFSET -4.897494 -5.148660 53.224289
BONES 6
BONE 39 0.794783
BONE 13 0.205217
BONE 11 0.000000
BONE 6 0.000000
BONE 36 0.000000
BONE 61 0.000000

VERT 46
OFFSET -1.411693 -6.364765 51.836121
BONES 6
BONE 39 0.745547
BONE 13 0.254453
BONE 11 0.000000
BONE 6 0.000000
BONE 36 0.000000
BONE 61 0.000000

VERT 47
OFFSET -5.244787 -4.794983 52.797382
BONES 6
BONE 39 0.745547
BONE 13 0.254453
BONE 11 0.000000
BONE 6 0.000000
BONE 36 0.000000
BONE 61 0.000000

VERT 48
OFFSET -5.227867 -4.591925 52.277557
BONES 6
BONE 39 0.696501
BONE 13 0.303499
BONE 11 0.000000
BONE 6 0.000000
BONE 36 0.000000
BONE 61 0.000000

VERT 49
OFFSET -1.711567 -7.015855 52.102337
BONES 2
BONE 13 0.309368
BONE 39 0.690632

VERT 50
OFFSET -4.656990 -4.252948 52.043926
BONES 6
BONE 39 0.598320
BONE 13 0.401680
BONE 11 0.000000
BONE 6 0.000000
BONE 36 0.000000
BONE 61 0.000000

VERT 51
OFFSET -2.776608 -6.842765 52.890781
BONES 6
BONE 39 0.549265
BONE 13 0.450735
BONE 11 0.000000
BONE 6 0.000000
BONE 36 0.000000
BONE 61 0.000000

VERT 52
OFFSET -4.010335 -4.525219 51.562767
BONES 6
BONE 39 0.549265
BONE 13 0.450735
BONE 11 0.000000
BONE 6 0.000000
BONE 36 0.000000
BONE 61 0.000000

VERT 53
OFFSET -4.393180 -6.575590 52.883335
BONES 2
BONE 13 0.530737
BONE 39 0.469263

VERT 54
OFFSET -2.760653 -5.230884 51.182064
BONES 2
BONE 13 0.523173
BONE 39 0.476827

VERT 55
OFFSET -5.431932 -5.844172 52.666252
BONES 6
BONE 13 0.598320
BONE 39 0.401680
BONE 11 0.000000
BONE 6 0.000000
BONE 36 0.000000
BONE 61 0.000000

VERT 56
OFFSET -1.402816 -6.627092 51.462997
BONES 2
BONE 39 0.304530
BONE 13 0.695470

VERT 57
OFFSET -5.854801 -5.144265 52.070698
BONES 2
BONE 39 0.258775
BONE 13 0.741226

VERT 58
OFFSET -1.592337 -7.260554 51.734043
BONES 6
BONE 13 0.750149
BONE 39 0.249851
BONE 11 0.000000
BONE 6 0.000000
BONE 36 0.000000
BONE 61 0.000000

VERT 59
OFFSET -5.287169 -4.858164 51.532490
BONES 6
BONE 13 0.799268
BONE 39 0.200731
BONE 11 0.000000
BONE 6 0.000000
BONE 36 0.000000
BONE 61 0.000000

VERT 60
OFFSET -2.152679 -7.551952 52.020454
BONES 6
BONE 13 0.799269
BONE 39 0.200731
BONE 11 0.000000
BONE 6 0.000000
BONE 36 0.000000
BONE 61 0.000000

VERT 61
OFFSET -3.024688 -7.577423 52.263493
BONES 6
BONE 13 0.848611
BONE 39 0.151389
BONE 11 0.000000
BONE 6 0.000000
BONE 36 0.000000
BONE 61 0.000000

VERT 62
OFFSET -4.302607 -5.367208 50.759705
BONES 2
BONE 39 0.130653
BONE 13 0.869347

VERT 63
OFFSET -4.065999 -7.361046 52.390171
BONES 6
BONE 13 0.897760
BONE 39 0.102240
BONE 11 0.000000
BONE 6 0.000000
BONE 36 0.000000
BONE 61 0.000000

VERT 64
OFFSET -2.825057 -6.213729 50.531628
BONES 6
BONE 13 0.964707
BONE 39 0.035293
BONE 11 0.000000
BONE 6 0.000000
BONE 36 0.000000
BONE 61 0.000000

VERT 65
OFFSET -5.019833 -6.842899 52.462597
BONES 6
BONE 13 0.964707
BONE 39 0.035293
BONE 11 0.000000
BONE 6 0.000000
BONE 36 0.000000
BONE 61 0.000000

VERT 66
OFFSET -4.653752 -3.999768 52.663349
BONES 6
BONE 39 0.964707
BONE 13 0.035293
BONE 11 0.000000
BONE 6 0.000000
BONE 36 0.000000
BONE 61 0.000000

VERT 67
OFFSET -1.449988 -6.277719 52.732597
BONES 6
BONE 39 0.964707
BONE 13 0.035293
BONE 11 0.000000
BONE 6 0.000000
BONE 36 0.000000
BONE 61 0.000000

VERT 68
OFFSET -2.239269 -6.337435 53.381741
BONES 2
BONE 13 0.120897
BONE 39 0.879103

VERT 69
OFFSET -4.163623 -3.935453 52.249413
BONES 6
BONE 39 0.897760
BONE 13 0.102240
BONE 11 0.000000
BONE 6 0.000000
BONE 36 0.000000
BONE 61 0.000000

VERT 70
OFFSET -3.520741 -4.243669 51.804512
BONES 6
BONE 39 0.848611
BONE 13 0.151389
BONE 11 0.000000
BONE 6 0.000000
BONE 36 0.000000
BONE 61 0.000000

VERT 71
OFFSET -4.171517 -5.963003 53.350555
BONES 2
BONE 13 0.226395
BONE 39 0.773605

VERT 72
OFFSET -2.453626 -5.183785 51.264999
BONES 2
BONE 13 0.229908
BONE 39 0.770092

VERT 73
OFFSET -1.234984 -6.220195 51.890427
BONES 2
BONE 13 0.393921
BONE 39 0.606079

VERT 74
OFFSET -5.207939 -4.609977 53.024151
BONES 6
BONE 39 0.598320
BONE 13 0.401680
BONE 11 0.000000
BONE 6 0.000000
BONE 36 0.000000
BONE 61 0.000000

VERT 75
OFFSET -1.575195 -6.885767 52.183807
BONES 6
BONE 39 0.549265
BONE 13 0.450735
BONE 11 0.000000
BONE 6 0.000000
BONE 36 0.000000
BONE 61 0.000000

VERT 76
OFFSET -5.211748 -4.482217 52.269741
BONES 6
BONE 39 0.549265
BONE 13 0.450735
BONE 11 0.000000
BONE 6 0.000000
BONE 36 0.000000
BONE 61 0.000000

VERT 77
OFFSET -4.782180 -4.541228 51.733891
BONES 6
BONE 39 0.500000
BONE 13 0.500000
BONE 11 0.000000
BONE 6 0.000000
BONE 36 0.000000
BONE 61 0.000000

VERT 78
OFFSET -2.192134 -7.125833 52.461201
BONES 6
BONE 13 0.500000
BONE 39 0.500000
BONE 11 0.000000
BONE 6 0.000000
BONE 36 0.000000
BONE 61 0.000000

VERT 79
OFFSET -3.815926 -5.145336 50.982239
BONES 2
BONE 39 0.428721
BONE 13 0.571279

VERT 80
OFFSET -3.071125 -7.111220 52.671173
BONES 6
BONE 13 0.549265
BONE 39 0.450735
BONE 11 0.000000
BONE 6 0.000000
BONE 36 0.000000
BONE 61 0.000000

VERT 81
OFFSET -4.066736 -6.872785 52.748100
BONES 6
BONE 13 0.598320
BONE 39 0.401680
BONE 11 0.000000
BONE 6 0.000000
BONE 36 0.000000
BONE 61 0.000000

VERT 82
OFFSET -2.304190 -5.743392 51.060543
BONES 6
BONE 13 0.696501
BONE 39 0.303499
BONE 11 0.000000
BONE 6 0.000000
BONE 36 0.000000
BONE 61 0.000000

VERT 83
OFFSET -5.527251 -5.793125 52.669300
BONES 2
BONE 39 0.256828
BONE 13 0.743173

VERT 84
OFFSET -1.768405 -6.484310 51.071491
BONES 6
BONE 13 0.745547
BONE 39 0.254453
BONE 11 0.000000
BONE 6 0.000000
BONE 36 0.000000
BONE 61 0.000000

VERT 85
OFFSET -1.581774 -7.152768 51.236629
BONES 6
BONE 13 0.794783
BONE 39 0.205217
BONE 11 0.000000
BONE 6 0.000000
BONE 36 0.000000
BONE 61 0.000000

VERT 86
OFFSET -5.898010 -5.321094 52.261219
BONES 6
BONE 13 0.794783
BONE 39 0.205217
BONE 11 0.000000
BONE 6 0.000000
BONE 36 0.000000
BONE 61 0.000000

VERT 87
OFFSET -1.748197 -7.563971 51.572407
BONES 6
BONE 13 0.856019
BONE 39 0.143981
BONE 11 0.000000
BONE 6 0.000000
BONE 36 0.000000
BONE 61 0.000000

VERT 88
OFFSET -5.812350 -5.038798 51.814045
BONES 6
BONE 13 0.856027
BONE 39 0.143973
BONE 11 0.000000
BONE 6 0.000000
BONE 36 0.000000
BONE 61 0.000000

VERT 89
OFFSET -5.429037 -5.177629 51.192841
BONES 6
BONE 13 0.893141
BONE 39 0.106859
BONE 11 0.000000
BONE 6 0.000000
BONE 36 0.000000
BONE 61 0.000000

VERT 90
OFFSET -2.427016 -7.896819 51.785992
BONES 6
BONE 13 0.893141
BONE 39 0.106859
BONE 11 0.000000
BONE 6 0.000000
BONE 36 0.000000
BONE 61 0.000000

VERT 91
OFFSET -3.276459 -7.770781 52.112400
BONES 6
BONE 13 0.957773
BONE 39 0.042227
BONE 11 0.000000
BONE 6 0.000000
BONE 36 0.000000
BONE 61 0.000000

VERT 92
OFFSET -4.630168 -5.384390 50.796665
BONES 6
BONE 13 0.957773
BONE 39 0.042227
BONE 11 0.000000
BONE 6 0.000000
BONE 36 0.000000
BONE 61 0.000000

VERT 93
OFFSET -3.920772 -5.577803 53.634083
BONES 6
BONE 39 0.964707
BONE 13 0.035293
BONE 11 0.000000
BONE 6 0.000000
BONE 36 0.000000
BONE 61 0.000000

VERT 94
OFFSET -2.182969 -4.699685 51.761868
BONES 6
BONE 39 0.964707
BONE 13 0.035293
BONE 11 0.000000
BONE 6 0.000000
BONE 36 0.000000
BONE 61 0.000000

VERT 95
OFFSET -1.574200 -5.263591 51.841877
BONES 6
BONE 39 0.897760
BONE 13 0.102240
BONE 11 0.000000
BONE 6 0.000000
BONE 36 0.000000
BONE 61 0.000000

VERT 96
OFFSET -4.559498 -5.061710 53.512741
BONES 6
BONE 39 0.897760
BONE 13 0.102240
BONE 11 0.000000
BONE 6 0.000000
BONE 36 0.000000
BONE 61 0.000000

VERT 97
OFFSET -1.321655 -5.939260 51.971298
BONES 6
BONE 39 0.848611
BONE 13 0.151389
BONE 11 0.000000
BONE 6 0.000000
BONE 36 0.000000
BONE 61 0.000000

VERT 98
OFFSET -5.000446 -4.686760 53.123451
BONES 6
BONE 39 0.848611
BONE 13 0.151389
BONE 11 0.000000
BONE 6 0.000000
BONE 36 0.000000
BONE 61 0.000000

VERT 99
OFFSET -1.415888 -6.496019 52.211521
BONES 6
BONE 39 0.799268
BONE 13 0.200732
BONE 11 0.000000
BONE 6 0.000000
BONE 36 0.000000
BONE 61 0.000000

VERT 100
OFFSET -5.092896 -4.427978 52.625717
BONES 6
BONE 39 0.799268
BONE 13 0.200732
BONE 11 0.000000
BONE 6 0.000000
BONE 36 0.000000
BONE 61 0.000000

VERT 101
OFFSET -1.867011 -6.854409 52.490654
BONES 6
BONE 39 0.750149
BONE 13 0.249851
BONE 11 0.000000
BONE 6 0.000000
BONE 36 0.000000
BONE 61 0.000000

VERT 102
OFFSET -4.617743 -4.224640 52.036873
BONES 2
BONE 13 0.259361
BONE 39 0.740639

VERT 103
OFFSET -2.870924 -6.997952 52.782722
BONES 2
BONE 13 0.319186
BONE 39 0.680814

VERT 104
OFFSET -3.303799 -4.600965 51.518307
BONES 6
BONE 39 0.598320
BONE 13 0.401680
BONE 11 0.000000
BONE 6 0.000000
BONE 36 0.000000
BONE 61 0.000000

VERT 105
OFFSET -4.884367 -5.995347 53.011639
BONES 2
BONE 13 0.485646
BONE 39 0.514354

VERT 106
OFFSET -2.073696 -5.555742 51.292881
BONES 2
BONE 13 0.479739
BONE 39 0.520261

VERT 107
OFFSET -1.593052 -6.638181 51.326199
BONES 6
BONE 13 0.549265
BONE 39 0.450735
BONE 11 0.000000
BONE 6 0.000000
BONE 36 0.000000
BONE 61 0.000000

VERT 108
OFFSET -5.568635 -5.327951 52.610428
BONES 6
BONE 13 0.549265
BONE 39 0.450735
BONE 11 0.000000
BONE 6 0.000000
BONE 36 0.000000
BONE 61 0.000000

VERT 109
OFFSET -5.712267 -5.048835 52.121696
BONES 6
BONE 13 0.598320
BONE 39 0.401680
BONE 11 0.000000
BONE 6 0.000000
BONE 36 0.000000
BONE 61 0.000000

VERT 110
OFFSET -1.730948 -7.409258 51.489059
BONES 6
BONE 13 0.598320
BONE 39 0.401680
BONE 11 0.000000
BONE 6 0.000000
BONE 36 0.000000
BONE 61 0.000000

VERT 111
OFFSET -5.263192 -4.620739 51.883160
BONES 6
BONE 13 0.696501
BONE 39 0.303499
BONE 11 0.000000
BONE 6 0.000000
BONE 36 0.000000
BONE 61 0.000000

VERT 112
OFFSET -2.619660 -7.364604 52.395298
BONES 6
BONE 13 0.745547
BONE 39 0.254453
BONE 11 0.000000
BONE 6 0.000000
BONE 36 0.000000
BONE 61 0.000000

VERT 113
OFFSET -4.389906 -4.928042 51.162502
BONES 2
BONE 39 0.236911
BONE 13 0.763089

VERT 114
OFFSET -3.611587 -7.223494 52.560635
BONES 6
BONE 13 0.794783
BONE 39 0.205217
BONE 11 0.000000
BONE 6 0.000000
BONE 36 0.000000
BONE 61 0.000000

VERT 115
OFFSET -5.313000 -6.660285 52.453133
BONES 2
BONE 39 0.117429
BONE 13 0.882571

VERT 116
OFFSET -2.965578 -5.805033 50.738953
BONES 6
BONE 13 0.856019
BONE 39 0.143981
BONE 11 0.000000
BONE 6 0.000000
BONE 36 0.000000
BONE 61 0.000000

VERT 117
OFFSET -1.721664 -7.015358 50.944954
BONES 2
BONE 39 0.048910
BONE 13 0.951090

VERT 118
OFFSET -6.082075 -5.893853 52.162624
BONES 6
BONE 13 0.958054
BONE 39 0.041946
BONE 11 0.000000
BONE 6 0.000000
BONE 36 0.000000
BONE 61 0.000000

VERT 119
OFFSET -1.323916 -5.594416 52.036964
BONES 6
BONE 39 0.964707
BONE 13 0.035293
BONE 11 0.000000
BONE 6 0.000000
BONE 36 0.000000
BONE 61 0.000000

VERT 120
OFFSET -4.779824 -4.683072 53.358982
BONES 6
BONE 39 0.964707
BONE 13 0.035293
BONE 11 0.000000
BONE 6 0.000000
BONE 36 0.000000
BONE 61 0.000000

VERT 121
OFFSET -4.350785 -5.333803 53.602432
BONES 2
BONE 13 0.121014
BONE 39 0.878986

VERT 122
OFFSET -1.772700 -5.050806 51.762169
BONES 2
BONE 13 0.117637
BONE 39 0.882363

VERT 123
OFFSET -3.356806 -6.589230 53.098179
BONES 2
BONE 13 0.233656
BONE 39 0.766344

VERT 124
OFFSET -3.304646 -4.755263 51.340103
BONES 2
BONE 13 0.227260
BONE 39 0.772740

VERT 125
OFFSET -1.960068 -6.857172 52.638741
BONES 2
BONE 13 0.390127
BONE 39 0.609873

VERT 126
OFFSET -4.660026 -4.261862 52.021965
BONES 2
BONE 13 0.388419
BONE 39 0.611581

VERT 127
OFFSET -1.496065 -6.921467 51.860607
BONES 2
BONE 13 0.478986
BONE 39 0.521014

VERT 128
OFFSET -5.445179 -4.685623 52.403866
BONES 2
BONE 13 0.477549
BONE 39 0.522451

VERT 129
OFFSET -1.675855 -6.643047 51.237186
BONES 2
BONE 39 0.448693
BONE 13 0.551307

VERT 130
OFFSET -5.558883 -5.384482 52.620316
BONES 6
BONE 13 0.546972
BONE 39 0.453028
BONE 11 0.000000
BONE 6 0.000000
BONE 36 0.000000
BONE 61 0.000000

VERT 131
OFFSET -5.306182 -6.128597 52.670753
BONES 2
BONE 39 0.391430
BONE 13 0.608570

VERT 132
OFFSET -2.375488 -5.713789 51.042625
BONES 6
BONE 13 0.694189
BONE 39 0.305811
BONE 11 0.000000
BONE 6 0.000000
BONE 36 0.000000
BONE 61 0.000000

VERT 133
OFFSET -3.519400 -5.330564 50.897610
BONES 2
BONE 39 0.231750
BONE 13 0.768250

VERT 134
OFFSET -3.824189 -7.006506 52.735245
BONES 2
BONE 39 0.230793
BONE 13 0.769207

VERT 135
OFFSET -2.642284 -7.948794 51.848980
BONES 2
BONE 39 0.124289
BONE 13 0.875711

VERT 136
OFFSET -4.761309 -5.125681 51.056923
BONES 6
BONE 13 0.844075
BONE 39 0.155925
BONE 11 0.000000
BONE 6 0.000000
BONE 36 0.000000
BONE 61 0.000000

VERT 137
OFFSET -5.900448 -5.138462 51.661018
BONES 6
BONE 13 0.958055
BONE 39 0.041945
BONE 11 0.000000
BONE 6 0.000000
BONE 36 0.000000
BONE 61 0.000000

VERT 138
OFFSET -1.933916 -7.889784 51.386703
BONES 6
BONE 13 0.957787
BONE 39 0.042213
BONE 11 0.000000
BONE 6 0.000000
BONE 36 0.000000
BONE 61 0.000000

VERT 139
OFFSET -2.472917 -6.271176 53.361717
BONES 6
BONE 39 0.964707
BONE 13 0.035293
BONE 11 0.000000
BONE 6 0.000000
BONE 36 0.000000
BONE 61 0.000000

VERT 140
OFFSET -1.706559 -6.562887 52.747337
BONES 2
BONE 13 0.136615
BONE 39 0.863385

VERT 141
OFFSET -4.622699 -4.067100 52.293194
BONES 2
BONE 13 0.134880
BONE 39 0.865120

VERT 142
OFFSET -3.630825 -4.006313 52.034233
BONES 6
BONE 39 0.964707
BONE 13 0.035293
BONE 11 0.000000
BONE 6 0.000000
BONE 36 0.000000
BONE 61 0.000000

VERT 143
OFFSET -1.349185 -6.387304 52.132153
BONES 2
BONE 13 0.205653
BONE 39 0.794347

VERT 144
OFFSET -5.117077 -4.469565 52.643520
BONES 6
BONE 39 0.801538
BONE 13 0.198462
BONE 11 0.000000
BONE 6 0.000000
BONE 36 0.000000
BONE 61 0.000000

VERT 145
OFFSET -5.267893 -5.010754 52.853363
BONES 2
BONE 13 0.258442
BONE 39 0.741558

VERT 146
OFFSET -1.471377 -5.740737 51.701115
BONES 6
BONE 39 0.649668
BONE 13 0.350332
BONE 11 0.000000
BONE 6 0.000000
BONE 36 0.000000
BONE 61 0.000000

VERT 147
OFFSET -2.209039 -5.357069 51.321236
BONES 2
BONE 13 0.417188
BONE 39 0.582812

VERT 148
OFFSET -4.669059 -5.649634 53.242512
BONES 6
BONE 39 0.602942
BONE 13 0.397058
BONE 11 0.000000
BONE 6 0.000000
BONE 36 0.000000
BONE 61 0.000000

VERT 149
OFFSET -3.968911 -6.486579 53.060230
BONES 2
BONE 13 0.472094
BONE 39 0.527906

VERT 150
OFFSET -3.818241 -4.913600 51.175354
BONES 2
BONE 13 0.526017
BONE 39 0.473983

VERT 151
OFFSET -2.736262 -7.522001 52.290291
BONES 2
BONE 39 0.418890
BONE 13 0.581110

VERT 152
OFFSET -5.263783 -4.619157 51.877190
BONES 2
BONE 39 0.311667
BONE 13 0.688333

VERT 153
OFFSET -1.583761 -7.261647 51.655079
BONES 2
BONE 39 0.256284
BONE 13 0.743716

VERT 154
OFFSET -5.719328 -4.925548 52.115864
BONES 6
BONE 13 0.745547
BONE 39 0.254453
BONE 11 0.000000
BONE 6 0.000000
BONE 36 0.000000
BONE 61 0.000000

VERT 155
OFFSET -1.598423 -7.133067 51.195168
BONES 6
BONE 13 0.792564
BONE 39 0.207436
BONE 11 0.000000
BONE 6 0.000000
BONE 36 0.000000
BONE 61 0.000000

VERT 156
OFFSET -5.901114 -5.372326 52.275429
BONES 6
BONE 13 0.792564
BONE 39 0.207436
BONE 11 0.000000
BONE 6 0.000000
BONE 36 0.000000
BONE 61 0.000000

VERT 157
OFFSET -5.679790 -6.040670 52.582241
BONES 2
BONE 39 0.142781
BONE 13 0.857219

VERT 158
OFFSET -1.913261 -6.708513 50.798721
BONES 2
BONE 39 0.146179
BONE 13 0.853821

VERT 159
OFFSET -4.910881 -6.985335 52.417389
BONES 6
BONE 13 0.957773
BONE 39 0.042227
BONE 11 0.000000
BONE 6 0.000000
BONE 36 0.000000
BONE 61 0.000000

VERT 160
OFFSET -2.995745 -6.169837 50.491676
BONES 6
BONE 13 0.957773
BONE 39 0.042227
BONE 11 0.000000
BONE 6 0.000000
BONE 36 0.000000
BONE 61 0.000000

VERT 161
OFFSET -3.063564 -5.547403 51.775639
BONES 2
BONE 39 0.633157
BONE 13 0.366842

VERT 162
OFFSET -3.035267 -6.659943 52.076138
BONES 2
BONE 39 0.366563
BONE 13 0.633437

VERT 163
OFFSET -2.481508 -6.759048 51.307297
BONES 2
BONE 39 0.070466
BONE 13 0.929534

VERT 164
OFFSET -2.228802 -5.793528 51.051182
BONES 2
BONE 13 0.668514
BONE 39 0.331486

VERT 165
OFFSET -1.781435 -6.548735 51.082493
BONES 2
BONE 39 0.076542
BONE 13 0.923458

VERT 166
OFFSET -2.217417 -4.849139 52.162228
BONES 2
BONE 13 0.067202
BONE 39 0.932798

VERT 167
OFFSET -1.462966 -4.987001 51.424503
BONES 2
BONE 13 0.339068
BONE 39 0.660932

VERT 168
OFFSET -0.943811 -5.784597 51.412643
BONES 2
BONE 39 0.345623
BONE 13 0.654377

VERT 169
OFFSET -1.832547 -4.947118 52.305004
BONES 2
BONE 13 0.072262
BONE 39 0.927738

VERT 170
OFFSET -1.211692 -5.696845 52.102318
BONES 2
BONE 39 0.620911
BONE 13 0.379089

VERT 171
OFFSET -2.144121 -6.963644 51.442673
BONES 2
BONE 39 0.077533
BONE 13 0.922467

VERT 172
OFFSET -2.512094 -5.190277 52.403862
BONES 2
BONE 13 0.064554
BONE 39 0.935446

VERT 173
OFFSET -3.008270 -5.960397 52.569416
BONES 2
BONE 39 0.663158
BONE 13 0.336842

VERT 174
OFFSET 0.128974 -5.004603 51.078545
BONES 6
BONE 39 0.500000
BONE 13 0.500000
BONE 11 0.000000
BONE 6 0.000000
BONE 36 0.000000
BONE 61 0.000000

VERT 175
OFFSET -4.377951 -6.661455 52.534565
BONES 6
BONE 39 0.500000
BONE 13 0.500000
BONE 11 0.000000
BONE 6 0.000000
BONE 36 0.000000
BONE 61 0.000000

VERT 176
OFFSET -4.356920 -6.273146 51.940533
BONES 2
BONE 39 0.445516
BONE 13 0.554484

VERT 177
OFFSET 0.122445 -5.563922 51.552677
BONES 2
BONE 39 0.446797
BONE 13 0.553203

VERT 178
OFFSET -0.390372 -4.665666 50.729057
BONES 2
BONE 13 0.447555
BONE 39 0.552445

VERT 179
OFFSET -3.965196 -6.703677 52.960289
BONES 6
BONE 39 0.549265
BONE 13 0.450735
BONE 11 0.000000
BONE 6 0.000000
BONE 36 0.000000
BONE 61 0.000000

VERT 180
OFFSET -2.787030 -6.342862 53.340542
BONES 2
BONE 13 0.368817
BONE 39 0.631183

VERT 181
OFFSET -2.065322 -4.815262 50.871803
BONES 6
BONE 39 0.696501
BONE 13 0.303499
BONE 11 0.000000
BONE 6 0.000000
BONE 36 0.000000
BONE 61 0.000000

VERT 182
OFFSET -0.647462 -5.569760 52.648819
BONES 2
BONE 13 0.220268
BONE 39 0.779732

VERT 183
OFFSET -3.591896 -5.235188 51.517387
BONES 2
BONE 13 0.226440
BONE 39 0.773560

VERT 184
OFFSET -1.513567 -6.478516 52.716740
BONES 2
BONE 39 0.279486
BONE 13 0.720514

VERT 185
OFFSET -3.143727 -5.428521 51.082623
BONES 6
BONE 13 0.701120
BONE 39 0.298880
BONE 11 0.000000
BONE 6 0.000000
BONE 36 0.000000
BONE 61 0.000000

VERT 186
OFFSET -1.574797 -5.075173 50.543423
BONES 2
BONE 39 0.222485
BONE 13 0.777515

VERT 187
OFFSET -3.034722 -7.353018 52.629951
BONES 6
BONE 13 0.799269
BONE 39 0.200731
BONE 11 0.000000
BONE 6 0.000000
BONE 36 0.000000
BONE 61 0.000000

VERT 188
OFFSET -3.828940 -7.535913 52.426361
BONES 6
BONE 13 0.848611
BONE 39 0.151389
BONE 11 0.000000
BONE 6 0.000000
BONE 36 0.000000
BONE 61 0.000000

VERT 189
OFFSET -0.319200 -5.403032 50.322983
BONES 6
BONE 13 0.848611
BONE 39 0.151389
BONE 11 0.000000
BONE 6 0.000000
BONE 36 0.000000
BONE 61 0.000000

VERT 190
OFFSET -4.286053 -7.515704 52.019695
BONES 6
BONE 13 0.897760
BONE 39 0.102240
BONE 11 0.000000
BONE 6 0.000000
BONE 36 0.000000
BONE 61 0.000000

VERT 191
OFFSET 0.167041 -5.790936 50.480145
BONES 6
BONE 13 0.897760
BONE 39 0.102240
BONE 11 0.000000
BONE 6 0.000000
BONE 36 0.000000
BONE 61 0.000000

VERT 192
OFFSET 0.213488 -6.189817 50.890041
BONES 6
BONE 13 0.964707
BONE 39 0.035293
BONE 11 0.000000
BONE 6 0.000000
BONE 36 0.000000
BONE 61 0.000000

VERT 193
OFFSET -4.327867 -7.175282 51.570126
BONES 6
BONE 13 0.964707
BONE 39 0.035293
BONE 11 0.000000
BONE 6 0.000000
BONE 36 0.000000
BONE 61 0.000000

VERT 194
OFFSET -4.397910 -5.551953 52.497578
BONES 6
BONE 39 0.844075
BONE 13 0.155925
BONE 11 0.000000
BONE 6 0.000000
BONE 36 0.000000
BONE 61 0.000000

VERT 195
OFFSET 0.041854 -4.762411 52.032772
BONES 6
BONE 39 0.844075
BONE 13 0.155925
BONE 11 0.000000
BONE 6 0.000000
BONE 36 0.000000
BONE 61 0.000000

VERT 196
OFFSET -4.467599 -5.765081 53.074917
BONES 6
BONE 39 0.893141
BONE 13 0.106859
BONE 11 0.000000
BONE 6 0.000000
BONE 36 0.000000
BONE 61 0.000000

VERT 197
OFFSET 0.082300 -4.180140 51.705929
BONES 6
BONE 39 0.893141
BONE 13 0.106859
BONE 11 0.000000
BONE 6 0.000000
BONE 36 0.000000
BONE 61 0.000000

VERT 198
OFFSET -4.089726 -5.961389 53.428970
BONES 6
BONE 39 0.957787
BONE 13 0.042213
BONE 11 0.000000
BONE 6 0.000000
BONE 36 0.000000
BONE 61 0.000000

VERT 199
OFFSET -0.303188 -3.887715 51.417103
BONES 6
BONE 39 0.958055
BONE 13 0.041945
BONE 11 0.000000
