// Export time: Thu Nov 19 21:30:22 2020

// Exported using Blender v2.90.1
// Export filename: 'E:/blackops3/mod_xmodel/iw4/rfb/ch_head_gk_rfb_lod1.XMODEL_EXPORT'
// Source filename: 'E:/blackops3/mod_xmodel/iw4/rfb/rfb.blend'
MODEL
VERSION 6

NUMBONES 54
BONE 0 -1 "tag_origin"
BONE 1 0 "j_spineupper"
BONE 2 1 "j_neck"
BONE 3 2 "j_head"
BONE 4 3 "j_brow_le"
BONE 5 3 "j_brow_ri"
BONE 6 3 "j_browouter_le"
BONE 7 3 "j_browouter_ri"
BONE 8 3 "j_cheek_le"
BONE 9 3 "j_cheek_ri"
BONE 10 3 "j_cheeklower_le"
BONE 11 3 "j_cheeklower_ri"
BONE 12 3 "j_eye_lid_bot_le"
BONE 13 3 "j_eye_lid_bot_ri"
BONE 14 3 "j_eye_lid_top_le"
BONE 15 3 "j_eye_lid_top_ri"
BONE 16 3 "j_eyeball_le"
BONE 17 3 "j_eyeball_ri"
BONE 18 3 "j_head_end"
BONE 19 18 "j_helmet"
BONE 20 3 "j_jaw"
BONE 21 20 "j_chin_skinroll"
BONE 22 20 "j_lip_bot_le"
BONE 23 20 "j_lip_bot_ri"
BONE 24 3 "j_levator_le"
BONE 25 3 "j_levator_ri"
BONE 26 3 "j_lip_top_le"
BONE 27 3 "j_lip_top_ri"
BONE 28 3 "j_mouth_le"
BONE 29 3 "j_mouth_ri"
BONE 30 3 "j_nvg"
BONE 31 3 "tag_eye"
BONE 32 3 "MouthCavity"
BONE 33 3 "MouthMove"
BONE 34 3 "Eye_Rz_L"
BONE 35 34 "CheekUp2_L"
BONE 36 34 "Eye01_S_L"
BONE 37 34 "Eye02_S_L"
BONE 38 34 "Eye03_S_L"
BONE 39 34 "Eye04_S_L"
BONE 40 34 "Eye05_S_L"
BONE 41 34 "Eye06_S_L"
BONE 42 34 "Eye07_S_L"
BONE 43 34 "Eye08_S_L"
BONE 44 3 "Eye_Rz_R"
BONE 45 44 "CheekUp2_R"
BONE 46 44 "Eye01_S_R"
BONE 47 44 "Eye02_S_R"
BONE 48 44 "Eye03_S_R"
BONE 49 44 "Eye04_S_R"
BONE 50 44 "Eye05_S_R"
BONE 51 44 "Eye06_S_R"
BONE 52 44 "Eye07_S_R"
BONE 53 44 "Eye08_S_R"

BONE 0
OFFSET 0.000000 0.000000 0.000000
SCALE 1.000000 1.000000 1.000000
X 1.000000 0.000000 0.000000
Y 0.000000 1.000000 0.000000
Z 0.000000 0.000000 1.000000

BONE 1
OFFSET -2.587597 0.000203 45.605228
SCALE 1.000000 1.000000 1.000000
X 0.020425 -0.000062 0.999792
Y 0.999792 0.000062 -0.020425
Z -0.000060 1.000000 0.000064

BONE 2
OFFSET -2.813338 0.000000 53.071339
SCALE 1.000000 1.000000 1.000000
X 0.309745 -0.000047 0.950820
Y 0.950820 0.000075 -0.309746
Z -0.000057 1.000000 0.000068

BONE 3
OFFSET -2.813336 0.000000 55.449188
SCALE 1.000000 1.000000 1.000000
X 0.216382 -0.000044 0.976309
Y 0.976309 0.000072 -0.216382
Z -0.000060 1.000000 0.000059

BONE 4
OFFSET 0.961663 1.494350 59.295116
SCALE 1.000000 1.000000 1.000000
X 0.000656 1.000000 -0.000120
Y -0.998867 0.000649 -0.047589
Z -0.047589 0.000151 0.998867

BONE 5
OFFSET 0.971719 -1.518453 59.288960
SCALE 1.000000 1.000000 1.000000
X 0.000010 1.000000 0.000127
Y 0.998888 -0.000016 0.047154
Z 0.047154 0.000127 -0.998888

BONE 6
OFFSET 0.604411 2.426808 59.066589
SCALE 1.000000 1.000000 1.000000
X 0.000629 1.000000 -0.000124
Y -0.998871 0.000622 -0.047512
Z -0.047512 0.000154 0.998871

BONE 7
OFFSET 0.634265 -2.399246 59.072025
SCALE 1.000000 1.000000 1.000000
X 0.000035 1.000000 0.000126
Y 0.998896 -0.000041 0.046976
Z 0.046977 0.000125 -0.998896

BONE 8
OFFSET -0.515560 1.675743 57.512829
SCALE 1.000000 1.000000 1.000000
X 0.000648 0.999998 -0.000128
Y -0.998871 0.000641 -0.047505
Z -0.047505 0.000159 0.998871

BONE 9
OFFSET -0.533614 -1.608458 57.571171
SCALE 1.000000 1.000000 1.000000
X 0.000025 1.000000 0.000115
Y 0.998880 -0.000030 0.047332
Z 0.047332 0.000113 -0.998879

BONE 10
OFFSET -0.524620 1.505715 56.450272
SCALE 1.000000 1.000000 1.000000
X 0.170210 0.000001 0.985408
Y 0.985408 0.000006 -0.170211
Z -0.000006 1.000000 0.000000

BONE 11
OFFSET -0.484728 -1.503186 56.477303
SCALE 1.000000 1.000000 1.000000
X 0.170295 0.000001 0.985393
Y 0.985393 0.000017 -0.170295
Z -0.000017 1.000000 0.000002

BONE 12
OFFSET -0.747323 1.019596 58.005989
SCALE 1.000000 1.000000 1.000000
X -0.065615 0.997121 0.038041
Y -0.996944 -0.063888 -0.044963
Z -0.042404 -0.040874 0.998264

BONE 13
OFFSET -0.747039 -0.972709 58.000027
SCALE 1.000000 1.000000 1.000000
X 0.066598 0.997042 -0.038369
Y 0.996925 -0.064901 0.043910
Z 0.041290 -0.041175 -0.998299

BONE 14
OFFSET -0.746937 1.018692 58.072155
SCALE 1.000000 1.000000 1.000000
X -0.065485 0.997130 0.037977
Y -0.996960 -0.063768 -0.044787
Z -0.042237 -0.040795 0.998275

BONE 15
OFFSET -0.746373 -0.973924 58.060207
SCALE 1.000000 1.000000 1.000000
X 0.066551 0.997046 -0.038355
Y 0.996943 -0.064868 0.043565
Z 0.040949 -0.041137 -0.998314

BONE 16
OFFSET -2.198066 0.951250 57.896103
SCALE 1.000000 1.000000 1.000000
X -0.205900 0.978522 -0.010094
Y -0.977368 -0.206147 -0.047499
Z -0.048560 0.000086 0.998821

BONE 17
OFFSET -2.198063 -0.950144 57.896103
SCALE 1.000000 1.000000 1.000000
X 0.207727 0.978138 0.009801
Y 0.977076 -0.207958 0.045575
Z 0.046617 0.000109 -0.998913

BONE 18
OFFSET -2.622388 0.000046 60.528259
SCALE 1.000000 1.000000 1.000000
X 0.170212 0.000016 0.985408
Y 0.985408 -0.000000 -0.170212
Z -0.000002 1.000000 -0.000016

BONE 19
OFFSET -3.500632 0.000049 61.630131
SCALE 1.000000 1.000000 1.000000
X 0.995878 -0.000051 0.090711
Y 0.000067 1.000000 -0.000176
Z -0.090711 0.000182 0.995878

BONE 20
OFFSET -2.368209 0.000470 55.764557
SCALE 1.000000 1.000000 1.000000
X 0.000648 0.999999 -0.000098
Y -0.998854 0.000643 -0.047855
Z -0.047855 0.000129 0.998854

BONE 21
OFFSET 0.312057 -0.001421 54.180862
SCALE 1.000000 1.000000 1.000000
X 0.000648 0.999999 -0.000104
Y -0.998867 0.000642 -0.047590
Z -0.047590 0.000135 0.998867

BONE 22
OFFSET 0.425704 0.264231 55.680286
SCALE 1.000000 1.000000 1.000000
X 0.000646 0.999999 -0.000085
Y -0.998867 0.000641 -0.047593
Z -0.047593 0.000116 0.998867

BONE 23
OFFSET 0.425704 -0.263125 55.680286
SCALE 1.000000 1.000000 1.000000
X 0.000346 1.000000 0.000051
Y 0.998863 -0.000128 0.047677
Z 0.047042 0.000035 -0.998893

BONE 24
OFFSET 0.225910 0.503986 57.208504
SCALE 1.000000 1.000000 1.000000
X 0.000646 0.999997 -0.000080
Y -0.998863 0.000641 -0.047680
Z -0.047680 0.000110 0.998863

BONE 25
OFFSET 0.248013 -0.484271 57.213547
SCALE 1.000000 1.000000 1.000000
X 0.000015 1.000000 0.000104
Y 0.998884 -0.000020 0.047249
Z 0.047249 0.000103 -0.998883

BONE 26
OFFSET 0.510547 0.264231 55.867428
SCALE 1.000000 1.000000 1.000000
X 0.000647 1.000000 -0.000090
Y -0.998859 0.000643 -0.047767
Z -0.047767 0.000121 0.998859

BONE 27
OFFSET 0.510547 -0.263125 55.867428
SCALE 1.000000 1.000000 1.000000
X 0.000009 1.000000 0.000138
Y 0.998892 -0.000016 0.047067
Z 0.047067 0.000137 -0.998892

BONE 28
OFFSET 0.365252 0.534572 55.800407
SCALE 1.000000 1.000000 1.000000
X 0.000651 0.999996 -0.000118
Y -0.998863 0.000644 -0.047679
Z -0.047679 0.000149 0.998863

BONE 29
OFFSET 0.365253 -0.533466 55.800404
SCALE 1.000000 1.000000 1.000000
X 0.000014 1.000000 0.000136
Y 0.998888 -0.000021 0.047154
Z 0.047154 0.000135 -0.998888

BONE 30
OFFSET 1.577945 0.000049 59.762508
SCALE 1.000000 1.000000 1.000000
X 0.985414 -0.000006 -0.170176
Y -0.170176 0.000000 -0.985414
Z 0.000006 1.000000 -0.000001

BONE 31
OFFSET -0.159657 0.000473 57.868309
SCALE 1.000000 1.000000 1.000000
X 0.922506 -0.000046 0.385983
Y 0.000050 1.000000 0.000000
Z -0.385984 0.000019 0.922506

BONE 32
OFFSET -0.477473 0.000001 55.778236
SCALE 1.000000 1.000000 1.000000
X -0.000000 1.000000 0.000000
Y 0.000000 -0.000000 1.000000
Z 1.000000 0.000000 -0.000000

BONE 33
OFFSET 0.489446 0.000001 55.778236
SCALE 1.000000 1.000000 1.000000
X -0.000000 1.000000 0.000000
Y -0.000000 -0.000000 1.000000
Z 1.000000 0.000000 -0.000000

BONE 34
OFFSET -0.616830 1.564222 58.072998
SCALE 1.000000 1.000000 1.000000
X -0.000000 1.000000 -0.000000
Y -0.000000 0.000000 1.000000
Z 1.000000 0.000000 -0.000000

BONE 35
OFFSET -1.245550 1.596686 57.103943
SCALE 1.000000 1.000000 1.000000
X -0.000000 1.000000 -0.000000
Y -0.000000 -0.000000 1.000000
Z 1.000000 0.000000 -0.000000

BONE 36
OFFSET 0.188365 0.843063 57.866096
SCALE 1.000000 1.000000 1.000000
X -0.000000 1.000000 -0.000000
Y -0.000000 -0.000000 1.000000
Z 1.000000 0.000000 -0.000000

BONE 37
OFFSET 0.223389 1.114837 58.304245
SCALE 1.000000 1.000000 1.000000
X -0.000000 1.000000 -0.000000
Y -0.000000 0.000000 1.000000
Z 1.000000 0.000000 -0.000000

BONE 38
OFFSET 0.203488 1.666949 58.588615
SCALE 1.000000 1.000000 1.000000
X -0.000000 1.000000 -0.000000
Y -0.000000 -0.000000 1.000000
Z 1.000000 0.000000 -0.000000

BONE 39
OFFSET -0.001520 2.139488 58.355019
SCALE 1.000000 1.000000 1.000000
X -0.000000 1.000000 -0.000000
Y 0.000000 0.000000 1.000000
Z 1.000000 0.000000 -0.000000

BONE 40
OFFSET -0.297970 2.449711 57.797260
SCALE 1.000000 1.000000 1.000000
X -0.000000 1.000000 -0.000000
Y -0.000000 -0.000000 1.000000
Z 1.000000 0.000000 -0.000000

BONE 41
OFFSET -0.334876 2.220739 57.428452
SCALE 1.000000 1.000000 1.000000
X -0.000000 1.000000 -0.000000
Y 0.000000 -0.000000 1.000000
Z 1.000000 0.000000 -0.000000

BONE 42
OFFSET -0.143701 1.612575 57.208260
SCALE 1.000000 1.000000 1.000000
X -0.000000 1.000000 -0.000000
Y 0.000000 -0.000000 1.000000
Z 1.000000 0.000000 -0.000000

BONE 43
OFFSET 0.045575 1.027605 57.339680
SCALE 1.000000 1.000000 1.000000
X -0.000000 1.000000 -0.000000
Y 0.000000 -0.000000 1.000000
Z 1.000000 0.000000 -0.000000

BONE 44
OFFSET -0.616830 -1.564495 58.073055
SCALE 1.000000 1.000000 1.000000
X -0.000000 1.000000 -0.000000
Y -0.000000 0.000000 1.000000
Z 1.000000 0.000000 -0.000000

BONE 45
OFFSET -1.245550 -1.596959 57.103996
SCALE 1.000000 1.000000 1.000000
X -0.000000 1.000000 -0.000000
Y 0.000000 -0.000000 1.000000
Z 1.000000 0.000000 -0.000000

BONE 46
OFFSET 0.186593 -0.842909 57.865089
SCALE 1.000000 1.000000 1.000000
X -0.000000 1.000000 -0.000000
Y 0.000000 -0.000000 1.000000
Z 1.000000 0.000000 -0.000000

BONE 47
OFFSET 0.223452 -1.114229 58.304802
SCALE 1.000000 1.000000 1.000000
X -0.000000 1.000000 -0.000000
Y -0.000000 0.000000 1.000000
Z 1.000000 0.000000 -0.000000

BONE 48
OFFSET 0.212019 -1.619684 58.580441
SCALE 1.000000 1.000000 1.000000
X -0.000000 1.000000 -0.000000
Y 0.000000 -0.000000 1.000000
Z 1.000000 0.000000 -0.000000

BONE 49
OFFSET -0.000103 -2.140437 58.355732
SCALE 1.000000 1.000000 1.000000
X -0.000000 1.000000 -0.000000
Y -0.000000 0.000000 1.000000
Z 1.000000 0.000000 -0.000000

BONE 50
OFFSET -0.297968 -2.451402 57.797600
SCALE 1.000000 1.000000 1.000000
X -0.000000 1.000000 -0.000000
Y -0.000000 -0.000000 1.000000
Z 1.000000 0.000000 -0.000000

BONE 51
OFFSET -0.334355 -2.220215 57.428555
SCALE 1.000000 1.000000 1.000000
X -0.000000 1.000000 -0.000000
Y -0.000000 0.000000 1.000000
Z 1.000000 0.000000 -0.000000

BONE 52
OFFSET -0.144479 -1.611990 57.208626
SCALE 1.000000 1.000000 1.000000
X -0.000000 1.000000 -0.000000
Y 0.000000 -0.000000 1.000000
Z 1.000000 0.000000 -0.000000

BONE 53
OFFSET 0.041439 -1.029186 57.329502
SCALE 1.000000 1.000000 1.000000
X -0.000000 1.000000 -0.000000
Y 0.000000 0.000000 1.000000
Z 1.000000 0.000000 -0.000000


NUMVERTS 4672
VERT 0
OFFSET -2.895293 3.297857 58.111145
BONES 1
BONE 3 1.000000

VERT 1
OFFSET -2.810022 3.300993 58.166138
BONES 1
BONE 3 1.000000

VERT 2
OFFSET -2.827688 3.153384 58.222137
BONES 1
BONE 3 1.000000

VERT 3
OFFSET -2.980133 3.309266 58.055470
BONES 1
BONE 3 1.000000

VERT 4
OFFSET -3.057676 3.288098 57.957504
BONES 1
BONE 3 1.000000

VERT 5
OFFSET -3.133694 3.285491 57.859516
BONES 1
BONE 3 1.000000

VERT 6
OFFSET -3.146739 3.223461 57.733719
BONES 1
BONE 3 1.000000

VERT 7
OFFSET -3.157241 3.182397 57.608665
BONES 1
BONE 3 1.000000

VERT 8
OFFSET -3.167674 3.412776 57.553566
BONES 1
BONE 3 1.000000

VERT 9
OFFSET -2.643620 3.268949 58.214138
BONES 1
BONE 3 1.000000

VERT 10
OFFSET -2.668681 3.116716 58.245842
BONES 1
BONE 3 1.000000

VERT 11
OFFSET -2.795153 3.452332 58.185802
BONES 1
BONE 3 1.000000

VERT 12
OFFSET -2.877534 3.465826 58.114628
BONES 1
BONE 3 1.000000

VERT 13
OFFSET -2.934736 3.717154 58.275608
BONES 1
BONE 3 1.000000

VERT 14
OFFSET -2.509862 3.111476 58.265736
BONES 1
BONE 3 1.000000

VERT 15
OFFSET -2.510055 3.344033 58.332043
BONES 1
BONE 3 1.000000

VERT 16
OFFSET -2.371884 3.261748 58.289799
BONES 1
BONE 3 1.000000

VERT 17
OFFSET -2.628554 3.390440 58.258633
BONES 1
BONE 3 1.000000

VERT 18
OFFSET -2.775807 3.662312 58.346371
BONES 1
BONE 3 1.000000

VERT 19
OFFSET -2.592647 3.557143 58.364807
BONES 1
BONE 3 1.000000

VERT 20
OFFSET -2.557764 3.679870 58.364342
BONES 1
BONE 3 1.000000

VERT 21
OFFSET -2.449289 3.599620 58.338703
BONES 1
BONE 3 1.000000

VERT 22
OFFSET -2.344672 3.462523 58.299469
BONES 1
BONE 3 1.000000

VERT 23
OFFSET -2.366688 3.560377 58.244396
BONES 1
BONE 3 1.000000

VERT 24
OFFSET -2.315079 3.099893 58.204517
BONES 1
BONE 3 1.000000

VERT 25
OFFSET -2.233403 3.187353 58.225281
BONES 1
BONE 3 1.000000

VERT 26
OFFSET -2.120500 3.089882 58.143158
BONES 1
BONE 3 1.000000

VERT 27
OFFSET -2.241795 3.339994 58.227158
BONES 1
BONE 3 1.000000

VERT 28
OFFSET -2.155931 3.192209 58.140404
BONES 1
BONE 3 1.000000

VERT 29
OFFSET -1.986577 3.010846 57.997536
BONES 2
BONE 3 0.986112
BONE 35 0.013888

VERT 30
OFFSET -2.091146 3.063779 57.974773
BONES 1
BONE 3 1.000000

VERT 31
OFFSET -2.199901 3.322165 58.105343
BONES 1
BONE 3 1.000000

VERT 32
OFFSET -2.255391 3.248735 57.912178
BONES 1
BONE 3 1.000000

VERT 33
OFFSET -2.224572 3.159340 57.742596
BONES 1
BONE 3 1.000000

VERT 34
OFFSET -2.035009 2.982033 57.787754
BONES 2
BONE 3 0.984168
BONE 35 0.015832

VERT 35
OFFSET -2.326120 3.434068 58.055225
BONES 1
BONE 3 1.000000

VERT 36
OFFSET -2.381763 3.395554 58.012753
BONES 1
BONE 3 1.000000

VERT 37
OFFSET -2.322043 3.224916 57.828400
BONES 1
BONE 3 1.000000

VERT 38
OFFSET -2.328346 3.297725 57.889790
BONES 1
BONE 3 1.000000

VERT 39
OFFSET -2.301136 3.159136 57.715759
BONES 1
BONE 3 1.000000

VERT 40
OFFSET -2.238088 3.087441 57.616180
BONES 1
BONE 3 1.000000

VERT 41
OFFSET -2.321388 3.055423 57.590046
BONES 1
BONE 3 1.000000

VERT 42
OFFSET -2.325442 3.117163 57.703690
BONES 1
BONE 3 1.000000

VERT 43
OFFSET -2.333792 3.008898 57.592815
BONES 1
BONE 3 1.000000

VERT 44
OFFSET -2.570204 3.130841 57.732548
BONES 1
BONE 3 1.000000

VERT 45
OFFSET -2.446445 3.183005 57.780273
BONES 1
BONE 3 1.000000

VERT 46
OFFSET -2.557775 3.250933 57.723412
BONES 1
BONE 3 1.000000

VERT 47
OFFSET -2.399264 3.079604 57.447529
BONES 1
BONE 3 1.000000

VERT 48
OFFSET -2.428805 3.002327 57.463039
BONES 1
BONE 3 1.000000

VERT 49
OFFSET -2.421924 2.928415 57.460835
BONES 1
BONE 3 1.000000

VERT 50
OFFSET -2.261144 2.992352 57.454151
BONES 1
BONE 3 1.000000

VERT 51
OFFSET -2.414784 2.968930 57.301498
BONES 1
BONE 3 1.000000

VERT 52
OFFSET -2.285987 2.878628 57.301079
BONES 2
BONE 3 0.981717
BONE 35 0.018283

VERT 53
OFFSET -2.406116 2.903049 57.172359
BONES 1
BONE 3 1.000000

VERT 54
OFFSET -2.308201 2.795352 57.132587
BONES 1
BONE 3 1.000000

VERT 55
OFFSET -2.203169 2.640054 57.141579
BONES 2
BONE 35 0.059794
BONE 3 0.940206

VERT 56
OFFSET -2.102239 2.889501 57.445732
BONES 2
BONE 3 0.977975
BONE 35 0.022025

VERT 57
OFFSET -2.259776 2.587989 56.989826
BONES 2
BONE 3 0.966260
BONE 35 0.033740

VERT 58
OFFSET -2.316487 2.731907 56.917072
BONES 1
BONE 3 1.000000

VERT 59
OFFSET -2.448087 2.908752 56.893688
BONES 1
BONE 3 1.000000

VERT 60
OFFSET -2.415579 2.928606 57.295540
BONES 1
BONE 3 1.000000

VERT 61
OFFSET -2.666954 2.984404 57.226948
BONES 1
BONE 3 1.000000

VERT 62
OFFSET -2.667475 2.988218 57.333267
BONES 1
BONE 3 1.000000

VERT 63
OFFSET -2.658551 3.025137 56.916054
BONES 1
BONE 3 1.000000

VERT 64
OFFSET -2.697284 3.079269 57.112156
BONES 1
BONE 3 1.000000

VERT 65
OFFSET -2.465260 2.916222 56.743664
BONES 1
BONE 3 1.000000

VERT 66
OFFSET -2.342831 2.645787 56.732918
BONES 1
BONE 3 1.000000

VERT 67
OFFSET -2.520294 2.904903 56.639778
BONES 1
BONE 3 1.000000

VERT 68
OFFSET -2.395915 2.755244 56.614758
BONES 1
BONE 3 1.000000

VERT 69
OFFSET -2.492727 2.815593 56.570629
BONES 1
BONE 3 1.000000

VERT 70
OFFSET -2.487491 2.697906 56.563717
BONES 1
BONE 3 1.000000

VERT 71
OFFSET -2.587976 2.874284 56.579811
BONES 1
BONE 3 1.000000

VERT 72
OFFSET -2.639235 2.819468 56.601231
BONES 1
BONE 3 1.000000

VERT 73
OFFSET -2.505539 2.603200 56.586121
BONES 1
BONE 3 1.000000

VERT 74
OFFSET -2.674683 2.672252 56.659630
BONES 1
BONE 3 1.000000

VERT 75
OFFSET -2.759805 3.062443 56.682358
BONES 1
BONE 3 1.000000

VERT 76
OFFSET -2.702538 3.048185 56.787285
BONES 1
BONE 3 1.000000

VERT 77
OFFSET -2.810921 2.959642 56.707966
BONES 1
BONE 3 1.000000

VERT 78
OFFSET -2.853100 2.805956 56.781227
BONES 1
BONE 3 1.000000

VERT 79
OFFSET -3.032351 3.190910 56.912842
BONES 1
BONE 3 1.000000

VERT 80
OFFSET -3.006736 2.954953 56.996140
BONES 1
BONE 3 1.000000

VERT 81
OFFSET -2.935717 2.460609 56.891449
BONES 1
BONE 3 1.000000

VERT 82
OFFSET -3.085627 2.586170 57.090279
BONES 1
BONE 3 1.000000

VERT 83
OFFSET -3.085128 3.109147 57.153938
BONES 1
BONE 3 1.000000

VERT 84
OFFSET -3.005891 3.313751 56.901512
BONES 1
BONE 3 1.000000

VERT 85
OFFSET -2.973575 3.312237 56.946587
BONES 1
BONE 3 1.000000

VERT 86
OFFSET -3.074026 3.463402 57.093197
BONES 1
BONE 3 1.000000

VERT 87
OFFSET -3.163918 3.363330 57.084187
BONES 1
BONE 3 1.000000

VERT 88
OFFSET -2.888873 3.252056 56.986446
BONES 1
BONE 3 1.000000

VERT 89
OFFSET -2.998808 3.373967 57.120892
BONES 1
BONE 3 1.000000

VERT 90
OFFSET -2.945842 3.365460 57.124111
BONES 1
BONE 3 1.000000

VERT 91
OFFSET -2.755746 3.210217 57.023853
BONES 1
BONE 3 1.000000

VERT 92
OFFSET -2.792304 3.311181 57.155113
BONES 1
BONE 3 1.000000

VERT 93
OFFSET -2.752365 3.170211 57.224045
BONES 1
BONE 3 1.000000

VERT 94
OFFSET -3.080740 3.473078 57.253731
BONES 1
BONE 3 1.000000

VERT 95
OFFSET -2.983925 3.455554 57.260170
BONES 1
BONE 3 1.000000

VERT 96
OFFSET -2.892876 3.356953 57.127331
BONES 1
BONE 3 1.000000

VERT 97
OFFSET -2.827235 3.384459 57.284534
BONES 1
BONE 3 1.000000

VERT 98
OFFSET -2.807447 3.261151 57.335926
BONES 1
BONE 3 1.000000

VERT 99
OFFSET -2.831323 3.440197 57.493904
BONES 1
BONE 3 1.000000

VERT 100
OFFSET -2.779379 3.324687 57.553703
BONES 1
BONE 3 1.000000

VERT 101
OFFSET -2.766246 3.442222 57.579891
BONES 1
BONE 3 1.000000

VERT 102
OFFSET -2.896196 3.490617 57.468662
BONES 1
BONE 3 1.000000

VERT 103
OFFSET -2.856017 3.510505 57.549507
BONES 1
BONE 3 1.000000

VERT 104
OFFSET -2.950631 3.549472 57.535446
BONES 1
BONE 3 1.000000

VERT 105
OFFSET -2.960369 3.520458 57.454033
BONES 1
BONE 3 1.000000

VERT 106
OFFSET -2.886463 3.427009 57.265873
BONES 1
BONE 3 1.000000

VERT 107
OFFSET -2.667997 2.992031 57.439587
BONES 1
BONE 3 1.000000

VERT 108
OFFSET -2.638659 3.033674 57.527477
BONES 1
BONE 3 1.000000

VERT 109
OFFSET -2.604431 3.082258 57.630013
BONES 1
BONE 3 1.000000

VERT 110
OFFSET -2.712898 3.302562 57.604622
BONES 1
BONE 3 1.000000

VERT 111
OFFSET -2.702256 3.433973 57.641563
BONES 1
BONE 3 1.000000

VERT 112
OFFSET -2.790128 3.519010 57.629940
BONES 1
BONE 3 1.000000

VERT 113
OFFSET -2.632774 3.418652 57.706696
BONES 1
BONE 3 1.000000

VERT 114
OFFSET -2.721689 3.515395 57.696617
BONES 1
BONE 3 1.000000

VERT 115
OFFSET -2.818652 3.577845 57.689034
BONES 1
BONE 3 1.000000

VERT 116
OFFSET -2.635337 3.276747 57.664017
BONES 1
BONE 3 1.000000

VERT 117
OFFSET -2.562943 3.397389 57.771431
BONES 1
BONE 3 1.000000

VERT 118
OFFSET -2.647376 3.501923 57.765133
BONES 1
BONE 3 1.000000

VERT 119
OFFSET -2.753722 3.575561 57.759624
BONES 1
BONE 3 1.000000

VERT 120
OFFSET -2.855490 3.599246 57.742256
BONES 1
BONE 3 1.000000

VERT 121
OFFSET -2.931290 3.591619 57.654259
BONES 1
BONE 3 1.000000

VERT 122
OFFSET -2.681692 3.559902 57.836792
BONES 1
BONE 3 1.000000

VERT 123
OFFSET -2.796614 3.595120 57.820946
BONES 1
BONE 3 1.000000

VERT 124
OFFSET -2.891663 3.609334 57.794727
BONES 1
BONE 3 1.000000

VERT 125
OFFSET -2.843273 3.606251 57.874687
BONES 1
BONE 3 1.000000

VERT 126
OFFSET -2.970132 3.610641 57.692284
BONES 1
BONE 3 1.000000

VERT 127
OFFSET -3.035741 3.603022 57.587460
BONES 1
BONE 3 1.000000

VERT 128
OFFSET -2.938436 3.653051 57.858944
BONES 1
BONE 3 1.000000

VERT 129
OFFSET -2.886563 3.646331 57.946041
BONES 1
BONE 3 1.000000

VERT 130
OFFSET -3.001627 3.664423 57.944695
BONES 1
BONE 3 1.000000

VERT 131
OFFSET -3.090459 3.654289 57.777416
BONES 1
BONE 3 1.000000

VERT 132
OFFSET -3.129982 3.645659 57.631237
BONES 1
BONE 3 1.000000

VERT 133
OFFSET -3.125209 3.676276 57.623371
BONES 1
BONE 3 1.000000

VERT 134
OFFSET -3.097067 3.705985 57.799305
BONES 1
BONE 3 1.000000

VERT 135
OFFSET -3.106368 3.699814 57.605587
BONES 1
BONE 3 1.000000

VERT 136
OFFSET -3.133371 3.635660 57.457436
BONES 1
BONE 3 1.000000

VERT 137
OFFSET -3.081871 3.566458 57.445881
BONES 1
BONE 3 1.000000

VERT 138
OFFSET -2.992249 3.581017 57.567364
BONES 1
BONE 3 1.000000

VERT 139
OFFSET -3.135867 3.687042 57.452095
BONES 1
BONE 3 1.000000

VERT 140
OFFSET -3.117529 3.568202 57.236538
BONES 1
BONE 3 1.000000

VERT 141
OFFSET -3.023699 3.542136 57.448727
BONES 1
BONE 3 1.000000

VERT 142
OFFSET -3.209379 3.564419 57.239704
BONES 1
BONE 3 1.000000

VERT 143
OFFSET -2.894315 3.570769 57.614185
BONES 1
BONE 3 1.000000

VERT 144
OFFSET -3.058084 3.768071 57.786961
BONES 1
BONE 3 1.000000

VERT 145
OFFSET -3.135042 3.755325 57.594532
BONES 1
BONE 3 1.000000

VERT 146
OFFSET -3.103033 3.833060 57.797314
BONES 1
BONE 3 1.000000

VERT 147
OFFSET -3.224656 3.767469 57.610592
BONES 1
BONE 3 1.000000

VERT 148
OFFSET -3.232427 3.708361 57.475986
BONES 1
BONE 3 1.000000

VERT 149
OFFSET -3.270355 3.610616 57.510807
BONES 1
BONE 3 1.000000

VERT 150
OFFSET -3.264445 3.662769 57.678825
BONES 1
BONE 3 1.000000

VERT 151
OFFSET -3.178080 3.842139 57.836830
BONES 1
BONE 3 1.000000

VERT 152
OFFSET -3.236532 3.711572 57.899502
BONES 1
BONE 3 1.000000

VERT 153
OFFSET -3.096646 3.476221 57.804195
BONES 1
BONE 3 1.000000

VERT 154
OFFSET -3.032259 3.470032 57.917130
BONES 1
BONE 3 1.000000

VERT 155
OFFSET -3.119872 3.865479 57.974270
BONES 1
BONE 3 1.000000

VERT 156
OFFSET -3.030269 3.855114 57.938118
BONES 1
BONE 3 1.000000

VERT 157
OFFSET -2.972966 3.784491 57.919857
BONES 1
BONE 3 1.000000

VERT 158
OFFSET -3.135725 3.446780 57.672623
BONES 1
BONE 3 1.000000

VERT 159
OFFSET -3.236717 3.487905 57.252155
BONES 1
BONE 3 1.000000

VERT 160
OFFSET -3.158621 3.259047 57.300991
BONES 1
BONE 3 1.000000

VERT 161
OFFSET -3.135467 3.470325 57.072773
BONES 1
BONE 3 1.000000

VERT 162
OFFSET -3.141641 3.029147 57.346180
BONES 1
BONE 3 1.000000

VERT 163
OFFSET -3.228438 2.774102 57.384460
BONES 1
BONE 3 1.000000

VERT 164
OFFSET -3.104960 2.913375 57.166733
BONES 1
BONE 3 1.000000

VERT 165
OFFSET -2.959817 3.479236 58.043568
BONES 1
BONE 3 1.000000

VERT 166
OFFSET -3.186723 3.725540 58.023697
BONES 1
BONE 3 1.000000

VERT 167
OFFSET -3.062378 3.736570 58.170410
BONES 1
BONE 3 1.000000

VERT 168
OFFSET -3.013912 3.862427 58.137051
BONES 1
BONE 3 1.000000

VERT 169
OFFSET -2.869928 3.823494 58.264198
BONES 1
BONE 3 1.000000

VERT 170
OFFSET -2.929930 3.853255 58.078468
BONES 1
BONE 3 1.000000

VERT 171
OFFSET -2.890114 3.788291 58.016747
BONES 1
BONE 3 1.000000

VERT 172
OFFSET -2.788283 3.779525 58.114288
BONES 1
BONE 3 1.000000

VERT 173
OFFSET -2.820537 3.831373 58.188126
BONES 1
BONE 3 1.000000

VERT 174
OFFSET -2.838131 3.694612 58.132717
BONES 1
BONE 3 1.000000

VERT 175
OFFSET -2.951262 3.708476 58.047489
BONES 1
BONE 3 1.000000

VERT 176
OFFSET -2.723337 3.657844 58.184078
BONES 1
BONE 3 1.000000

VERT 177
OFFSET -2.856988 3.658574 58.112946
BONES 1
BONE 3 1.000000

VERT 178
OFFSET -2.946014 3.661598 58.019794
BONES 1
BONE 3 1.000000

VERT 179
OFFSET -2.815280 3.630350 58.040085
BONES 1
BONE 3 1.000000

VERT 180
OFFSET -2.725137 3.616301 58.118561
BONES 1
BONE 3 1.000000

VERT 181
OFFSET -2.701522 3.573169 58.036129
BONES 1
BONE 3 1.000000

VERT 182
OFFSET -2.605696 3.543203 58.096859
BONES 1
BONE 3 1.000000

VERT 183
OFFSET -2.647928 3.549297 57.971470
BONES 1
BONE 3 1.000000

VERT 184
OFFSET -2.724008 3.576126 57.905830
BONES 1
BONE 3 1.000000

VERT 185
OFFSET -2.602879 3.516560 57.901619
BONES 1
BONE 3 1.000000

VERT 186
OFFSET -2.559543 3.509821 58.037876
BONES 1
BONE 3 1.000000

VERT 187
OFFSET -2.541841 3.534069 58.175972
BONES 1
BONE 3 1.000000

VERT 188
OFFSET -2.613227 3.571055 58.178543
BONES 1
BONE 3 1.000000

VERT 189
OFFSET -2.616455 3.582991 58.213554
BONES 1
BONE 3 1.000000

VERT 190
OFFSET -2.567786 3.681526 58.221256
BONES 1
BONE 3 1.000000

VERT 191
OFFSET -2.501922 3.626536 58.201069
BONES 1
BONE 3 1.000000

VERT 192
OFFSET -2.453837 3.582076 58.167961
BONES 1
BONE 3 1.000000

VERT 193
OFFSET -2.445788 3.453583 58.109467
BONES 1
BONE 3 1.000000

VERT 194
OFFSET -2.405360 3.530937 58.134411
BONES 1
BONE 3 1.000000

VERT 195
OFFSET -2.291386 3.479341 58.184303
BONES 1
BONE 3 1.000000

VERT 196
OFFSET -2.442461 3.641961 58.288029
BONES 1
BONE 3 1.000000

VERT 197
OFFSET -2.538785 3.708136 58.318333
BONES 1
BONE 3 1.000000

VERT 198
OFFSET -2.692587 3.781158 58.282948
BONES 1
BONE 3 1.000000

VERT 199
OFFSET -2.677380 3.742230 58.187519
BONES 1
BONE 3 1.000000

VERT 200
OFFSET -2.721361 3.760676 58.340656
BONES 1
BONE 3 1.000000

VERT 201
OFFSET -2.495134 3.461583 57.953800
BONES 1
BONE 3 1.000000

VERT 202
OFFSET -2.452384 3.396837 57.860237
BONES 1
BONE 3 1.000000

VERT 203
OFFSET -2.574550 3.466416 57.829460
BONES 1
BONE 3 1.000000

VERT 204
OFFSET -2.445923 3.351141 57.830482
BONES 1
BONE 3 1.000000

VERT 205
OFFSET -2.442814 3.316278 57.799717
BONES 1
BONE 3 1.000000

VERT 206
OFFSET -2.440230 3.243051 57.775703
BONES 1
BONE 3 1.000000

VERT 207
OFFSET -2.777725 3.596173 57.967304
BONES 1
BONE 3 1.000000

VERT 208
OFFSET -3.044098 3.712125 57.951706
BONES 1
BONE 3 1.000000

VERT 209
OFFSET -2.430000 2.530509 56.656597
BONES 1
BONE 3 1.000000

VERT 210
OFFSET -2.476765 2.487446 56.627838
BONES 1
BONE 3 1.000000

VERT 211
OFFSET -0.120197 0.110946 55.223759
BONES 2
BONE 32 0.800000
BONE 3 0.200000

VERT 212
OFFSET -0.118126 0.221892 55.262333
BONES 2
BONE 32 0.800000
BONE 3 0.200000

VERT 213
OFFSET -0.111632 0.394632 55.358433
BONES 2
BONE 32 0.800000
BONE 3 0.200000

VERT 214
OFFSET -0.442935 0.266521 55.150803
BONES 2
BONE 32 0.900000
BONE 3 0.100000

VERT 215
OFFSET -0.447572 0.133261 55.093376
BONES 2
BONE 32 0.900000
BONE 3 0.100000

VERT 216
OFFSET -0.430335 0.456684 55.236115
BONES 2
BONE 32 0.900000
BONE 3 0.100000

VERT 217
OFFSET -0.409158 0.636121 55.406368
BONES 2
BONE 32 0.900000
BONE 3 0.100000

VERT 218
OFFSET -0.092631 0.574466 55.483055
BONES 2
BONE 32 0.800000
BONE 3 0.200000

VERT 219
OFFSET 0.019362 0.728798 55.743053
BONES 2
BONE 32 1.000000
BONE 3 0.000000

VERT 220
OFFSET 0.337530 0.395127 55.766296
BONES 8
BONE 32 0.072884
BONE 28 0.202210
BONE 33 0.511383
BONE 22 0.213523
BONE 26 0.000000
BONE 29 0.000000
BONE 23 0.000000
BONE 27 0.000000

VERT 221
OFFSET -0.292330 0.772914 55.784790
BONES 2
BONE 32 1.000000
BONE 3 0.000000

VERT 222
OFFSET 0.082590 0.712874 55.893192
BONES 2
BONE 32 1.000000
BONE 3 0.000000

VERT 223
OFFSET 0.318791 0.484965 55.826038
BONES 8
BONE 32 0.132150
BONE 28 0.251968
BONE 33 0.513267
BONE 26 0.102615
BONE 22 0.000000
BONE 29 0.000000
BONE 23 0.000000
BONE 27 0.000000

VERT 224
OFFSET -0.575989 0.737943 55.720814
BONES 2
BONE 32 1.000000
BONE 3 0.000000

VERT 225
OFFSET -0.381851 0.620988 56.092758
BONES 2
BONE 32 1.000000
BONE 3 0.000000

VERT 226
OFFSET -0.688891 0.561694 55.969948
BONES 2
BONE 32 1.000000
BONE 3 0.000000

VERT 227
OFFSET -0.384111 0.484696 56.305462
BONES 2
BONE 32 1.000000
BONE 3 0.000000

VERT 228
OFFSET 0.022095 0.472015 56.263214
BONES 2
BONE 32 1.000000
BONE 3 0.000000

VERT 229
OFFSET -0.075931 0.641276 56.127949
BONES 2
BONE 32 1.000000
BONE 3 0.000000

VERT 230
OFFSET 0.201267 0.611183 56.139381
BONES 2
BONE 32 1.000000
BONE 3 0.000000

VERT 231
OFFSET 0.253458 0.553954 56.186661
BONES 2
BONE 32 1.000000
BONE 3 0.000000

VERT 232
OFFSET 0.109520 0.306787 56.402275
BONES 2
BONE 32 1.000000
BONE 3 0.000000

VERT 233
OFFSET -0.391407 0.302970 56.427036
BONES 2
BONE 32 1.000000
BONE 3 0.000000

VERT 234
OFFSET -0.866242 0.460548 55.929272
BONES 2
BONE 32 1.000000
BONE 3 0.000000

VERT 235
OFFSET -0.924361 0.317000 55.932011
BONES 2
BONE 32 1.000000
BONE 3 0.000000

VERT 236
OFFSET -0.919714 0.158500 55.927101
BONES 2
BONE 32 1.000000
BONE 3 0.000000

VERT 237
OFFSET -0.395763 0.147583 56.461903
BONES 2
BONE 32 1.000000
BONE 3 0.000000

VERT 238
OFFSET 0.351880 0.405294 56.275410
BONES 2
BONE 32 1.000000
BONE 3 0.000000

VERT 239
OFFSET 0.420866 0.223166 56.292797
BONES 2
BONE 32 1.000000
BONE 3 0.000000

VERT 240
OFFSET 0.389101 0.258349 55.808624
BONES 8
BONE 32 0.014177
BONE 28 0.125618
BONE 33 0.605480
BONE 26 0.254725
BONE 27 0.000000
BONE 29 0.000000
BONE 22 0.000000
BONE 23 0.000000

VERT 241
OFFSET 0.369837 0.318996 55.813522
BONES 8
BONE 32 0.017659
BONE 28 0.180704
BONE 33 0.541842
BONE 26 0.259794
BONE 29 0.000000
BONE 22 0.000000
BONE 23 0.000000
BONE 27 0.000000

VERT 242
OFFSET 0.459218 0.111583 56.296810
BONES 2
BONE 32 1.000000
BONE 3 0.000000

VERT 243
OFFSET 0.144499 0.153285 56.450821
BONES 2
BONE 32 1.000000
BONE 3 0.000000

VERT 244
OFFSET -1.071582 0.178415 55.399090
BONES 2
BONE 32 1.000000
BONE 3 0.000000

VERT 245
OFFSET -0.915066 0.000000 55.922195
BONES 2
BONE 32 1.000000
BONE 3 0.000000

VERT 246
OFFSET 0.412818 0.092169 55.794350
BONES 7
BONE 28 0.029262
BONE 33 0.717419
BONE 26 0.163492
BONE 27 0.089827
BONE 29 0.000000
BONE 22 0.000000
BONE 23 0.000000

VERT 247
OFFSET 0.405693 0.000001 55.786041
BONES 8
BONE 33 0.754167
BONE 3 0.000000
BONE 26 0.122019
BONE 27 0.123814
BONE 29 0.000000
BONE 28 0.000000
BONE 22 0.000000
BONE 23 0.000000

VERT 248
OFFSET -0.809337 0.156125 55.133369
BONES 2
BONE 32 0.855000
BONE 3 0.145000

VERT 249
OFFSET -0.816789 0.000000 55.122372
BONES 2
BONE 32 0.855000
BONE 3 0.145000

VERT 250
OFFSET -0.798147 0.312249 55.190517
BONES 2
BONE 32 0.855000
BONE 3 0.145000

VERT 251
OFFSET -1.062688 0.356830 55.413342
BONES 2
BONE 32 1.000000
BONE 3 0.000000

VERT 252
OFFSET -1.023552 0.507670 55.458736
BONES 2
BONE 32 1.000000
BONE 3 0.000000

VERT 253
OFFSET -0.772669 0.509861 55.278461
BONES 2
BONE 32 0.855000
BONE 3 0.145000

VERT 254
OFFSET -0.726640 0.666796 55.454571
BONES 2
BONE 32 0.855000
BONE 3 0.145000

VERT 255
OFFSET -0.905172 0.658511 55.572136
BONES 2
BONE 32 1.000000
BONE 3 0.000000

VERT 256
OFFSET -0.449254 0.000001 55.069893
BONES 2
BONE 32 0.900000
BONE 3 0.100000

VERT 257
OFFSET -0.120412 0.000001 55.211136
BONES 2
BONE 32 0.800000
BONE 3 0.200000

VERT 258
OFFSET 0.386858 0.000001 55.757256
BONES 8
BONE 33 0.762902
BONE 3 0.000000
BONE 22 0.068553
BONE 23 0.168545
BONE 29 0.000000
BONE 28 0.000000
BONE 26 0.000000
BONE 27 0.000000

VERT 259
OFFSET -0.447572 -0.133260 55.093376
BONES 2
BONE 32 0.900000
BONE 3 0.100000

VERT 260
OFFSET -0.120197 -0.110945 55.223759
BONES 2
BONE 32 0.800000
BONE 3 0.200000

VERT 261
OFFSET -0.442935 -0.266520 55.150803
BONES 2
BONE 32 0.900000
BONE 3 0.100000

VERT 262
OFFSET 0.385658 -0.090694 55.757095
BONES 7
BONE 29 0.028737
BONE 33 0.716566
BONE 22 0.026070
BONE 23 0.228627
BONE 28 0.000000
BONE 26 0.000000
BONE 27 0.000000

VERT 263
OFFSET -0.118126 -0.221891 55.262333
BONES 2
BONE 32 0.800000
BONE 3 0.200000

VERT 264
OFFSET 0.378995 -0.181514 55.757862
BONES 8
BONE 29 0.057487
BONE 32 0.015329
BONE 33 0.673175
BONE 23 0.244967
BONE 22 0.009042
BONE 28 0.000000
BONE 26 0.000000
BONE 27 0.000000

VERT 265
OFFSET -0.809337 -0.156124 55.133369
BONES 2
BONE 32 0.855000
BONE 3 0.145000

VERT 266
OFFSET -0.798147 -0.312248 55.190517
BONES 2
BONE 32 0.855000
BONE 3 0.145000

VERT 267
OFFSET -0.430335 -0.456683 55.236115
BONES 2
BONE 32 0.900000
BONE 3 0.100000

VERT 268
OFFSET -0.111632 -0.394631 55.358433
BONES 2
BONE 32 0.800000
BONE 3 0.200000

VERT 269
OFFSET -0.409158 -0.636120 55.406368
BONES 2
BONE 32 0.900000
BONE 3 0.100000

VERT 270
OFFSET 0.367637 -0.256535 55.759605
BONES 8
BONE 29 0.115746
BONE 32 0.027396
BONE 33 0.604044
BONE 23 0.252814
BONE 22 0.000000
BONE 28 0.000000
BONE 26 0.000000
BONE 27 0.000000

VERT 271
OFFSET -0.092631 -0.574465 55.483055
BONES 2
BONE 32 0.800000
BONE 3 0.200000

VERT 272
OFFSET 0.019362 -0.728797 55.743053
BONES 2
BONE 32 1.000000
BONE 3 0.000000

VERT 273
OFFSET 0.298981 -0.515584 55.770645
BONES 8
BONE 32 0.163455
BONE 29 0.259994
BONE 33 0.489486
BONE 27 0.012874
BONE 23 0.074191
BONE 28 0.000000
BONE 22 0.000000
BONE 26 0.000000

VERT 274
OFFSET 0.082590 -0.712873 55.893192
BONES 2
BONE 32 1.000000
BONE 3 0.000000

VERT 275
OFFSET -0.292330 -0.772913 55.784790
BONES 2
BONE 32 1.000000
BONE 3 0.000000

VERT 276
OFFSET -0.075930 -0.641275 56.127949
BONES 2
BONE 32 1.000000
BONE 3 0.000000

VERT 277
OFFSET -0.381851 -0.620987 56.092758
BONES 2
BONE 32 1.000000
BONE 3 0.000000

VERT 278
OFFSET 0.022095 -0.472013 56.263214
BONES 2
BONE 32 1.000000
BONE 3 0.000000

VERT 279
OFFSET -0.384111 -0.484695 56.305462
BONES 2
BONE 32 1.000000
BONE 3 0.000000

VERT 280
OFFSET -0.688890 -0.561693 55.969948
BONES 2
BONE 32 1.000000
BONE 3 0.000000

VERT 281
OFFSET -0.575988 -0.737942 55.720814
BONES 2
BONE 32 1.000000
BONE 3 0.000000

VERT 282
OFFSET 0.201267 -0.611182 56.139381
BONES 2
BONE 32 1.000000
BONE 3 0.000000

VERT 283
OFFSET 0.253458 -0.553952 56.186661
BONES 2
BONE 32 1.000000
BONE 3 0.000000

VERT 284
OFFSET 0.109520 -0.306786 56.402275
BONES 2
BONE 32 1.000000
BONE 3 0.000000

VERT 285
OFFSET -0.391407 -0.302969 56.427036
BONES 2
BONE 32 1.000000
BONE 3 0.000000

VERT 286
OFFSET -0.866242 -0.460547 55.929272
BONES 2
BONE 32 1.000000
BONE 3 0.000000

VERT 287
OFFSET -0.924361 -0.316999 55.932011
BONES 2
BONE 32 1.000000
BONE 3 0.000000

VERT 288
OFFSET -0.919714 -0.158499 55.927101
BONES 2
BONE 32 1.000000
BONE 3 0.000000

VERT 289
OFFSET -0.395763 -0.147582 56.461903
BONES 2
BONE 32 1.000000
BONE 3 0.000000

VERT 290
OFFSET 0.351880 -0.405293 56.275410
BONES 2
BONE 32 1.000000
BONE 3 0.000000

VERT 291
OFFSET 0.354346 -0.373711 55.818504
BONES 8
BONE 32 0.048571
BONE 29 0.191277
BONE 33 0.509651
BONE 27 0.250501
BONE 23 0.000000
BONE 28 0.000000
BONE 22 0.000000
BONE 26 0.000000

VERT 292
OFFSET 0.420866 -0.223165 56.292797
BONES 2
BONE 32 1.000000
BONE 3 0.000000

VERT 293
OFFSET 0.389101 -0.258348 55.808624
BONES 8
BONE 32 0.014234
BONE 29 0.124714
BONE 33 0.607896
BONE 27 0.253156
BONE 26 0.000000
BONE 28 0.000000
BONE 22 0.000000
BONE 23 0.000000

VERT 294
OFFSET 0.409584 -0.184371 55.802654
BONES 8
BONE 32 0.010834
BONE 29 0.057821
BONE 33 0.677837
BONE 27 0.244440
BONE 26 0.009067
BONE 28 0.000000
BONE 22 0.000000
BONE 23 0.000000

VERT 295
OFFSET -1.071582 -0.178414 55.399090
BONES 2
BONE 32 1.000000
BONE 3 0.000000

VERT 296
OFFSET -1.076749 0.000000 55.397099
BONES 2
BONE 32 1.000000
BONE 3 0.000000

VERT 297
OFFSET 0.459218 -0.111582 56.296810
BONES 2
BONE 32 1.000000
BONE 3 0.000000

VERT 298
OFFSET 0.144499 -0.153284 56.450821
BONES 2
BONE 32 1.000000
BONE 3 0.000000

VERT 299
OFFSET 0.470172 0.000001 56.300827
BONES 2
BONE 32 1.000000
BONE 3 0.000000

VERT 300
OFFSET 0.154982 0.000001 56.466614
BONES 2
BONE 32 1.000000
BONE 3 0.000000

VERT 301
OFFSET -1.062688 -0.356829 55.413342
BONES 2
BONE 32 1.000000
BONE 3 0.000000

VERT 302
OFFSET -0.772669 -0.509860 55.278461
BONES 2
BONE 32 0.855000
BONE 3 0.145000

VERT 303
OFFSET -1.023551 -0.507669 55.458736
BONES 2
BONE 32 1.000000
BONE 3 0.000000

VERT 304
OFFSET -0.726640 -0.666795 55.454571
BONES 2
BONE 32 0.855000
BONE 3 0.145000

VERT 305
OFFSET -0.905171 -0.658510 55.572136
BONES 2
BONE 32 1.000000
BONE 3 0.000000

VERT 306
OFFSET -0.405558 0.000001 56.474049
BONES 2
BONE 32 1.000000
BONE 3 0.000000

VERT 307
OFFSET -2.173054 1.051660 55.247566
BONES 1
BONE 3 1.000000

VERT 308
OFFSET -2.139516 1.113062 55.391941
BONES 1
BONE 3 1.000000

VERT 309
OFFSET -2.336306 1.206480 55.475849
BONES 1
BONE 3 1.000000

VERT 310
OFFSET -2.278828 1.279971 55.602470
BONES 1
BONE 3 1.000000

VERT 311
OFFSET -2.071678 1.203733 55.508366
BONES 1
BONE 3 1.000000

VERT 312
OFFSET -2.192531 1.383619 55.706360
BONES 1
BONE 3 1.000000

VERT 313
OFFSET -2.482473 1.351641 55.691105
BONES 1
BONE 3 1.000000

VERT 314
OFFSET -2.392348 1.445595 55.788998
BONES 1
BONE 3 1.000000

VERT 315
OFFSET -2.276930 1.558994 55.880619
BONES 1
BONE 3 1.000000

VERT 316
OFFSET -2.456152 1.618063 55.989029
BONES 1
BONE 3 1.000000

VERT 317
OFFSET -2.583830 1.502817 55.893661
BONES 1
BONE 3 1.000000

VERT 318
OFFSET -2.686584 1.418176 55.793846
BONES 1
BONE 3 1.000000

VERT 319
OFFSET -2.535486 1.290028 55.546352
BONES 1
BONE 3 1.000000

VERT 320
OFFSET -2.309880 1.750300 56.041256
BONES 1
BONE 3 1.000000

VERT 321
OFFSET -2.496892 1.764688 56.149246
BONES 1
BONE 3 1.000000

VERT 322
OFFSET -2.632952 1.640899 56.079620
BONES 1
BONE 3 1.000000

VERT 323
OFFSET -2.767809 1.526109 55.999844
BONES 1
BONE 3 1.000000

VERT 324
OFFSET -2.851349 1.436381 55.866093
BONES 1
BONE 3 1.000000

VERT 325
OFFSET -2.926557 1.505371 56.060848
BONES 1
BONE 3 1.000000

VERT 326
OFFSET -2.806373 1.626449 56.163399
BONES 1
BONE 3 1.000000

VERT 327
OFFSET -2.983362 1.583766 56.267426
BONES 1
BONE 3 1.000000

VERT 328
OFFSET -2.821695 1.806388 56.409279
BONES 1
BONE 3 1.000000

VERT 329
OFFSET -2.667188 1.767335 56.257187
BONES 1
BONE 3 1.000000

VERT 330
OFFSET -2.655416 1.947261 56.446209
BONES 1
BONE 3 1.000000

VERT 331
OFFSET -2.786453 1.978686 56.610073
BONES 1
BONE 3 1.000000

VERT 332
OFFSET -2.632662 2.106713 56.585285
BONES 1
BONE 3 1.000000

VERT 333
OFFSET -2.496462 2.096732 56.476101
BONES 1
BONE 3 1.000000

VERT 334
OFFSET -2.505766 1.936390 56.319172
BONES 1
BONE 3 1.000000

VERT 335
OFFSET -2.336236 1.923379 56.196888
BONES 1
BONE 3 1.000000

VERT 336
OFFSET -2.138063 1.901534 56.078037
BONES 1
BONE 3 1.000000

VERT 337
OFFSET -2.344377 2.081077 56.357162
BONES 1
BONE 3 1.000000

VERT 338
OFFSET -2.599059 2.213478 56.665237
BONES 1
BONE 3 1.000000

VERT 339
OFFSET -2.502612 2.228674 56.610313
BONES 1
BONE 3 1.000000

VERT 340
OFFSET -2.750791 2.330752 56.746769
BONES 1
BONE 3 1.000000

VERT 341
OFFSET -2.898050 2.084186 56.772327
BONES 1
BONE 3 1.000000

VERT 342
OFFSET -2.563513 2.429126 56.653378
BONES 1
BONE 3 1.000000

VERT 343
OFFSET -2.359589 2.220077 56.513756
BONES 1
BONE 3 1.000000

VERT 344
OFFSET -2.380350 2.340008 56.670765
BONES 1
BONE 3 1.000000

VERT 345
OFFSET -2.467276 2.358340 56.694454
BONES 1
BONE 3 1.000000

VERT 346
OFFSET -2.384464 2.430025 56.783016
BONES 1
BONE 3 1.000000

VERT 347
OFFSET -2.267245 2.414206 56.733719
BONES 2
BONE 3 0.990008
BONE 35 0.009992

VERT 348
OFFSET -2.223600 2.318997 56.568886
BONES 1
BONE 3 1.000000

VERT 349
OFFSET -2.188446 2.201354 56.404644
BONES 1
BONE 3 1.000000

VERT 350
OFFSET -2.159817 2.059635 56.244743
BONES 1
BONE 3 1.000000

VERT 351
OFFSET -1.952375 2.026942 56.118576
BONES 1
BONE 3 1.000000

VERT 352
OFFSET -1.915638 1.859355 55.954697
BONES 1
BONE 3 1.000000

VERT 353
OFFSET -2.036646 2.293376 56.469147
BONES 1
BONE 3 1.000000

VERT 354
OFFSET -2.094146 2.393029 56.646885
BONES 2
BONE 3 0.971221
BONE 35 0.028779

VERT 355
OFFSET -1.992418 2.170085 56.290302
BONES 1
BONE 3 1.000000

VERT 356
OFFSET -1.785502 2.130351 56.171906
BONES 1
BONE 3 1.000000

VERT 357
OFFSET -1.842925 2.248267 56.343315
BONES 2
BONE 3 0.979139
BONE 35 0.020861

VERT 358
OFFSET -1.642831 2.201828 56.223042
BONES 2
BONE 3 0.959695
BONE 35 0.040305

VERT 359
OFFSET -1.568456 2.066684 56.032940
BONES 1
BONE 3 1.000000

VERT 360
OFFSET -1.736351 1.972458 55.988613
BONES 1
BONE 3 1.000000

VERT 361
OFFSET -1.421970 2.140313 56.095310
BONES 2
BONE 35 0.040073
BONE 3 0.959927

VERT 362
OFFSET -1.348457 1.995809 55.913063
BONES 1
BONE 3 1.000000

VERT 363
OFFSET -1.516249 1.905553 55.862335
BONES 1
BONE 3 1.000000

VERT 364
OFFSET -1.280197 1.819592 55.717335
BONES 1
BONE 3 1.000000

VERT 365
OFFSET -1.685255 1.797493 55.820702
BONES 1
BONE 3 1.000000

VERT 366
OFFSET -1.451768 1.721120 55.687328
BONES 1
BONE 3 1.000000

VERT 367
OFFSET -1.628686 1.602062 55.652340
BONES 1
BONE 3 1.000000

VERT 368
OFFSET -1.861281 1.667266 55.780087
BONES 1
BONE 3 1.000000

VERT 369
OFFSET -1.802164 1.460843 55.633747
BONES 1
BONE 3 1.000000

VERT 370
OFFSET -1.572668 1.399320 55.511990
BONES 1
BONE 3 1.000000

VERT 371
OFFSET -1.740812 1.253124 55.492775
BONES 1
BONE 3 1.000000

VERT 372
OFFSET -1.224111 1.636354 55.561306
BONES 1
BONE 3 1.000000

VERT 373
OFFSET -1.400963 1.528626 55.538433
BONES 1
BONE 3 1.000000

VERT 374
OFFSET -1.049861 1.719179 55.595261
BONES 1
