// Export time: Thu Nov 19 21:30:59 2020

// Exported using Blender v2.90.1
// Export filename: 'E:/blackops3/mod_xmodel/iw4/rfb/ch_head_gk_rfb_lod3.XMODEL_EXPORT'
// Source filename: 'E:/blackops3/mod_xmodel/iw4/rfb/rfb.blend'
MODEL
VERSION 6

NUMBONES 54
BONE 0 -1 "tag_origin"
BONE 1 0 "j_spineupper"
BONE 2 1 "j_neck"
BONE 3 2 "j_head"
BONE 4 3 "j_brow_le"
BONE 5 3 "j_brow_ri"
BONE 6 3 "j_browouter_le"
BONE 7 3 "j_browouter_ri"
BONE 8 3 "j_cheek_le"
BONE 9 3 "j_cheek_ri"
BONE 10 3 "j_cheeklower_le"
BONE 11 3 "j_cheeklower_ri"
BONE 12 3 "j_eye_lid_bot_le"
BONE 13 3 "j_eye_lid_bot_ri"
BONE 14 3 "j_eye_lid_top_le"
BONE 15 3 "j_eye_lid_top_ri"
BONE 16 3 "j_eyeball_le"
BONE 17 3 "j_eyeball_ri"
BONE 18 3 "j_head_end"
BONE 19 18 "j_helmet"
BONE 20 3 "j_jaw"
BONE 21 20 "j_chin_skinroll"
BONE 22 20 "j_lip_bot_le"
BONE 23 20 "j_lip_bot_ri"
BONE 24 3 "j_levator_le"
BONE 25 3 "j_levator_ri"
BONE 26 3 "j_lip_top_le"
BONE 27 3 "j_lip_top_ri"
BONE 28 3 "j_mouth_le"
BONE 29 3 "j_mouth_ri"
BONE 30 3 "j_nvg"
BONE 31 3 "tag_eye"
BONE 32 3 "MouthCavity"
BONE 33 3 "MouthMove"
BONE 34 3 "Eye_Rz_L"
BONE 35 34 "CheekUp2_L"
BONE 36 34 "Eye01_S_L"
BONE 37 34 "Eye02_S_L"
BONE 38 34 "Eye03_S_L"
BONE 39 34 "Eye04_S_L"
BONE 40 34 "Eye05_S_L"
BONE 41 34 "Eye06_S_L"
BONE 42 34 "Eye07_S_L"
BONE 43 34 "Eye08_S_L"
BONE 44 3 "Eye_Rz_R"
BONE 45 44 "CheekUp2_R"
BONE 46 44 "Eye01_S_R"
BONE 47 44 "Eye02_S_R"
BONE 48 44 "Eye03_S_R"
BONE 49 44 "Eye04_S_R"
BONE 50 44 "Eye05_S_R"
BONE 51 44 "Eye06_S_R"
BONE 52 44 "Eye07_S_R"
BONE 53 44 "Eye08_S_R"

BONE 0
OFFSET 0.000000 0.000000 0.000000
SCALE 1.000000 1.000000 1.000000
X 1.000000 0.000000 0.000000
Y 0.000000 1.000000 0.000000
Z 0.000000 0.000000 1.000000

BONE 1
OFFSET -2.587597 0.000203 45.605228
SCALE 1.000000 1.000000 1.000000
X 0.020425 -0.000062 0.999792
Y 0.999792 0.000062 -0.020425
Z -0.000060 1.000000 0.000064

BONE 2
OFFSET -2.813338 0.000000 53.071339
SCALE 1.000000 1.000000 1.000000
X 0.309745 -0.000047 0.950820
Y 0.950820 0.000075 -0.309746
Z -0.000057 1.000000 0.000068

BONE 3
OFFSET -2.813336 0.000000 55.449188
SCALE 1.000000 1.000000 1.000000
X 0.216382 -0.000044 0.976309
Y 0.976309 0.000072 -0.216382
Z -0.000060 1.000000 0.000059

BONE 4
OFFSET 0.961663 1.494350 59.295116
SCALE 1.000000 1.000000 1.000000
X 0.000656 1.000000 -0.000120
Y -0.998867 0.000649 -0.047589
Z -0.047589 0.000151 0.998867

BONE 5
OFFSET 0.971719 -1.518453 59.288960
SCALE 1.000000 1.000000 1.000000
X 0.000010 1.000000 0.000127
Y 0.998888 -0.000016 0.047154
Z 0.047154 0.000127 -0.998888

BONE 6
OFFSET 0.604411 2.426808 59.066589
SCALE 1.000000 1.000000 1.000000
X 0.000629 1.000000 -0.000124
Y -0.998871 0.000622 -0.047512
Z -0.047512 0.000154 0.998871

BONE 7
OFFSET 0.634265 -2.399246 59.072025
SCALE 1.000000 1.000000 1.000000
X 0.000035 1.000000 0.000126
Y 0.998896 -0.000041 0.046976
Z 0.046977 0.000125 -0.998896

BONE 8
OFFSET -0.515560 1.675743 57.512829
SCALE 1.000000 1.000000 1.000000
X 0.000648 0.999998 -0.000128
Y -0.998871 0.000641 -0.047505
Z -0.047505 0.000159 0.998871

BONE 9
OFFSET -0.533614 -1.608458 57.571171
SCALE 1.000000 1.000000 1.000000
X 0.000025 1.000000 0.000115
Y 0.998880 -0.000030 0.047332
Z 0.047332 0.000113 -0.998879

BONE 10
OFFSET -0.524620 1.505715 56.450272
SCALE 1.000000 1.000000 1.000000
X 0.170210 0.000001 0.985408
Y 0.985408 0.000006 -0.170211
Z -0.000006 1.000000 0.000000

BONE 11
OFFSET -0.484728 -1.503186 56.477303
SCALE 1.000000 1.000000 1.000000
X 0.170295 0.000001 0.985393
Y 0.985393 0.000017 -0.170295
Z -0.000017 1.000000 0.000002

BONE 12
OFFSET -0.747323 1.019596 58.005989
SCALE 1.000000 1.000000 1.000000
X -0.065615 0.997121 0.038041
Y -0.996944 -0.063888 -0.044963
Z -0.042404 -0.040874 0.998264

BONE 13
OFFSET -0.747039 -0.972709 58.000027
SCALE 1.000000 1.000000 1.000000
X 0.066598 0.997042 -0.038369
Y 0.996925 -0.064901 0.043910
Z 0.041290 -0.041175 -0.998299

BONE 14
OFFSET -0.746937 1.018692 58.072155
SCALE 1.000000 1.000000 1.000000
X -0.065485 0.997130 0.037977
Y -0.996960 -0.063768 -0.044787
Z -0.042237 -0.040795 0.998275

BONE 15
OFFSET -0.746373 -0.973924 58.060207
SCALE 1.000000 1.000000 1.000000
X 0.066551 0.997046 -0.038355
Y 0.996943 -0.064868 0.043565
Z 0.040949 -0.041137 -0.998314

BONE 16
OFFSET -2.198066 0.951250 57.896103
SCALE 1.000000 1.000000 1.000000
X -0.205900 0.978522 -0.010094
Y -0.977368 -0.206147 -0.047499
Z -0.048560 0.000086 0.998821

BONE 17
OFFSET -2.198063 -0.950144 57.896103
SCALE 1.000000 1.000000 1.000000
X 0.207727 0.978138 0.009801
Y 0.977076 -0.207958 0.045575
Z 0.046617 0.000109 -0.998913

BONE 18
OFFSET -2.622388 0.000046 60.528259
SCALE 1.000000 1.000000 1.000000
X 0.170212 0.000016 0.985408
Y 0.985408 -0.000000 -0.170212
Z -0.000002 1.000000 -0.000016

BONE 19
OFFSET -3.500632 0.000049 61.630131
SCALE 1.000000 1.000000 1.000000
X 0.995878 -0.000051 0.090711
Y 0.000067 1.000000 -0.000176
Z -0.090711 0.000182 0.995878

BONE 20
OFFSET -2.368209 0.000470 55.764557
SCALE 1.000000 1.000000 1.000000
X 0.000648 0.999999 -0.000098
Y -0.998854 0.000643 -0.047855
Z -0.047855 0.000129 0.998854

BONE 21
OFFSET 0.312057 -0.001421 54.180862
SCALE 1.000000 1.000000 1.000000
X 0.000648 0.999999 -0.000104
Y -0.998867 0.000642 -0.047590
Z -0.047590 0.000135 0.998867

BONE 22
OFFSET 0.425704 0.264231 55.680286
SCALE 1.000000 1.000000 1.000000
X 0.000646 0.999999 -0.000085
Y -0.998867 0.000641 -0.047593
Z -0.047593 0.000116 0.998867

BONE 23
OFFSET 0.425704 -0.263125 55.680286
SCALE 1.000000 1.000000 1.000000
X 0.000346 1.000000 0.000051
Y 0.998863 -0.000128 0.047677
Z 0.047042 0.000035 -0.998893

BONE 24
OFFSET 0.225910 0.503986 57.208504
SCALE 1.000000 1.000000 1.000000
X 0.000646 0.999997 -0.000080
Y -0.998863 0.000641 -0.047680
Z -0.047680 0.000110 0.998863

BONE 25
OFFSET 0.248013 -0.484271 57.213547
SCALE 1.000000 1.000000 1.000000
X 0.000015 1.000000 0.000104
Y 0.998884 -0.000020 0.047249
Z 0.047249 0.000103 -0.998883

BONE 26
OFFSET 0.510547 0.264231 55.867428
SCALE 1.000000 1.000000 1.000000
X 0.000647 1.000000 -0.000090
Y -0.998859 0.000643 -0.047767
Z -0.047767 0.000121 0.998859

BONE 27
OFFSET 0.510547 -0.263125 55.867428
SCALE 1.000000 1.000000 1.000000
X 0.000009 1.000000 0.000138
Y 0.998892 -0.000016 0.047067
Z 0.047067 0.000137 -0.998892

BONE 28
OFFSET 0.365252 0.534572 55.800407
SCALE 1.000000 1.000000 1.000000
X 0.000651 0.999996 -0.000118
Y -0.998863 0.000644 -0.047679
Z -0.047679 0.000149 0.998863

BONE 29
OFFSET 0.365253 -0.533466 55.800404
SCALE 1.000000 1.000000 1.000000
X 0.000014 1.000000 0.000136
Y 0.998888 -0.000021 0.047154
Z 0.047154 0.000135 -0.998888

BONE 30
OFFSET 1.577945 0.000049 59.762508
SCALE 1.000000 1.000000 1.000000
X 0.985414 -0.000006 -0.170176
Y -0.170176 0.000000 -0.985414
Z 0.000006 1.000000 -0.000001

BONE 31
OFFSET -0.159657 0.000473 57.868309
SCALE 1.000000 1.000000 1.000000
X 0.922506 -0.000046 0.385983
Y 0.000050 1.000000 0.000000
Z -0.385984 0.000019 0.922506

BONE 32
OFFSET -0.477473 0.000001 55.778236
SCALE 1.000000 1.000000 1.000000
X -0.000000 1.000000 0.000000
Y 0.000000 -0.000000 1.000000
Z 1.000000 0.000000 -0.000000

BONE 33
OFFSET 0.489446 0.000001 55.778236
SCALE 1.000000 1.000000 1.000000
X -0.000000 1.000000 0.000000
Y -0.000000 -0.000000 1.000000
Z 1.000000 0.000000 -0.000000

BONE 34
OFFSET -0.616830 1.564222 58.072998
SCALE 1.000000 1.000000 1.000000
X -0.000000 1.000000 -0.000000
Y -0.000000 0.000000 1.000000
Z 1.000000 0.000000 -0.000000

BONE 35
OFFSET -1.245550 1.596686 57.103943
SCALE 1.000000 1.000000 1.000000
X -0.000000 1.000000 -0.000000
Y -0.000000 -0.000000 1.000000
Z 1.000000 0.000000 -0.000000

BONE 36
OFFSET 0.188365 0.843063 57.866096
SCALE 1.000000 1.000000 1.000000
X -0.000000 1.000000 -0.000000
Y -0.000000 -0.000000 1.000000
Z 1.000000 0.000000 -0.000000

BONE 37
OFFSET 0.223389 1.114837 58.304245
SCALE 1.000000 1.000000 1.000000
X -0.000000 1.000000 -0.000000
Y -0.000000 0.000000 1.000000
Z 1.000000 0.000000 -0.000000

BONE 38
OFFSET 0.203488 1.666949 58.588615
SCALE 1.000000 1.000000 1.000000
X -0.000000 1.000000 -0.000000
Y -0.000000 -0.000000 1.000000
Z 1.000000 0.000000 -0.000000

BONE 39
OFFSET -0.001520 2.139488 58.355019
SCALE 1.000000 1.000000 1.000000
X -0.000000 1.000000 -0.000000
Y 0.000000 0.000000 1.000000
Z 1.000000 0.000000 -0.000000

BONE 40
OFFSET -0.297970 2.449711 57.797260
SCALE 1.000000 1.000000 1.000000
X -0.000000 1.000000 -0.000000
Y -0.000000 -0.000000 1.000000
Z 1.000000 0.000000 -0.000000

BONE 41
OFFSET -0.334876 2.220739 57.428452
SCALE 1.000000 1.000000 1.000000
X -0.000000 1.000000 -0.000000
Y 0.000000 -0.000000 1.000000
Z 1.000000 0.000000 -0.000000

BONE 42
OFFSET -0.143701 1.612575 57.208260
SCALE 1.000000 1.000000 1.000000
X -0.000000 1.000000 -0.000000
Y 0.000000 -0.000000 1.000000
Z 1.000000 0.000000 -0.000000

BONE 43
OFFSET 0.045575 1.027605 57.339680
SCALE 1.000000 1.000000 1.000000
X -0.000000 1.000000 -0.000000
Y 0.000000 -0.000000 1.000000
Z 1.000000 0.000000 -0.000000

BONE 44
OFFSET -0.616830 -1.564495 58.073055
SCALE 1.000000 1.000000 1.000000
X -0.000000 1.000000 -0.000000
Y -0.000000 0.000000 1.000000
Z 1.000000 0.000000 -0.000000

BONE 45
OFFSET -1.245550 -1.596959 57.103996
SCALE 1.000000 1.000000 1.000000
X -0.000000 1.000000 -0.000000
Y 0.000000 -0.000000 1.000000
Z 1.000000 0.000000 -0.000000

BONE 46
OFFSET 0.186593 -0.842909 57.865089
SCALE 1.000000 1.000000 1.000000
X -0.000000 1.000000 -0.000000
Y 0.000000 -0.000000 1.000000
Z 1.000000 0.000000 -0.000000

BONE 47
OFFSET 0.223452 -1.114229 58.304802
SCALE 1.000000 1.000000 1.000000
X -0.000000 1.000000 -0.000000
Y -0.000000 0.000000 1.000000
Z 1.000000 0.000000 -0.000000

BONE 48
OFFSET 0.212019 -1.619684 58.580441
SCALE 1.000000 1.000000 1.000000
X -0.000000 1.000000 -0.000000
Y 0.000000 -0.000000 1.000000
Z 1.000000 0.000000 -0.000000

BONE 49
OFFSET -0.000103 -2.140437 58.355732
SCALE 1.000000 1.000000 1.000000
X -0.000000 1.000000 -0.000000
Y -0.000000 0.000000 1.000000
Z 1.000000 0.000000 -0.000000

BONE 50
OFFSET -0.297968 -2.451402 57.797600
SCALE 1.000000 1.000000 1.000000
X -0.000000 1.000000 -0.000000
Y -0.000000 -0.000000 1.000000
Z 1.000000 0.000000 -0.000000

BONE 51
OFFSET -0.334355 -2.220215 57.428555
SCALE 1.000000 1.000000 1.000000
X -0.000000 1.000000 -0.000000
Y -0.000000 0.000000 1.000000
Z 1.000000 0.000000 -0.000000

BONE 52
OFFSET -0.144479 -1.611990 57.208626
SCALE 1.000000 1.000000 1.000000
X -0.000000 1.000000 -0.000000
Y 0.000000 -0.000000 1.000000
Z 1.000000 0.000000 -0.000000

BONE 53
OFFSET 0.041439 -1.029186 57.329502
SCALE 1.000000 1.000000 1.000000
X -0.000000 1.000000 -0.000000
Y 0.000000 0.000000 1.000000
Z 1.000000 0.000000 -0.000000


NUMVERTS 584
VERT 0
OFFSET -3.120924 3.471518 57.773800
BONES 1
BONE 3 1.000000

VERT 1
OFFSET -2.843969 3.444688 58.144901
BONES 1
BONE 3 1.000000

VERT 2
OFFSET -2.451719 3.113300 58.286289
BONES 1
BONE 3 1.000000

VERT 3
OFFSET -2.929903 3.728380 58.295872
BONES 1
BONE 3 1.000000

VERT 4
OFFSET -2.415616 3.636118 58.315357
BONES 1
BONE 3 1.000000

VERT 5
OFFSET -2.278617 3.285316 57.913170
BONES 1
BONE 3 1.000000

VERT 6
OFFSET -2.281072 3.105245 57.611404
BONES 2
BONE 35 0.000236
BONE 3 0.999764

VERT 7
OFFSET -1.901483 2.816246 57.529785
BONES 2
BONE 3 0.927289
BONE 35 0.072711

VERT 8
OFFSET -2.553030 3.138870 57.722576
BONES 1
BONE 3 1.000000

VERT 9
OFFSET -2.431581 2.939559 57.375370
BONES 1
BONE 3 1.000000

VERT 10
OFFSET -2.227700 2.592434 57.022354
BONES 2
BONE 3 0.965219
BONE 35 0.034781

VERT 11
OFFSET -2.586302 2.937656 56.564785
BONES 1
BONE 3 1.000000

VERT 12
OFFSET -2.676955 3.042708 57.059021
BONES 1
BONE 3 1.000000

VERT 13
OFFSET -2.447707 2.764645 56.549946
BONES 1
BONE 3 1.000000

VERT 14
OFFSET -3.239350 3.558043 57.190876
BONES 1
BONE 3 1.000000

VERT 15
OFFSET -3.096713 3.012249 57.187775
BONES 1
BONE 3 1.000000

VERT 16
OFFSET -2.903513 3.505680 57.435753
BONES 1
BONE 3 1.000000

VERT 17
OFFSET -2.700260 3.002003 57.416065
BONES 1
BONE 3 1.000000

VERT 18
OFFSET -2.703349 3.556039 57.755482
BONES 1
BONE 3 1.000000

VERT 19
OFFSET -3.095277 3.695598 57.838341
BONES 1
BONE 3 1.000000

VERT 20
OFFSET -3.153420 3.542978 57.197407
BONES 1
BONE 3 1.000000

VERT 21
OFFSET -2.993496 3.824314 57.932911
BONES 1
BONE 3 1.000000

VERT 22
OFFSET -3.237428 3.808601 57.922447
BONES 1
BONE 3 1.000000

VERT 23
OFFSET -2.670151 3.782834 58.289558
BONES 1
BONE 3 1.000000

VERT 24
OFFSET -2.683724 3.614301 58.217495
BONES 1
BONE 3 1.000000

VERT 25
OFFSET -0.293443 0.000001 55.080330
BONES 2
BONE 32 0.854534
BONE 3 0.145466

VERT 26
OFFSET -0.279792 0.565193 55.341068
BONES 2
BONE 32 0.859446
BONE 3 0.140554

VERT 27
OFFSET -0.032388 0.790159 55.858658
BONES 1
BONE 32 1.000000

VERT 28
OFFSET -0.422810 0.455965 56.347263
BONES 1
BONE 32 1.000000

VERT 29
OFFSET -0.907736 0.444948 55.926949
BONES 1
BONE 32 1.000000

VERT 30
OFFSET 0.316289 0.450426 56.298691
BONES 1
BONE 32 1.000000

VERT 31
OFFSET 0.475790 0.044063 56.307693
BONES 1
BONE 32 1.000000

VERT 32
OFFSET 0.445639 0.000001 55.789547
BONES 6
BONE 29 0.030286
BONE 27 0.131056
BONE 32 0.009512
BONE 28 0.030998
BONE 33 0.676130
BONE 26 0.122018

VERT 33
OFFSET -1.037319 0.574989 55.442383
BONES 2
BONE 3 0.023773
BONE 32 0.976227

VERT 34
OFFSET -0.791343 -0.000001 55.084171
BONES 2
BONE 32 0.855000
BONE 3 0.145000

VERT 35
OFFSET -0.279790 -0.565193 55.341072
BONES 2
BONE 32 0.859446
BONE 3 0.140554

VERT 36
OFFSET -0.044204 -0.790500 55.907806
BONES 1
BONE 32 1.000000

VERT 37
OFFSET 0.138076 -0.242182 56.450233
BONES 1
BONE 32 1.000000

VERT 38
OFFSET -0.397322 -0.332029 56.439503
BONES 1
BONE 32 1.000000

VERT 39
OFFSET -0.908557 -0.439745 55.929409
BONES 1
BONE 32 1.000000

VERT 40
OFFSET 0.309464 -0.497699 56.245739
BONES 1
BONE 32 1.000000

VERT 41
OFFSET -1.007958 -0.602695 55.463238
BONES 2
BONE 3 0.016578
BONE 32 0.983422

VERT 42
OFFSET -2.067098 1.150238 55.488106
BONES 1
BONE 3 1.000000

VERT 43
OFFSET -2.633541 1.435297 55.815315
BONES 1
BONE 3 1.000000

VERT 44
OFFSET -2.979755 1.465996 56.036751
BONES 1
BONE 3 1.000000

VERT 45
OFFSET -2.726984 2.147143 56.717838
BONES 1
BONE 3 1.000000

VERT 46
OFFSET -2.491112 2.321532 56.677986
BONES 1
BONE 3 1.000000

VERT 47
OFFSET -1.623777 2.094656 56.060619
BONES 2
BONE 35 0.011342
BONE 3 0.988658

VERT 48
OFFSET -0.958041 1.630000 55.477406
BONES 2
BONE 3 0.996612
BONE 35 0.003388

VERT 49
OFFSET -2.441025 1.666321 56.006470
BONES 1
BONE 3 1.000000

VERT 50
OFFSET -1.246902 0.328305 54.924835
BONES 1
BONE 3 1.000000

VERT 51
OFFSET -0.452143 1.311604 55.330070
BONES 1
BONE 3 1.000000

VERT 52
OFFSET 0.038282 1.179471 55.528080
BONES 3
BONE 28 0.004932
BONE 3 0.867778
BONE 33 0.127290

VERT 53
OFFSET -0.166085 0.475487 54.898964
BONES 1
BONE 3 1.000000

VERT 54
OFFSET -0.596671 0.685405 54.955509
BONES 1
BONE 3 1.000000

VERT 55
OFFSET 0.108302 0.389608 55.081959
BONES 3
BONE 28 0.001260
BONE 3 0.883470
BONE 33 0.115270

VERT 56
OFFSET -1.680390 0.606687 55.000660
BONES 1
BONE 3 1.000000

VERT 57
OFFSET -2.212271 0.950625 54.886127
BONES 1
BONE 3 1.000000

VERT 58
OFFSET -1.776091 0.241511 54.635891
BONES 1
BONE 3 1.000000

VERT 59
OFFSET -2.750176 1.227725 55.199627
BONES 1
BONE 3 1.000000

VERT 60
OFFSET -3.370071 1.188511 55.519432
BONES 1
BONE 3 1.000000

VERT 61
OFFSET -3.669672 1.156224 56.492916
BONES 1
BONE 3 1.000000

VERT 62
OFFSET -4.139121 1.962039 57.827923
BONES 1
BONE 3 1.000000

VERT 63
OFFSET -3.310939 2.360304 57.299160
BONES 1
BONE 3 1.000000

VERT 64
OFFSET -4.452394 1.295931 57.446880
BONES 1
BONE 3 1.000000

VERT 65
OFFSET -3.196469 3.014410 57.876770
BONES 1
BONE 3 1.000000

VERT 66
OFFSET -4.025223 2.433044 58.234528
BONES 1
BONE 3 1.000000

VERT 67
OFFSET -3.910268 3.012419 59.294136
BONES 1
BONE 3 1.000000

VERT 68
OFFSET -2.905433 3.112054 58.185596
BONES 1
BONE 3 1.000000

VERT 69
OFFSET -3.674938 3.196034 59.837006
BONES 1
BONE 3 1.000000

VERT 70
OFFSET -2.076721 3.065443 58.123470
BONES 3
BONE 35 0.006942
BONE 3 0.992023
BONE 34 0.001036

VERT 71
OFFSET -0.944924 3.060377 58.375221
BONES 4
BONE 40 0.001065
BONE 35 0.015709
BONE 3 0.908761
BONE 34 0.074465

VERT 72
OFFSET -1.310664 2.713590 57.437046
BONES 4
BONE 40 0.000473
BONE 35 0.203828
BONE 3 0.615881
BONE 34 0.179819

VERT 73
OFFSET -0.702592 2.637537 57.535152
BONES 5
BONE 40 0.006164
BONE 41 0.008368
BONE 34 0.527304
BONE 3 0.227935
BONE 35 0.230229

VERT 74
OFFSET -0.142094 2.108636 56.544556
BONES 4
BONE 41 0.000142
BONE 34 0.204965
BONE 3 0.634147
BONE 35 0.160747

VERT 75
OFFSET -0.368290 2.440434 57.462315
BONES 7
BONE 40 0.058005
BONE 39 0.001432
BONE 42 0.002989
BONE 3 0.037723
BONE 41 0.199197
BONE 34 0.567633
BONE 35 0.133021

VERT 76
OFFSET -0.295765 2.315477 57.526237
BONES 5
BONE 41 0.383323
BONE 34 0.495645
BONE 42 0.012678
BONE 35 0.008179
BONE 40 0.100175

VERT 77
OFFSET -0.783556 2.237004 56.234127
BONES 3
BONE 34 0.016953
BONE 35 0.128444
BONE 3 0.854604

VERT 78
OFFSET -0.237971 1.739278 55.790344
BONES 4
BONE 3 0.942770
BONE 35 0.029864
BONE 34 0.005317
BONE 33 0.022048

VERT 79
OFFSET 0.207962 1.589140 56.191086
BONES 4
BONE 35 0.022829
BONE 34 0.125452
BONE 3 0.777287
BONE 33 0.074431

VERT 80
OFFSET 0.276709 1.269033 56.796528
BONES 6
BONE 43 0.000840
BONE 3 0.337089
BONE 33 0.003949
BONE 34 0.640626
BONE 35 0.004531
BONE 42 0.012966

VERT 81
OFFSET -0.159979 1.927231 57.297649
BONES 6
BONE 40 0.002568
BONE 41 0.167332
BONE 35 0.000004
BONE 34 0.560757
BONE 42 0.268022
BONE 43 0.001318

VERT 82
OFFSET -0.008604 1.348984 57.246246
BONES 5
BONE 36 0.000465
BONE 42 0.268215
BONE 34 0.574597
BONE 41 0.000050
BONE 43 0.156674

VERT 83
OFFSET 0.642375 0.708553 56.537407
BONES 4
BONE 3 0.604194
BONE 43 0.000617
BONE 34 0.235386
BONE 33 0.159804

VERT 84
OFFSET 0.915099 0.326289 56.617493
BONES 4
BONE 28 0.003656
BONE 3 0.812817
BONE 33 0.116797
BONE 34 0.066730

VERT 85
OFFSET 0.108412 1.075681 57.097107
BONES 4
BONE 3 0.019062
BONE 34 0.679631
BONE 42 0.110789
BONE 43 0.190519

VERT 86
OFFSET 1.182420 -0.000886 56.837284
BONES 2
BONE 33 0.002022
BONE 3 0.997978

VERT 87
OFFSET 0.566647 0.408429 57.038357
BONES 3
BONE 34 0.259430
BONE 3 0.737095
BONE 43 0.003476

VERT 88
OFFSET 0.375561 0.382934 57.498604
BONES 4
BONE 3 0.546233
BONE 43 0.025166
BONE 34 0.413817
BONE 36 0.014784

VERT 89
OFFSET 0.034474 0.889611 57.456886
BONES 6
BONE 36 0.162047
BONE 34 0.549624
BONE 3 0.003907
BONE 43 0.243819
BONE 42 0.040551
BONE 37 0.000052

VERT 90
OFFSET 0.667546 0.002588 57.201088
BONES 2
BONE 3 0.999995
BONE 34 0.000005

VERT 91
OFFSET -0.239196 1.673325 57.245533
BONES 4
BONE 42 0.187764
BONE 34 0.758422
BONE 43 0.021183
BONE 41 0.032632

VERT 92
OFFSET -0.107824 1.021457 57.338531
BONES 4
BONE 43 0.079374
BONE 34 0.728142
BONE 42 0.110705
BONE 36 0.081779

VERT 93
OFFSET 0.023058 0.810400 57.872986
BONES 5
BONE 38 0.001860
BONE 43 0.029936
BONE 37 0.118391
BONE 34 0.621421
BONE 36 0.228393

VERT 94
OFFSET -0.442121 1.593852 57.837696
BONES 4
BONE 37 0.023574
BONE 3 0.000000
BONE 34 0.941005
BONE 38 0.035421

VERT 95
OFFSET 0.262849 0.883999 58.044147
BONES 5
BONE 43 0.001917
BONE 37 0.359759
BONE 34 0.399567
BONE 36 0.234530
BONE 38 0.004227

VERT 96
OFFSET 0.164865 1.099410 58.248653
BONES 4
BONE 36 0.096999
BONE 38 0.071392
BONE 34 0.661502
BONE 37 0.170106

VERT 97
OFFSET -0.028085 2.007050 58.312630
BONES 4
BONE 38 0.204290
BONE 34 0.663269
BONE 39 0.129453
BONE 37 0.002989

VERT 98
OFFSET 0.253694 1.483461 58.301720
BONES 5
BONE 36 0.011214
BONE 38 0.209281
BONE 34 0.631903
BONE 39 0.019304
BONE 37 0.128299

VERT 99
OFFSET 0.005600 2.163139 58.200428
BONES 5
BONE 37 0.000032
BONE 38 0.151831
BONE 40 0.026585
BONE 34 0.625195
BONE 39 0.196356

VERT 100
OFFSET 0.551906 1.826416 59.046169
BONES 4
BONE 37 0.005377
BONE 34 0.534826
BONE 38 0.001563
BONE 3 0.458234

VERT 101
OFFSET 0.813722 1.833480 59.831333
BONES 2
BONE 34 0.106781
BONE 3 0.893219

VERT 102
OFFSET 0.717672 0.669287 58.561749
BONES 6
BONE 38 0.006979
BONE 39 0.000320
BONE 3 0.551575
BONE 37 0.049002
BONE 34 0.389247
BONE 36 0.002878

VERT 103
OFFSET 1.117465 0.355384 59.724644
BONES 3
BONE 44 0.001028
BONE 3 0.974673
BONE 34 0.024299

VERT 104
OFFSET 0.476972 0.009709 57.803143
BONES 3
BONE 34 0.019489
BONE 3 0.950258
BONE 44 0.030253

VERT 105
OFFSET 0.345295 0.501884 57.825645
BONES 4
BONE 37 0.004671
BONE 3 0.341879
BONE 36 0.047541
BONE 34 0.605908

VERT 106
OFFSET 0.957741 0.000043 58.868118
BONES 3
BONE 44 0.045284
BONE 34 0.044473
BONE 3 0.910243

VERT 107
OFFSET -3.812414 0.809268 55.712749
BONES 1
BONE 3 1.000000

VERT 108
OFFSET -4.117322 0.359879 55.804882
BONES 1
BONE 3 1.000000

VERT 109
OFFSET -4.397379 0.446471 56.662205
BONES 1
BONE 3 1.000000

VERT 110
OFFSET -4.952285 0.499821 57.275288
BONES 1
BONE 3 1.000000

VERT 111
OFFSET -4.731313 0.958070 57.363266
BONES 1
BONE 3 1.000000

VERT 112
OFFSET 0.359375 0.488682 55.795532
BONES 7
BONE 3 0.000737
BONE 27 0.000000
BONE 32 0.053294
BONE 28 0.260324
BONE 33 0.601474
BONE 26 0.032330
BONE 22 0.051841

VERT 113
OFFSET 0.455072 0.044735 55.768513
BONES 7
BONE 29 0.023385
BONE 32 0.007185
BONE 28 0.040968
BONE 33 0.676358
BONE 22 0.137026
BONE 23 0.114066
BONE 3 0.001013

VERT 114
OFFSET 0.407866 0.547265 55.766842
BONES 6
BONE 3 0.081730
BONE 32 0.002665
BONE 33 0.589810
BONE 28 0.243674
BONE 22 0.075301
BONE 26 0.006820

VERT 115
OFFSET 0.541463 -0.000530 55.684364
BONES 6
BONE 22 0.110542
BONE 33 0.672795
BONE 3 0.041694
BONE 28 0.018009
BONE 23 0.139018
BONE 29 0.017942

VERT 116
OFFSET 0.371169 0.226689 55.549221
BONES 6
BONE 29 0.000598
BONE 23 0.050984
BONE 3 0.223681
BONE 28 0.051119
BONE 33 0.576440
BONE 22 0.097178

VERT 117
OFFSET 0.412087 -0.517055 55.747086
BONES 7
BONE 27 0.008707
BONE 32 0.002281
BONE 29 0.222042
BONE 23 0.092299
BONE 22 0.001153
BONE 33 0.575590
BONE 3 0.097927

VERT 118
OFFSET 0.562032 -0.480879 55.943401
BONES 5
BONE 27 0.157768
BONE 33 0.482171
BONE 3 0.228463
BONE 29 0.131071
BONE 44 0.000527

VERT 119
OFFSET 0.542765 0.000002 55.752251
BONES 7
BONE 28 0.017616
BONE 32 0.000427
BONE 29 0.020549
BONE 3 0.005920
BONE 33 0.701289
BONE 27 0.139144
BONE 26 0.115056

VERT 120
OFFSET 0.705117 0.046288 55.919300
BONES 7
BONE 34 0.000033
BONE 3 0.053544
BONE 28 0.017207
BONE 33 0.693101
BONE 26 0.111668
BONE 27 0.115147
BONE 29 0.009300

VERT 121
OFFSET 0.713356 0.053000 56.045151
BONES 5
BONE 28 0.017967
BONE 27 0.059244
BONE 26 0.094353
BONE 33 0.590558
BONE 3 0.237879

VERT 122
OFFSET -0.279956 3.074181 59.018032
BONES 5
BONE 39 0.000013
BONE 34 0.091456
BONE 35 0.000586
BONE 3 0.904202
BONE 40 0.003743

VERT 123
OFFSET -0.281575 2.764229 58.115788
BONES 7
BONE 40 0.220670
BONE 35 0.002260
BONE 3 0.144945
BONE 34 0.560777
BONE 38 0.002096
BONE 41 0.014392
BONE 39 0.054860

VERT 124
OFFSET -0.991000 3.193617 59.747822
BONES 1
BONE 3 1.000000

VERT 125
OFFSET -1.947264 3.231251 59.104683
BONES 2
BONE 34 0.000369
BONE 3 0.999631

VERT 126
OFFSET 0.380198 2.624988 59.802486
BONES 3
BONE 34 0.055482
BONE 39 0.000031
BONE 3 0.944487

VERT 127
OFFSET -0.280461 2.884318 60.466293
BONES 1
BONE 3 1.000000

VERT 128
OFFSET 0.505067 1.892528 61.379311
BONES 1
BONE 3 1.000000

VERT 129
OFFSET 0.839222 1.818763 60.330872
BONES 1
BONE 3 1.000000

VERT 130
OFFSET -0.219418 2.467187 57.945347
BONES 5
BONE 41 0.073977
BONE 39 0.131588
BONE 38 0.010949
BONE 34 0.592641
BONE 40 0.190845

VERT 131
OFFSET 1.106964 0.493359 60.835625
BONES 2
BONE 3 0.996358
BONE 44 0.003642

VERT 132
OFFSET 0.702229 0.638591 61.912037
BONES 1
BONE 3 1.000000

VERT 133
OFFSET 0.171367 0.315414 62.798111
BONES 1
BONE 3 1.000000

VERT 134
OFFSET 1.103889 -0.840147 60.086830
BONES 2
BONE 3 0.972468
BONE 44 0.027532

VERT 135
OFFSET 1.007567 -0.662937 61.090710
BONES 1
BONE 3 1.000000

VERT 136
OFFSET 0.725859 -0.666110 58.574615
BONES 6
BONE 48 0.010741
BONE 49 0.000490
BONE 47 0.051814
BONE 44 0.401752
BONE 3 0.534848
BONE 46 0.000356

VERT 137
OFFSET 0.318369 -0.461397 57.714775
BONES 5
BONE 53 0.009546
BONE 44 0.525428
BONE 46 0.034618
BONE 3 0.427645
BONE 47 0.002763

VERT 138
OFFSET 0.235922 -0.872072 57.970215
BONES 6
BONE 53 0.002760
BONE 3 0.000428
BONE 44 0.395766
BONE 46 0.256288
BONE 47 0.344751
BONE 48 0.000007

VERT 139
OFFSET 0.523646 -0.385730 57.115726
BONES 3
BONE 3 0.744145
BONE 44 0.251042
BONE 53 0.004813

VERT 140
OFFSET 0.089634 -1.062746 57.116562
BONES 5
BONE 3 0.007385
BONE 52 0.115448
BONE 44 0.659542
BONE 53 0.215267
BONE 46 0.002359

VERT 141
OFFSET -0.061187 -1.612958 57.243046
BONES 6
BONE 45 0.000004
BONE 46 0.000642
BONE 52 0.312471
BONE 44 0.601751
BONE 53 0.050590
BONE 51 0.034542

VERT 142
OFFSET 0.643471 -0.612142 56.737255
BONES 4
BONE 33 0.011928
BONE 44 0.266774
BONE 3 0.720498
BONE 53 0.000800

VERT 143
OFFSET 0.898960 -0.315262 56.572968
BONES 4
BONE 3 0.761082
BONE 44 0.017616
BONE 33 0.215822
BONE 29 0.005480

VERT 144
OFFSET 0.487625 -0.982111 56.347923
BONES 5
BONE 52 0.000030
BONE 45 0.000080
BONE 3 0.573519
BONE 44 0.237473
BONE 33 0.188899

VERT 145
OFFSET 0.207882 -1.588685 56.191422
BONES 4
BONE 33 0.074409
BONE 44 0.125531
BONE 3 0.777194
BONE 45 0.022866

VERT 146
OFFSET -0.142082 -2.108680 56.545132
BONES 4
BONE 51 0.000142
BONE 3 0.633957
BONE 44 0.205107
BONE 45 0.160793

VERT 147
OFFSET 0.038391 -1.525763 55.775406
BONES 5
BONE 29 0.001824
BONE 3 0.904112
BONE 45 0.018469
BONE 44 0.006018
BONE 33 0.069578

VERT 148
OFFSET -0.701747 -2.247209 56.280186
BONES 3
BONE 3 0.794185
BONE 45 0.150725
BONE 44 0.055090

VERT 149
OFFSET -0.661318 -1.847211 55.704147
BONES 3
BONE 3 0.975875
BONE 45 0.021885
BONE 33 0.002241

VERT 150
OFFSET -0.340130 -2.413153 57.410088
BONES 6
BONE 52 0.007238
BONE 51 0.157384
BONE 3 0.072956
BONE 45 0.148583
BONE 44 0.578943
BONE 50 0.034896

VERT 151
OFFSET -0.882720 -2.714702 57.605347
BONES 5
BONE 3 0.422300
BONE 45 0.203469
BONE 44 0.361791
BONE 51 0.006913
BONE 50 0.005527

VERT 152
OFFSET -0.223313 -2.140627 57.397942
BONES 5
BONE 51 0.331100
BONE 44 0.529923
BONE 52 0.113416
BONE 45 0.021581
BONE 50 0.003980

VERT 153
OFFSET -1.897700 -2.812140 57.526203
BONES 3
BONE 3 0.923320
BONE 44 0.001178
BONE 45 0.075502

VERT 154
OFFSET -0.945359 -3.060508 58.375008
BONES 4
BONE 50 0.001080
BONE 45 0.015733
BONE 3 0.908802
BONE 44 0.074385

VERT 155
OFFSET -2.905452 -3.112011 58.185532
BONES 1
BONE 3 1.000000

VERT 156
OFFSET -3.910267 -3.012419 59.294136
BONES 1
BONE 3 1.000000

VERT 157
OFFSET -3.674937 -3.196034 59.837006
BONES 1
BONE 3 1.000000

VERT 158
OFFSET -3.196358 -3.014445 57.876637
BONES 1
BONE 3 1.000000

VERT 159
OFFSET -4.025223 -2.433045 58.234528
BONES 1
BONE 3 1.000000

VERT 160
OFFSET -3.310985 -2.360261 57.299164
BONES 1
BONE 3 1.000000

VERT 161
OFFSET -2.491070 -2.321489 56.678005
BONES 1
BONE 3 1.000000

VERT 162
OFFSET -2.441010 -1.666357 56.006584
BONES 1
BONE 3 1.000000

VERT 163
OFFSET -0.517549 -1.279602 55.284420
BONES 1
BONE 3 1.000000

VERT 164
OFFSET -0.526986 -0.640288 54.928139
BONES 1
BONE 3 1.000000

VERT 165
OFFSET -0.167927 -0.476878 54.897049
BONES 1
BONE 3 1.000000

VERT 166
OFFSET 0.109509 -0.103137 54.909035
BONES 5
BONE 22 0.000036
BONE 23 0.000067
BONE 33 0.049938
BONE 3 0.949661
BONE 29 0.000298

VERT 167
OFFSET -0.002890 0.000001 54.784779
BONES 1
BONE 3 1.000000

VERT 168
OFFSET -0.260184 0.012475 54.692707
BONES 1
BONE 3 1.000000

VERT 169
OFFSET -1.185470 -0.268918 54.913898
BONES 1
BONE 3 1.000000

VERT 170
OFFSET -1.522533 -0.057945 54.841709
BONES 1
BONE 3 1.000000

VERT 171
OFFSET -1.938031 -0.935104 55.222134
BONES 1
BONE 3 1.000000

VERT 172
OFFSET -1.606480 -1.024617 55.327099
BONES 1
BONE 3 1.000000

VERT 173
OFFSET -2.633541 -1.435259 55.815243
BONES 1
BONE 3 1.000000

VERT 174
OFFSET -1.624115 -2.094310 56.060963
BONES 2
BONE 45 0.011377
BONE 3 0.988623

VERT 175
OFFSET -1.106415 -1.540278 55.453728
BONES 1
BONE 3 1.000000

VERT 176
OFFSET -2.979755 -1.465989 56.036728
BONES 1
BONE 3 1.000000

VERT 177
OFFSET -3.669672 -1.156224 56.492916
BONES 1
BONE 3 1.000000

VERT 178
OFFSET -4.139120 -1.962039 57.827923
BONES 1
BONE 3 1.000000

VERT 179
OFFSET -3.370070 -1.188511 55.519432
BONES 1
BONE 3 1.000000

VERT 180
OFFSET -2.644061 -1.203436 55.139671
BONES 1
BONE 3 1.000000

VERT 181
OFFSET -2.031589 -0.691432 54.782661
BONES 1
BONE 3 1.000000

VERT 182
OFFSET -1.751665 -0.204846 54.619175
BONES 1
BONE 3 1.000000

VERT 183
OFFSET -0.448153 2.355106 57.567108
BONES 6
BONE 39 0.012311
BONE 41 0.224340
BONE 34 0.704311
BONE 40 0.033371
BONE 42 0.024001
BONE 38 0.001665

VERT 184
OFFSET -0.317028 2.441724 58.054573
BONES 5
BONE 39 0.143922
BONE 40 0.078861
BONE 34 0.730703
BONE 41 0.027105
BONE 38 0.019409

VERT 185
OFFSET -3.287743 3.281602 60.375820
BONES 1
BONE 3 1.000000

VERT 186
OFFSET -2.505435 3.282389 61.049084
BONES 1
BONE 3 1.000000

VERT 187
OFFSET -1.391764 2.854746 61.916222
BONES 1
BONE 3 1.000000

VERT 188
OFFSET -0.481135 2.180828 62.503990
BONES 1
BONE 3 1.000000

VERT 189
OFFSET -0.146018 1.683961 62.713066
BONES 1
BONE 3 1.000000

VERT 190
OFFSET 0.361760 -0.488431 55.795830
BONES 7
BONE 27 0.037577
BONE 22 0.000057
BONE 23 0.058598
BONE 33 0.599541
BONE 3 0.000769
BONE 29 0.256704
BONE 32 0.046755

VERT 191
OFFSET -2.844376 -3.444319 58.144917
BONES 1
BONE 3 1.000000

VERT 192
OFFSET -3.121438 -3.470700 57.773785
BONES 1
BONE 3 1.000000

VERT 193
OFFSET -3.240049 -3.556918 57.190895
BONES 1
BONE 3 1.000000

VERT 194
OFFSET -3.096658 -3.011829 57.187813
BONES 1
BONE 3 1.000000

VERT 195
OFFSET -3.154100 -3.541976 57.197407
BONES 1
BONE 3 1.000000

VERT 196
OFFSET -2.585524 -2.937231 56.564674
BONES 1
BONE 3 1.000000

VERT 197
OFFSET -2.726365 -2.147509 56.717613
BONES 1
BONE 3 1.000000

VERT 198
OFFSET -2.447093 -2.764688 56.549984
BONES 1
BONE 3 1.000000

VERT 199
OFFSET -2.225583 -2.594621 57.027061
BONES 3
BONE 44 0.000001
BONE 45 0.008551
BONE 3 0.991447

VERT 200
OFFSET -2.676770 -3.042446 57.059029
BONES 1
BONE 3 1.000000

VERT 201
OFFSET -2.431151 -2.939653 57.375446
BONES 1
BONE 3 1.000000

VERT 202
OFFSET -2.281034 -3.105467 57.611340
BONES 2
BONE 3 0.999764
BONE 45 0.000236

VERT 203
OFFSET -2.278897 -3.285665 57.913162
BONES 1
BONE 3 1.000000

VERT 204
OFFSET -2.553008 -3.138806 57.722576
BONES 1
BONE 3 1.000000

VERT 205
OFFSET -2.076661 -3.065448 58.123440
BONES 3
BONE 3 0.992001
BONE 45 0.006959
BONE 44 0.001040

VERT 206
OFFSET -2.684531 -3.614043 58.217491
BONES 1
BONE 3 1.000000

VERT 207
OFFSET -2.700006 -3.001708 57.416073
BONES 1
BONE 3 1.000000

VERT 208
OFFSET -2.904130 -3.505074 57.435753
BONES 1
BONE 3 1.000000

VERT 209
OFFSET -3.096220 -3.694693 57.838333
BONES 1
BONE 3 1.000000

VERT 210
OFFSET -2.704051 -3.555741 57.755474
BONES 1
BONE 3 1.000000

VERT 211
OFFSET -2.994655 -3.823565 57.932907
BONES 1
BONE 3 1.000000

VERT 212
OFFSET -2.671226 -3.782589 58.289562
BONES 1
BONE 3 1.000000

VERT 213
OFFSET -2.416168 -3.636052 58.315277
BONES 1
BONE 3 1.000000

VERT 214
OFFSET -3.238545 -3.807474 57.922451
BONES 1
BONE 3 1.000000

VERT 215
OFFSET -2.930869 -3.727757 58.295872
BONES 1
BONE 3 1.000000

VERT 216
OFFSET -2.451679 -3.113320 58.286285
BONES 1
BONE 3 1.000000

VERT 217
OFFSET -3.812413 -0.809269 55.712749
BONES 1
BONE 3 1.000000

VERT 218
OFFSET -4.183080 -0.218739 55.819160
BONES 1
BONE 3 1.000000

VERT 219
OFFSET -4.551771 -0.081109 56.628284
BONES 1
BONE 3 1.000000

VERT 220
OFFSET -4.731313 -0.958070 57.363266
BONES 1
BONE 3 1.000000

VERT 221
OFFSET -4.952285 -0.499820 57.275288
BONES 1
BONE 3 1.000000

VERT 222
OFFSET -4.452394 -1.295931 57.446880
BONES 1
BONE 3 1.000000

VERT 223
OFFSET -5.065820 -0.000000 57.121628
BONES 1
BONE 3 1.000000

VERT 224
OFFSET -0.279832 -3.074268 59.017551
BONES 5
BONE 49 0.000013
BONE 44 0.091483
BONE 45 0.000587
BONE 3 0.904158
BONE 50 0.003759

VERT 225
OFFSET -0.281777 -2.765401 58.115025
BONES 7
BONE 50 0.220886
BONE 45 0.002268
BONE 3 0.144980
BONE 44 0.560691
BONE 48 0.002083
BONE 51 0.014475
BONE 49 0.054619

VERT 226
OFFSET -0.991004 -3.193615 59.747849
BONES 1
BONE 3 1.000000

VERT 227
OFFSET -1.947675 -3.231292 59.105095
BONES 2
BONE 44 0.000368
BONE 3 0.999632

VERT 228
OFFSET -0.296235 -2.447842 57.713001
BONES 7
BONE 45 0.002171
BONE 51 0.260566
BONE 3 0.000267
BONE 44 0.527034
BONE 50 0.182380
BONE 49 0.027060
BONE 52 0.000522

VERT 229
OFFSET 0.380202 -2.625019 59.802502
BONES 3
BONE 44 0.055503
BONE 49 0.000031
BONE 3 0.944466

VERT 230
OFFSET -0.280455 -2.884314 60.466293
BONES 1
BONE 3 1.000000

VERT 231
OFFSET 0.505068 -1.892525 61.379311
BONES 1
BONE 3 1.000000

VERT 232
OFFSET 0.813734 -1.833568 59.831242
BONES 2
BONE 3 0.893187
BONE 44 0.106813

VERT 233
OFFSET 0.839223 -1.818761 60.330872
BONES 1
BONE 3 1.000000

VERT 234
OFFSET 0.551957 -1.827118 59.046223
BONES 4
BONE 47 0.005376
BONE 44 0.534826
BONE 48 0.001563
BONE 3 0.458235

VERT 235
OFFSET 0.769259 -0.383222 61.875824
BONES 1
BONE 3 1.000000

VERT 236
OFFSET 0.257972 -1.131749 58.221714
BONES 4
BONE 44 0.524776
BONE 47 0.288332
BONE 48 0.069411
BONE 46 0.117481

VERT 237
OFFSET 0.203124 -1.664449 58.300228
BONES 4
BONE 48 0.263342
BONE 44 0.652823
BONE 49 0.037643
BONE 47 0.046192

VERT 238
OFFSET -0.028083 -2.008542 58.312855
BONES 4
BONE 47 0.002996
BONE 48 0.204263
BONE 44 0.663330
BONE 49 0.129411

VERT 239
OFFSET -0.442125 -1.595360 57.837849
BONES 4
BONE 47 0.023574
BONE 3 0.000000
BONE 44 0.941005
BONE 48 0.035421

VERT 240
OFFSET -0.094855 -2.333803 58.115074
BONES 5
BONE 49 0.189317
BONE 44 0.620865
BONE 50 0.116939
BONE 48 0.072866
BONE 47 0.000013

VERT 241
OFFSET -0.317064 -2.443241 58.054657
BONES 5
BONE 51 0.027154
BONE 48 0.019408
BONE 50 0.078844
BONE 44 0.730707
BONE 49 0.143887

VERT 242
OFFSET -0.448210 -2.356582 57.566929
BONES 6
BONE 52 0.024067
BONE 50 0.033361
BONE 49 0.012309
BONE 44 0.704285
BONE 51 0.224313
BONE 48 0.001665

VERT 243
OFFSET -0.239081 -1.674043 57.245365
BONES 4
BONE 51 0.032554
BONE 44 0.758422
BONE 52 0.187737
BONE 53 0.021287

VERT 244
OFFSET -0.033095 -1.046446 57.335972
BONES 4
BONE 46 0.051588
BONE 52 0.132920
BONE 44 0.651433
BONE 53 0.164059

VERT 245
OFFSET 0.022960 -0.811879 57.872959
BONES 5
BONE 48 0.001861
BONE 53 0.029903
BONE 47 0.118433
BONE 44 0.621433
BONE 46 0.228370

VERT 246
OFFSET 0.030373 -0.888257 57.465073
BONES 6
BONE 3 0.003071
BONE 46 0.227826
BONE 44 0.535958
BONE 52 0.003248
BONE 53 0.229851
BONE 47 0.000046

VERT 247
OFFSET 0.233453 -1.297384 56.865166
BONES 5
BONE 45 0.005325
BONE 53 0.018732
BONE 44 0.725374
BONE 52 0.023140
BONE 3 0.227429

VERT 248
OFFSET 0.125862 -0.637663 62.791527
BONES 1
BONE 3 1.000000

VERT 249
OFFSET -0.146017 -1.683959 62.713066
BONES 1
BONE 3 1.000000

VERT 250
OFFSET -0.481135 -2.180828 62.503990
BONES 1
BONE 3 1.000000

VERT 251
OFFSET -1.391754 -2.854738 61.916229
BONES 1
BONE 3 1.000000

VERT 252
OFFSET -2.505433 -3.282388 61.049084
BONES 1
BONE 3 1.000000

VERT 253
OFFSET -3.287743 -3.281601 60.375820
BONES 1
BONE 3 1.000000

VERT 254
OFFSET 1.031618 1.289749 59.772373
BONES 3
BONE 3 0.750000
BONE 6 0.021338
BONE 4 0.228662

VERT 255
OFFSET 1.033288 0.699651 59.261120
BONES 3
BONE 3 0.750000
BONE 6 0.006934
BONE 4 0.243066

VERT 256
OFFSET 0.800826 1.699808 59.055744
BONES 3
BONE 4 0.171788
BONE 6 0.078212
BONE 3 0.750000

VERT 257
OFFSET 0.593739 2.413232 59.035847
BONES 3
BONE 4 0.055911
BONE 6 0.194089
BONE 3 0.750000

VERT 258
OFFSET 0.638098 2.129144 58.924274
BONES 3
BONE 6 0.165897
BONE 4 0.084103
BONE 3 0.750000

VERT 259
OFFSET 0.397773 2.553654 58.629570
BONES 3
BONE 6 0.236476
BONE 4 0.013524
BONE 3 0.750000

VERT 260
OFFSET 0.761883 2.204730 59.551926
BONES 3
BONE 6 0.149155
BONE 4 0.100845
BONE 3 0.750000

VERT 261
OFFSET 0.515202 2.669272 59.272179
BONES 3
BONE 3 0.750000
BONE 4 0.028945
BONE 6 0.221055

VERT 262
OFFSET 0.240383 3.000562 58.965096
BONES 3
BONE 3 0.750000
BONE 4 0.009794
BONE 6 0.240206

VERT 263
OFFSET 0.031878 3.071108 58.414478
BONES 3
BONE 3 0.750000
BONE 4 0.014298
BONE 6 0.235702

VERT 264
OFFSET 0.218933 2.769310 58.407627
BONES 3
BONE 3 0.750000
BONE 4 0.010737
BONE 6 0.239263

VERT 265
OFFSET 0.081524 2.953033 58.339378
BONES 3
BONE 3 0.750000
BONE 4 0.013758
BONE 6 0.236242

VERT 266
OFFSET 0.909256 1.775381 59.699303
BONES 3
BONE 3 0.750000
BONE 6 0.077090
BONE 4 0.172910

VERT 267
OFFSET 1.076339 0.978330 59.747059
BONES 3
BONE 3 0.750000
BONE 6 0.007533
BONE 4 0.242467

VERT 268
OFFSET 0.944317 0.924166 59.065807
BONES 3
BONE 3 0.750000
BONE 6 0.007658
BONE 4 0.242342

VERT 269
OFFSET 0.983829 0.782754 59.125919
BONES 3
BONE 4 0.243703
BONE 6 0.006297
BONE 3 0.750000

VERT 270
OFFSET 1.079445 0.783705 59.600101
BONES 3
BONE 3 0.750000
BONE 6 0.007012
BONE 4 0.242988

VERT 271
OFFSET 0.111390 3.092613 58.788174
BONES 3
BONE 6 0.238936
BONE 4 0.011064
BONE 3 0.750000

VERT 272
OFFSET 0.016897 3.103775 58.535294
BONES 3
BONE 6 0.236278
BONE 4 0.013722
BONE 3 0.750000

VERT 273
OFFSET 1.031835 -1.289155 59.767601
BONES 3
BONE 3 0.750000
BONE 5 0.228667
BONE 7 0.021333

VERT 274
OFFSET 1.033523 -0.699091 59.256153
BONES 3
BONE 3 0.750000
BONE 5 0.243066
BONE 7 0.006934

VERT 275
OFFSET 0.800914 -1.699694 59.051659
BONES 3
BONE 7 0.078250
BONE 5 0.171750
BONE 3 0.750000

VERT 276
OFFSET 0.594055 -2.412706 59.034161
BONES 3
BONE 7 0.194008
BONE 5 0.055992
BONE 3 0.750000

VERT 277
OFFSET 0.638006 -2.129288 58.921310
BONES 3
BONE 5 0.084000
BONE 7 0.166000
BONE 3 0.750000

VERT 278
OFFSET 0.398053 -2.553164 58.628071
BONES 3
BONE 5 0.013547
BONE 7 0.236453
BONE 3 0.750000

VERT 279
OFFSET 0.761946 -2.204557 59.548843
BONES 3
BONE 5 0.100814
BONE 7 0.149186
BONE 3 0.750000

VERT 280
OFFSET 0.515391 -2.668889 59.270363
BONES 3
BONE 3 0.750000
BONE 7 0.221028
BONE 5 0.028972

VERT 281
OFFSET 0.240464 -3.000371 58.963345
BONES 3
BONE 3 0.750000
BONE 7 0.240206
BONE 5 0.009794

VERT 282
OFFSET 0.031947 -3.070924 58.412643
BONES 3
BONE 3 0.750000
BONE 7 0.235702
BONE 5 0.014298

VERT 283
OFFSET 0.219007 -2.769131 58.405849
BONES 3
BONE 3 0.750000
BONE 7 0.239263
BONE 5 0.010737

VERT 284
OFFSET 0.081594 -2.952849 58.337551
BONES 3
BONE 3 0.750000
BONE 7 0.236242
BONE 5 0.013758

VERT 285
OFFSET 0.909440 -1.774891 59.695271
BONES 3
BONE 3 0.750000
BONE 5 0.172914
BONE 7 0.077086

VERT 286
OFFSET 1.076557 -0.977700 59.742069
BONES 3
BONE 3 0.750000
BONE 5 0.242468
BONE 7 0.007532

VERT 287
OFFSET 0.944514 -0.923672 59.060818
BONES 3
BONE 7 0.007662
BONE 5 0.242338
BONE 3 0.750000

VERT 288
OFFSET 0.984043 -0.782191 59.120956
BONES 4
BONE 7 0.006297
BONE 6 0.000000
BONE 5 0.243703
BONE 3 0.750000

VERT 289
OFFSET 1.079660 -0.783143 59.595146
BONES 3
BONE 3 0.750000
BONE 5 0.242988
BONE 7 0.007012

VERT 290
OFFSET 0.111458 -3.092434 58.786385
BONES 3
BONE 5 0.011064
BONE 7 0.238936
BONE 3 0.750000

VERT 291
OFFSET 0.016968 -3.103592 58.533466
BONES 4
BONE 5 0.013722
BONE 6 0.000000
BONE 7 0.236278
BONE 3 0.750000

VERT 292
OFFSET 0.682227 0.004392 57.192284
BONES 2
BONE 3 0.996438
BONE 34 0.003562

VERT 293
OFFSET 0.494168 -0.364865 57.165588
BONES 2
BONE 3 0.739119
BONE 44 0.260881

VERT 294
OFFSET 0.397099 -0.295683 57.661861
BONES 2
BONE 3 0.684928
BONE 44 0.315072

VERT 295
OFFSET 0.476136 0.357728 57.173229
BONES 2
BONE 34 0.264470
BONE 3 0.735530

VERT 296
OFFSET 0.396967 0.295143 57.661816
BONES 2
BONE 3 0.684870
BONE 34 0.315131

VERT 297
OFFSET 0.471959 0.009299 57.790802
BONES 3
BONE 34 0.003286
BONE 3 0.978937
BONE 44 0.017778

VERT 298
OFFSET 0.730426 0.330183 58.421642
BONES 2
BONE 34 0.225643
BONE 3 0.774357

VERT 299
OFFSET 0.579645 -0.306132 58.143467
BONES 2
BONE 3 0.725665
BONE 44 0.274335

VERT 300
OFFSET 0.798712 0.103836 58.443218
BONES 3
BONE 44 0.019539
BONE 3 0.898165
BONE 34 0.082296

VERT 301
OFFSET 0.720535 -0.339085 58.439175
BONES 2
BONE 3 0.778005
BONE 44 0.221995

VERT 302
OFFSET 0.867555 -0.342329 56.712360
BONES 3
BONE 33 0.025626
BONE 3 0.891065
BONE 44 0.083308

VERT 303
OFFSET 1.189644 -0.000888 56.834137
BONES 2
BONE 33 0.002111
BONE 3 0.997889

VERT 304
OFFSET 0.854774 0.333155 56.717239
BONES 3
BONE 3 0.894090
BONE 33 0.018938
BONE 34 0.086973

VERT 305
OFFSET 0.745020 0.328858 56.316681
BONES 3
BONE 28 0.024579
BONE 3 0.491827
BONE 33 0.483594

VERT 306
OFFSET 0.882114 0.000001 56.326778
BONES 2
BONE 33 0.374056
BONE 3 0.625944

VERT 307
OFFSET 0.745046 -0.328856 56.316666
BONES 3
BONE 29 0.024548
