// Export time: Thu Nov 19 21:30:47 2020

// Exported using Blender v2.90.1
// Export filename: 'E:/blackops3/mod_xmodel/iw4/rfb/ch_head_gk_rfb_lod2.XMODEL_EXPORT'
// Source filename: 'E:/blackops3/mod_xmodel/iw4/rfb/rfb.blend'
MODEL
VERSION 6

NUMBONES 54
BONE 0 -1 "tag_origin"
BONE 1 0 "j_spineupper"
BONE 2 1 "j_neck"
BONE 3 2 "j_head"
BONE 4 3 "j_brow_le"
BONE 5 3 "j_brow_ri"
BONE 6 3 "j_browouter_le"
BONE 7 3 "j_browouter_ri"
BONE 8 3 "j_cheek_le"
BONE 9 3 "j_cheek_ri"
BONE 10 3 "j_cheeklower_le"
BONE 11 3 "j_cheeklower_ri"
BONE 12 3 "j_eye_lid_bot_le"
BONE 13 3 "j_eye_lid_bot_ri"
BONE 14 3 "j_eye_lid_top_le"
BONE 15 3 "j_eye_lid_top_ri"
BONE 16 3 "j_eyeball_le"
BONE 17 3 "j_eyeball_ri"
BONE 18 3 "j_head_end"
BONE 19 18 "j_helmet"
BONE 20 3 "j_jaw"
BONE 21 20 "j_chin_skinroll"
BONE 22 20 "j_lip_bot_le"
BONE 23 20 "j_lip_bot_ri"
BONE 24 3 "j_levator_le"
BONE 25 3 "j_levator_ri"
BONE 26 3 "j_lip_top_le"
BONE 27 3 "j_lip_top_ri"
BONE 28 3 "j_mouth_le"
BONE 29 3 "j_mouth_ri"
BONE 30 3 "j_nvg"
BONE 31 3 "tag_eye"
BONE 32 3 "MouthCavity"
BONE 33 3 "MouthMove"
BONE 34 3 "Eye_Rz_L"
BONE 35 34 "CheekUp2_L"
BONE 36 34 "Eye01_S_L"
BONE 37 34 "Eye02_S_L"
BONE 38 34 "Eye03_S_L"
BONE 39 34 "Eye04_S_L"
BONE 40 34 "Eye05_S_L"
BONE 41 34 "Eye06_S_L"
BONE 42 34 "Eye07_S_L"
BONE 43 34 "Eye08_S_L"
BONE 44 3 "Eye_Rz_R"
BONE 45 44 "CheekUp2_R"
BONE 46 44 "Eye01_S_R"
BONE 47 44 "Eye02_S_R"
BONE 48 44 "Eye03_S_R"
BONE 49 44 "Eye04_S_R"
BONE 50 44 "Eye05_S_R"
BONE 51 44 "Eye06_S_R"
BONE 52 44 "Eye07_S_R"
BONE 53 44 "Eye08_S_R"

BONE 0
OFFSET 0.000000 0.000000 0.000000
SCALE 1.000000 1.000000 1.000000
X 1.000000 0.000000 0.000000
Y 0.000000 1.000000 0.000000
Z 0.000000 0.000000 1.000000

BONE 1
OFFSET -2.587597 0.000203 45.605228
SCALE 1.000000 1.000000 1.000000
X 0.020425 -0.000062 0.999792
Y 0.999792 0.000062 -0.020425
Z -0.000060 1.000000 0.000064

BONE 2
OFFSET -2.813338 0.000000 53.071339
SCALE 1.000000 1.000000 1.000000
X 0.309745 -0.000047 0.950820
Y 0.950820 0.000075 -0.309746
Z -0.000057 1.000000 0.000068

BONE 3
OFFSET -2.813336 0.000000 55.449188
SCALE 1.000000 1.000000 1.000000
X 0.216382 -0.000044 0.976309
Y 0.976309 0.000072 -0.216382
Z -0.000060 1.000000 0.000059

BONE 4
OFFSET 0.961663 1.494350 59.295116
SCALE 1.000000 1.000000 1.000000
X 0.000656 1.000000 -0.000120
Y -0.998867 0.000649 -0.047589
Z -0.047589 0.000151 0.998867

BONE 5
OFFSET 0.971719 -1.518453 59.288960
SCALE 1.000000 1.000000 1.000000
X 0.000010 1.000000 0.000127
Y 0.998888 -0.000016 0.047154
Z 0.047154 0.000127 -0.998888

BONE 6
OFFSET 0.604411 2.426808 59.066589
SCALE 1.000000 1.000000 1.000000
X 0.000629 1.000000 -0.000124
Y -0.998871 0.000622 -0.047512
Z -0.047512 0.000154 0.998871

BONE 7
OFFSET 0.634265 -2.399246 59.072025
SCALE 1.000000 1.000000 1.000000
X 0.000035 1.000000 0.000126
Y 0.998896 -0.000041 0.046976
Z 0.046977 0.000125 -0.998896

BONE 8
OFFSET -0.515560 1.675743 57.512829
SCALE 1.000000 1.000000 1.000000
X 0.000648 0.999998 -0.000128
Y -0.998871 0.000641 -0.047505
Z -0.047505 0.000159 0.998871

BONE 9
OFFSET -0.533614 -1.608458 57.571171
SCALE 1.000000 1.000000 1.000000
X 0.000025 1.000000 0.000115
Y 0.998880 -0.000030 0.047332
Z 0.047332 0.000113 -0.998879

BONE 10
OFFSET -0.524620 1.505715 56.450272
SCALE 1.000000 1.000000 1.000000
X 0.170210 0.000001 0.985408
Y 0.985408 0.000006 -0.170211
Z -0.000006 1.000000 0.000000

BONE 11
OFFSET -0.484728 -1.503186 56.477303
SCALE 1.000000 1.000000 1.000000
X 0.170295 0.000001 0.985393
Y 0.985393 0.000017 -0.170295
Z -0.000017 1.000000 0.000002

BONE 12
OFFSET -0.747323 1.019596 58.005989
SCALE 1.000000 1.000000 1.000000
X -0.065615 0.997121 0.038041
Y -0.996944 -0.063888 -0.044963
Z -0.042404 -0.040874 0.998264

BONE 13
OFFSET -0.747039 -0.972709 58.000027
SCALE 1.000000 1.000000 1.000000
X 0.066598 0.997042 -0.038369
Y 0.996925 -0.064901 0.043910
Z 0.041290 -0.041175 -0.998299

BONE 14
OFFSET -0.746937 1.018692 58.072155
SCALE 1.000000 1.000000 1.000000
X -0.065485 0.997130 0.037977
Y -0.996960 -0.063768 -0.044787
Z -0.042237 -0.040795 0.998275

BONE 15
OFFSET -0.746373 -0.973924 58.060207
SCALE 1.000000 1.000000 1.000000
X 0.066551 0.997046 -0.038355
Y 0.996943 -0.064868 0.043565
Z 0.040949 -0.041137 -0.998314

BONE 16
OFFSET -2.198066 0.951250 57.896103
SCALE 1.000000 1.000000 1.000000
X -0.205900 0.978522 -0.010094
Y -0.977368 -0.206147 -0.047499
Z -0.048560 0.000086 0.998821

BONE 17
OFFSET -2.198063 -0.950144 57.896103
SCALE 1.000000 1.000000 1.000000
X 0.207727 0.978138 0.009801
Y 0.977076 -0.207958 0.045575
Z 0.046617 0.000109 -0.998913

BONE 18
OFFSET -2.622388 0.000046 60.528259
SCALE 1.000000 1.000000 1.000000
X 0.170212 0.000016 0.985408
Y 0.985408 -0.000000 -0.170212
Z -0.000002 1.000000 -0.000016

BONE 19
OFFSET -3.500632 0.000049 61.630131
SCALE 1.000000 1.000000 1.000000
X 0.995878 -0.000051 0.090711
Y 0.000067 1.000000 -0.000176
Z -0.090711 0.000182 0.995878

BONE 20
OFFSET -2.368209 0.000470 55.764557
SCALE 1.000000 1.000000 1.000000
X 0.000648 0.999999 -0.000098
Y -0.998854 0.000643 -0.047855
Z -0.047855 0.000129 0.998854

BONE 21
OFFSET 0.312057 -0.001421 54.180862
SCALE 1.000000 1.000000 1.000000
X 0.000648 0.999999 -0.000104
Y -0.998867 0.000642 -0.047590
Z -0.047590 0.000135 0.998867

BONE 22
OFFSET 0.425704 0.264231 55.680286
SCALE 1.000000 1.000000 1.000000
X 0.000646 0.999999 -0.000085
Y -0.998867 0.000641 -0.047593
Z -0.047593 0.000116 0.998867

BONE 23
OFFSET 0.425704 -0.263125 55.680286
SCALE 1.000000 1.000000 1.000000
X 0.000346 1.000000 0.000051
Y 0.998863 -0.000128 0.047677
Z 0.047042 0.000035 -0.998893

BONE 24
OFFSET 0.225910 0.503986 57.208504
SCALE 1.000000 1.000000 1.000000
X 0.000646 0.999997 -0.000080
Y -0.998863 0.000641 -0.047680
Z -0.047680 0.000110 0.998863

BONE 25
OFFSET 0.248013 -0.484271 57.213547
SCALE 1.000000 1.000000 1.000000
X 0.000015 1.000000 0.000104
Y 0.998884 -0.000020 0.047249
Z 0.047249 0.000103 -0.998883

BONE 26
OFFSET 0.510547 0.264231 55.867428
SCALE 1.000000 1.000000 1.000000
X 0.000647 1.000000 -0.000090
Y -0.998859 0.000643 -0.047767
Z -0.047767 0.000121 0.998859

BONE 27
OFFSET 0.510547 -0.263125 55.867428
SCALE 1.000000 1.000000 1.000000
X 0.000009 1.000000 0.000138
Y 0.998892 -0.000016 0.047067
Z 0.047067 0.000137 -0.998892

BONE 28
OFFSET 0.365252 0.534572 55.800407
SCALE 1.000000 1.000000 1.000000
X 0.000651 0.999996 -0.000118
Y -0.998863 0.000644 -0.047679
Z -0.047679 0.000149 0.998863

BONE 29
OFFSET 0.365253 -0.533466 55.800404
SCALE 1.000000 1.000000 1.000000
X 0.000014 1.000000 0.000136
Y 0.998888 -0.000021 0.047154
Z 0.047154 0.000135 -0.998888

BONE 30
OFFSET 1.577945 0.000049 59.762508
SCALE 1.000000 1.000000 1.000000
X 0.985414 -0.000006 -0.170176
Y -0.170176 0.000000 -0.985414
Z 0.000006 1.000000 -0.000001

BONE 31
OFFSET -0.159657 0.000473 57.868309
SCALE 1.000000 1.000000 1.000000
X 0.922506 -0.000046 0.385983
Y 0.000050 1.000000 0.000000
Z -0.385984 0.000019 0.922506

BONE 32
OFFSET -0.477473 0.000001 55.778236
SCALE 1.000000 1.000000 1.000000
X -0.000000 1.000000 0.000000
Y 0.000000 -0.000000 1.000000
Z 1.000000 0.000000 -0.000000

BONE 33
OFFSET 0.489446 0.000001 55.778236
SCALE 1.000000 1.000000 1.000000
X -0.000000 1.000000 0.000000
Y -0.000000 -0.000000 1.000000
Z 1.000000 0.000000 -0.000000

BONE 34
OFFSET -0.616830 1.564222 58.072998
SCALE 1.000000 1.000000 1.000000
X -0.000000 1.000000 -0.000000
Y -0.000000 0.000000 1.000000
Z 1.000000 0.000000 -0.000000

BONE 35
OFFSET -1.245550 1.596686 57.103943
SCALE 1.000000 1.000000 1.000000
X -0.000000 1.000000 -0.000000
Y -0.000000 -0.000000 1.000000
Z 1.000000 0.000000 -0.000000

BONE 36
OFFSET 0.188365 0.843063 57.866096
SCALE 1.000000 1.000000 1.000000
X -0.000000 1.000000 -0.000000
Y -0.000000 -0.000000 1.000000
Z 1.000000 0.000000 -0.000000

BONE 37
OFFSET 0.223389 1.114837 58.304245
SCALE 1.000000 1.000000 1.000000
X -0.000000 1.000000 -0.000000
Y -0.000000 0.000000 1.000000
Z 1.000000 0.000000 -0.000000

BONE 38
OFFSET 0.203488 1.666949 58.588615
SCALE 1.000000 1.000000 1.000000
X -0.000000 1.000000 -0.000000
Y -0.000000 -0.000000 1.000000
Z 1.000000 0.000000 -0.000000

BONE 39
OFFSET -0.001520 2.139488 58.355019
SCALE 1.000000 1.000000 1.000000
X -0.000000 1.000000 -0.000000
Y 0.000000 0.000000 1.000000
Z 1.000000 0.000000 -0.000000

BONE 40
OFFSET -0.297970 2.449711 57.797260
SCALE 1.000000 1.000000 1.000000
X -0.000000 1.000000 -0.000000
Y -0.000000 -0.000000 1.000000
Z 1.000000 0.000000 -0.000000

BONE 41
OFFSET -0.334876 2.220739 57.428452
SCALE 1.000000 1.000000 1.000000
X -0.000000 1.000000 -0.000000
Y 0.000000 -0.000000 1.000000
Z 1.000000 0.000000 -0.000000

BONE 42
OFFSET -0.143701 1.612575 57.208260
SCALE 1.000000 1.000000 1.000000
X -0.000000 1.000000 -0.000000
Y 0.000000 -0.000000 1.000000
Z 1.000000 0.000000 -0.000000

BONE 43
OFFSET 0.045575 1.027605 57.339680
SCALE 1.000000 1.000000 1.000000
X -0.000000 1.000000 -0.000000
Y 0.000000 -0.000000 1.000000
Z 1.000000 0.000000 -0.000000

BONE 44
OFFSET -0.616830 -1.564495 58.073055
SCALE 1.000000 1.000000 1.000000
X -0.000000 1.000000 -0.000000
Y -0.000000 0.000000 1.000000
Z 1.000000 0.000000 -0.000000

BONE 45
OFFSET -1.245550 -1.596959 57.103996
SCALE 1.000000 1.000000 1.000000
X -0.000000 1.000000 -0.000000
Y 0.000000 -0.000000 1.000000
Z 1.000000 0.000000 -0.000000

BONE 46
OFFSET 0.186593 -0.842909 57.865089
SCALE 1.000000 1.000000 1.000000
X -0.000000 1.000000 -0.000000
Y 0.000000 -0.000000 1.000000
Z 1.000000 0.000000 -0.000000

BONE 47
OFFSET 0.223452 -1.114229 58.304802
SCALE 1.000000 1.000000 1.000000
X -0.000000 1.000000 -0.000000
Y -0.000000 0.000000 1.000000
Z 1.000000 0.000000 -0.000000

BONE 48
OFFSET 0.212019 -1.619684 58.580441
SCALE 1.000000 1.000000 1.000000
X -0.000000 1.000000 -0.000000
Y 0.000000 -0.000000 1.000000
Z 1.000000 0.000000 -0.000000

BONE 49
OFFSET -0.000103 -2.140437 58.355732
SCALE 1.000000 1.000000 1.000000
X -0.000000 1.000000 -0.000000
Y -0.000000 0.000000 1.000000
Z 1.000000 0.000000 -0.000000

BONE 50
OFFSET -0.297968 -2.451402 57.797600
SCALE 1.000000 1.000000 1.000000
X -0.000000 1.000000 -0.000000
Y -0.000000 -0.000000 1.000000
Z 1.000000 0.000000 -0.000000

BONE 51
OFFSET -0.334355 -2.220215 57.428555
SCALE 1.000000 1.000000 1.000000
X -0.000000 1.000000 -0.000000
Y -0.000000 0.000000 1.000000
Z 1.000000 0.000000 -0.000000

BONE 52
OFFSET -0.144479 -1.611990 57.208626
SCALE 1.000000 1.000000 1.000000
X -0.000000 1.000000 -0.000000
Y 0.000000 -0.000000 1.000000
Z 1.000000 0.000000 -0.000000

BONE 53
OFFSET 0.041439 -1.029186 57.329502
SCALE 1.000000 1.000000 1.000000
X -0.000000 1.000000 -0.000000
Y 0.000000 0.000000 1.000000
Z 1.000000 0.000000 -0.000000


NUMVERTS 2036
VERT 0
OFFSET -2.819163 3.297532 58.162533
BONES 1
BONE 3 1.000000

VERT 1
OFFSET -2.827688 3.153384 58.222137
BONES 1
BONE 3 1.000000

VERT 2
OFFSET -2.980133 3.309266 58.055470
BONES 1
BONE 3 1.000000

VERT 3
OFFSET -3.093720 3.477288 57.816853
BONES 1
BONE 3 1.000000

VERT 4
OFFSET -3.156604 3.200538 57.680729
BONES 1
BONE 3 1.000000

VERT 5
OFFSET -3.166721 3.426841 57.563595
BONES 1
BONE 3 1.000000

VERT 6
OFFSET -2.676013 3.318415 58.200146
BONES 1
BONE 3 1.000000

VERT 7
OFFSET -2.522323 3.109471 58.263073
BONES 1
BONE 3 1.000000

VERT 8
OFFSET -2.795153 3.452332 58.185802
BONES 1
BONE 3 1.000000

VERT 9
OFFSET -2.952039 3.479965 58.053478
BONES 1
BONE 3 1.000000

VERT 10
OFFSET -3.006513 3.736382 58.227890
BONES 1
BONE 3 1.000000

VERT 11
OFFSET -2.545029 3.480355 58.355873
BONES 1
BONE 3 1.000000

VERT 12
OFFSET -2.278137 3.225623 58.253517
BONES 1
BONE 3 1.000000

VERT 13
OFFSET -2.775807 3.662312 58.346371
BONES 1
BONE 3 1.000000

VERT 14
OFFSET -2.557764 3.679870 58.364342
BONES 1
BONE 3 1.000000

VERT 15
OFFSET -2.413924 3.561312 58.330391
BONES 1
BONE 3 1.000000

VERT 16
OFFSET -2.478050 3.674298 58.310184
BONES 1
BONE 3 1.000000

VERT 17
OFFSET -2.124239 3.090198 58.147743
BONES 1
BONE 3 1.000000

VERT 18
OFFSET -2.189687 3.242217 58.184574
BONES 1
BONE 3 1.000000

VERT 19
OFFSET -1.986577 3.010846 57.997536
BONES 2
BONE 3 0.986112
BONE 35 0.013888

VERT 20
OFFSET -2.091146 3.063779 57.974773
BONES 1
BONE 3 1.000000

VERT 21
OFFSET -2.263988 3.444717 58.163052
BONES 1
BONE 3 1.000000

VERT 22
OFFSET -2.255798 3.246279 57.908371
BONES 1
BONE 3 1.000000

VERT 23
OFFSET -2.224572 3.159340 57.742596
BONES 1
BONE 3 1.000000

VERT 24
OFFSET -2.032378 2.947672 57.663509
BONES 2
BONE 35 0.014922
BONE 3 0.985078

VERT 25
OFFSET -2.326120 3.434068 58.055225
BONES 1
BONE 3 1.000000

VERT 26
OFFSET -2.381763 3.395554 58.012753
BONES 1
BONE 3 1.000000

VERT 27
OFFSET -2.318005 3.226616 57.828876
BONES 1
BONE 3 1.000000

VERT 28
OFFSET -2.238088 3.087441 57.616180
BONES 1
BONE 3 1.000000

VERT 29
OFFSET -2.321388 3.055423 57.590046
BONES 1
BONE 3 1.000000

VERT 30
OFFSET -2.336448 3.011599 57.590836
BONES 1
BONE 3 1.000000

VERT 31
OFFSET -2.571126 3.132278 57.732094
BONES 1
BONE 3 1.000000

VERT 32
OFFSET -2.558171 3.253053 57.723183
BONES 1
BONE 3 1.000000

VERT 33
OFFSET -2.399264 3.079604 57.447529
BONES 1
BONE 3 1.000000

VERT 34
OFFSET -2.428805 3.002327 57.463039
BONES 1
BONE 3 1.000000

VERT 35
OFFSET -2.421924 2.928415 57.460835
BONES 1
BONE 3 1.000000

VERT 36
OFFSET -2.151472 2.873598 57.384109
BONES 2
BONE 3 0.974183
BONE 35 0.025817

VERT 37
OFFSET -2.412945 2.927344 57.248383
BONES 1
BONE 3 1.000000

VERT 38
OFFSET -2.285987 2.878628 57.301079
BONES 2
BONE 3 0.981717
BONE 35 0.018283

VERT 39
OFFSET -2.406116 2.903049 57.172359
BONES 1
BONE 3 1.000000

VERT 40
OFFSET -2.308201 2.795352 57.132587
BONES 1
BONE 3 1.000000

VERT 41
OFFSET -2.203169 2.640054 57.141579
BONES 2
BONE 35 0.059794
BONE 3 0.940206

VERT 42
OFFSET -2.259776 2.587989 56.989826
BONES 2
BONE 3 0.966260
BONE 35 0.033740

VERT 43
OFFSET -2.316487 2.731907 56.917072
BONES 1
BONE 3 1.000000

VERT 44
OFFSET -2.471847 2.917147 56.740124
BONES 1
BONE 3 1.000000

VERT 45
OFFSET -2.666954 2.984404 57.226948
BONES 1
BONE 3 1.000000

VERT 46
OFFSET -2.668158 2.993389 57.450226
BONES 1
BONE 3 1.000000

VERT 47
OFFSET -2.658551 3.025137 56.916054
BONES 1
BONE 3 1.000000

VERT 48
OFFSET -2.706075 3.085355 57.118019
BONES 1
BONE 3 1.000000

VERT 49
OFFSET -2.342831 2.645787 56.732918
BONES 1
BONE 3 1.000000

VERT 50
OFFSET -2.520294 2.904903 56.639778
BONES 1
BONE 3 1.000000

VERT 51
OFFSET -2.395915 2.755244 56.614758
BONES 1
BONE 3 1.000000

VERT 52
OFFSET -2.538143 2.837318 56.562771
BONES 1
BONE 3 1.000000

VERT 53
OFFSET -2.492352 2.679920 56.564236
BONES 1
BONE 3 1.000000

VERT 54
OFFSET -2.640719 2.815632 56.607079
BONES 1
BONE 3 1.000000

VERT 55
OFFSET -2.755029 3.061192 56.682384
BONES 1
BONE 3 1.000000

VERT 56
OFFSET -2.810921 2.959642 56.707966
BONES 1
BONE 3 1.000000

VERT 57
OFFSET -2.853100 2.805956 56.781227
BONES 1
BONE 3 1.000000

VERT 58
OFFSET -3.032351 3.190910 56.912842
BONES 1
BONE 3 1.000000

VERT 59
OFFSET -3.006736 2.954953 56.996140
BONES 1
BONE 3 1.000000

VERT 60
OFFSET -2.935717 2.460609 56.891449
BONES 1
BONE 3 1.000000

VERT 61
OFFSET -3.085627 2.586170 57.090279
BONES 1
BONE 3 1.000000

VERT 62
OFFSET -3.072297 3.074198 57.133099
BONES 1
BONE 3 1.000000

VERT 63
OFFSET -2.994410 3.309032 56.893368
BONES 1
BONE 3 1.000000

VERT 64
OFFSET -3.104236 3.515565 57.152973
BONES 1
BONE 3 1.000000

VERT 65
OFFSET -3.163918 3.363330 57.084187
BONES 1
BONE 3 1.000000

VERT 66
OFFSET -2.888873 3.252056 56.986446
BONES 1
BONE 3 1.000000

VERT 67
OFFSET -3.076319 3.469019 57.244152
BONES 1
BONE 3 1.000000

VERT 68
OFFSET -2.891687 3.400966 57.200745
BONES 1
BONE 3 1.000000

VERT 69
OFFSET -2.755746 3.210217 57.023853
BONES 1
BONE 3 1.000000

VERT 70
OFFSET -2.814308 3.352122 57.212311
BONES 1
BONE 3 1.000000

VERT 71
OFFSET -2.807447 3.261151 57.335926
BONES 1
BONE 3 1.000000

VERT 72
OFFSET -2.826762 3.446935 57.517139
BONES 1
BONE 3 1.000000

VERT 73
OFFSET -2.779379 3.324687 57.553703
BONES 1
BONE 3 1.000000

VERT 74
OFFSET -2.908775 3.506742 57.484550
BONES 1
BONE 3 1.000000

VERT 75
OFFSET -2.604431 3.082258 57.630013
BONES 1
BONE 3 1.000000

VERT 76
OFFSET -2.656756 3.270706 57.646015
BONES 1
BONE 3 1.000000

VERT 77
OFFSET -2.683623 3.520237 57.741859
BONES 1
BONE 3 1.000000

VERT 78
OFFSET -2.560949 3.396106 57.770809
BONES 1
BONE 3 1.000000

VERT 79
OFFSET -2.785791 3.584001 57.732750
BONES 1
BONE 3 1.000000

VERT 80
OFFSET -2.992072 3.595154 57.607021
BONES 1
BONE 3 1.000000

VERT 81
OFFSET -2.676399 3.556621 57.857826
BONES 1
BONE 3 1.000000

VERT 82
OFFSET -2.862775 3.608823 57.842304
BONES 1
BONE 3 1.000000

VERT 83
OFFSET -2.934485 3.652734 57.865726
BONES 1
BONE 3 1.000000

VERT 84
OFFSET -2.987801 3.664877 57.968754
BONES 1
BONE 3 1.000000

VERT 85
OFFSET -3.090459 3.654289 57.777416
BONES 1
BONE 3 1.000000

VERT 86
OFFSET -3.132907 3.650343 57.618599
BONES 1
BONE 3 1.000000

VERT 87
OFFSET -3.097067 3.705985 57.799305
BONES 1
BONE 3 1.000000

VERT 88
OFFSET -3.133019 3.651374 57.479946
BONES 1
BONE 3 1.000000

VERT 89
OFFSET -3.075614 3.558371 57.438103
BONES 1
BONE 3 1.000000

VERT 90
OFFSET -3.138794 3.718723 57.512497
BONES 1
BONE 3 1.000000

VERT 91
OFFSET -3.209379 3.564419 57.239704
BONES 1
BONE 3 1.000000

VERT 92
OFFSET -3.058084 3.768071 57.786961
BONES 1
BONE 3 1.000000

VERT 93
OFFSET -3.080326 3.850872 57.864647
BONES 1
BONE 3 1.000000

VERT 94
OFFSET -3.233173 3.738640 57.535439
BONES 1
BONE 3 1.000000

VERT 95
OFFSET -3.274333 3.634492 57.569645
BONES 1
BONE 3 1.000000

VERT 96
OFFSET -3.157483 3.859312 57.911751
BONES 1
BONE 3 1.000000

VERT 97
OFFSET -3.214421 3.722167 57.974770
BONES 1
BONE 3 1.000000

VERT 98
OFFSET -2.920711 3.789526 57.985104
BONES 1
BONE 3 1.000000

VERT 99
OFFSET -3.236717 3.487905 57.252155
BONES 1
BONE 3 1.000000

VERT 100
OFFSET -3.158621 3.259047 57.300991
BONES 1
BONE 3 1.000000

VERT 101
OFFSET -3.135467 3.470325 57.072773
BONES 1
BONE 3 1.000000

VERT 102
OFFSET -3.141641 3.029147 57.346180
BONES 1
BONE 3 1.000000

VERT 103
OFFSET -3.228438 2.774102 57.384460
BONES 1
BONE 3 1.000000

VERT 104
OFFSET -3.013912 3.862427 58.137051
BONES 1
BONE 3 1.000000

VERT 105
OFFSET -2.869928 3.823494 58.264198
BONES 1
BONE 3 1.000000

VERT 106
OFFSET -2.870186 3.844364 58.140625
BONES 1
BONE 3 1.000000

VERT 107
OFFSET -2.788283 3.779525 58.114288
BONES 1
BONE 3 1.000000

VERT 108
OFFSET -2.855983 3.670447 58.125366
BONES 1
BONE 3 1.000000

VERT 109
OFFSET -3.023178 3.714192 57.978821
BONES 1
BONE 3 1.000000

VERT 110
OFFSET -2.723337 3.657844 58.184078
BONES 1
BONE 3 1.000000

VERT 111
OFFSET -2.750558 3.618037 58.095325
BONES 1
BONE 3 1.000000

VERT 112
OFFSET -2.617475 3.547534 58.086922
BONES 1
BONE 3 1.000000

VERT 113
OFFSET -2.605797 3.577331 58.211960
BONES 1
BONE 3 1.000000

VERT 114
OFFSET -2.602848 3.703998 58.219780
BONES 1
BONE 3 1.000000

VERT 115
OFFSET -2.475944 3.606522 58.187916
BONES 1
BONE 3 1.000000

VERT 116
OFFSET -2.445788 3.453583 58.109467
BONES 1
BONE 3 1.000000

VERT 117
OFFSET -2.692587 3.781158 58.282948
BONES 1
BONE 3 1.000000

VERT 118
OFFSET -2.721361 3.760676 58.340656
BONES 1
BONE 3 1.000000

VERT 119
OFFSET -2.543657 3.450272 57.834030
BONES 1
BONE 3 1.000000

VERT 120
OFFSET -2.468643 2.453814 56.643536
BONES 1
BONE 3 1.000000

VERT 121
OFFSET -0.118953 0.159753 55.237103
BONES 2
BONE 3 0.200000
BONE 32 0.800000

VERT 122
OFFSET -0.111632 0.394632 55.358433
BONES 2
BONE 32 0.800000
BONE 3 0.200000

VERT 123
OFFSET -0.448718 0.131623 55.093979
BONES 2
BONE 32 0.900000
BONE 3 0.100000

VERT 124
OFFSET -0.430335 0.456684 55.236115
BONES 2
BONE 32 0.900000
BONE 3 0.100000

VERT 125
OFFSET -0.409158 0.636121 55.406368
BONES 2
BONE 32 0.900000
BONE 3 0.100000

VERT 126
OFFSET -0.092631 0.574466 55.483055
BONES 2
BONE 32 0.800000
BONE 3 0.200000

VERT 127
OFFSET 0.019362 0.728798 55.743053
BONES 2
BONE 32 1.000000
BONE 3 0.000000

VERT 128
OFFSET -0.292330 0.772914 55.784790
BONES 2
BONE 32 1.000000
BONE 3 0.000000

VERT 129
OFFSET 0.082590 0.712874 55.893192
BONES 2
BONE 32 1.000000
BONE 3 0.000000

VERT 130
OFFSET 0.320950 0.473059 55.829311
BONES 4
BONE 32 0.123534
BONE 28 0.245513
BONE 33 0.512334
BONE 26 0.118619

VERT 131
OFFSET -0.575989 0.737943 55.720814
BONES 2
BONE 32 1.000000
BONE 3 0.000000

VERT 132
OFFSET -0.381851 0.620988 56.092758
BONES 2
BONE 32 1.000000
BONE 3 0.000000

VERT 133
OFFSET -0.688891 0.561694 55.969948
BONES 2
BONE 32 1.000000
BONE 3 0.000000

VERT 134
OFFSET -0.384111 0.484696 56.305462
BONES 2
BONE 32 1.000000
BONE 3 0.000000

VERT 135
OFFSET 0.022095 0.472015 56.263214
BONES 2
BONE 32 1.000000
BONE 3 0.000000

VERT 136
OFFSET -0.075931 0.641276 56.127949
BONES 2
BONE 32 1.000000
BONE 3 0.000000

VERT 137
OFFSET 0.240403 0.578898 56.169083
BONES 1
BONE 32 1.000000

VERT 138
OFFSET 0.109520 0.306787 56.402275
BONES 2
BONE 32 1.000000
BONE 3 0.000000

VERT 139
OFFSET -0.391407 0.302970 56.427036
BONES 2
BONE 32 1.000000
BONE 3 0.000000

VERT 140
OFFSET -0.866242 0.460548 55.929272
BONES 2
BONE 32 1.000000
BONE 3 0.000000

VERT 141
OFFSET -0.926234 0.302697 55.922581
BONES 1
BONE 32 1.000000

VERT 142
OFFSET -0.395763 0.147583 56.461903
BONES 2
BONE 32 1.000000
BONE 3 0.000000

VERT 143
OFFSET 0.351880 0.405294 56.275410
BONES 2
BONE 32 1.000000
BONE 3 0.000000

VERT 144
OFFSET 0.451807 0.140503 56.299385
BONES 1
BONE 32 1.000000

VERT 145
OFFSET 0.411712 0.181619 55.801670
BONES 5
BONE 26 0.232290
BONE 33 0.674162
BONE 28 0.063877
BONE 32 0.009792
BONE 27 0.019879

VERT 146
OFFSET 0.144499 0.153285 56.450821
BONES 2
BONE 32 1.000000
BONE 3 0.000000

VERT 147
OFFSET -1.075537 0.129843 55.394844
BONES 1
BONE 32 1.000000

VERT 148
OFFSET 0.405693 0.000001 55.786041
BONES 8
BONE 33 0.754167
BONE 3 0.000000
BONE 26 0.122019
BONE 27 0.123814
BONE 29 0.000000
BONE 28 0.000000
BONE 22 0.000000
BONE 23 0.000000

VERT 149
OFFSET -0.803202 0.199718 55.144764
BONES 2
BONE 3 0.145000
BONE 32 0.855000

VERT 150
OFFSET -0.816789 0.000000 55.122372
BONES 2
BONE 32 0.855000
BONE 3 0.145000

VERT 151
OFFSET -1.062688 0.356830 55.413342
BONES 2
BONE 32 1.000000
BONE 3 0.000000

VERT 152
OFFSET -1.023552 0.507670 55.458736
BONES 2
BONE 32 1.000000
BONE 3 0.000000

VERT 153
OFFSET -0.772669 0.509861 55.278461
BONES 2
BONE 32 0.855000
BONE 3 0.145000

VERT 154
OFFSET -0.726640 0.666796 55.454571
BONES 2
BONE 32 0.855000
BONE 3 0.145000

VERT 155
OFFSET -0.905172 0.658511 55.572136
BONES 2
BONE 32 1.000000
BONE 3 0.000000

VERT 156
OFFSET -0.449254 0.000001 55.069893
BONES 2
BONE 32 0.900000
BONE 3 0.100000

VERT 157
OFFSET -0.120412 0.000001 55.211136
BONES 2
BONE 32 0.800000
BONE 3 0.200000

VERT 158
OFFSET -0.448722 -0.131622 55.093979
BONES 2
BONE 32 0.900000
BONE 3 0.100000

VERT 159
OFFSET -0.118946 -0.159755 55.237110
BONES 2
BONE 3 0.200000
BONE 32 0.800000

VERT 160
OFFSET -0.803201 -0.199718 55.144764
BONES 2
BONE 3 0.145000
BONE 32 0.855000

VERT 161
OFFSET -0.430335 -0.456683 55.236115
BONES 2
BONE 32 0.900000
BONE 3 0.100000

VERT 162
OFFSET -0.111632 -0.394631 55.358433
BONES 2
BONE 32 0.800000
BONE 3 0.200000

VERT 163
OFFSET -0.409158 -0.636120 55.406368
BONES 2
BONE 32 0.900000
BONE 3 0.100000

VERT 164
OFFSET -0.092631 -0.574465 55.483055
BONES 2
BONE 32 0.800000
BONE 3 0.200000

VERT 165
OFFSET 0.019362 -0.728797 55.743053
BONES 2
BONE 32 1.000000
BONE 3 0.000000

VERT 166
OFFSET 0.082590 -0.712873 55.893192
BONES 2
BONE 32 1.000000
BONE 3 0.000000

VERT 167
OFFSET -0.292330 -0.772913 55.784790
BONES 2
BONE 32 1.000000
BONE 3 0.000000

VERT 168
OFFSET -0.075930 -0.641275 56.127949
BONES 2
BONE 32 1.000000
BONE 3 0.000000

VERT 169
OFFSET -0.381851 -0.620987 56.092758
BONES 2
BONE 32 1.000000
BONE 3 0.000000

VERT 170
OFFSET 0.022095 -0.472013 56.263214
BONES 2
BONE 32 1.000000
BONE 3 0.000000

VERT 171
OFFSET -0.384111 -0.484695 56.305462
BONES 2
BONE 32 1.000000
BONE 3 0.000000

VERT 172
OFFSET -0.688890 -0.561693 55.969948
BONES 2
BONE 32 1.000000
BONE 3 0.000000

VERT 173
OFFSET -0.575988 -0.737942 55.720814
BONES 2
BONE 32 1.000000
BONE 3 0.000000

VERT 174
OFFSET 0.240403 -0.578897 56.169083
BONES 1
BONE 32 1.000000

VERT 175
OFFSET 0.109520 -0.306786 56.402275
BONES 2
BONE 32 1.000000
BONE 3 0.000000

VERT 176
OFFSET -0.391407 -0.302969 56.427036
BONES 2
BONE 32 1.000000
BONE 3 0.000000

VERT 177
OFFSET -0.866242 -0.460547 55.929272
BONES 2
BONE 32 1.000000
BONE 3 0.000000

VERT 178
OFFSET -0.924361 -0.316999 55.932011
BONES 2
BONE 32 1.000000
BONE 3 0.000000

VERT 179
OFFSET -0.916924 -0.092380 55.925678
BONES 1
BONE 32 1.000000

VERT 180
OFFSET -0.397432 -0.082401 56.473663
BONES 1
BONE 32 1.000000

VERT 181
OFFSET 0.361152 -0.388826 56.275021
BONES 1
BONE 32 1.000000

VERT 182
OFFSET 0.320951 -0.473056 55.829308
BONES 4
BONE 27 0.157080
BONE 33 0.491482
BONE 29 0.233358
BONE 32 0.118080

VERT 183
OFFSET 0.411713 -0.181617 55.801670
BONES 5
BONE 27 0.242502
BONE 33 0.673479
BONE 29 0.062320
BONE 32 0.009795
BONE 26 0.011904

VERT 184
OFFSET -1.066805 -0.316954 55.411041
BONES 1
BONE 32 1.000000

VERT 185
OFFSET 0.469218 -0.056326 56.300430
BONES 1
BONE 32 1.000000

VERT 186
OFFSET 0.153599 -0.068628 56.467323
BONES 1
BONE 32 1.000000

VERT 187
OFFSET -0.772669 -0.509860 55.278461
BONES 2
BONE 32 0.855000
BONE 3 0.145000

VERT 188
OFFSET -1.023551 -0.507669 55.458736
BONES 2
BONE 32 1.000000
BONE 3 0.000000

VERT 189
OFFSET -0.726640 -0.666795 55.454571
BONES 2
BONE 32 0.855000
BONE 3 0.145000

VERT 190
OFFSET -0.905171 -0.658510 55.572136
BONES 2
BONE 32 1.000000
BONE 3 0.000000

VERT 191
OFFSET -2.171451 1.034327 55.207382
BONES 1
BONE 3 1.000000

VERT 192
OFFSET -2.153441 1.168997 55.468716
BONES 1
BONE 3 1.000000

VERT 193
OFFSET -2.448903 1.273433 55.551842
BONES 1
BONE 3 1.000000

VERT 194
OFFSET -2.039181 1.357143 55.662537
BONES 1
BONE 3 1.000000

VERT 195
OFFSET -2.468532 1.360324 55.707085
BONES 1
BONE 3 1.000000

VERT 196
OFFSET -2.361255 1.615935 55.954872
BONES 1
BONE 3 1.000000

VERT 197
OFFSET -2.651213 1.535813 55.958157
BONES 1
BONE 3 1.000000

VERT 198
OFFSET -2.698486 1.427791 55.804585
BONES 1
BONE 3 1.000000

VERT 199
OFFSET -2.551810 1.759429 56.173122
BONES 1
BONE 3 1.000000

VERT 200
OFFSET -2.891935 1.389480 55.776360
BONES 1
BONE 3 1.000000

VERT 201
OFFSET -2.882830 1.545243 56.102413
BONES 1
BONE 3 1.000000

VERT 202
OFFSET -3.047339 1.482247 56.174397
BONES 1
BONE 3 1.000000

VERT 203
OFFSET -2.776283 1.984983 56.605461
BONES 1
BONE 3 1.000000

VERT 204
OFFSET -2.580499 1.947250 56.383648
BONES 1
BONE 3 1.000000

VERT 205
OFFSET -2.600037 2.213286 56.665318
BONES 1
BONE 3 1.000000

VERT 206
OFFSET -2.252692 1.920750 56.147846
BONES 1
BONE 3 1.000000

VERT 207
OFFSET -2.293171 2.199325 56.449711
BONES 1
BONE 3 1.000000

VERT 208
OFFSET -2.463488 2.351236 56.697151
BONES 1
BONE 3 1.000000

VERT 209
OFFSET -2.750791 2.330752 56.746769
BONES 1
BONE 3 1.000000

VERT 210
OFFSET -3.050510 2.195666 56.977757
BONES 1
BONE 3 1.000000

VERT 211
OFFSET -2.563513 2.429126 56.653378
BONES 1
BONE 3 1.000000

VERT 212
OFFSET -2.347513 2.374818 56.695000
BONES 1
BONE 3 1.000000

VERT 213
OFFSET -2.325697 2.493460 56.854584
BONES 1
BONE 3 1.000000

VERT 214
OFFSET -2.221560 2.441488 56.761456
BONES 2
BONE 35 0.022548
BONE 3 0.977452

VERT 215
OFFSET -1.900049 2.107128 56.180073
BONES 1
BONE 3 1.000000

VERT 216
OFFSET -1.709248 1.926348 55.934658
BONES 1
BONE 3 1.000000

VERT 217
OFFSET -1.574036 2.150851 56.127357
BONES 2
BONE 3 0.986266
BONE 35 0.013734

VERT 218
OFFSET -1.313410 2.121399 56.052647
BONES 2
BONE 3 0.960547
BONE 35 0.039453

VERT 219
OFFSET -1.290396 1.793764 55.696316
BONES 1
BONE 3 1.000000

VERT 220
OFFSET -1.716704 1.630948 55.700150
BONES 1
BONE 3 1.000000

VERT 221
OFFSET -1.738398 1.268586 55.497524
BONES 1
BONE 3 1.000000

VERT 222
OFFSET -1.094692 1.600407 55.502792
BONES 1
BONE 3 1.000000

VERT 223
OFFSET -1.031154 1.951867 55.811356
BONES 2
BONE 35 0.012816
BONE 3 0.987184

VERT 224
OFFSET -1.031403 1.252466 55.286709
BONES 1
BONE 3 1.000000

VERT 225
OFFSET -0.730706 1.447583 55.385513
BONES 1
BONE 3 1.000000

VERT 226
OFFSET -1.478611 1.008411 55.298412
BONES 1
BONE 3 1.000000

VERT 227
OFFSET -1.819809 1.132507 55.439716
BONES 1
BONE 3 1.000000

VERT 228
OFFSET -1.673624 0.746883 55.120773
BONES 1
BONE 3 1.000000

VERT 229
OFFSET -1.001386 0.906457 55.129047
BONES 1
BONE 3 1.000000

VERT 230
OFFSET -1.318994 0.779530 55.143166
BONES 1
BONE 3 1.000000

VERT 231
OFFSET -1.415316 0.560870 55.041424
BONES 1
BONE 3 1.000000

VERT 232
OFFSET -0.530385 1.482479 55.445473
BONES 1
BONE 3 1.000000

VERT 233
OFFSET -0.775666 1.837643 55.701088
BONES 2
BONE 35 0.015055
BONE 3 0.984945

VERT 234
OFFSET -0.328870 1.618072 55.630108
BONES 3
BONE 33 0.009397
BONE 35 0.008967
BONE 3 0.981636

VERT 235
OFFSET -0.255535 1.269173 55.396996
BONES 1
BONE 3 1.000000

VERT 236
OFFSET -0.080800 1.205009 55.450439
BONES 2
BONE 3 0.929419
BONE 33 0.070581

VERT 237
OFFSET -0.398589 1.073668 55.197651
BONES 1
BONE 3 1.000000

VERT 238
OFFSET -0.160589 0.817263 55.141350
BONES 1
BONE 3 1.000000

VERT 239
OFFSET -0.662171 1.086696 55.178326
BONES 1
BONE 3 1.000000

VERT 240
OFFSET -0.352287 0.696535 54.984695
BONES 1
BONE 3 1.000000

VERT 241
OFFSET -0.176095 0.688784 55.031689
BONES 1
BONE 3 1.000000

VERT 242
OFFSET -0.498910 0.486323 54.871796
BONES 1
BONE 3 1.000000

VERT 243
OFFSET 0.064665 0.534248 55.132233
BONES 2
BONE 33 0.111764
BONE 3 0.888236

VERT 244
OFFSET -0.050107 0.354759 54.912434
BONES 1
BONE 3 1.000000

VERT 245
OFFSET 0.098114 0.312894 55.033451
BONES 2
BONE 3 0.942630
BONE 33 0.057370

VERT 246
OFFSET -0.260066 0.406834 54.850636
BONES 1
BONE 3 1.000000

VERT 247
OFFSET -0.183631 0.329769 54.826885
BONES 1
BONE 3 1.000000

VERT 248
OFFSET 0.039398 0.100281 54.868763
BONES 1
BONE 3 1.000000

VERT 249
OFFSET 0.150933 0.102226 55.018284
BONES 2
BONE 3 0.926255
BONE 33 0.073745

VERT 250
OFFSET 0.161101 0.401036 55.186325
BONES 3
BONE 28 0.005141
BONE 33 0.246075
BONE 3 0.748784

VERT 251
OFFSET 0.194621 -0.007203 55.111481
BONES 4
BONE 22 0.000835
BONE 23 0.001571
BONE 33 0.118122
BONE 3 0.879472

VERT 252
OFFSET 0.246064 0.212876 55.291576
BONES 5
BONE 22 0.036237
BONE 23 0.000123
BONE 33 0.392639
BONE 28 0.032342
BONE 3 0.538660

VERT 253
OFFSET 0.115907 0.002514 54.938412
BONES 2
BONE 33 0.001784
BONE 3 0.998216

VERT 254
OFFSET 0.029931 0.000001 54.820847
BONES 1
BONE 3 1.000000

VERT 255
OFFSET -0.079437 0.122073 54.793907
BONES 1
BONE 3 1.000000

VERT 256
OFFSET -0.259796 0.135962 54.740093
BONES 1
BONE 3 1.000000

VERT 257
OFFSET -0.460086 0.148060 54.758724
BONES 1
BONE 3 1.000000

VERT 258
OFFSET -0.288501 0.000001 54.708569
BONES 1
BONE 3 1.000000

VERT 259
OFFSET -0.153112 0.000001 54.715694
BONES 1
BONE 3 1.000000

VERT 260
OFFSET -0.520328 0.003461 54.749859
BONES 1
BONE 3 1.000000

VERT 261
OFFSET -1.016507 0.000000 54.879444
BONES 1
BONE 3 1.000000

VERT 262
OFFSET -0.789287 0.619247 54.957470
BONES 1
BONE 3 1.000000

VERT 263
OFFSET -0.826986 0.282097 54.854462
BONES 1
BONE 3 1.000000

VERT 264
OFFSET -1.102161 0.494692 54.976788
BONES 1
BONE 3 1.000000

VERT 265
OFFSET -1.270964 0.175650 54.900509
BONES 1
BONE 3 1.000000

VERT 266
OFFSET -1.111030 0.134006 54.889305
BONES 1
BONE 3 1.000000

VERT 267
OFFSET -1.529214 0.409530 54.949593
BONES 1
BONE 3 1.000000

VERT 268
OFFSET -1.594387 0.214844 54.865952
BONES 1
BONE 3 1.000000

VERT 269
OFFSET -1.805655 0.845873 55.178635
BONES 1
BONE 3 1.000000

VERT 270
OFFSET -1.993231 0.959118 55.244823
BONES 1
BONE 3 1.000000

VERT 271
OFFSET -2.146307 1.663738 55.896229
BONES 1
BONE 3 1.000000

VERT 272
OFFSET -1.940290 0.755340 54.967869
BONES 1
BONE 3 1.000000

VERT 273
OFFSET -2.039775 0.705014 54.786919
BONES 1
BONE 3 1.000000

VERT 274
OFFSET -2.304943 0.991776 54.941380
BONES 1
BONE 3 1.000000

VERT 275
OFFSET -1.744691 0.551751 54.907661
BONES 1
BONE 3 1.000000

VERT 276
OFFSET -1.776091 0.241511 54.635891
BONES 1
BONE 3 1.000000

VERT 277
OFFSET -2.364783 1.149427 55.285183
BONES 1
BONE 3 1.000000

VERT 278
OFFSET -2.592433 1.176781 55.104900
BONES 1
BONE 3 1.000000

VERT 279
OFFSET -2.694587 1.291962 55.482216
BONES 1
BONE 3 1.000000

VERT 280
OFFSET -2.785949 1.248606 55.217304
BONES 1
BONE 3 1.000000

VERT 281
OFFSET -2.773644 1.256354 55.328754
BONES 1
BONE 3 1.000000

VERT 282
OFFSET -3.062640 1.370259 55.853527
BONES 1
BONE 3 1.000000

VERT 283
OFFSET -3.093273 1.327812 55.719627
BONES 1
BONE 3 1.000000

VERT 284
OFFSET -3.096844 1.258005 55.373329
BONES 1
BONE 3 1.000000

VERT 285
OFFSET -3.083301 1.249726 55.471306
BONES 1
BONE 3 1.000000

VERT 286
OFFSET -3.390797 1.180620 55.530895
BONES 1
BONE 3 1.000000

VERT 287
OFFSET -3.483434 1.258989 56.345463
BONES 1
BONE 3 1.000000

VERT 288
OFFSET -3.350839 1.184028 55.627068
BONES 1
BONE 3 1.000000

VERT 289
OFFSET -3.569667 1.122726 56.101501
BONES 1
BONE 3 1.000000

VERT 290
OFFSET -3.927570 0.804781 56.119534
BONES 1
BONE 3 1.000000

VERT 291
OFFSET -3.967602 0.945754 56.593990
BONES 1
BONE 3 1.000000

VERT 292
OFFSET -3.675845 1.279308 56.648674
BONES 1
BONE 3 1.000000

VERT 293
OFFSET -3.750506 1.466509 56.932102
BONES 1
BONE 3 1.000000

VERT 294
OFFSET -3.207621 1.472611 56.416069
BONES 1
BONE 3 1.000000

VERT 295
OFFSET -2.984214 1.850272 56.659523
BONES 1
BONE 3 1.000000

VERT 296
OFFSET -3.618151 1.932961 57.292610
BONES 1
BONE 3 1.000000

VERT 297
OFFSET -3.340573 2.511356 57.430206
BONES 1
BONE 3 1.000000

VERT 298
OFFSET -4.119397 2.014342 57.874081
BONES 1
BONE 3 1.000000

VERT 299
OFFSET -4.267693 1.646033 57.655437
BONES 1
BONE 3 1.000000

VERT 300
OFFSET -4.452394 1.295931 57.446880
BONES 1
BONE 3 1.000000

VERT 301
OFFSET -3.384902 2.733554 57.778942
BONES 1
BONE 3 1.000000

VERT 302
OFFSET -4.025223 2.433044 58.234528
BONES 1
BONE 3 1.000000

VERT 303
OFFSET -3.346823 2.881901 58.042946
BONES 1
BONE 3 1.000000

VERT 304
OFFSET -3.990002 2.777060 58.796814
BONES 1
BONE 3 1.000000

VERT 305
OFFSET -3.235203 2.934582 57.686150
BONES 1
BONE 3 1.000000

VERT 306
OFFSET -3.183944 3.042614 57.938194
BONES 1
BONE 3 1.000000

VERT 307
OFFSET -3.168092 3.006079 58.291161
BONES 1
BONE 3 1.000000

VERT 308
OFFSET -3.914043 3.030539 59.291004
BONES 1
BONE 3 1.000000

VERT 309
OFFSET -2.859570 3.084813 58.479069
BONES 1
BONE 3 1.000000

VERT 310
OFFSET -3.010599 3.111168 58.112267
BONES 1
BONE 3 1.000000

VERT 311
OFFSET -2.384161 3.174709 58.838112
BONES 1
BONE 3 1.000000

VERT 312
OFFSET -3.674938 3.196034 59.837006
BONES 1
BONE 3 1.000000

VERT 313
OFFSET -2.452336 3.105856 58.496094
BONES 1
BONE 3 1.000000

VERT 314
OFFSET -2.298985 3.236061 59.315403
BONES 1
BONE 3 1.000000

VERT 315
OFFSET -1.939778 3.084883 58.338413
BONES 2
BONE 34 0.002669
BONE 3 0.997331

VERT 316
OFFSET -1.788301 2.923332 57.844696
BONES 3
BONE 35 0.064730
BONE 34 0.009928
BONE 3 0.925342

VERT 317
OFFSET -1.561931 3.063658 58.265400
BONES 3
BONE 3 0.964164
BONE 34 0.020853
BONE 35 0.014984

VERT 318
OFFSET -1.141522 2.989664 58.159122
BONES 3
BONE 34 0.043225
BONE 3 0.899323
BONE 35 0.057452

VERT 319
OFFSET -1.415291 2.846557 57.759922
BONES 3
BONE 34 0.100087
BONE 3 0.760867
BONE 35 0.139046

VERT 320
OFFSET -0.983404 2.794760 57.775890
BONES 4
BONE 40 0.001525
BONE 35 0.170076
BONE 3 0.560407
BONE 34 0.267992

VERT 321
OFFSET -0.958966 2.639650 57.371086
BONES 3
BONE 35 0.253686
BONE 3 0.419895
BONE 34 0.326419

VERT 322
OFFSET -0.657345 2.688033 57.699554
BONES 5
BONE 41 0.021991
BONE 34 0.500206
BONE 3 0.277220
BONE 40 0.016199
BONE 35 0.184384

VERT 323
OFFSET -0.583174 2.554502 57.422718
BONES 3
BONE 35 0.258389
BONE 3 0.197661
BONE 34 0.543949

VERT 324
OFFSET -0.526482 2.419089 56.971439
BONES 3
BONE 34 0.369238
BONE 3 0.365772
BONE 35 0.264989

VERT 325
OFFSET -0.308535 2.299019 56.895897
BONES 4
BONE 41 0.000778
BONE 34 0.391127
BONE 3 0.382452
BONE 35 0.225643

VERT 326
OFFSET -0.187262 2.209289 56.929272
BONES 4
BONE 35 0.196550
BONE 34 0.477680
BONE 41 0.016559
BONE 3 0.309210

VERT 327
OFFSET -0.035779 2.008168 56.903137
BONES 5
BONE 42 0.001765
BONE 35 0.156824
BONE 41 0.000493
BONE 34 0.559332
BONE 3 0.281586

VERT 328
OFFSET -0.340026 2.397726 57.401405
BONES 5
BONE 40 0.021060
BONE 41 0.252723
BONE 3 0.005288
BONE 34 0.567739
BONE 35 0.153190

VERT 329
OFFSET -0.430691 2.476902 57.433037
BONES 4
BONE 35 0.217824
BONE 34 0.593848
BONE 3 0.043857
BONE 41 0.144471

VERT 330
OFFSET -0.152309 2.108345 57.186954
BONES 5
BONE 35 0.134108
BONE 42 0.025124
BONE 34 0.661853
BONE 41 0.117502
BONE 3 0.061413

VERT 331
OFFSET -0.120089 1.960038 57.191734
BONES 4
BONE 42 0.175489
BONE 35 0.067233
BONE 34 0.629662
BONE 41 0.127616

VERT 332
OFFSET -0.249410 2.203977 57.444183
BONES 5
BONE 40 0.003286
BONE 35 0.034905
BONE 42 0.048507
BONE 34 0.531768
BONE 41 0.381534

VERT 333
OFFSET -0.308546 2.181685 56.490742
BONES 3
BONE 3 0.679924
BONE 35 0.179810
BONE 34 0.140266

VERT 334
OFFSET -0.635012 2.373393 56.727882
BONES 3
BONE 35 0.260054
BONE 3 0.600949
BONE 34 0.138997

VERT 335
OFFSET -0.513180 2.259058 56.476341
BONES 3
BONE 3 0.722000
BONE 35 0.192088
BONE 34 0.085912

VERT 336
OFFSET -0.430027 2.103407 56.212887
BONES 3
BONE 3 0.842130
BONE 34 0.024198
BONE 35 0.133673

VERT 337
OFFSET -1.215768 2.563332 57.061844
BONES 3
BONE 34 0.075956
BONE 35 0.231709
BONE 3 0.692335

VERT 338
OFFSET -0.083231 1.991074 56.401657
BONES 3
BONE 34 0.158323
BONE 3 0.716506
BONE 35 0.125170

VERT 339
OFFSET -0.211957 1.938317 56.116131
BONES 3
BONE 3 0.876981
BONE 35 0.092403
BONE 34 0.030615

VERT 340
OFFSET 0.116434 1.594406 56.010368
BONES 4
BONE 35 0.004607
BONE 34 0.015092
BONE 3 0.895810
BONE 33 0.084490

VERT 341
OFFSET -1.567255 2.556109 56.984787
BONES 3
BONE 3 0.806830
BONE 34 0.003558
BONE 35 0.189612

VERT 342
OFFSET -0.072653 1.598358 55.782478
BONES 3
BONE 35 0.000780
BONE 3 0.947246
BONE 33 0.051974

VERT 343
OFFSET 0.029983 1.876965 56.453785
BONES 3
BONE 3 0.656847
BONE 34 0.226178
BONE 35 0.116975

VERT 344
OFFSET -0.484113 1.907101 55.874454
BONES 2
BONE 3 0.947551
BONE 35 0.052449

VERT 345
OFFSET -0.726289 2.039058 55.963291
BONES 3
BONE 34 0.001064
BONE 3 0.930272
BONE 35 0.068665

VERT 346
OFFSET -0.798423 2.208859 56.233002
BONES 3
BONE 3 0.854634
BONE 34 0.007711
BONE 35 0.137655

VERT 347
OFFSET 0.255811 1.316981 55.976585
BONES 2
BONE 3 0.801414
BONE 33 0.198586

VERT 348
OFFSET 0.129877 1.309526 55.759880
BONES 2
BONE 33 0.143948
BONE 3 0.856052

VERT 349
OFFSET 0.288254 1.348116 56.130650
BONES 3
BONE 33 0.138685
BONE 3 0.771626
BONE 34 0.089689

VERT 350
OFFSET 0.226539 1.542988 56.315998
BONES 4
BONE 34 0.187291
BONE 3 0.740172
BONE 35 0.022254
BONE 33 0.050284

VERT 351
OFFSET 0.361852 0.939806 55.892853
BONES 3
BONE 28 0.062295
BONE 33 0.340989
BONE 3 0.596716

VERT 352
OFFSET -1.058572 2.327590 56.411785
BONES 2
BONE 3 0.849261
BONE 35 0.150739

VERT 353
OFFSET -1.190725 2.219372 56.194096
BONES 2
BONE 35 0.093439
BONE 3 0.906561

VERT 354
OFFSET 0.131137 1.744484 56.559055
BONES 4
BONE 35 0.082356
BONE 33 0.001738
BONE 3 0.550270
BONE 34 0.365637

VERT 355
OFFSET 0.353904 1.215034 56.519573
BONES 3
BONE 3 0.565431
BONE 33 0.013182
BONE 34 0.421387

VERT 356
OFFSET 0.227347 1.472661 56.705208
BONES 4
BONE 35 0.010433
BONE 42 0.003884
BONE 34 0.610914
BONE 3 0.374768

VERT 357
OFFSET 0.131357 1.565590 56.931095
BONES 4
BONE 35 0.037891
BONE 42 0.012401
BONE 34 0.743062
BONE 3 0.206646

VERT 358
OFFSET 0.234444 1.273365 56.877636
BONES 3
BONE 3 0.257919
BONE 42 0.007078
BONE 34 0.735003

VERT 359
OFFSET -0.128838 1.823308 57.280228
BONES 5
BONE 43 0.002649
BONE 42 0.318696
BONE 34 0.594894
BONE 35 0.000009
BONE 41 0.083752

VERT 360
OFFSET 0.077957 1.564634 57.032928
BONES 5
BONE 3 0.078998
BONE 35 0.016227
BONE 34 0.723659
BONE 42 0.163607
BONE 43 0.017509

VERT 361
OFFSET 0.130948 1.274273 56.989880
BONES 4
BONE 3 0.056130
BONE 42 0.112542
BONE 34 0.715368
BONE 43 0.115960

VERT 362
OFFSET -0.049857 1.533320 57.247837
BONES 4
BONE 43 0.057243
BONE 41 0.000142
BONE 34 0.616650
BONE 42 0.325965

VERT 363
OFFSET 0.229332 1.095481 56.978218
BONES 4
BONE 42 0.043308
BONE 3 0.180986
BONE 43 0.097918
BONE 34 0.677789

VERT 364
OFFSET 0.481789 0.833719 56.790077
BONES 3
BONE 3 0.572844
BONE 43 0.002403
BONE 34 0.424753

VERT 365
OFFSET 0.549303 0.601653 56.901981
BONES 3
BONE 34 0.349187
BONE 43 0.006864
BONE 3 0.643949

VERT 366
