// Export time: Tue Nov 17 11:18:02 2020

// Exported using Blender v2.90.1
// Export filename: 'E:/blackops3/mod_xmodel/iw4/m4_sopmod_ii/ch_body_gk_m4_sopmod_ii_lod2.XMODEL_EXPORT'
// Source filename: 'E:/blackops3/mod_xmodel/iw4/m4_sopmod_ii/m4_sopmod_ii.blend'
MODEL
VERSION 6

NUMBONES 77
BONE 0 -1 "tag_origin"
BONE 1 0 "j_mainroot"
BONE 2 1 "j_hip_le"
BONE 3 2 "j_knee_le"
BONE 4 3 "j_ankle_le"
BONE 5 4 "j_ball_le"
BONE 6 2 "skirt_1_1"
BONE 7 1 "j_hip_ri"
BONE 8 7 "j_knee_ri"
BONE 9 8 "j_ankle_ri"
BONE 10 9 "j_ball_ri"
BONE 11 7 "skirt_1_4"
BONE 12 1 "j_spinelower"
BONE 13 12 "j_spineupper"
BONE 14 13 "j_spine4"
BONE 15 14 "j_clavicle_le"
BONE 16 15 "j_shoulder_le"
BONE 17 16 "j_elbow_bulge_le"
BONE 18 16 "j_elbow_le"
BONE 19 18 "j_wrist_le"
BONE 20 19 "j_index_le_1"
BONE 21 20 "j_index_le_2"
BONE 22 21 "j_index_le_3"
BONE 23 19 "j_mid_le_1"
BONE 24 23 "j_mid_le_2"
BONE 25 24 "j_mid_le_3"
BONE 26 19 "j_pinky_le_1"
BONE 27 26 "j_pinky_le_2"
BONE 28 27 "j_pinky_le_3"
BONE 29 19 "j_ring_le_1"
BONE 30 29 "j_ring_le_2"
BONE 31 30 "j_ring_le_3"
BONE 32 19 "j_thumb_le_1"
BONE 33 32 "j_thumb_le_2"
BONE 34 33 "j_thumb_le_3"
BONE 35 19 "j_wrist_le1"
BONE 36 35 "tag_weapon_left"
BONE 37 18 "j_wristtwist_le"
BONE 38 16 "j_shouldertwist_le"
BONE 39 38 "tag_reflector_arm_le"
BONE 40 14 "j_clavicle_ri"
BONE 41 40 "j_shoulder_ri"
BONE 42 41 "j_elbow_bulge_ri"
BONE 43 41 "j_elbow_ri"
BONE 44 43 "j_wrist_ri"
BONE 45 44 "j_index_ri_1"
BONE 46 45 "j_index_ri_2"
BONE 47 46 "j_index_ri_3"
BONE 48 44 "j_mid_ri_1"
BONE 49 48 "j_mid_ri_2"
BONE 50 49 "j_mid_ri_3"
BONE 51 44 "j_pinky_ri_1"
BONE 52 51 "j_pinky_ri_2"
BONE 53 52 "j_pinky_ri_3"
BONE 54 44 "j_ring_ri_1"
BONE 55 54 "j_ring_ri_2"
BONE 56 55 "j_ring_ri_3"
BONE 57 44 "j_thumb_ri_1"
BONE 58 57 "j_thumb_ri_2"
BONE 59 58 "j_thumb_ri_3"
BONE 60 44 "j_wrist_ri1"
BONE 61 60 "j_gun"
BONE 62 60 "tag_weapon_right"
BONE 63 43 "j_wristtwist_ri"
BONE 64 41 "j_shouldertwist_ri"
BONE 65 64 "tag_reflector_arm_ri"
BONE 66 14 "j_shoulderraise_le"
BONE 67 14 "j_shoulderraise_ri"
BONE 68 14 "tag_bipod"
BONE 69 14 "tag_inhand"
BONE 70 14 "tag_shield_back"
BONE 71 14 "tag_stowed_back"
BONE 72 14 "tag_weapon_chest"
BONE 73 14 "j_neck"
BONE 74 73 "j_head"
BONE 75 1 "tag_stowed_hip_rear"
BONE 76 0 "tag_sync"

BONE 0
OFFSET 0.000000 0.000000 0.000000
SCALE 1.000000 1.000000 1.000000
X 1.000000 0.000000 0.000000
Y 0.000000 1.000000 0.000000
Z 0.000000 0.000000 1.000000

BONE 1
OFFSET -3.152210 -0.000291 37.819904
SCALE 1.000000 1.000000 1.000000
X -0.024713 -0.000056 0.999695
Y 0.999695 0.000059 0.024713
Z -0.000061 1.000000 0.000055

BONE 2
OFFSET -3.299106 3.278727 34.842621
SCALE 1.000000 1.000000 1.000000
X -0.013009 -0.055590 -0.998369
Y 0.999908 -0.004527 -0.012777
Z -0.003809 -0.998443 0.055644

BONE 3
OFFSET -3.474360 2.531990 21.432877
SCALE 1.000000 1.000000 1.000000
X -0.132025 0.029810 -0.990798
Y 0.991133 -0.011148 -0.132406
Z -0.014992 -0.999493 -0.028074

BONE 4
OFFSET -5.636589 3.020158 5.207933
SCALE 1.000000 1.000000 1.000000
X 0.007835 0.036345 -0.999309
Y 0.999949 0.006158 0.008064
Z 0.006447 -0.999320 -0.036295

BONE 5
OFFSET -0.331582 3.309585 0.276089
SCALE 1.000000 1.000000 1.000000
X 0.983407 -0.000245 0.181415
Y -0.181301 -0.036856 0.982737
Z 0.006445 -0.999320 -0.036289

BONE 6
OFFSET -2.817404 6.285893 35.285961
SCALE 1.000000 1.000000 1.000000
X -0.036475 0.942132 0.333252
Y 0.980785 0.097703 -0.168865
Z -0.191653 0.320689 -0.927592

BONE 7
OFFSET -3.300126 -3.597496 34.834026
SCALE 1.000000 1.000000 1.000000
X 0.012763 -0.078759 0.996713
Y -0.999918 -0.000133 0.012797
Z -0.000875 -0.996893 -0.078761

BONE 8
OFFSET -3.471890 -2.539622 21.443760
SCALE 1.000000 1.000000 1.000000
X 0.131881 0.032418 0.990638
Y -0.991170 -0.009576 0.132246
Z 0.013774 -0.999428 0.030850

BONE 9
OFFSET -5.631028 -3.070626 5.218025
SCALE 1.000000 1.000000 1.000000
X -0.008479 -0.027081 0.999499
Y -0.999939 0.007349 -0.008276
Z -0.007122 -0.999606 -0.027154

BONE 10
OFFSET -0.323317 -3.050078 0.280730
SCALE 1.000000 1.000000 1.000000
X -0.983293 0.011952 -0.181616
Y 0.181893 0.025478 -0.982893
Z -0.007121 -0.999603 -0.027238

BONE 11
OFFSET -3.263102 -6.258561 35.382057
SCALE 1.000000 1.000000 1.000000
X -0.165505 0.942220 -0.291213
Y 0.967395 0.097696 -0.233652
Z -0.191714 -0.320432 -0.927582

BONE 12
OFFSET -2.321690 0.000022 40.011215
SCALE 1.000000 1.000000 1.000000
X -0.029885 -0.000054 0.999553
Y 0.999554 0.000059 0.029885
Z -0.000060 1.000000 0.000052

BONE 13
OFFSET -2.323063 -0.000189 43.775990
SCALE 1.000000 1.000000 1.000000
X 0.020430 -0.000062 0.999791
Y 0.999791 0.000062 -0.020430
Z -0.000060 1.000000 0.000063

BONE 14
OFFSET -2.267035 -0.000394 47.387978
SCALE 1.000000 1.000000 1.000000
X 0.046997 -0.000058 0.998895
Y 0.998895 0.000063 -0.046997
Z -0.000060 1.000000 0.000061

BONE 15
OFFSET -4.262136 1.573653 51.095459
SCALE 1.000000 1.000000 1.000000
X 0.022191 0.996837 0.073465
Y -0.999643 0.021028 0.016500
Z 0.014905 -0.073520 0.997080

BONE 16
OFFSET -4.229924 4.651237 50.735752
SCALE 1.000000 1.000000 1.000000
X 0.192207 0.807301 -0.557423
Y -0.976930 0.211291 -0.030622
Z 0.093087 0.550593 0.829566

BONE 17
OFFSET -3.168042 10.762033 46.688110
SCALE 1.000000 1.000000 1.000000
X 0.809965 0.442135 -0.385058
Y -0.579025 0.707209 -0.405169
Z 0.093206 0.551274 0.829100

BONE 18
OFFSET -3.053844 10.699054 46.717163
SCALE 1.000000 1.000000 1.000000
X 0.188675 0.855516 -0.481550
Y -0.979056 0.202073 -0.024351
Z 0.076499 0.476226 0.875988

BONE 19
OFFSET -1.657647 16.849979 43.105492
SCALE 1.000000 1.000000 1.000000
X 0.075821 0.823068 -0.562307
Y 0.208382 -0.564694 -0.798557
Z -0.975104 -0.056682 -0.214374

BONE 20
OFFSET -0.441084 19.376804 41.998322
SCALE 1.000000 1.000000 1.000000
X 0.138105 0.850479 -0.506949
Y 0.076614 -0.519650 -0.850937
Z -0.987450 0.078625 -0.136921

BONE 21
OFFSET -0.290862 20.302998 41.446194
SCALE 1.000000 1.000000 1.000000
X 0.133714 0.878826 -0.457351
Y 0.084336 -0.470084 -0.878583
Z -0.987425 0.078853 -0.136970

BONE 22
OFFSET -0.207814 20.850254 41.161339
SCALE 1.000000 1.000000 1.000000
X 0.373637 0.754860 -0.538561
Y 0.062721 -0.599976 -0.797550
Z -0.925452 0.264095 -0.271485

BONE 23
OFFSET -1.059163 19.379314 41.848289
SCALE 1.000000 1.000000 1.000000
X 0.168729 0.834917 -0.523293
Y 0.221550 -0.549591 -0.805520
Z -0.960441 0.019894 -0.277742

BONE 24
OFFSET -0.877239 20.280468 41.283535
SCALE 1.000000 1.000000 1.000000
X 0.176355 0.862256 -0.474137
Y 0.230158 -0.504617 -0.832100
Z -0.957040 0.037529 -0.287478

BONE 25
OFFSET -0.738736 20.959440 40.910133
SCALE 1.000000 1.000000 1.000000
X 0.253137 0.734423 -0.629266
Y 0.184183 -0.675246 -0.714205
Z -0.949736 0.064793 -0.306225

BONE 26
OFFSET -2.115784 19.038410 41.569706
SCALE 1.000000 1.000000 1.000000
X 0.162072 0.854096 -0.493601
Y 0.256906 -0.519640 -0.814846
Z -0.952750 0.005166 -0.303684

BONE 27
OFFSET -2.008385 19.604994 41.242245
SCALE 1.000000 1.000000 1.000000
X 0.161930 0.854997 -0.492085
Y 0.257204 -0.518153 -0.815698
Z -0.952693 0.005431 -0.303856

BONE 28
OFFSET -1.922901 20.057701 40.981678
SCALE 1.000000 1.000000 1.000000
X 0.236102 0.642849 -0.728332
Y 0.191613 -0.765669 -0.613969
Z -0.952649 0.005312 -0.303996

BONE 29
OFFSET -1.621719 19.352716 41.667095
SCALE 1.000000 1.000000 1.000000
X 0.186455 0.866157 -0.463036
Y 0.281765 -0.498807 -0.819634
Z -0.941192 0.022256 -0.337101

BONE 30
OFFSET -1.471153 20.052818 41.292755
SCALE 1.000000 1.000000 1.000000
X 0.193455 0.814849 -0.545889
Y 0.262735 -0.579241 -0.771650
Z -0.945276 0.005760 -0.326192

BONE 31
OFFSET -1.328363 20.656033 40.888676
SCALE 1.000000 1.000000 1.000000
X 0.195193 0.739468 -0.643820
Y 0.242656 -0.672551 -0.699114
Z -0.950273 -0.019852 -0.310764

BONE 32
OFFSET -0.479753 17.645643 42.699753
SCALE 1.000000 1.000000 1.000000
X 0.582523 0.721003 -0.374715
Y -0.802307 0.583953 -0.122865
Z 0.130270 0.372404 0.918875

BONE 33
OFFSET 0.271582 18.576471 42.215061
SCALE 1.000000 1.000000 1.000000
X 0.459409 0.774288 -0.434661
Y -0.874562 0.479843 -0.068998
Z 0.155193 0.412021 0.897857

BONE 34
OFFSET 0.659818 19.231552 41.847122
SCALE 1.000000 1.000000 1.000000
X 0.527108 0.499871 -0.686956
Y -0.769972 0.622997 -0.137042
Z 0.359582 0.601279 0.713548

BONE 35
OFFSET 0.748241 14.994770 43.315819
SCALE 1.000000 1.000000 1.000000
X 0.075747 0.823064 -0.562322
Y 0.208382 -0.564693 -0.798558
Z -0.975110 -0.056744 -0.214331

BONE 36
OFFSET 24.969488 -8.149155 26.061546
SCALE 1.000000 1.000000 1.000000
X 0.632347 0.743847 -0.215591
Y -0.660937 0.663299 0.350849
Z 0.404104 -0.079101 0.911188

BONE 37
OFFSET -2.066375 15.049091 44.162727
SCALE 1.000000 1.000000 1.000000
X 0.188690 0.855595 -0.481402
Y -0.979055 0.202075 -0.024352
Z 0.076468 0.476082 0.876069

BONE 38
OFFSET -4.174263 4.885051 50.574005
SCALE 1.000000 1.000000 1.000000
X 0.192125 0.806808 -0.558165
Y -0.976929 0.211293 -0.030622
Z 0.093260 0.551314 0.829068

BONE 39
OFFSET -3.735487 5.979940 51.421902
SCALE 1.000000 1.000000 1.000000
X 0.144346 0.250698 0.957219
Y -0.984821 -0.057819 0.163630
Z 0.096392 -0.966095 0.238317

BONE 40
OFFSET -4.138887 -1.574783 50.991966
SCALE 1.000000 1.000000 1.000000
X -0.019468 0.997196 -0.072254
Y 0.999656 0.018144 -0.018928
Z -0.017563 -0.072597 -0.997207

BONE 41
OFFSET -4.389643 -4.319120 51.127193
SCALE 1.000000 1.000000 1.000000
X -0.131625 0.811471 0.569376
Y 0.985613 0.168566 -0.012392
Z -0.106033 0.559553 -0.821984

BONE 42
OFFSET -3.725564 -10.963525 46.666550
SCALE 1.000000 1.000000 1.000000
X -0.771742 0.474918 0.422929
Y 0.627017 0.679247 0.381409
Z -0.106135 0.559533 -0.821985

BONE 43
OFFSET -3.597630 -10.900831 46.692711
SCALE 1.000000 1.000000 1.000000
X -0.084424 0.848065 0.523123
Y 0.991222 0.125088 -0.042819
Z -0.101750 0.514916 -0.851181

BONE 44
OFFSET -2.858582 -17.973349 42.151573
SCALE 1.000000 1.000000 1.000000
X -0.049258 0.773251 0.632184
Y -0.042559 -0.634003 0.772159
Z 0.997879 0.011130 0.064139

BONE 45
OFFSET -1.717601 -20.101406 40.825302
SCALE 1.000000 1.000000 1.000000
X -0.120165 0.805976 0.579623
Y 0.088592 -0.572818 0.814881
Z 0.988794 0.149270 -0.002570

BONE 46
OFFSET -1.577855 -21.038946 40.150944
SCALE 1.000000 1.000000 1.000000
X -0.145096 0.820810 0.552465
Y 0.084606 -0.546036 0.833479
Z 0.985794 0.167676 0.009782

BONE 47
OFFSET -1.484171 -21.568657 39.794537
SCALE 1.000000 1.000000 1.000000
X -0.237682 0.826115 0.510923
Y 0.077941 -0.508080 0.857777
Z 0.968212 0.243699 0.056373

BONE 48
OFFSET -2.317017 -20.161144 40.735893
SCALE 1.000000 1.000000 1.000000
X -0.106469 0.850902 0.514423
Y -0.080088 -0.523021 0.848549
Z 0.991086 0.049145 0.123833

BONE 49
OFFSET -2.200949 -21.089109 40.174950
SCALE 1.000000 1.000000 1.000000
X -0.110283 0.781116 0.614569
Y -0.066471 -0.622753 0.779590
Z 0.991676 0.045124 0.120600

BONE 50
OFFSET -2.109090 -21.739334 39.663410
SCALE 1.000000 1.000000 1.000000
X -0.109521 0.788089 0.605740
Y -0.067764 -0.613908 0.786464
Z 0.991673 0.045087 0.120640

BONE 51
OFFSET -3.434213 -19.880083 40.684826
SCALE 1.000000 1.000000 1.000000
X -0.107816 0.818521 0.564268
Y -0.095017 -0.573462 0.813703
Z 0.989620 0.034115 0.139602

BONE 52
OFFSET -3.355565 -20.476831 40.273483
SCALE 1.000000 1.000000 1.000000
X -0.114211 0.776616 0.619535
Y -0.087277 -0.629048 0.772452
Z 0.989616 0.034151 0.139625

BONE 53
OFFSET -3.293977 -20.896135 39.939045
SCALE 1.000000 1.000000 1.000000
X -0.069662 0.801378 0.594088
Y -0.064668 -0.597910 0.798951
Z 0.995473 0.017238 0.093475

BONE 54
OFFSET -2.880315 -20.150282 40.747417
SCALE 1.000000 1.000000 1.000000
X -0.102012 0.781282 0.615786
Y -0.123685 -0.624174 0.771434
Z 0.987065 0.002532 0.160306

BONE 55
OFFSET -2.789631 -20.845341 40.199631
SCALE 1.000000 1.000000 1.000000
X -0.135695 0.767116 0.626993
Y -0.121387 -0.640951 0.757923
Z 0.983287 0.026737 0.180092

BONE 56
OFFSET -2.683290 -21.445969 39.708672
SCALE 1.000000 1.000000 1.000000
X -0.113105 0.864882 0.489066
Y -0.142705 -0.501262 0.853447
Z 0.983282 0.026737 0.180118

BONE 57
OFFSET -1.712857 -18.562395 41.591442
SCALE 1.000000 1.000000 1.000000
X -0.605978 0.627999 0.488271
Y 0.666225 0.065265 0.742890
Z 0.434667 0.775473 -0.457938

BONE 58
OFFSET -0.950690 -19.352386 40.977024
SCALE 1.000000 1.000000 1.000000
X -0.460833 0.749909 0.474626
Y 0.721190 0.004754 0.692722
Z 0.517222 0.661524 -0.543017

BONE 59
OFFSET -0.517462 -20.057566 40.530712
SCALE 1.000000 1.000000 1.000000
X -0.279998 0.779449 0.560411
Y 0.802959 -0.129809 0.581728
Z 0.526173 0.612869 -0.589520

BONE 60
OFFSET -5.126214 -20.006580 42.145771
SCALE 1.000000 1.000000 1.000000
X -0.049258 0.773251 0.632184
Y -0.042559 -0.634002 0.772160
Z 0.997879 0.011130 0.064139

BONE 61
OFFSET -10.041180 -26.690880 41.170773
SCALE 1.000000 1.000000 1.000000
X 0.644139 -0.671510 -0.366279
Y 0.549803 0.739376 -0.388639
Z 0.531792 0.048956 0.845459

BONE 62
OFFSET -10.041180 -26.690880 41.170773
SCALE 1.000000 1.000000 1.000000
X 0.644351 -0.671024 -0.366794
Y 0.523735 0.736718 -0.427724
Z 0.557238 0.083501 0.826145

BONE 63
OFFSET -3.074955 -15.902756 43.481083
SCALE 1.000000 1.000000 1.000000
X -0.084432 0.848066 0.523121
Y 0.991221 0.125096 -0.042819
Z -0.101754 0.514913 -0.851182

BONE 64
OFFSET -4.352432 -4.548555 50.966206
SCALE 1.000000 1.000000 1.000000
X -0.131631 0.811470 0.569377
Y 0.985611 0.168574 -0.012392
Z -0.106038 0.559553 -0.821984

BONE 65
OFFSET -3.888007 -5.760384 51.858658
SCALE 1.000000 1.000000 1.000000
X 0.104365 -0.326384 0.939458
Y 0.974575 -0.154756 -0.162032
Z 0.198271 0.932483 0.301934

BONE 66
OFFSET -2.137931 3.539704 53.634155
SCALE 1.000000 1.000000 1.000000
X -0.019311 -0.997191 -0.072369
Y 0.999659 -0.017985 -0.018930
Z 0.017575 -0.072710 0.997198

BONE 67
OFFSET -2.137502 -3.541181 53.633862
SCALE 1.000000 1.000000 1.000000
X 0.022418 -0.997073 0.072702
Y -0.999638 -0.021271 0.016500
Z -0.014905 -0.073007 -0.997206

BONE 68
OFFSET 14.878456 -25.083488 29.456877
SCALE 1.000000 1.000000 1.000000
X 1.000000 -0.000002 0.000086
Y 0.000002 1.000000 0.000003
Z -0.000086 -0.000003 1.000000

BONE 69
OFFSET 9.855202 -25.084299 36.107239
SCALE 1.000000 1.000000 1.000000
X -0.000086 1.000000 0.000132
Y 0.764282 0.000150 -0.644883
Z -0.644883 0.000046 -0.764282

BONE 70
OFFSET -9.675326 0.703931 47.737419
SCALE 1.000000 1.000000 1.000000
X -0.989754 -0.000189 0.142783
Y 0.000191 -1.000000 -0.000000
Z 0.142783 0.000027 0.989754

BONE 71
OFFSET -8.050386 -4.044006 45.869473
SCALE 1.000000 1.000000 1.000000
X -0.006983 0.025918 -0.999639
Y -0.984169 -0.177220 0.002281
Z -0.177096 0.983825 0.026748

BONE 72
OFFSET 9.855202 -25.084299 36.107239
SCALE 1.000000 1.000000 1.000000
X 1.000000 -0.000011 0.000086
Y 0.000011 1.000000 0.000002
Z -0.000086 -0.000002 1.000000

BONE 73
OFFSET -4.135254 -0.001729 53.757359
SCALE 1.000000 1.000000 1.000000
X 0.264606 0.000009 0.964357
Y 0.964357 -0.000000 -0.264606
Z -0.000002 1.000000 -0.000009

BONE 74
OFFSET -3.774027 -0.001729 55.383183
SCALE 1.000000 1.000000 1.000000
X 0.170371 0.000000 0.985380
Y 0.985380 -0.000000 -0.170371
Z 0.000000 1.000000 -0.000001

BONE 75
OFFSET -8.276782 -2.306064 32.538326
SCALE 1.000000 1.000000 1.000000
X -0.188051 0.137983 0.972418
Y 0.149137 -0.974590 0.167132
Z 0.970771 0.176452 0.162694

BONE 76
OFFSET -0.002006 0.000000 -0.000000
SCALE 1.000000 1.000000 1.000000
X -1.000000 0.000000 0.000000
Y 0.000000 -1.000000 0.000000
Z 0.000000 0.000000 1.000000


NUMVERTS 1840
VERT 0
OFFSET -4.364471 0.690813 33.179531
BONES 2
BONE 1 0.496987
BONE 2 0.503013

VERT 1
OFFSET -2.513486 0.313304 32.205132
BONES 2
BONE 2 0.896145
BONE 1 0.103855

VERT 2
OFFSET -5.889005 1.377696 32.734707
BONES 2
BONE 1 0.562034
BONE 2 0.437966

VERT 3
OFFSET -6.635226 0.242251 33.851521
BONES 2
BONE 2 0.250626
BONE 1 0.749374

VERT 4
OFFSET -5.906646 2.711866 32.225060
BONES 2
BONE 1 0.442882
BONE 2 0.557118

VERT 5
OFFSET -5.926457 4.255774 32.459236
BONES 2
BONE 2 0.546696
BONE 1 0.453304

VERT 6
OFFSET -6.889438 1.427815 33.461021
BONES 2
BONE 1 0.708880
BONE 2 0.291120

VERT 7
OFFSET -4.977533 5.786320 33.192646
BONES 2
BONE 2 0.581517
BONE 1 0.418483

VERT 8
OFFSET -6.825074 3.560507 33.614567
BONES 2
BONE 2 0.287140
BONE 1 0.712860

VERT 9
OFFSET -6.152456 4.892709 34.329685
BONES 2
BONE 1 0.727130
BONE 2 0.272870

VERT 10
OFFSET -1.662961 5.934893 33.500919
BONES 2
BONE 1 0.123571
BONE 2 0.876429

VERT 11
OFFSET -2.754478 5.520449 28.656488
BONES 1
BONE 2 1.000000

VERT 12
OFFSET -5.281128 5.493597 35.237110
BONES 2
BONE 1 0.724271
BONE 2 0.275729

VERT 13
OFFSET -3.468533 6.254510 32.933521
BONES 2
BONE 2 0.842617
BONE 1 0.157384

VERT 14
OFFSET -3.994481 5.941432 35.352158
BONES 2
BONE 2 0.412141
BONE 1 0.587860

VERT 15
OFFSET -1.871754 4.992906 37.447701
BONES 2
BONE 1 0.904416
BONE 2 0.095584

VERT 16
OFFSET -0.098703 3.797505 33.027031
BONES 2
BONE 2 0.896887
BONE 1 0.103113

VERT 17
OFFSET -0.589117 4.928565 32.978443
BONES 2
BONE 2 0.904979
BONE 1 0.095021

VERT 18
OFFSET -1.378598 0.749942 32.500652
BONES 2
BONE 2 0.916496
BONE 1 0.083504

VERT 19
OFFSET -0.713073 1.462191 30.640530
BONES 2
BONE 2 0.971031
BONE 1 0.028969

VERT 20
OFFSET -1.446956 1.319565 34.409813
BONES 2
BONE 2 0.022614
BONE 1 0.977386

VERT 21
OFFSET -0.439310 1.999263 34.371243
BONES 2
BONE 1 0.185420
BONE 2 0.814580

VERT 22
OFFSET -0.110530 -0.808462 35.245144
BONES 1
BONE 1 1.000000

VERT 23
OFFSET -1.557855 -1.284932 34.392738
BONES 2
BONE 1 0.902576
BONE 7 0.097424

VERT 24
OFFSET -0.877684 0.473814 34.224083
BONES 1
BONE 1 1.000000

VERT 25
OFFSET -2.017479 0.535258 33.808716
BONES 1
BONE 1 1.000000

VERT 26
OFFSET -3.229807 0.750147 34.049095
BONES 2
BONE 2 0.326005
BONE 1 0.673995

VERT 27
OFFSET -3.594282 -0.672711 34.012634
BONES 2
BONE 1 0.931934
BONE 7 0.068066

VERT 28
OFFSET -2.826293 -0.419566 33.807648
BONES 1
BONE 1 1.000000

VERT 29
OFFSET -0.527629 -2.530277 35.697845
BONES 2
BONE 1 0.999410
BONE 7 0.000590

VERT 30
OFFSET -1.118949 -0.573842 34.044853
BONES 1
BONE 1 1.000000

VERT 31
OFFSET -3.221892 -4.829006 38.328224
BONES 4
BONE 7 0.000981
BONE 13 0.204307
BONE 1 0.779081
BONE 12 0.015630

VERT 32
OFFSET -6.551056 -4.253001 36.279655
BONES 2
BONE 7 0.015004
BONE 1 0.984996

VERT 33
OFFSET -4.931881 -4.813583 37.802181
BONES 1
BONE 1 1.000000

VERT 34
OFFSET -6.737393 -2.359472 37.829391
BONES 1
BONE 1 1.000000

VERT 35
OFFSET -5.928142 -3.943838 38.039131
BONES 1
BONE 1 1.000000

VERT 36
OFFSET -7.356929 -2.712302 35.820213
BONES 2
BONE 1 0.972751
BONE 7 0.027249

VERT 37
OFFSET -6.958496 -0.841902 37.137772
BONES 1
BONE 1 1.000000

VERT 38
OFFSET -6.737397 2.359468 37.829388
BONES 2
BONE 13 0.155528
BONE 1 0.844472

VERT 39
OFFSET -6.958500 0.841902 37.137764
BONES 2
BONE 1 0.779814
BONE 13 0.220186

VERT 40
OFFSET -7.356090 2.711993 35.824989
BONES 3
BONE 2 0.026908
BONE 1 0.816892
BONE 13 0.156200

VERT 41
OFFSET -7.409103 1.110235 34.631031
BONES 2
BONE 1 0.892092
BONE 2 0.107908

VERT 42
OFFSET -6.551105 4.252981 36.278282
BONES 3
BONE 1 0.751305
BONE 13 0.210182
BONE 2 0.038513

VERT 43
OFFSET -6.719999 0.000216 35.312199
BONES 1
BONE 1 1.000000

VERT 44
OFFSET -0.520956 2.658275 35.839664
BONES 1
BONE 1 1.000000

VERT 45
OFFSET -0.104179 0.799717 35.235115
BONES 1
BONE 1 1.000000

VERT 46
OFFSET -1.747896 1.846201 20.984594
BONES 2
BONE 2 0.518476
BONE 3 0.481524

VERT 47
OFFSET -1.722363 3.062147 21.254992
BONES 2
BONE 3 0.288331
BONE 2 0.711669

VERT 48
OFFSET -3.138610 3.965290 18.995619
BONES 2
BONE 3 0.979082
BONE 2 0.020918

VERT 49
OFFSET -2.568273 3.759552 21.718245
BONES 2
BONE 3 0.235411
BONE 2 0.764589

VERT 50
OFFSET -4.582889 3.379646 22.380323
BONES 2
BONE 3 0.134046
BONE 2 0.865954

VERT 51
OFFSET -4.011008 3.872455 20.839621
BONES 2
BONE 3 0.781972
BONE 2 0.218028

VERT 52
OFFSET -3.832714 4.088867 23.647152
BONES 1
BONE 2 1.000000

VERT 53
OFFSET -2.856352 4.071320 23.597597
BONES 2
BONE 2 0.966209
BONE 3 0.033791

VERT 54
OFFSET -1.621924 2.935601 23.055006
BONES 1
BONE 2 1.000000

VERT 55
OFFSET -1.907713 1.252050 21.565245
BONES 2
BONE 3 0.133345
BONE 2 0.866655

VERT 56
OFFSET -1.416819 4.611397 27.669521
BONES 1
BONE 2 1.000000

VERT 57
OFFSET -0.427843 2.951339 28.024166
BONES 2
BONE 2 0.996498
BONE 1 0.003502

VERT 58
OFFSET -4.211846 5.316770 28.089203
BONES 2
BONE 2 0.991793
BONE 1 0.008207

VERT 59
OFFSET -5.231374 4.010180 26.870474
BONES 1
BONE 2 1.000000

VERT 60
OFFSET -4.989189 2.278182 23.048639
BONES 1
BONE 2 1.000000

VERT 61
OFFSET -4.507141 1.319875 21.672466
BONES 2
BONE 2 0.552492
BONE 3 0.425905

VERT 62
OFFSET -4.653549 1.086751 24.663639
BONES 1
BONE 2 1.000000

VERT 63
OFFSET -3.790307 0.709317 23.443579
BONES 2
BONE 3 0.180834
BONE 2 0.819166

VERT 64
OFFSET -5.068266 2.285692 21.408253
BONES 2
BONE 2 0.263902
BONE 3 0.683548

VERT 65
OFFSET -7.406922 2.791916 16.715635
BONES 1
BONE 3 1.000000

VERT 66
OFFSET -6.709082 4.465168 17.234655
BONES 1
BONE 3 1.000000

VERT 67
OFFSET -5.050225 3.280180 20.852823
BONES 1
BONE 3 0.949443

VERT 68
OFFSET -2.798109 2.585158 18.527216
BONES 1
BONE 3 1.000000

VERT 69
OFFSET -2.434745 0.934892 21.146639
BONES 2
BONE 3 0.536072
BONE 2 0.463928

VERT 70
OFFSET -3.102437 0.735606 21.548660
BONES 2
BONE 3 0.519014
BONE 2 0.480987

VERT 71
OFFSET -0.070206 1.998773 0.460195
BONES 2
BONE 4 0.359350
BONE 5 0.640650

VERT 72
OFFSET -0.694439 3.729042 0.103487
BONES 2
BONE 5 0.283827
BONE 4 0.716173

VERT 73
OFFSET 1.264285 2.745692 0.407664
BONES 1
BONE 5 1.000000

VERT 74
OFFSET -3.420056 2.081034 2.700929
BONES 1
BONE 4 1.000000

VERT 75
OFFSET -3.723534 3.951677 2.132205
BONES 1
BONE 4 1.000000

VERT 76
OFFSET -2.069386 3.993116 0.450969
BONES 1
BONE 4 1.000000

VERT 77
OFFSET -4.761961 3.436423 2.349155
BONES 1
BONE 4 1.000000

VERT 78
OFFSET -6.105173 3.764961 2.728842
BONES 1
BONE 4 1.000000

VERT 79
OFFSET -6.680053 3.266905 3.877810
BONES 1
BONE 4 1.000000

VERT 80
OFFSET 1.117482 3.142022 1.696303
BONES 2
BONE 5 0.977710
BONE 4 0.022290

VERT 81
OFFSET 0.437627 3.937187 1.408544
BONES 2
BONE 5 0.858244
BONE 4 0.141756

VERT 82
OFFSET 0.583072 4.000643 0.559022
BONES 2
BONE 5 0.857448
BONE 4 0.142552

VERT 83
OFFSET -2.153166 4.141411 1.681863
BONES 1
BONE 4 1.000000

VERT 84
OFFSET -4.277163 3.905663 5.867811
BONES 2
BONE 4 0.388076
BONE 3 0.611924

VERT 85
OFFSET -3.252497 4.242471 3.471871
BONES 1
BONE 4 1.000000

VERT 86
OFFSET -1.981902 3.690270 2.724684
BONES 1
BONE 4 1.000000

VERT 87
OFFSET -4.185325 3.523399 6.893032
BONES 2
BONE 3 0.855629
BONE 4 0.144371

VERT 88
OFFSET -3.767103 2.966229 5.410815
BONES 2
BONE 4 0.548750
BONE 3 0.451250

VERT 89
OFFSET -5.804737 2.265965 2.554488
BONES 1
BONE 4 1.000000

VERT 90
OFFSET -4.373873 2.081740 5.514455
BONES 2
BONE 3 0.568928
BONE 4 0.431072

VERT 91
OFFSET -1.912526 2.315976 2.324460
BONES 1
BONE 4 1.000000

VERT 92
OFFSET -1.765101 2.921747 2.843447
BONES 1
BONE 4 1.000000

VERT 93
OFFSET -1.725890 1.977028 0.735371
BONES 1
BONE 4 1.000000

VERT 94
OFFSET 1.632352 2.658416 0.928809
BONES 1
BONE 5 1.000000

VERT 95
OFFSET 0.989346 2.383432 1.535695
BONES 2
BONE 5 0.980668
BONE 4 0.019332

VERT 96
OFFSET -7.426938 3.754470 12.764116
BONES 1
BONE 3 1.000000

VERT 97
OFFSET -6.656843 3.245560 7.322132
BONES 2
BONE 3 0.905009
BONE 4 0.094991

VERT 98
OFFSET -7.329604 2.414604 13.710629
BONES 1
BONE 3 1.000000

VERT 99
OFFSET -6.524674 1.699298 14.946669
BONES 1
BONE 3 1.000000

VERT 100
OFFSET -6.216284 2.393958 8.063469
BONES 2
BONE 4 0.036026
BONE 3 0.963974

VERT 101
OFFSET -5.882777 3.990208 7.183130
BONES 2
BONE 4 0.197701
BONE 3 0.802299

VERT 102
OFFSET -6.535121 5.006343 14.441827
BONES 1
BONE 3 1.000000

VERT 103
OFFSET -4.973952 4.104074 8.269130
BONES 2
BONE 3 0.990248
BONE 4 0.009752

VERT 104
OFFSET -5.241249 5.009844 16.310669
BONES 1
BONE 3 1.000000

VERT 105
OFFSET -4.444417 4.637234 15.888467
BONES 1
BONE 3 1.000000

VERT 106
OFFSET -4.103619 4.067643 14.477043
BONES 1
BONE 3 1.000000

VERT 107
OFFSET -3.677361 3.031344 14.682783
BONES 1
BONE 3 1.000000

VERT 108
OFFSET -4.269318 2.115638 13.975163
BONES 1
BONE 3 1.000000

VERT 109
OFFSET -5.800060 4.912601 17.133453
BONES 1
BONE 3 1.000000

VERT 110
OFFSET -7.575925 3.741410 15.673377
BONES 1
BONE 3 1.000000

VERT 111
OFFSET -6.663435 1.875646 17.059235
BONES 1
BONE 3 1.000000

VERT 112
OFFSET -5.098346 1.454969 19.514271
BONES 2
BONE 2 0.009513
BONE 3 0.990487

VERT 113
OFFSET -3.239874 1.871720 18.260319
BONES 2
BONE 3 0.996522
BONE 2 0.003478

VERT 114
OFFSET -3.826198 1.486400 18.349230
BONES 1
BONE 3 1.000000

VERT 115
OFFSET -5.408665 1.457573 15.137230
BONES 1
BONE 3 1.000000

VERT 116
OFFSET -4.233312 2.747339 8.196705
BONES 1
BONE 3 1.000000

VERT 117
OFFSET -5.332995 2.165319 8.602530
BONES 1
BONE 3 1.000000

VERT 118
OFFSET -6.419900 2.540176 3.084449
BONES 1
BONE 4 1.000000

VERT 119
OFFSET 1.264217 -2.745693 0.407533
BONES 1
BONE 10 1.000000

VERT 120
OFFSET 1.632291 -2.658415 0.928676
BONES 1
BONE 10 1.000000

VERT 121
OFFSET -0.633204 -2.075113 0.382449
BONES 2
BONE 9 0.724152
BONE 10 0.275848

VERT 122
OFFSET 0.990183 -2.164567 1.285846
BONES 2
BONE 9 0.066427
BONE 10 0.933573

VERT 123
OFFSET 1.117429 -3.142017 1.696173
BONES 2
BONE 10 0.978135
BONE 9 0.021865

VERT 124
OFFSET -1.912578 -2.315977 2.324372
BONES 1
BONE 9 1.000000

VERT 125
OFFSET 0.672509 -4.027719 1.069139
BONES 2
BONE 10 0.868138
BONE 9 0.131862

VERT 126
OFFSET -1.982580 -3.691018 2.724455
BONES 1
BONE 9 1.000000

VERT 127
OFFSET -3.767056 -2.966239 5.410676
BONES 2
BONE 9 0.548801
BONE 8 0.451199

VERT 128
OFFSET -1.765142 -2.921748 2.843354
BONES 1
BONE 9 1.000000

VERT 129
OFFSET -4.179342 -3.552439 6.300593
BONES 2
BONE 9 0.267186
BONE 8 0.732814

VERT 130
OFFSET -3.309500 -4.241011 3.530026
BONES 1
BONE 9 1.000000

VERT 131
OFFSET -2.607037 -4.173412 1.676256
BONES 1
BONE 9 1.000000

VERT 132
OFFSET -1.930057 -3.915926 0.334685
BONES 1
BONE 9 1.000000

VERT 133
OFFSET -4.954987 -3.976005 6.746538
BONES 2
BONE 8 0.746475
BONE 9 0.253525

VERT 134
OFFSET 0.198285 -3.813921 0.177711
BONES 2
BONE 9 0.291547
BONE 10 0.708453

VERT 135
OFFSET -3.424886 -2.082245 2.699570
BONES 1
BONE 9 1.000000

VERT 136
OFFSET -6.105222 -3.764964 2.728802
BONES 1
BONE 9 1.000000

VERT 137
OFFSET -4.099309 -3.740915 2.276657
BONES 1
BONE 9 1.000000

VERT 138
OFFSET -5.804785 -2.265967 2.554446
BONES 1
BONE 9 1.000000

VERT 139
OFFSET -6.419945 -2.540178 3.084420
BONES 1
BONE 9 1.000000

VERT 140
OFFSET -6.680092 -3.266909 3.877816
BONES 1
BONE 9 1.000000

VERT 141
OFFSET -5.486349 -3.992362 3.435280
BONES 2
BONE 8 0.109335
BONE 9 0.890665

VERT 142
OFFSET -1.933462 -1.959124 0.936006
BONES 1
BONE 9 1.000000

VERT 143
OFFSET -4.373869 -2.081745 5.514410
BONES 2
BONE 9 0.431067
BONE 8 0.568933

VERT 144
OFFSET -5.332968 -2.165325 8.602497
BONES 1
BONE 8 1.000000

VERT 145
OFFSET -6.606399 -2.996859 7.267241
BONES 2
BONE 9 0.091273
BONE 8 0.908727

VERT 146
OFFSET -6.216239 -2.393965 8.063295
BONES 2
BONE 8 0.963954
BONE 9 0.036046

VERT 147
OFFSET -6.257274 -3.830917 7.308353
BONES 2
BONE 9 0.085599
BONE 8 0.914401

VERT 148
OFFSET -7.426919 -3.754460 12.764081
BONES 1
BONE 8 1.000000

VERT 149
OFFSET -7.329582 -2.414602 13.710616
BONES 1
BONE 8 1.000000

VERT 150
OFFSET -6.535105 -5.006341 14.441782
BONES 1
BONE 8 1.000000

VERT 151
OFFSET -4.101665 -4.066682 14.482450
BONES 1
BONE 8 1.000000

VERT 152
OFFSET -4.443386 -4.636790 15.890337
BONES 1
BONE 8 1.000000

VERT 153
OFFSET -5.241416 -5.009821 16.309454
BONES 1
BONE 8 1.000000

VERT 154
OFFSET -5.242381 -3.356982 20.496931
BONES 1
BONE 8 1.000000

VERT 155
OFFSET -5.800154 -4.912496 17.131943
BONES 1
BONE 8 1.000000

VERT 156
OFFSET -4.615757 -1.948374 22.117086
BONES 2
BONE 8 0.165977
BONE 7 0.834023

VERT 157
OFFSET -6.709819 -4.465139 17.231741
BONES 1
BONE 8 1.000000

VERT 158
OFFSET -7.575908 -3.741405 15.673355
BONES 1
BONE 8 1.000000

VERT 159
OFFSET -7.406149 -2.792322 16.723682
BONES 1
BONE 8 1.000000

VERT 160
OFFSET -6.654149 -1.743303 16.373562
BONES 1
BONE 8 1.000000

VERT 161
OFFSET -5.080098 -1.469372 19.830004
BONES 2
BONE 7 0.012030
BONE 8 0.987970

VERT 162
OFFSET -4.068301 -1.012916 22.145430
BONES 2
BONE 7 0.802808
BONE 8 0.194429

VERT 163
OFFSET -3.789964 -4.032125 20.473726
BONES 2
BONE 8 0.887537
BONE 7 0.112463

VERT 164
OFFSET -4.616001 -2.805228 22.152721
BONES 2
BONE 7 0.833642
BONE 8 0.166358

VERT 165
OFFSET -3.913878 -3.696304 22.402790
BONES 2
BONE 7 0.804911
BONE 8 0.193186

VERT 166
OFFSET -3.218563 -4.029715 19.044334
BONES 2
BONE 7 0.023393
BONE 8 0.976607

VERT 167
OFFSET -5.095530 -3.983662 26.837437
BONES 1
BONE 7 1.000000

VERT 168
OFFSET -1.417012 -2.903475 23.098841
BONES 1
BONE 7 1.000000

VERT 169
OFFSET -1.665225 -3.214080 21.394487
BONES 2
BONE 7 0.792593
BONE 8 0.207408

VERT 170
OFFSET -2.651165 -5.502782 28.661190
BONES 1
BONE 7 1.000000

VERT 171
OFFSET -4.095319 -5.286066 28.031782
BONES 1
BONE 7 1.000000

VERT 172
OFFSET -4.965149 -5.780263 33.157169
BONES 2
BONE 7 0.582860
BONE 1 0.417140

VERT 173
OFFSET -1.296029 -4.592765 27.699730
BONES 1
BONE 7 1.000000

VERT 174
OFFSET -1.343907 -1.838512 22.430490
BONES 2
BONE 8 0.014599
BONE 7 0.985401

VERT 175
OFFSET -0.308514 -2.936987 28.091413
BONES 2
BONE 7 0.996500
BONE 1 0.003500

VERT 176
OFFSET -0.562039 -4.926309 33.007896
BONES 2
BONE 7 0.905647
BONE 1 0.094353

VERT 177
OFFSET -1.648272 -5.934152 33.513130
BONES 2
BONE 1 0.123101
BONE 7 0.876899

VERT 178
OFFSET -0.640011 -1.453085 30.679955
BONES 2
BONE 1 0.028677
BONE 7 0.971323

VERT 179
OFFSET -0.071306 -3.795750 33.060501
BONES 2
BONE 7 0.898342
BONE 1 0.101658

VERT 180
OFFSET -2.465412 -0.306786 32.225067
BONES 2
BONE 1 0.103610
BONE 7 0.896390

VERT 181
OFFSET -1.337337 -0.745721 32.536331
BONES 2
BONE 7 0.916538
BONE 1 0.083462

VERT 182
OFFSET -0.435829 -2.007559 34.450356
BONES 2
BONE 7 0.813945
BONE 1 0.186055

VERT 183
OFFSET -0.706452 -3.858337 37.254200
BONES 3
BONE 1 0.883848
BONE 7 0.049234
BONE 13 0.066918

VERT 184
OFFSET -4.001982 -5.940885 35.349773
BONES 2
BONE 7 0.369764
BONE 1 0.630236

VERT 185
OFFSET -1.874743 -4.994376 37.447002
BONES 3
BONE 13 0.445132
BONE 7 0.095606
BONE 1 0.459261

VERT 186
OFFSET -6.151487 -4.891382 34.317055
BONES 2
BONE 1 0.727423
BONE 7 0.272577

VERT 187
OFFSET -5.284442 -5.492749 35.229050
BONES 2
BONE 1 0.725124
BONE 7 0.274876

VERT 188
OFFSET -3.445254 -6.249619 32.923943
BONES 2
BONE 7 0.842344
BONE 1 0.157656

VERT 189
OFFSET -6.882306 -1.424524 33.446110
BONES 2
BONE 7 0.291258
BONE 1 0.708742

VERT 190
OFFSET -6.820615 -3.556447 33.599522
BONES 2
BONE 7 0.286864
BONE 1 0.713136

VERT 191
OFFSET -5.900017 -4.251869 32.427097
BONES 2
BONE 7 0.548196
BONE 1 0.451804

VERT 192
OFFSET -6.041843 -0.236013 33.668369
BONES 2
BONE 7 0.301118
BONE 1 0.698882

VERT 193
OFFSET -6.783561 -0.304249 33.978474
BONES 2
BONE 7 0.229796
BONE 1 0.770204

VERT 194
OFFSET -5.530913 -1.569335 32.393326
BONES 2
BONE 7 0.568957
BONE 1 0.431043

VERT 195
OFFSET -5.993675 -2.912770 32.298584
BONES 2
BONE 7 0.561183
BONE 1 0.438817

VERT 196
OFFSET -4.543262 -0.764288 32.871429
BONES 2
BONE 7 0.518666
BONE 1 0.481334

VERT 197
OFFSET -4.366065 -0.895937 24.754160
BONES 1
BONE 7 1.000000

VERT 198
OFFSET -4.233282 -2.747344 8.196696
BONES 1
BONE 8 1.000000

VERT 199
OFFSET -4.269294 -2.115636 13.975177
BONES 1
BONE 8 1.000000

VERT 200
OFFSET -3.695740 -3.022871 14.594009
BONES 1
BONE 8 1.000000

VERT 201
OFFSET -5.408628 -1.457569 15.137252
BONES 1
BONE 8 1.000000

VERT 202
OFFSET -3.941748 -1.466488 18.397186
BONES 1
BONE 8 1.000000

VERT 203
OFFSET -3.465508 -1.690702 18.149954
BONES 1
BONE 8 1.000000

VERT 204
OFFSET -2.819273 -2.503183 18.558790
BONES 2
BONE 8 0.996273
BONE 7 0.003727

VERT 205
OFFSET -3.046690 -0.678141 21.577089
BONES 2
BONE 7 0.592559
BONE 8 0.407441

VERT 206
OFFSET -1.724269 -1.224398 21.266476
BONES 2
BONE 7 0.762008
BONE 8 0.237992

VERT 207
OFFSET -2.062669 -0.869612 23.117456
BONES 1
BONE 7 1.000000

VERT 208
OFFSET -1.427655 -2.321914 21.210922
BONES 2
BONE 7 0.723605
BONE 8 0.276395

VERT 209
OFFSET -2.633886 -3.922583 23.106712
BONES 2
BONE 8 0.034008
BONE 7 0.965992

VERT 210
OFFSET -2.752126 -3.188034 18.905947
BONES 2
BONE 7 0.009929
BONE 8 0.990071

VERT 211
OFFSET -5.275136 1.322857 32.174667
BONES 2
BONE 2 0.639824
BONE 1 0.360176

VERT 212
OFFSET -5.928146 3.943840 38.039127
BONES 1
BONE 1 1.000000

VERT 213
OFFSET -4.932218 4.812316 37.803898
BONES 2
BONE 13 0.096032
BONE 1 0.903968

VERT 214
OFFSET -6.092884 -0.007947 34.086258
BONES 3
BONE 2 0.066263
BONE 7 0.000062
BONE 1 0.933675

VERT 215
OFFSET -7.408619 -1.109444 34.623436
BONES 2
BONE 7 0.108050
BONE 1 0.891950

VERT 216
OFFSET -5.492932 0.008127 34.046936
BONES 3
BONE 7 0.000708
BONE 1 0.953717
BONE 2 0.045575

VERT 217
OFFSET -0.459650 -2.694550 37.502659
BONES 2
BONE 1 0.436176
BONE 13 0.563824

VERT 218
OFFSET 0.191335 -1.219159 36.633381
BONES 1
BONE 1 1.000000

VERT 219
OFFSET -0.459655 2.694558 37.502666
BONES 1
BONE 1 1.000000

VERT 220
OFFSET 0.292094 0.103354 36.304077
BONES 1
BONE 1 1.000000

VERT 221
OFFSET 0.128045 1.431456 36.687069
BONES 1
BONE 1 1.000000

VERT 222
OFFSET 0.524090 1.317866 41.357517
BONES 2
BONE 1 0.221661
BONE 12 0.778339

VERT 223
OFFSET -1.176701 -4.594600 37.522793
BONES 3
BONE 7 0.038681
BONE 1 0.693971
BONE 13 0.267348

VERT 224
OFFSET -1.176567 4.594124 37.524139
BONES 2
BONE 2 0.040394
BONE 1 0.959606

VERT 225
OFFSET -0.703942 3.855941 37.252258
BONES 2
BONE 1 0.941291
BONE 2 0.058709

VERT 226
OFFSET -2.474487 2.285208 0.541576
BONES 1
BONE 4 1.000000

VERT 227
OFFSET -2.702730 4.193010 0.754990
BONES 1
BONE 4 1.000000

VERT 228
OFFSET -4.056056 4.054049 1.908242
BONES 1
BONE 4 1.000000

VERT 229
OFFSET -5.607803 4.212429 2.993999
BONES 1
BONE 4 1.000000

VERT 230
OFFSET -6.453420 3.910640 3.363226
BONES 1
BONE 4 1.000000

VERT 231
OFFSET -5.899952 3.417587 0.155680
BONES 1
BONE 4 1.000000

VERT 232
OFFSET -6.846406 3.287427 3.514548
BONES 1
BONE 4 1.000000

VERT 233
OFFSET -5.880416 2.014355 3.096783
BONES 1
BONE 4 1.000000

VERT 234
OFFSET -5.977431 2.859181 0.149536
BONES 1
BONE 4 1.000000

VERT 235
OFFSET -4.645329 2.335013 2.122595
BONES 1
BONE 4 1.000000

VERT 236
OFFSET -4.696654 3.881401 2.019829
BONES 1
BONE 4 1.000000

VERT 237
OFFSET -5.000617 2.696319 0.100635
BONES 1
BONE 4 1.000000

VERT 238
OFFSET -4.994418 3.519072 0.093975
BONES 1
BONE 4 1.000000

VERT 239
OFFSET -1.521087 2.001755 0.132893
BONES 2
BONE 5 0.006137
BONE 4 0.993863

VERT 240
OFFSET 2.108494 2.587359 0.139095
BONES 1
BONE 5 1.000000

VERT 241
OFFSET 2.133376 3.588939 0.313325
BONES 1
BONE 5 1.000000

VERT 242
OFFSET 2.335367 3.375751 0.102769
BONES 1
BONE 5 1.000000

VERT 243
OFFSET -2.474558 -2.285204 0.541492
BONES 1
BONE 9 1.000000

VERT 244
OFFSET -4.174127 -2.106578 2.360557
BONES 1
BONE 9 1.000000

VERT 245
OFFSET -5.977505 -2.859180 0.149492
BONES 1
BONE 9 1.000000

VERT 246
OFFSET -6.846442 -3.287435 3.514519
BONES 1
BONE 9 1.000000

VERT 247
OFFSET -4.645380 -2.335015 2.122537
BONES 1
BONE 9 1.000000

VERT 248
OFFSET -5.880461 -2.014358 3.096751
BONES 1
BONE 9 1.000000

VERT 249
OFFSET -5.001253 -2.697297 0.097208
BONES 1
BONE 9 1.000000

VERT 250
OFFSET -4.994337 -3.520277 0.097728
BONES 1
BONE 9 1.000000

VERT 251
OFFSET -4.696706 -3.881403 2.019768
BONES 1
BONE 9 1.000000

VERT 252
OFFSET -2.702789 -4.193008 0.754899
BONES 1
BONE 9 1.000000

VERT 253
OFFSET -5.900027 -3.417584 0.155634
BONES 1
BONE 9 1.000000

VERT 254
OFFSET -6.453456 -3.910644 3.363194
BONES 1
BONE 9 1.000000

VERT 255
OFFSET 1.673376 -3.995170 0.243046
BONES 1
BONE 10 1.000000

VERT 256
OFFSET 2.133306 -3.588935 0.313183
BONES 1
BONE 10 1.000000

VERT 257
OFFSET 2.335294 -3.375746 0.102623
BONES 1
BONE 10 1.000000

VERT 258
OFFSET -1.521158 -2.001753 0.132796
BONES 2
BONE 10 0.005879
BONE 9 0.994121

VERT 259
OFFSET 0.294622 18.813005 41.970448
BONES 1
BONE 32 1.000000

VERT 260
OFFSET -0.258534 18.496500 41.867260
BONES 2
BONE 19 0.522863
BONE 32 0.477137

VERT 261
OFFSET -0.317476 18.977987 41.731705
BONES 1
BONE 19 1.000000

VERT 262
OFFSET 0.362290 18.461798 42.068314
BONES 1
BONE 32 1.000000

VERT 263
OFFSET 0.028726 18.202885 41.668163
BONES 2
BONE 32 0.500000
BONE 19 0.500000

VERT 264
OFFSET -0.643065 18.199755 41.534580
BONES 1
BONE 19 1.000000

VERT 265
OFFSET -0.185318 17.784695 41.893791
BONES 2
BONE 32 0.500000
BONE 19 0.500000

VERT 266
OFFSET -0.426259 17.410751 42.495441
BONES 2
BONE 32 0.236680
BONE 19 0.763320

VERT 267
OFFSET -0.720604 17.414225 41.482670
BONES 1
BONE 19 1.000000

VERT 268
OFFSET -1.277352 17.081648 42.450718
BONES 3
BONE 19 0.817895
BONE 37 0.181884
BONE 18 0.000221

VERT 269
OFFSET -2.033915 17.783457 41.754982
BONES 1
BONE 19 1.000000

VERT 270
OFFSET -1.899551 18.950375 41.436604
BONES 1
BONE 19 1.000000

VERT 271
OFFSET -0.970922 19.066065 41.773537
BONES 1
BONE 19 1.000000

VERT 272
OFFSET -2.448714 18.111362 42.121235
BONES 1
BONE 19 1.000000

VERT 273
OFFSET 0.003369 18.235941 42.316303
BONES 2
BONE 32 0.641692
BONE 19 0.358308

VERT 274
OFFSET -0.190279 18.641684 42.390961
BONES 2
BONE 19 0.160464
BONE 32 0.839536

VERT 275
OFFSET -0.235591 19.042868 42.218960
BONES 1
BONE 19 1.000000

VERT 276
OFFSET 0.374256 18.576822 42.365154
BONES 1
BONE 32 1.000000

VERT 277
OFFSET -1.079755 17.979286 42.907562
BONES 2
BONE 37 0.046981
BONE 19 0.953019

VERT 278
OFFSET -1.942739 17.463459 43.098499
BONES 3
BONE 37 0.391586
BONE 19 0.608169
BONE 18 0.000245

VERT 279
OFFSET -1.265100 19.287718 42.197296
BONES 1
BONE 19 1.000000

VERT 280
OFFSET -2.252784 19.231398 41.869324
BONES 1
BONE 19 1.000000

VERT 281
OFFSET -1.418759 -4.296368 0.151645
BONES 2
BONE 10 0.003005
BONE 9 0.996995

VERT 282
OFFSET 0.174686 1.833987 0.204689
BONES 2
BONE 4 0.232338
BONE 5 0.767662

VERT 283
OFFSET -4.174087 2.106575 2.360628
BONES 1
BONE 4 1.000000

VERT 284
OFFSET -0.051593 -4.381216 0.187045
BONES 2
BONE 10 0.653414
BONE 9 0.346586

VERT 285
OFFSET -1.418677 4.296370 0.151746
BONES 2
BONE 5 0.003114
BONE 4 0.996886

VERT 286
OFFSET -0.051514 4.381219 0.187164
BONES 2
BONE 5 0.665034
BONE 4 0.334966

VERT 287
OFFSET 1.673446 3.995176 0.243187
BONES 1
BONE 5 1.000000

VERT 288
OFFSET -2.156186 -17.603546 41.780777
BONES 3
BONE 57 0.135404
BONE 44 0.482786
BONE 63 0.381810

VERT 289
OFFSET -4.253952 -14.363256 43.000210
BONES 2
BONE 63 0.779428
BONE 43 0.220572

VERT 290
OFFSET -3.356468 -17.359390 41.788475
BONES 3
BONE 63 0.741350
BONE 44 0.258213
BONE 43 0.000438

VERT 291
OFFSET -3.620168 -19.796648 40.752102
BONES 2
BONE 51 0.379870
BONE 44 0.620130

VERT 292
OFFSET -2.332419 -17.944403 41.406403
BONES 3
BONE 57 0.233391
BONE 44 0.733183
BONE 63 0.033427

VERT 293
OFFSET -3.499865 -17.999529 41.318123
BONES 2
BONE 44 0.916795
BONE 63 0.083205

VERT 294
OFFSET -2.961272 -18.434864 41.070030
BONES 1
BONE 44 1.000000

VERT 295
OFFSET -1.516337 -19.318729 40.821075
BONES 3
BONE 57 0.169581
BONE 44 0.792709
BONE 58 0.037710

VERT 296
OFFSET -1.528367 -18.277079 41.057018
BONES 2
BONE 57 0.840641
BONE 44 0.159359

VERT 297
OFFSET -1.300794 -19.272070 41.289185
BONES 3
BONE 44 0.417614
BONE 57 0.478319
BONE 58 0.104067

VERT 298
OFFSET -1.995042 -20.256840 40.742134
BONES 3
BONE 44 0.206511
BONE 48 0.311607
BONE 45 0.481883

VERT 299
OFFSET -2.403795 -20.044252 41.038082
BONES 3
BONE 54 0.229046
BONE 48 0.399104
BONE 44 0.371850

VERT 300
OFFSET -1.605705 -19.999519 41.099319
BONES 3
BONE 45 0.434403
BONE 44 0.501077
BONE 57 0.064519

VERT 301
OFFSET -3.326746 -17.885979 42.550869
BONES 2
BONE 63 0.754063
BONE 44 0.245937

VERT 302
OFFSET -2.403716 -17.955793 42.576874
BONES 2
BONE 44 0.426946
BONE 63 0.573054

VERT 303
OFFSET -2.058998 -17.681873 42.361099
BONES 4
BONE 57 0.025868
BONE 44 0.332935
BONE 63 0.641156
BONE 43 0.000041

VERT 304
OFFSET -1.243358 -18.782475 41.552048
BONES 3
BONE 58 0.101565
BONE 57 0.698765
BONE 44 0.199670

VERT 305
OFFSET -1.145214 -18.458891 41.308819
BONES 3
BONE 58 0.162595
BONE 57 0.614703
BONE 44 0.222702

VERT 306
OFFSET -0.355367 -20.776554 40.305794
BONES 2
BONE 58 0.011170
BONE 59 0.988830

VERT 307
OFFSET -0.007319 -20.497284 40.181503
BONES 2
BONE 59 0.989170
BONE 58 0.010830

VERT 308
OFFSET -3.624183 -17.791746 42.131218
BONES 2
BONE 44 0.323029
BONE 63 0.676971

VERT 309
