// Export time: Tue Nov 17 11:18:10 2020

// Exported using Blender v2.90.1
// Export filename: 'E:/blackops3/mod_xmodel/iw4/m4_sopmod_ii/ch_body_gk_m4_sopmod_ii_lod3.XMODEL_EXPORT'
// Source filename: 'E:/blackops3/mod_xmodel/iw4/m4_sopmod_ii/m4_sopmod_ii.blend'
MODEL
VERSION 6

NUMBONES 77
BONE 0 -1 "tag_origin"
BONE 1 0 "j_mainroot"
BONE 2 1 "j_hip_le"
BONE 3 2 "j_knee_le"
BONE 4 3 "j_ankle_le"
BONE 5 4 "j_ball_le"
BONE 6 2 "skirt_1_1"
BONE 7 1 "j_hip_ri"
BONE 8 7 "j_knee_ri"
BONE 9 8 "j_ankle_ri"
BONE 10 9 "j_ball_ri"
BONE 11 7 "skirt_1_4"
BONE 12 1 "j_spinelower"
BONE 13 12 "j_spineupper"
BONE 14 13 "j_spine4"
BONE 15 14 "j_clavicle_le"
BONE 16 15 "j_shoulder_le"
BONE 17 16 "j_elbow_bulge_le"
BONE 18 16 "j_elbow_le"
BONE 19 18 "j_wrist_le"
BONE 20 19 "j_index_le_1"
BONE 21 20 "j_index_le_2"
BONE 22 21 "j_index_le_3"
BONE 23 19 "j_mid_le_1"
BONE 24 23 "j_mid_le_2"
BONE 25 24 "j_mid_le_3"
BONE 26 19 "j_pinky_le_1"
BONE 27 26 "j_pinky_le_2"
BONE 28 27 "j_pinky_le_3"
BONE 29 19 "j_ring_le_1"
BONE 30 29 "j_ring_le_2"
BONE 31 30 "j_ring_le_3"
BONE 32 19 "j_thumb_le_1"
BONE 33 32 "j_thumb_le_2"
BONE 34 33 "j_thumb_le_3"
BONE 35 19 "j_wrist_le1"
BONE 36 35 "tag_weapon_left"
BONE 37 18 "j_wristtwist_le"
BONE 38 16 "j_shouldertwist_le"
BONE 39 38 "tag_reflector_arm_le"
BONE 40 14 "j_clavicle_ri"
BONE 41 40 "j_shoulder_ri"
BONE 42 41 "j_elbow_bulge_ri"
BONE 43 41 "j_elbow_ri"
BONE 44 43 "j_wrist_ri"
BONE 45 44 "j_index_ri_1"
BONE 46 45 "j_index_ri_2"
BONE 47 46 "j_index_ri_3"
BONE 48 44 "j_mid_ri_1"
BONE 49 48 "j_mid_ri_2"
BONE 50 49 "j_mid_ri_3"
BONE 51 44 "j_pinky_ri_1"
BONE 52 51 "j_pinky_ri_2"
BONE 53 52 "j_pinky_ri_3"
BONE 54 44 "j_ring_ri_1"
BONE 55 54 "j_ring_ri_2"
BONE 56 55 "j_ring_ri_3"
BONE 57 44 "j_thumb_ri_1"
BONE 58 57 "j_thumb_ri_2"
BONE 59 58 "j_thumb_ri_3"
BONE 60 44 "j_wrist_ri1"
BONE 61 60 "j_gun"
BONE 62 60 "tag_weapon_right"
BONE 63 43 "j_wristtwist_ri"
BONE 64 41 "j_shouldertwist_ri"
BONE 65 64 "tag_reflector_arm_ri"
BONE 66 14 "j_shoulderraise_le"
BONE 67 14 "j_shoulderraise_ri"
BONE 68 14 "tag_bipod"
BONE 69 14 "tag_inhand"
BONE 70 14 "tag_shield_back"
BONE 71 14 "tag_stowed_back"
BONE 72 14 "tag_weapon_chest"
BONE 73 14 "j_neck"
BONE 74 73 "j_head"
BONE 75 1 "tag_stowed_hip_rear"
BONE 76 0 "tag_sync"

BONE 0
OFFSET 0.000000 0.000000 0.000000
SCALE 1.000000 1.000000 1.000000
X 1.000000 0.000000 0.000000
Y 0.000000 1.000000 0.000000
Z 0.000000 0.000000 1.000000

BONE 1
OFFSET -3.152210 -0.000291 37.819904
SCALE 1.000000 1.000000 1.000000
X -0.024713 -0.000056 0.999695
Y 0.999695 0.000059 0.024713
Z -0.000061 1.000000 0.000055

BONE 2
OFFSET -3.299106 3.278727 34.842621
SCALE 1.000000 1.000000 1.000000
X -0.013009 -0.055590 -0.998369
Y 0.999908 -0.004527 -0.012777
Z -0.003809 -0.998443 0.055644

BONE 3
OFFSET -3.474360 2.531990 21.432877
SCALE 1.000000 1.000000 1.000000
X -0.132025 0.029810 -0.990798
Y 0.991133 -0.011148 -0.132406
Z -0.014992 -0.999493 -0.028074

BONE 4
OFFSET -5.636589 3.020158 5.207933
SCALE 1.000000 1.000000 1.000000
X 0.007835 0.036345 -0.999309
Y 0.999949 0.006158 0.008064
Z 0.006447 -0.999320 -0.036295

BONE 5
OFFSET -0.331582 3.309585 0.276089
SCALE 1.000000 1.000000 1.000000
X 0.983407 -0.000245 0.181415
Y -0.181301 -0.036856 0.982737
Z 0.006445 -0.999320 -0.036289

BONE 6
OFFSET -2.817404 6.285893 35.285961
SCALE 1.000000 1.000000 1.000000
X -0.036475 0.942132 0.333252
Y 0.980785 0.097703 -0.168865
Z -0.191653 0.320689 -0.927592

BONE 7
OFFSET -3.300126 -3.597496 34.834026
SCALE 1.000000 1.000000 1.000000
X 0.012763 -0.078759 0.996713
Y -0.999918 -0.000133 0.012797
Z -0.000875 -0.996893 -0.078761

BONE 8
OFFSET -3.471890 -2.539622 21.443760
SCALE 1.000000 1.000000 1.000000
X 0.131881 0.032418 0.990638
Y -0.991170 -0.009576 0.132246
Z 0.013774 -0.999428 0.030850

BONE 9
OFFSET -5.631028 -3.070626 5.218025
SCALE 1.000000 1.000000 1.000000
X -0.008479 -0.027081 0.999499
Y -0.999939 0.007349 -0.008276
Z -0.007122 -0.999606 -0.027154

BONE 10
OFFSET -0.323317 -3.050078 0.280730
SCALE 1.000000 1.000000 1.000000
X -0.983293 0.011952 -0.181616
Y 0.181893 0.025478 -0.982893
Z -0.007121 -0.999603 -0.027238

BONE 11
OFFSET -3.263102 -6.258561 35.382057
SCALE 1.000000 1.000000 1.000000
X -0.165505 0.942220 -0.291213
Y 0.967395 0.097696 -0.233652
Z -0.191714 -0.320432 -0.927582

BONE 12
OFFSET -2.321690 0.000022 40.011215
SCALE 1.000000 1.000000 1.000000
X -0.029885 -0.000054 0.999553
Y 0.999554 0.000059 0.029885
Z -0.000060 1.000000 0.000052

BONE 13
OFFSET -2.323063 -0.000189 43.775990
SCALE 1.000000 1.000000 1.000000
X 0.020430 -0.000062 0.999791
Y 0.999791 0.000062 -0.020430
Z -0.000060 1.000000 0.000063

BONE 14
OFFSET -2.267035 -0.000394 47.387978
SCALE 1.000000 1.000000 1.000000
X 0.046997 -0.000058 0.998895
Y 0.998895 0.000063 -0.046997
Z -0.000060 1.000000 0.000061

BONE 15
OFFSET -4.262136 1.573653 51.095459
SCALE 1.000000 1.000000 1.000000
X 0.022191 0.996837 0.073465
Y -0.999643 0.021028 0.016500
Z 0.014905 -0.073520 0.997080

BONE 16
OFFSET -4.229924 4.651237 50.735752
SCALE 1.000000 1.000000 1.000000
X 0.192207 0.807301 -0.557423
Y -0.976930 0.211291 -0.030622
Z 0.093087 0.550593 0.829566

BONE 17
OFFSET -3.168042 10.762033 46.688110
SCALE 1.000000 1.000000 1.000000
X 0.809965 0.442135 -0.385058
Y -0.579025 0.707209 -0.405169
Z 0.093206 0.551274 0.829100

BONE 18
OFFSET -3.053844 10.699054 46.717163
SCALE 1.000000 1.000000 1.000000
X 0.188675 0.855516 -0.481550
Y -0.979056 0.202073 -0.024351
Z 0.076499 0.476226 0.875988

BONE 19
OFFSET -1.657647 16.849979 43.105492
SCALE 1.000000 1.000000 1.000000
X 0.075821 0.823068 -0.562307
Y 0.208382 -0.564694 -0.798557
Z -0.975104 -0.056682 -0.214374

BONE 20
OFFSET -0.441084 19.376804 41.998322
SCALE 1.000000 1.000000 1.000000
X 0.138105 0.850479 -0.506949
Y 0.076614 -0.519650 -0.850937
Z -0.987450 0.078625 -0.136921

BONE 21
OFFSET -0.290862 20.302998 41.446194
SCALE 1.000000 1.000000 1.000000
X 0.133714 0.878826 -0.457351
Y 0.084336 -0.470084 -0.878583
Z -0.987425 0.078853 -0.136970

BONE 22
OFFSET -0.207814 20.850254 41.161339
SCALE 1.000000 1.000000 1.000000
X 0.373637 0.754860 -0.538561
Y 0.062721 -0.599976 -0.797550
Z -0.925452 0.264095 -0.271485

BONE 23
OFFSET -1.059163 19.379314 41.848289
SCALE 1.000000 1.000000 1.000000
X 0.168729 0.834917 -0.523293
Y 0.221550 -0.549591 -0.805520
Z -0.960441 0.019894 -0.277742

BONE 24
OFFSET -0.877239 20.280468 41.283535
SCALE 1.000000 1.000000 1.000000
X 0.176355 0.862256 -0.474137
Y 0.230158 -0.504617 -0.832100
Z -0.957040 0.037529 -0.287478

BONE 25
OFFSET -0.738736 20.959440 40.910133
SCALE 1.000000 1.000000 1.000000
X 0.253137 0.734423 -0.629266
Y 0.184183 -0.675246 -0.714205
Z -0.949736 0.064793 -0.306225

BONE 26
OFFSET -2.115784 19.038410 41.569706
SCALE 1.000000 1.000000 1.000000
X 0.162072 0.854096 -0.493601
Y 0.256906 -0.519640 -0.814846
Z -0.952750 0.005166 -0.303684

BONE 27
OFFSET -2.008385 19.604994 41.242245
SCALE 1.000000 1.000000 1.000000
X 0.161930 0.854997 -0.492085
Y 0.257204 -0.518153 -0.815698
Z -0.952693 0.005431 -0.303856

BONE 28
OFFSET -1.922901 20.057701 40.981678
SCALE 1.000000 1.000000 1.000000
X 0.236102 0.642849 -0.728332
Y 0.191613 -0.765669 -0.613969
Z -0.952649 0.005312 -0.303996

BONE 29
OFFSET -1.621719 19.352716 41.667095
SCALE 1.000000 1.000000 1.000000
X 0.186455 0.866157 -0.463036
Y 0.281765 -0.498807 -0.819634
Z -0.941192 0.022256 -0.337101

BONE 30
OFFSET -1.471153 20.052818 41.292755
SCALE 1.000000 1.000000 1.000000
X 0.193455 0.814849 -0.545889
Y 0.262735 -0.579241 -0.771650
Z -0.945276 0.005760 -0.326192

BONE 31
OFFSET -1.328363 20.656033 40.888676
SCALE 1.000000 1.000000 1.000000
X 0.195193 0.739468 -0.643820
Y 0.242656 -0.672551 -0.699114
Z -0.950273 -0.019852 -0.310764

BONE 32
OFFSET -0.479753 17.645643 42.699753
SCALE 1.000000 1.000000 1.000000
X 0.582523 0.721003 -0.374715
Y -0.802307 0.583953 -0.122865
Z 0.130270 0.372404 0.918875

BONE 33
OFFSET 0.271582 18.576471 42.215061
SCALE 1.000000 1.000000 1.000000
X 0.459409 0.774288 -0.434661
Y -0.874562 0.479843 -0.068998
Z 0.155193 0.412021 0.897857

BONE 34
OFFSET 0.659818 19.231552 41.847122
SCALE 1.000000 1.000000 1.000000
X 0.527108 0.499871 -0.686956
Y -0.769972 0.622997 -0.137042
Z 0.359582 0.601279 0.713548

BONE 35
OFFSET 0.748241 14.994770 43.315819
SCALE 1.000000 1.000000 1.000000
X 0.075747 0.823064 -0.562322
Y 0.208382 -0.564693 -0.798558
Z -0.975110 -0.056744 -0.214331

BONE 36
OFFSET 24.969488 -8.149155 26.061546
SCALE 1.000000 1.000000 1.000000
X 0.632347 0.743847 -0.215591
Y -0.660937 0.663299 0.350849
Z 0.404104 -0.079101 0.911188

BONE 37
OFFSET -2.066375 15.049091 44.162727
SCALE 1.000000 1.000000 1.000000
X 0.188690 0.855595 -0.481402
Y -0.979055 0.202075 -0.024352
Z 0.076468 0.476082 0.876069

BONE 38
OFFSET -4.174263 4.885051 50.574005
SCALE 1.000000 1.000000 1.000000
X 0.192125 0.806808 -0.558165
Y -0.976929 0.211293 -0.030622
Z 0.093260 0.551314 0.829068

BONE 39
OFFSET -3.735487 5.979940 51.421902
SCALE 1.000000 1.000000 1.000000
X 0.144346 0.250698 0.957219
Y -0.984821 -0.057819 0.163630
Z 0.096392 -0.966095 0.238317

BONE 40
OFFSET -4.138887 -1.574783 50.991966
SCALE 1.000000 1.000000 1.000000
X -0.019468 0.997196 -0.072254
Y 0.999656 0.018144 -0.018928
Z -0.017563 -0.072597 -0.997207

BONE 41
OFFSET -4.389643 -4.319120 51.127193
SCALE 1.000000 1.000000 1.000000
X -0.131625 0.811471 0.569376
Y 0.985613 0.168566 -0.012392
Z -0.106033 0.559553 -0.821984

BONE 42
OFFSET -3.725564 -10.963525 46.666550
SCALE 1.000000 1.000000 1.000000
X -0.771742 0.474918 0.422929
Y 0.627017 0.679247 0.381409
Z -0.106135 0.559533 -0.821985

BONE 43
OFFSET -3.597630 -10.900831 46.692711
SCALE 1.000000 1.000000 1.000000
X -0.084424 0.848065 0.523123
Y 0.991222 0.125088 -0.042819
Z -0.101750 0.514916 -0.851181

BONE 44
OFFSET -2.858582 -17.973349 42.151573
SCALE 1.000000 1.000000 1.000000
X -0.049258 0.773251 0.632184
Y -0.042559 -0.634003 0.772159
Z 0.997879 0.011130 0.064139

BONE 45
OFFSET -1.717601 -20.101406 40.825302
SCALE 1.000000 1.000000 1.000000
X -0.120165 0.805976 0.579623
Y 0.088592 -0.572818 0.814881
Z 0.988794 0.149270 -0.002570

BONE 46
OFFSET -1.577855 -21.038946 40.150944
SCALE 1.000000 1.000000 1.000000
X -0.145096 0.820810 0.552465
Y 0.084606 -0.546036 0.833479
Z 0.985794 0.167676 0.009782

BONE 47
OFFSET -1.484171 -21.568657 39.794537
SCALE 1.000000 1.000000 1.000000
X -0.237682 0.826115 0.510923
Y 0.077941 -0.508080 0.857777
Z 0.968212 0.243699 0.056373

BONE 48
OFFSET -2.317017 -20.161144 40.735893
SCALE 1.000000 1.000000 1.000000
X -0.106469 0.850902 0.514423
Y -0.080088 -0.523021 0.848549
Z 0.991086 0.049145 0.123833

BONE 49
OFFSET -2.200949 -21.089109 40.174950
SCALE 1.000000 1.000000 1.000000
X -0.110283 0.781116 0.614569
Y -0.066471 -0.622753 0.779590
Z 0.991676 0.045124 0.120600

BONE 50
OFFSET -2.109090 -21.739334 39.663410
SCALE 1.000000 1.000000 1.000000
X -0.109521 0.788089 0.605740
Y -0.067764 -0.613908 0.786464
Z 0.991673 0.045087 0.120640

BONE 51
OFFSET -3.434213 -19.880083 40.684826
SCALE 1.000000 1.000000 1.000000
X -0.107816 0.818521 0.564268
Y -0.095017 -0.573462 0.813703
Z 0.989620 0.034115 0.139602

BONE 52
OFFSET -3.355565 -20.476831 40.273483
SCALE 1.000000 1.000000 1.000000
X -0.114211 0.776616 0.619535
Y -0.087277 -0.629048 0.772452
Z 0.989616 0.034151 0.139625

BONE 53
OFFSET -3.293977 -20.896135 39.939045
SCALE 1.000000 1.000000 1.000000
X -0.069662 0.801378 0.594088
Y -0.064668 -0.597910 0.798951
Z 0.995473 0.017238 0.093475

BONE 54
OFFSET -2.880315 -20.150282 40.747417
SCALE 1.000000 1.000000 1.000000
X -0.102012 0.781282 0.615786
Y -0.123685 -0.624174 0.771434
Z 0.987065 0.002532 0.160306

BONE 55
OFFSET -2.789631 -20.845341 40.199631
SCALE 1.000000 1.000000 1.000000
X -0.135695 0.767116 0.626993
Y -0.121387 -0.640951 0.757923
Z 0.983287 0.026737 0.180092

BONE 56
OFFSET -2.683290 -21.445969 39.708672
SCALE 1.000000 1.000000 1.000000
X -0.113105 0.864882 0.489066
Y -0.142705 -0.501262 0.853447
Z 0.983282 0.026737 0.180118

BONE 57
OFFSET -1.712857 -18.562395 41.591442
SCALE 1.000000 1.000000 1.000000
X -0.605978 0.627999 0.488271
Y 0.666225 0.065265 0.742890
Z 0.434667 0.775473 -0.457938

BONE 58
OFFSET -0.950690 -19.352386 40.977024
SCALE 1.000000 1.000000 1.000000
X -0.460833 0.749909 0.474626
Y 0.721190 0.004754 0.692722
Z 0.517222 0.661524 -0.543017

BONE 59
OFFSET -0.517462 -20.057566 40.530712
SCALE 1.000000 1.000000 1.000000
X -0.279998 0.779449 0.560411
Y 0.802959 -0.129809 0.581728
Z 0.526173 0.612869 -0.589520

BONE 60
OFFSET -5.126214 -20.006580 42.145771
SCALE 1.000000 1.000000 1.000000
X -0.049258 0.773251 0.632184
Y -0.042559 -0.634002 0.772160
Z 0.997879 0.011130 0.064139

BONE 61
OFFSET -10.041180 -26.690880 41.170773
SCALE 1.000000 1.000000 1.000000
X 0.644139 -0.671510 -0.366279
Y 0.549803 0.739376 -0.388639
Z 0.531792 0.048956 0.845459

BONE 62
OFFSET -10.041180 -26.690880 41.170773
SCALE 1.000000 1.000000 1.000000
X 0.644351 -0.671024 -0.366794
Y 0.523735 0.736718 -0.427724
Z 0.557238 0.083501 0.826145

BONE 63
OFFSET -3.074955 -15.902756 43.481083
SCALE 1.000000 1.000000 1.000000
X -0.084432 0.848066 0.523121
Y 0.991221 0.125096 -0.042819
Z -0.101754 0.514913 -0.851182

BONE 64
OFFSET -4.352432 -4.548555 50.966206
SCALE 1.000000 1.000000 1.000000
X -0.131631 0.811470 0.569377
Y 0.985611 0.168574 -0.012392
Z -0.106038 0.559553 -0.821984

BONE 65
OFFSET -3.888007 -5.760384 51.858658
SCALE 1.000000 1.000000 1.000000
X 0.104365 -0.326384 0.939458
Y 0.974575 -0.154756 -0.162032
Z 0.198271 0.932483 0.301934

BONE 66
OFFSET -2.137931 3.539704 53.634155
SCALE 1.000000 1.000000 1.000000
X -0.019311 -0.997191 -0.072369
Y 0.999659 -0.017985 -0.018930
Z 0.017575 -0.072710 0.997198

BONE 67
OFFSET -2.137502 -3.541181 53.633862
SCALE 1.000000 1.000000 1.000000
X 0.022418 -0.997073 0.072702
Y -0.999638 -0.021271 0.016500
Z -0.014905 -0.073007 -0.997206

BONE 68
OFFSET 14.878456 -25.083488 29.456877
SCALE 1.000000 1.000000 1.000000
X 1.000000 -0.000002 0.000086
Y 0.000002 1.000000 0.000003
Z -0.000086 -0.000003 1.000000

BONE 69
OFFSET 9.855202 -25.084299 36.107239
SCALE 1.000000 1.000000 1.000000
X -0.000086 1.000000 0.000132
Y 0.764282 0.000150 -0.644883
Z -0.644883 0.000046 -0.764282

BONE 70
OFFSET -9.675326 0.703931 47.737419
SCALE 1.000000 1.000000 1.000000
X -0.989754 -0.000189 0.142783
Y 0.000191 -1.000000 -0.000000
Z 0.142783 0.000027 0.989754

BONE 71
OFFSET -8.050386 -4.044006 45.869473
SCALE 1.000000 1.000000 1.000000
X -0.006983 0.025918 -0.999639
Y -0.984169 -0.177220 0.002281
Z -0.177096 0.983825 0.026748

BONE 72
OFFSET 9.855202 -25.084299 36.107239
SCALE 1.000000 1.000000 1.000000
X 1.000000 -0.000011 0.000086
Y 0.000011 1.000000 0.000002
Z -0.000086 -0.000002 1.000000

BONE 73
OFFSET -4.135254 -0.001729 53.757359
SCALE 1.000000 1.000000 1.000000
X 0.264606 0.000009 0.964357
Y 0.964357 -0.000000 -0.264606
Z -0.000002 1.000000 -0.000009

BONE 74
OFFSET -3.774027 -0.001729 55.383183
SCALE 1.000000 1.000000 1.000000
X 0.170371 0.000000 0.985380
Y 0.985380 -0.000000 -0.170371
Z 0.000000 1.000000 -0.000001

BONE 75
OFFSET -8.276782 -2.306064 32.538326
SCALE 1.000000 1.000000 1.000000
X -0.188051 0.137983 0.972418
Y 0.149137 -0.974590 0.167132
Z 0.970771 0.176452 0.162694

BONE 76
OFFSET -0.002006 0.000000 -0.000000
SCALE 1.000000 1.000000 1.000000
X -1.000000 0.000000 0.000000
Y 0.000000 -1.000000 0.000000
Z 0.000000 0.000000 1.000000


NUMVERTS 991
VERT 0
OFFSET -2.513486 0.313304 32.205132
BONES 2
BONE 2 0.896145
BONE 1 0.103855

VERT 1
OFFSET -5.465807 1.437646 32.431248
BONES 2
BONE 2 0.562096
BONE 1 0.437904

VERT 2
OFFSET -6.748064 0.005957 34.308170
BONES 2
BONE 1 0.832991
BONE 2 0.167009

VERT 3
OFFSET -6.099202 3.758811 32.414623
BONES 2
BONE 2 0.550005
BONE 1 0.449995

VERT 4
OFFSET -6.825074 3.560507 33.614567
BONES 2
BONE 2 0.287140
BONE 1 0.712860

VERT 5
OFFSET -5.471629 5.598774 34.265621
BONES 2
BONE 2 0.386391
BONE 1 0.613609

VERT 6
OFFSET -1.662961 5.934893 33.500919
BONES 2
BONE 1 0.123571
BONE 2 0.876429

VERT 7
OFFSET -1.868564 5.072279 27.786129
BONES 1
BONE 2 1.000000

VERT 8
OFFSET -3.776261 6.237922 34.381420
BONES 2
BONE 1 0.411127
BONE 2 0.588873

VERT 9
OFFSET 0.030619 3.784947 31.435619
BONES 2
BONE 2 0.930187
BONE 1 0.069813

VERT 10
OFFSET -0.863754 1.069334 32.528450
BONES 2
BONE 1 0.077093
BONE 2 0.922907

VERT 11
OFFSET -1.968539 0.814773 33.879826
BONES 2
BONE 1 0.994965
BONE 2 0.005035

VERT 12
OFFSET -0.507088 2.353202 35.582088
BONES 2
BONE 2 0.182036
BONE 1 0.817964

VERT 13
OFFSET -0.877684 0.473814 34.224083
BONES 1
BONE 1 1.000000

VERT 14
OFFSET -4.002199 0.581859 33.987690
BONES 2
BONE 1 0.592735
BONE 2 0.407265

VERT 15
OFFSET -3.594282 -0.672711 34.012634
BONES 2
BONE 1 0.931934
BONE 7 0.068066

VERT 16
OFFSET -1.412479 -0.591124 33.862907
BONES 1
BONE 1 1.000000

VERT 17
OFFSET -0.553917 -2.156390 35.318680
BONES 2
BONE 1 0.899246
BONE 7 0.100754

VERT 18
OFFSET -4.100670 -4.994850 37.891125
BONES 4
BONE 12 0.007182
BONE 1 0.898483
BONE 13 0.093884
BONE 7 0.000451

VERT 19
OFFSET -7.303397 -2.782367 36.703121
BONES 2
BONE 7 0.016563
BONE 1 0.983437

VERT 20
OFFSET -6.425711 -4.276889 37.033047
BONES 3
BONE 7 0.010866
BONE 1 0.968127
BONE 12 0.021007

VERT 21
OFFSET -6.958496 -0.841902 37.137772
BONES 1
BONE 1 1.000000

VERT 22
OFFSET -7.302335 2.781794 36.705536
BONES 3
BONE 2 0.016361
BONE 1 0.827703
BONE 13 0.155937

VERT 23
OFFSET -6.958500 0.841902 37.137764
BONES 2
BONE 1 0.779814
BONE 13 0.220186

VERT 24
OFFSET -7.310826 1.011930 34.110458
BONES 2
BONE 2 0.174137
BONE 1 0.825863

VERT 25
OFFSET -1.782476 1.508163 21.121284
BONES 2
BONE 3 0.342517
BONE 2 0.657483

VERT 26
OFFSET -2.582838 3.801918 20.539869
BONES 2
BONE 2 0.456303
BONE 3 0.543697

VERT 27
OFFSET -4.687097 3.282812 22.331347
BONES 2
BONE 3 0.134046
BONE 2 0.865954

VERT 28
OFFSET -4.624343 3.678615 20.971766
BONES 2
BONE 2 0.103152
BONE 3 0.870210

VERT 29
OFFSET -3.657021 4.133352 22.955954
BONES 3
BONE 1 0.000032
BONE 2 0.978658
BONE 3 0.021310

VERT 30
OFFSET -1.637943 2.818652 21.786909
BONES 2
BONE 3 0.200339
BONE 2 0.799661

VERT 31
OFFSET -4.879316 2.220934 21.826948
BONES 2
BONE 3 0.505576
BONE 2 0.455556

VERT 32
OFFSET -6.709082 4.465168 17.234655
BONES 1
BONE 3 1.000000

VERT 33
OFFSET -2.911325 2.242203 18.343151
BONES 2
BONE 2 0.001542
BONE 3 0.998458

VERT 34
OFFSET -3.108876 0.684520 21.025057
BONES 2
BONE 3 0.520626
BONE 2 0.479374

VERT 35
OFFSET -1.635753 3.936260 0.142469
BONES 2
BONE 4 0.902011
BONE 5 0.097989

VERT 36
OFFSET -3.420056 2.081034 2.700929
BONES 1
BONE 4 1.000000

VERT 37
OFFSET -3.901990 3.915360 2.245283
BONES 1
BONE 4 1.000000

VERT 38
OFFSET -6.105173 3.764961 2.728842
BONES 1
BONE 4 1.000000

VERT 39
OFFSET 0.895449 3.624698 1.681015
BONES 2
BONE 4 0.077001
BONE 5 0.922999

VERT 40
OFFSET 0.583072 4.000643 0.559022
BONES 2
BONE 5 0.857448
BONE 4 0.142552

VERT 41
OFFSET -2.249608 4.115116 2.496192
BONES 1
BONE 4 1.000000

VERT 42
OFFSET -4.011826 3.066089 5.884603
BONES 2
BONE 3 0.578881
BONE 4 0.421118

VERT 43
OFFSET -5.804737 2.265965 2.554488
BONES 1
BONE 4 1.000000

VERT 44
OFFSET -1.862736 2.621564 2.828936
BONES 1
BONE 4 1.000000

VERT 45
OFFSET -1.449262 1.923687 0.555450
BONES 2
BONE 5 0.115137
BONE 4 0.884863

VERT 46
OFFSET 1.642980 2.403220 0.862270
BONES 2
BONE 4 0.003819
BONE 5 0.996181

VERT 47
OFFSET -7.681030 3.812868 14.949091
BONES 1
BONE 3 1.000000

VERT 48
OFFSET -6.656843 3.245560 7.322132
BONES 2
BONE 3 0.905009
BONE 4 0.094991

VERT 49
OFFSET -7.540955 2.533228 16.101702
BONES 1
BONE 3 1.000000

VERT 50
OFFSET -5.676722 2.149792 7.587955
BONES 2
BONE 4 0.115270
BONE 3 0.884730

VERT 51
OFFSET -6.178543 5.213177 15.455004
BONES 1
BONE 3 1.000000

VERT 52
OFFSET -5.280005 4.122121 7.239760
BONES 2
BONE 3 0.784205
BONE 4 0.215795

VERT 53
OFFSET -4.245634 4.430341 15.179499
BONES 1
BONE 3 1.000000

VERT 54
OFFSET -3.672271 2.643541 14.675969
BONES 1
BONE 3 1.000000

VERT 55
OFFSET -6.668790 1.760312 16.583593
BONES 1
BONE 3 1.000000

VERT 56
OFFSET -4.471007 1.290318 21.020868
BONES 2
BONE 3 0.587944
BONE 2 0.397361

VERT 57
OFFSET -4.362941 1.311031 18.172718
BONES 1
BONE 3 1.000000

VERT 58
OFFSET -6.696282 2.871673 3.409520
BONES 1
BONE 4 1.000000

VERT 59
OFFSET 1.555396 -2.672536 0.625826
BONES 1
BONE 10 1.000000

VERT 60
OFFSET -1.456559 -1.974346 0.535119
BONES 2
BONE 10 0.115766
BONE 9 0.884234

VERT 61
OFFSET 0.990183 -2.164567 1.285846
BONES 2
BONE 9 0.066427
BONE 10 0.933573

VERT 62
OFFSET -1.862779 -2.621566 2.828846
BONES 1
BONE 9 1.000000

VERT 63
OFFSET 1.024448 -3.819341 1.452288
BONES 2
BONE 9 0.085372
BONE 10 0.914628

VERT 64
OFFSET -1.982580 -3.691018 2.724455
BONES 1
BONE 9 1.000000

VERT 65
OFFSET -4.357213 -3.805887 6.355082
BONES 2
BONE 8 0.736573
BONE 9 0.263427

VERT 66
OFFSET -2.447130 -4.212618 1.670769
BONES 1
BONE 9 1.000000

VERT 67
OFFSET -1.531410 -4.013255 0.069446
BONES 2
BONE 10 0.136599
BONE 9 0.863401

VERT 68
OFFSET -3.424886 -2.082245 2.699570
BONES 1
BONE 9 1.000000

VERT 69
OFFSET -6.038011 -3.820845 2.783319
BONES 2
BONE 8 0.010867
BONE 9 0.989133

VERT 70
OFFSET -4.099309 -3.740915 2.276657
BONES 1
BONE 9 1.000000

VERT 71
OFFSET -5.804785 -2.265967 2.554446
BONES 1
BONE 9 1.000000

VERT 72
OFFSET -6.696328 -2.871680 3.409504
BONES 1
BONE 9 1.000000

VERT 73
OFFSET -5.676697 -2.149798 7.587977
BONES 2
BONE 8 0.884736
BONE 9 0.115264

VERT 74
OFFSET -6.587553 -3.464470 6.652155
BONES 2
BONE 8 0.911299
BONE 9 0.088701

VERT 75
OFFSET -7.681013 -3.812864 14.949064
BONES 1
BONE 8 1.000000

VERT 76
OFFSET -3.754898 -4.287505 17.796265
BONES 2
BONE 7 0.013379
BONE 8 0.986621

VERT 77
OFFSET -6.178571 -5.213087 15.453794
BONES 1
BONE 8 1.000000

VERT 78
OFFSET -6.709819 -4.465139 17.231741
BONES 1
BONE 8 1.000000

VERT 79
OFFSET -7.406149 -2.792322 16.723682
BONES 1
BONE 8 1.000000

VERT 80
OFFSET -7.148450 -1.973820 15.407062
BONES 1
BONE 8 1.000000

VERT 81
OFFSET -4.237835 -1.163580 21.394892
BONES 2
BONE 8 0.418764
BONE 7 0.579253

VERT 82
OFFSET -3.899718 -3.768170 22.348379
BONES 2
BONE 7 0.804911
BONE 8 0.193186

VERT 83
OFFSET -4.758185 -2.526777 22.087812
BONES 2
BONE 7 0.817908
BONE 8 0.182092

VERT 84
OFFSET -1.528257 -2.959170 22.131191
BONES 2
BONE 8 0.114719
BONE 7 0.885280

VERT 85
OFFSET -1.750316 -5.053156 27.806581
BONES 1
BONE 7 1.000000

VERT 86
OFFSET -1.648272 -5.934152 33.513130
BONES 2
BONE 1 0.123101
BONE 7 0.876899

VERT 87
OFFSET -0.823341 -1.065695 32.567951
BONES 2
BONE 7 0.923040
BONE 1 0.076960

VERT 88
OFFSET 0.084835 -3.777812 31.466364
BONES 2
BONE 7 0.931309
BONE 1 0.068691

VERT 89
OFFSET -2.465412 -0.306786 32.225067
BONES 2
BONE 1 0.103610
BONE 7 0.896390

VERT 90
OFFSET -0.706452 -3.858337 37.254200
BONES 3
BONE 1 0.883848
BONE 7 0.049234
BONE 13 0.066918

VERT 91
OFFSET -3.775828 -6.236521 34.382454
BONES 2
BONE 1 0.437615
BONE 7 0.562385

VERT 92
OFFSET -1.374848 -4.739614 37.663612
BONES 3
BONE 1 0.627237
BONE 7 0.054866
BONE 13 0.317897

VERT 93
OFFSET -5.474237 -5.597237 34.250679
BONES 2
BONE 7 0.386662
BONE 1 0.613338

VERT 94
OFFSET -7.234326 -0.705018 34.069065
BONES 2
BONE 7 0.204355
BONE 1 0.795645

VERT 95
OFFSET -6.820615 -3.556447 33.599522
BONES 2
BONE 7 0.286864
BONE 1 0.713136

VERT 96
OFFSET -6.112763 -3.603524 32.401371
BONES 2
BONE 1 0.445438
BONE 7 0.554562

VERT 97
OFFSET -5.187860 -1.113445 32.478901
BONES 2
BONE 1 0.451320
BONE 7 0.548681

VERT 98
OFFSET -4.158252 -2.812360 6.058745
BONES 2
BONE 9 0.410588
BONE 8 0.589412

VERT 99
OFFSET -3.693483 -2.629414 14.610336
BONES 1
BONE 8 1.000000

VERT 100
OFFSET -5.408628 -1.457569 15.137252
BONES 1
BONE 8 1.000000

VERT 101
OFFSET -3.626019 -1.569019 18.211426
BONES 1
BONE 8 1.000000

VERT 102
OFFSET -2.679395 -2.846757 18.772964
BONES 2
BONE 7 0.007058
BONE 8 0.992942

VERT 103
OFFSET -3.046690 -0.678141 21.577089
BONES 2
BONE 7 0.592559
BONE 8 0.407441

VERT 104
OFFSET -1.507386 -1.386446 21.363174
BONES 2
BONE 7 0.765459
BONE 8 0.234541

VERT 105
OFFSET -2.703539 -3.769942 22.121780
BONES 2
BONE 7 0.692125
BONE 8 0.307875

VERT 106
OFFSET -6.425988 4.276693 37.032711
BONES 4
BONE 2 0.027881
BONE 13 0.152161
BONE 1 0.798933
BONE 12 0.021025

VERT 107
OFFSET -5.941170 -0.016752 34.049679
BONES 3
BONE 2 0.052962
BONE 1 0.904690
BONE 7 0.042348

VERT 108
OFFSET 0.028193 -1.821075 35.953785
BONES 2
BONE 13 0.129503
BONE 1 0.870497

VERT 109
OFFSET 0.145636 0.623410 35.627529
BONES 1
BONE 1 1.000000

VERT 110
OFFSET -0.079114 2.090788 36.588531
BONES 1
BONE 1 1.000000

VERT 111
OFFSET 0.524090 1.317866 41.357517
BONES 2
BONE 1 0.221661
BONE 12 0.778339

VERT 112
OFFSET -1.373826 4.738085 37.665825
BONES 2
BONE 1 0.943963
BONE 2 0.056037

VERT 113
OFFSET -0.703942 3.855941 37.252258
BONES 2
BONE 1 0.941291
BONE 2 0.058709

VERT 114
OFFSET -1.738202 2.018596 0.150093
BONES 2
BONE 5 0.004976
BONE 4 0.995024

VERT 115
OFFSET -1.688752 4.303203 0.144856
BONES 2
BONE 5 0.126304
BONE 4 0.873696

VERT 116
OFFSET -4.626647 3.987310 2.159491
BONES 1
BONE 4 1.000000

VERT 117
OFFSET -5.607803 4.212429 2.993999
BONES 1
BONE 4 1.000000

VERT 118
OFFSET -6.760677 3.639457 3.391638
BONES 1
BONE 4 1.000000

VERT 119
OFFSET -6.088168 3.108730 0.101048
BONES 1
BONE 4 1.000000

VERT 120
OFFSET -5.000617 2.696319 0.100635
BONES 1
BONE 4 1.000000

VERT 121
OFFSET -4.994418 3.519072 0.093975
BONES 1
BONE 4 1.000000

VERT 122
OFFSET 2.108494 2.587359 0.139095
BONES 1
BONE 5 1.000000

VERT 123
OFFSET -6.088243 -3.108729 0.101004
BONES 1
BONE 9 1.000000

VERT 124
OFFSET -6.760715 -3.639460 3.391608
BONES 1
BONE 9 1.000000

VERT 125
OFFSET -4.659949 -2.197212 2.207995
BONES 1
BONE 9 1.000000

VERT 126
OFFSET -5.813422 -1.923291 3.587520
BONES 2
BONE 8 0.027184
BONE 9 0.972816

VERT 127
OFFSET -5.001253 -2.697297 0.097208
BONES 1
BONE 9 1.000000

VERT 128
OFFSET -4.994337 -3.520277 0.097728
BONES 1
BONE 9 1.000000

VERT 129
OFFSET -1.688825 -4.303201 0.144757
BONES 2
BONE 10 0.124073
BONE 9 0.875927

VERT 130
OFFSET 2.149447 -3.673174 0.168375
BONES 1
BONE 10 1.000000

VERT 131
OFFSET -1.738275 -2.018594 0.149999
BONES 2
BONE 9 0.995233
BONE 10 0.004767

VERT 132
OFFSET 0.294622 18.813005 41.970448
BONES 1
BONE 32 1.000000

VERT 133
OFFSET -0.382840 18.342541 41.675251
BONES 2
BONE 32 0.260505
BONE 19 0.739495

VERT 134
OFFSET 0.362290 18.461798 42.068314
BONES 1
BONE 32 1.000000

VERT 135
OFFSET -0.409110 17.691446 41.612812
BONES 2
BONE 32 0.233641
BONE 19 0.766359

VERT 136
OFFSET -0.879534 17.073793 42.692425
BONES 4
BONE 18 0.000129
BONE 37 0.106311
BONE 19 0.795219
BONE 32 0.098341

VERT 137
OFFSET -2.033915 17.783457 41.754982
BONES 1
BONE 19 1.000000

VERT 138
OFFSET -1.899551 18.950375 41.436604
BONES 1
BONE 19 1.000000

VERT 139
OFFSET -0.842990 19.045858 41.742519
BONES 1
BONE 19 1.000000

VERT 140
OFFSET -0.154312 18.512388 42.425838
BONES 2
BONE 19 0.214589
BONE 32 0.785411

VERT 141
OFFSET -0.331823 19.065992 42.207867
BONES 1
BONE 19 1.000000

VERT 142
OFFSET 0.374256 18.576822 42.365154
BONES 1
BONE 32 1.000000

VERT 143
OFFSET -1.942739 17.463459 43.098499
BONES 3
BONE 37 0.391586
BONE 19 0.608169
BONE 18 0.000245

VERT 144
OFFSET -2.446751 19.207216 41.771133
BONES 1
BONE 19 1.000000

VERT 145
OFFSET -4.659900 2.197210 2.208053
BONES 1
BONE 4 1.000000

VERT 146
OFFSET 2.149519 3.673178 0.168518
BONES 1
BONE 5 1.000000

VERT 147
OFFSET -4.253952 -14.363256 43.000210
BONES 2
BONE 63 0.779428
BONE 43 0.220572

VERT 148
OFFSET -3.620168 -19.796648 40.752102
BONES 2
BONE 51 0.379870
BONE 44 0.620130

VERT 149
OFFSET -3.421197 -17.396667 41.763699
BONES 3
BONE 43 0.000407
BONE 63 0.696099
BONE 44 0.303493

VERT 150
OFFSET -2.269433 -17.767771 41.553181
BONES 3
BONE 44 0.619332
BONE 57 0.164982
BONE 63 0.215686

VERT 151
OFFSET -1.184717 -18.372522 41.108486
BONES 3
BONE 58 0.108267
BONE 44 0.201537
BONE 57 0.690196

VERT 152
OFFSET -1.368701 -19.197376 41.507725
BONES 4
BONE 45 0.059951
BONE 44 0.333339
BONE 57 0.518104
BONE 58 0.088605

VERT 153
OFFSET -2.135594 -17.831570 42.554527
BONES 4
BONE 43 0.000023
BONE 57 0.014125
BONE 63 0.610239
BONE 44 0.375614

VERT 154
OFFSET -0.488715 -20.708017 40.231792
BONES 2
BONE 59 0.940434
BONE 58 0.059566

VERT 155
OFFSET -0.071036 -20.271271 40.183117
BONES 3
BONE 57 0.050569
BONE 58 0.091913
BONE 59 0.857518

VERT 156
OFFSET -3.581464 -17.949270 42.353561
BONES 2
BONE 63 0.711043
BONE 44 0.288957

VERT 157
OFFSET -2.411486 -20.140562 40.981953
BONES 4
BONE 48 0.259659
BONE 45 0.149876
BONE 44 0.399952
BONE 54 0.190512

VERT 158
OFFSET -2.605483 -22.285259 39.390133
BONES 3
BONE 55 0.011500
BONE 56 0.985490
BONE 54 0.003010

VERT 159
OFFSET -2.610498 -21.767918 39.241386
BONES 2
BONE 56 0.860667
BONE 55 0.139333

VERT 160
OFFSET -3.153564 -20.213203 40.362881
BONES 6
BONE 53 0.011478
BONE 51 0.699723
BONE 52 0.080872
BONE 55 0.000791
BONE 54 0.180815
BONE 44 0.026321

VERT 161
OFFSET -2.562854 -20.097395 40.285507
BONES 6
BONE 54 0.303671
BONE 55 0.007146
BONE 48 0.404195
BONE 49 0.002831
BONE 44 0.281412
BONE 51 0.000746

VERT 162
OFFSET -1.994981 -20.230654 40.393860
BONES 4
BONE 49 0.007849
BONE 44 0.339864
BONE 48 0.450956
BONE 45 0.201330

VERT 163
OFFSET -1.369033 -19.512646 40.727325
BONES 4
BONE 58 0.021660
BONE 57 0.097407
BONE 45 0.071206
BONE 44 0.809727

VERT 164
OFFSET -2.040609 -22.672386 39.261696
BONES 3
BONE 50 0.990536
BONE 49 0.007287
BONE 48 0.002177

VERT 165
OFFSET -1.975315 -21.768574 39.335121
BONES 3
BONE 48 0.013361
BONE 49 0.272321
BONE 50 0.714318

VERT 166
OFFSET -3.521127 -20.136179 40.191605
BONES 4
BONE 44 0.337122
BONE 51 0.271813
BONE 53 0.129070
BONE 52 0.261995

VERT 167
OFFSET -3.161393 -21.509741 39.581547
BONES 3
BONE 51 0.000177
BONE 53 0.972013
BONE 52 0.027810

VERT 168
OFFSET -1.646815 -15.054841 44.510311
BONES 2
BONE 43 0.254355
BONE 63 0.745645

VERT 169
OFFSET -2.499037 -15.642296 45.132160
BONES 2
BONE 43 0.232992
BONE 63 0.767008

VERT 170
OFFSET -4.763953 -15.282396 44.183201
BONES 2
BONE 63 0.799590
BONE 43 0.200410

VERT 171
OFFSET -1.432100 -21.569368 39.478886
BONES 3
BONE 45 0.033804
BONE 47 0.664950
BONE 46 0.301246

VERT 172
OFFSET -1.426227 -22.349258 39.471481
BONES 3
BONE 47 0.975541
BONE 45 0.006557
BONE 46 0.017901

VERT 173
OFFSET -2.042717 -14.191615 43.309063
BONES 2
BONE 63 0.740588
BONE 43 0.259412

VERT 174
OFFSET -2.100858 19.291250 41.253597
BONES 2
BONE 26 0.968368
BONE 19 0.031632

VERT 175
OFFSET -1.922143 19.376905 41.590393
BONES 3
BONE 26 0.780258
BONE 19 0.063154
BONE 29 0.156588

VERT 176
OFFSET -2.146975 19.092604 41.881447
BONES 1
BONE 19 1.000000

VERT 177
OFFSET -2.096689 18.757463 41.507210
BONES 1
BONE 19 1.000000

VERT 178
OFFSET -0.388646 18.593842 41.829876
BONES 1
BONE 19 1.000000

VERT 179
OFFSET -0.607730 19.541798 41.627426
BONES 2
BONE 19 0.028081
BONE 20 0.971919

VERT 180
OFFSET -0.003546 19.549162 41.858841
BONES 2
BONE 20 0.401637
BONE 19 0.598363

VERT 181
OFFSET -0.717414 19.764200 41.904911
BONES 3
BONE 19 0.129973
BONE 23 0.068380
BONE 20 0.801647

VERT 182
OFFSET -0.259924 18.938154 42.203865
BONES 1
BONE 19 1.000000

VERT 183
OFFSET -1.174572 19.892879 41.778706
BONES 3
BONE 23 0.656765
BONE 19 0.174232
BONE 29 0.169003

VERT 184
OFFSET -1.716264 19.798246 41.692585
BONES 2
BONE 19 0.072402
BONE 29 0.927598

VERT 185
OFFSET -2.305984 19.441462 41.522007
BONES 2
BONE 26 0.908691
BONE 19 0.091309

VERT 186
OFFSET -2.317654 18.185677 42.444618
BONES 1
BONE 19 1.000000

VERT 187
OFFSET 0.296140 18.949152 42.078079
BONES 2
BONE 33 0.944822
BONE 32 0.055178

VERT 188
OFFSET 0.641523 18.683407 42.059883
BONES 2
BONE 32 0.014928
BONE 33 0.985072

VERT 189
OFFSET -0.405576 17.500307 42.603371
BONES 2
BONE 19 0.461190
BONE 32 0.538810

VERT 190
OFFSET -0.143415 18.431410 42.629242
BONES 2
BONE 19 0.212947
BONE 32 0.787053

VERT 191
OFFSET 0.430928 18.738613 41.769352
BONES 2
BONE 33 0.985153
BONE 32 0.014847

VERT 192
OFFSET 1.110066 19.692133 41.222317
BONES 1
BONE 34 1.000000

VERT 193
OFFSET 0.846456 19.069416 41.735157
BONES 1
BONE 34 1.000000

VERT 194
OFFSET 1.086706 19.680183 41.204750
BONES 1
BONE 34 1.000000

VERT 195
OFFSET 0.548980 19.297497 41.566998
BONES 1
BONE 34 1.000000

VERT 196
OFFSET 1.082172 19.688211 41.211323
BONES 1
BONE 34 1.000000

VERT 197
OFFSET 0.642461 19.412874 41.936440
BONES 1
BONE 34 1.000000

VERT 198
OFFSET -0.575592 21.798374 40.115501
BONES 1
BONE 25 1.000000

VERT 199
OFFSET -0.979195 21.059765 40.957394
BONES 1
BONE 25 1.000000

VERT 200
OFFSET -0.560465 21.839153 40.144474
BONES 1
BONE 25 1.000000

VERT 201
OFFSET -0.540074 21.812176 40.137547
BONES 1
BONE 25 1.000000

VERT 202
OFFSET -0.618793 21.046053 41.125351
BONES 1
BONE 25 1.000000

VERT 203
OFFSET -0.524630 20.946489 40.839951
BONES 1
BONE 25 1.000000

VERT 204
OFFSET -0.795053 20.902269 40.722599
BONES 1
BONE 25 1.000000

VERT 205
OFFSET -0.651137 21.250883 40.974262
BONES 2
BONE 25 0.952359
BONE 24 0.047641

VERT 206
OFFSET -0.896627 21.171314 40.779846
BONES 2
BONE 24 0.071593
BONE 25 0.928407

VERT 207
OFFSET -1.154568 20.380804 41.362411
BONES 1
BONE 24 1.000000

VERT 208
OFFSET -0.602547 20.438457 41.427139
BONES 1
BONE 24 1.000000

VERT 209
OFFSET -0.563849 21.052168 40.691174
BONES 2
BONE 25 0.978077
BONE 24 0.021923

VERT 210
OFFSET -1.129760 21.299944 40.059803
BONES 1
BONE 31 1.000000

VERT 211
OFFSET -1.191214 20.634865 40.638119
BONES 1
BONE 31 1.000000

VERT 212
OFFSET -1.510113 20.731279 40.851482
BONES 1
BONE 31 1.000000

VERT 213
OFFSET -1.171439 21.296150 40.048145
BONES 1
BONE 31 1.000000

VERT 214
OFFSET -1.153251 21.295652 40.053520
BONES 1
BONE 31 1.000000

VERT 215
OFFSET -1.233434 20.748566 41.022869
BONES 1
BONE 31 1.000000

VERT 216
OFFSET -1.944107 19.048563 41.390327
BONES 1
BONE 26 1.000000

VERT 217
OFFSET -1.870350 19.719301 40.949970
BONES 2
BONE 26 0.061891
BONE 27 0.938109

VERT 218
OFFSET -2.256085 19.073261 41.251999
BONES 1
BONE 26 1.000000

VERT 219
OFFSET -2.133676 19.777430 41.038704
BONES 2
BONE 26 0.004797
BONE 27 0.995203

VERT 220
OFFSET -1.864416 19.833059 41.289764
BONES 2
BONE 26 0.034942
BONE 27 0.965058

VERT 221
OFFSET -2.077521 19.224108 41.748493
BONES 1
BONE 26 1.000000

VERT 222
OFFSET -2.374298 19.258179 41.592648
BONES 1
BONE 26 1.000000

VERT 223
OFFSET -2.079501 20.124966 40.801273
BONES 2
BONE 27 0.056248
BONE 28 0.943752

VERT 224
OFFSET -1.928708 20.274223 41.014717
BONES 2
BONE 28 0.916201
BONE 27 0.083799

VERT 225
OFFSET -1.760070 20.160233 40.930641
BONES 2
BONE 28 0.955988
BONE 27 0.044012

VERT 226
OFFSET -1.914334 19.531996 40.990726
BONES 1
BONE 27 1.000000

VERT 227
OFFSET -2.223901 19.719944 41.169476
BONES 1
BONE 27 1.000000

VERT 228
OFFSET -1.787952 19.723696 41.325451
BONES 1
BONE 27 1.000000

VERT 229
OFFSET -1.790142 20.001623 40.876472
BONES 1
BONE 28 1.000000

VERT 230
OFFSET -2.089488 20.131655 40.863148
BONES 1
BONE 28 1.000000

VERT 231
OFFSET -1.791965 20.571596 40.232914
BONES 1
BONE 28 1.000000

VERT 232
OFFSET -1.817346 20.602077 40.248108
BONES 1
BONE 28 1.000000

VERT 233
OFFSET -1.789561 20.562153 40.226654
BONES 1
BONE 28 1.000000

VERT 234
OFFSET -0.539888 15.847508 44.181953
BONES 2
BONE 37 0.955459
BONE 18 0.044541

VERT 235
OFFSET -0.893673 16.666441 43.305645
BONES 2
BONE 37 0.742684
BONE 19 0.257316

VERT 236
OFFSET -0.623426 16.794085 42.410721
BONES 2
BONE 19 0.731771
BONE 37 0.268229

VERT 237
OFFSET -1.772349 16.869490 43.341850
BONES 2
BONE 37 0.857845
BONE 19 0.142155

VERT 238
OFFSET -0.211543 17.821411 42.869427
BONES 1
BONE 19 1.000000

VERT 239
OFFSET -1.451067 18.504532 43.492870
BONES 1
BONE 19 1.000000

VERT 240
OFFSET -1.702404 17.042274 43.968884
BONES 2
BONE 37 0.860570
BONE 19 0.139430

VERT 241
OFFSET -1.366881 15.882414 44.804611
BONES 2
BONE 18 0.078049
BONE 37 0.921951

VERT 242
OFFSET -2.328121 16.138720 44.834141
BONES 2
BONE 37 0.950310
BONE 18 0.049690

VERT 243
OFFSET -2.204984 16.784412 44.939743
BONES 1
BONE 37 1.000000

VERT 244
OFFSET -2.395956 16.900482 43.445984
BONES 2
BONE 37 0.802287
BONE 19 0.197712

VERT 245
OFFSET -2.517104 18.238497 42.699322
BONES 1
BONE 19 1.000000

VERT 246
OFFSET -1.713322 17.171892 41.323761
BONES 1
BONE 19 1.000000

VERT 247
OFFSET -1.847986 16.647892 43.060501
BONES 2
BONE 19 0.150769
BONE 37 0.849231

VERT 248
OFFSET -2.205647 16.370398 42.635792
BONES 2
BONE 37 0.815317
BONE 19 0.184683

VERT 249
OFFSET -1.536522 16.728073 43.137360
BONES 2
BONE 37 0.850496
BONE 19 0.149504

VERT 250
OFFSET -2.337143 14.937561 43.022377
BONES 2
BONE 37 0.932823
BONE 18 0.067177

VERT 251
OFFSET -3.077157 15.661764 43.838146
BONES 2
BONE 37 0.946232
BONE 18 0.053768

VERT 252
OFFSET -3.279838 16.074451 43.458126
BONES 1
BONE 37 1.000000

VERT 253
OFFSET -0.786811 15.206421 43.077091
BONES 2
BONE 18 0.059639
BONE 37 0.940361

VERT 254
OFFSET -0.947449 14.907598 43.492710
BONES 2
BONE 37 0.911471
BONE 18 0.088529

VERT 255
OFFSET -2.209423 15.105462 42.429756
BONES 2
BONE 37 0.993942
BONE 18 0.006058

VERT 256
OFFSET -1.230755 16.242262 42.677124
BONES 2
BONE 19 0.259345
BONE 37 0.740655

VERT 257
OFFSET -0.418191 17.925989 42.723980
BONES 1
BONE 19 1.000000

VERT 258
OFFSET -0.136543 19.589552 42.306046
BONES 1
BONE 19 1.000000

VERT 259
OFFSET -2.121421 19.820232 41.904625
BONES 1
BONE 19 1.000000

VERT 260
OFFSET -1.078075 18.280270 43.031086
BONES 1
BONE 19 1.000000

VERT 261
OFFSET 0.658024 19.512421 41.763977
BONES 2
BONE 33 0.125496
BONE 34 0.874504

VERT 262
OFFSET 0.655029 19.255283 41.529854
BONES 2
BONE 33 0.154743
BONE 34 0.845257

VERT 263
OFFSET 0.861310 19.200399 41.732643
BONES 2
BONE 34 0.976474
BONE 33 0.023526

VERT 264
OFFSET 0.666803 18.512754 42.037369
BONES 1
BONE 33 1.000000

VERT 265
OFFSET 0.297724 18.730488 42.382069
BONES 1
BONE 33 1.000000

VERT 266
OFFSET 0.155443 18.732599 41.865059
BONES 1
BONE 33 1.000000

VERT 267
OFFSET -1.319972 20.684193 40.596638
BONES 2
BONE 31 0.972182
BONE 30 0.027818

VERT 268
OFFSET -1.118523 20.813627 40.830181
BONES 2
BONE 31 0.980948
BONE 30 0.019052

VERT 269
OFFSET -1.418061 20.853827 40.811649
BONES 2
BONE 30 0.020022
BONE 31 0.979978

VERT 270
OFFSET -1.510961 20.099628 41.528118
BONES 1
BONE 30 1.000000

VERT 271
OFFSET -1.703762 20.176790 41.192631
BONES 1
BONE 30 1.000000

VERT 272
OFFSET -1.191812 20.101732 41.320763
BONES 1
BONE 30 1.000000

VERT 273
OFFSET -1.403144 19.985012 40.964840
BONES 1
BONE 30 1.000000

VERT 274
OFFSET -1.357036 20.376465 41.191235
BONES 2
BONE 29 0.250357
BONE 30 0.749643

VERT 275
OFFSET -1.562041 20.391649 41.166458
BONES 2
BONE 30 0.712756
BONE 29 0.287244

VERT 276
OFFSET -1.282677 20.194418 40.925423
BONES 2
BONE 29 0.260002
BONE 30 0.739998

VERT 277
OFFSET -1.889889 19.556015 41.756351
BONES 1
BONE 29 1.000000

VERT 278
OFFSET -1.537870 19.567150 41.899105
BONES 1
BONE 29 1.000000

VERT 279
OFFSET -1.822428 19.302074 41.431248
BONES 1
BONE 29 1.000000

VERT 280
OFFSET -1.459049 19.249723 41.441525
BONES 1
BONE 29 1.000000

VERT 281
OFFSET -0.355336 20.873890 41.114975
BONES 2
BONE 22 0.923721
BONE 21 0.076279

VERT 282
OFFSET -0.128863 20.820759 41.016926
BONES 2
BONE 21 0.039811
BONE 22 0.960189

VERT 283
OFFSET -0.552684 20.403620 41.532562
BONES 1
BONE 21 1.000000

VERT 284
OFFSET -0.307663 20.319172 41.134518
BONES 1
BONE 21 1.000000

VERT 285
OFFSET -0.076662 20.927336 41.296474
BONES 2
BONE 21 0.138000
BONE 22 0.862000

VERT 286
OFFSET -0.069602 20.457851 41.580780
BONES 1
BONE 21 1.000000

VERT 287
OFFSET -0.100587 20.566820 41.443821
BONES 2
BONE 20 0.030271
BONE 21 0.969729

VERT 288
OFFSET -0.635288 19.439837 41.730316
BONES 1
BONE 20 1.000000

VERT 289
OFFSET -0.303684 20.449043 41.088493
BONES 2
BONE 20 0.028557
BONE 21 0.971443

VERT 290
OFFSET -0.434333 20.601423 41.380585
BONES 2
BONE 21 0.993851
BONE 20 0.006149

VERT 291
OFFSET -0.417203 19.639084 42.277840
BONES 1
BONE 20 1.000000

VERT 292
OFFSET -0.187526 19.356592 41.868996
BONES 1
BONE 20 1.000000

VERT 293
OFFSET -0.036754 20.711605 41.165535
BONES 1
BONE 22 1.000000

VERT 294
OFFSET -0.277632 20.692957 41.076588
BONES 1
BONE 22 1.000000

VERT 295
OFFSET -0.119563 20.762272 41.451168
BONES 1
BONE 22 1.000000

VERT 296
OFFSET -0.076387 21.538992 40.600525
BONES 1
BONE 22 1.000000

VERT 297
OFFSET -0.422987 20.812069 41.282326
BONES 1
BONE 22 1.000000

VERT 298
