// Export time: Thu Nov 19 21:48:22 2020

// Exported using Blender v2.90.1
// Export filename: 'E:/blackops3/mod_xmodel/iw4/m4_sopmod_ii/ch_coop_body_gk_m4_sopmod_ii_lod2.XMODEL_EXPORT'
// Source filename: 'E:/blackops3/mod_xmodel/iw4/m4_sopmod_ii/m4_sopmod_ii.blend'
MODEL
VERSION 6

NUMBONES 78
BONE 0 -1 "tag_origin"
BONE 1 0 "j_mainroot"
BONE 2 1 "j_hip_le"
BONE 3 2 "j_knee_le"
BONE 4 3 "j_ankle_le"
BONE 5 4 "j_ball_le"
BONE 6 2 "skirt_1_1"
BONE 7 1 "j_hip_ri"
BONE 8 7 "j_knee_ri"
BONE 9 8 "j_ankle_ri"
BONE 10 9 "j_ball_ri"
BONE 11 7 "skirt_1_4"
BONE 12 1 "tag_stowed_hip_rear"
BONE 13 1 "torso_stabilizer"
BONE 14 13 "j_spinelower"
BONE 15 14 "j_spineupper"
BONE 16 15 "j_spine4"
BONE 17 16 "j_clavicle_le"
BONE 18 17 "j_shoulder_le"
BONE 19 18 "j_elbow_bulge_le"
BONE 20 18 "j_elbow_le"
BONE 21 20 "j_wrist_le"
BONE 22 21 "j_index_le_1"
BONE 23 22 "j_index_le_2"
BONE 24 23 "j_index_le_3"
BONE 25 21 "j_mid_le_1"
BONE 26 25 "j_mid_le_2"
BONE 27 26 "j_mid_le_3"
BONE 28 21 "j_pinky_le_1"
BONE 29 28 "j_pinky_le_2"
BONE 30 29 "j_pinky_le_3"
BONE 31 21 "j_ring_le_1"
BONE 32 31 "j_ring_le_2"
BONE 33 32 "j_ring_le_3"
BONE 34 21 "j_thumb_le_1"
BONE 35 34 "j_thumb_le_2"
BONE 36 35 "j_thumb_le_3"
BONE 37 21 "j_wrist_le1"
BONE 38 37 "tag_weapon_left"
BONE 39 20 "j_wristtwist_le"
BONE 40 18 "j_shouldertwist_le"
BONE 41 40 "tag_reflector_arm_le"
BONE 42 16 "j_clavicle_ri"
BONE 43 42 "j_shoulder_ri"
BONE 44 43 "j_elbow_bulge_ri"
BONE 45 43 "j_elbow_ri"
BONE 46 45 "j_wrist_ri"
BONE 47 46 "j_index_ri_1"
BONE 48 47 "j_index_ri_2"
BONE 49 48 "j_index_ri_3"
BONE 50 46 "j_mid_ri_1"
BONE 51 50 "j_mid_ri_2"
BONE 52 51 "j_mid_ri_3"
BONE 53 46 "j_pinky_ri_1"
BONE 54 53 "j_pinky_ri_2"
BONE 55 54 "j_pinky_ri_3"
BONE 56 46 "j_ring_ri_1"
BONE 57 56 "j_ring_ri_2"
BONE 58 57 "j_ring_ri_3"
BONE 59 46 "j_thumb_ri_1"
BONE 60 59 "j_thumb_ri_2"
BONE 61 60 "j_thumb_ri_3"
BONE 62 46 "j_wrist_ri1"
BONE 63 62 "j_gun"
BONE 64 62 "tag_weapon_right"
BONE 65 45 "j_wristtwist_ri"
BONE 66 43 "j_shouldertwist_ri"
BONE 67 66 "tag_reflector_arm_ri"
BONE 68 16 "j_shoulderraise_le"
BONE 69 16 "j_shoulderraise_ri"
BONE 70 16 "tag_bipod"
BONE 71 16 "tag_inhand"
BONE 72 16 "tag_shield_back"
BONE 73 16 "tag_stowed_back"
BONE 74 16 "tag_weapon_chest"
BONE 75 16 "j_neck"
BONE 76 75 "j_head"
BONE 77 0 "tag_sync"

BONE 0
OFFSET 0.000000 0.000000 0.000000
SCALE 1.000000 1.000000 1.000000
X 1.000000 0.000000 0.000000
Y 0.000000 1.000000 0.000000
Z 0.000000 0.000000 1.000000

BONE 1
OFFSET -3.152210 -0.000291 37.819904
SCALE 1.000000 1.000000 1.000000
X -0.024713 -0.000056 0.999695
Y 0.999695 0.000059 0.024713
Z -0.000061 1.000000 0.000055

BONE 2
OFFSET -3.299106 3.278727 34.842621
SCALE 1.000000 1.000000 1.000000
X -0.013009 -0.055590 -0.998369
Y 0.999908 -0.004527 -0.012777
Z -0.003809 -0.998443 0.055644

BONE 3
OFFSET -3.474360 2.531990 21.432877
SCALE 1.000000 1.000000 1.000000
X -0.132025 0.029810 -0.990798
Y 0.991133 -0.011148 -0.132406
Z -0.014992 -0.999493 -0.028074

BONE 4
OFFSET -5.636589 3.020158 5.207932
SCALE 1.000000 1.000000 1.000000
X 0.007843 0.036345 -0.999309
Y 0.999949 0.006158 0.008071
Z 0.006447 -0.999320 -0.036295

BONE 5
OFFSET -0.331582 3.309585 0.276089
SCALE 1.000000 1.000000 1.000000
X 0.983407 -0.000245 0.181415
Y -0.181301 -0.036856 0.982737
Z 0.006445 -0.999320 -0.036289

BONE 6
OFFSET -2.817404 6.285893 35.285961
SCALE 1.000000 1.000000 1.000000
X -0.036475 0.942132 0.333252
Y 0.980785 0.097703 -0.168865
Z -0.191653 0.320689 -0.927592

BONE 7
OFFSET -3.300126 -3.597496 34.834026
SCALE 1.000000 1.000000 1.000000
X 0.012763 -0.078757 0.996685
Y -0.999918 -0.000133 0.012799
Z -0.000876 -0.996893 -0.078762

BONE 8
OFFSET -3.471890 -2.539622 21.443760
SCALE 1.000000 1.000000 1.000000
X 0.131885 0.032420 0.990610
Y -0.991169 -0.009575 0.132248
Z 0.013774 -0.999428 0.030847

BONE 9
OFFSET -5.631028 -3.070626 5.218025
SCALE 1.000000 1.000000 1.000000
X -0.008476 -0.027065 0.999471
Y -0.999939 0.007349 -0.008270
Z -0.007123 -0.999606 -0.027142

BONE 10
OFFSET -0.323317 -3.050078 0.280731
SCALE 1.000000 1.000000 1.000000
X -0.983293 0.011951 -0.181605
Y 0.181889 0.025477 -0.982866
Z -0.007121 -0.999603 -0.027241

BONE 11
OFFSET -3.263102 -6.258561 35.382057
SCALE 1.000000 1.000000 1.000000
X -0.165495 0.942241 -0.291151
Y 0.967394 0.097696 -0.233651
Z -0.191727 -0.320380 -0.927572

BONE 12
OFFSET -8.276781 -2.306064 32.538326
SCALE 1.000000 1.000000 1.000000
X -0.188048 0.137984 0.972419
Y 0.149137 -0.974590 0.167132
Z 0.970771 0.176452 0.162691

BONE 13
OFFSET -3.152210 -0.000291 37.819901
SCALE 1.000000 1.000000 1.000000
X 1.000000 -0.000000 0.000004
Y 0.000000 1.000000 0.000000
Z -0.000004 -0.000000 1.000000

BONE 14
OFFSET -2.321689 0.000022 40.011215
SCALE 1.000000 1.000000 1.000000
X -0.029886 -0.000054 0.999553
Y 0.999553 0.000059 0.029886
Z -0.000060 1.000000 0.000052

BONE 15
OFFSET -2.323063 -0.000189 43.775990
SCALE 1.000000 1.000000 1.000000
X 0.020430 -0.000062 0.999791
Y 0.999791 0.000062 -0.020430
Z -0.000060 1.000000 0.000063

BONE 16
OFFSET -2.267035 -0.000394 47.387978
SCALE 1.000000 1.000000 1.000000
X 0.046998 -0.000058 0.998895
Y 0.998895 0.000063 -0.046998
Z -0.000060 1.000000 0.000061

BONE 17
OFFSET -4.262136 1.573653 51.095459
SCALE 1.000000 1.000000 1.000000
X 0.022187 0.996979 0.073430
Y -0.999643 0.021028 0.016499
Z 0.014905 -0.073671 0.997136

BONE 18
OFFSET -4.229924 4.651237 50.735752
SCALE 1.000000 1.000000 1.000000
X 0.192166 0.807511 -0.557485
Y -0.976939 0.211291 -0.030622
Z 0.093074 0.550563 0.829588

BONE 19
OFFSET -3.168042 10.762033 46.688110
SCALE 1.000000 1.000000 1.000000
X 0.809908 0.442302 -0.385159
Y -0.579105 0.707307 -0.405225
Z 0.093204 0.551292 0.829089

BONE 20
OFFSET -3.053844 10.699053 46.717163
SCALE 1.000000 1.000000 1.000000
X 0.188632 0.855695 -0.481658
Y -0.979064 0.202070 -0.024354
Z 0.076498 0.476226 0.875989

BONE 21
OFFSET -1.657648 16.849979 43.105492
SCALE 1.000000 1.000000 1.000000
X 0.075827 0.823256 -0.562392
Y 0.208382 -0.564692 -0.798560
Z -0.975104 -0.056659 -0.214387

BONE 22
OFFSET -0.441085 19.376804 41.998322
SCALE 1.000000 1.000000 1.000000
X 0.138111 0.850656 -0.507046
Y 0.076614 -0.519648 -0.850938
Z -0.987449 0.078658 -0.136940

BONE 23
OFFSET -0.290862 20.302996 41.446194
SCALE 1.000000 1.000000 1.000000
X 0.133728 0.878996 -0.457459
Y 0.084336 -0.470084 -0.878583
Z -0.987423 0.078892 -0.136994

BONE 24
OFFSET -0.207815 20.850252 41.161339
SCALE 1.000000 1.000000 1.000000
X 0.373648 0.755032 -0.538636
Y 0.062721 -0.599978 -0.797552
Z -0.925448 0.264178 -0.271526

BONE 25
OFFSET -1.059164 19.379314 41.848289
SCALE 1.000000 1.000000 1.000000
X 0.168731 0.835099 -0.523381
Y 0.221551 -0.549590 -0.805521
Z -0.960440 0.019931 -0.277762

BONE 26
OFFSET -0.877240 20.280468 41.283535
SCALE 1.000000 1.000000 1.000000
X 0.176370 0.862431 -0.474232
Y 0.230157 -0.504618 -0.832099
Z -0.957038 0.037578 -0.287505

BONE 27
OFFSET -0.738737 20.959440 40.910133
SCALE 1.000000 1.000000 1.000000
X 0.253146 0.734620 -0.629328
Y 0.184185 -0.675252 -0.714212
Z -0.949733 0.064853 -0.306253

BONE 28
OFFSET -2.115785 19.038410 41.569706
SCALE 1.000000 1.000000 1.000000
X 0.162075 0.854275 -0.493695
Y 0.256905 -0.519639 -0.814846
Z -0.952750 0.005202 -0.303703

BONE 29
OFFSET -2.008386 19.604994 41.242245
SCALE 1.000000 1.000000 1.000000
X 0.161944 0.855175 -0.492176
Y 0.257205 -0.518153 -0.815698
Z -0.952691 0.005476 -0.303881

BONE 30
OFFSET -1.922902 20.057701 40.981678
SCALE 1.000000 1.000000 1.000000
X 0.236103 0.643063 -0.728382
Y 0.191618 -0.765689 -0.613985
Z -0.952648 0.005362 -0.304018

BONE 31
OFFSET -1.621719 19.352716 41.667095
SCALE 1.000000 1.000000 1.000000
X 0.186458 0.866332 -0.463132
Y 0.281765 -0.498807 -0.819634
Z -0.941192 0.022298 -0.337124

BONE 32
OFFSET -1.471154 20.052818 41.292755
SCALE 1.000000 1.000000 1.000000
X 0.193467 0.815035 -0.545967
Y 0.262735 -0.579243 -0.771651
Z -0.945273 0.005811 -0.326218

BONE 33
OFFSET -1.328363 20.656033 40.888676
SCALE 1.000000 1.000000 1.000000
X 0.195197 0.739669 -0.643883
Y 0.242659 -0.672558 -0.699122
Z -0.950271 -0.019807 -0.310786

BONE 34
OFFSET -0.479754 17.645643 42.699753
SCALE 1.000000 1.000000 1.000000
X 0.582450 0.721216 -0.374777
Y -0.802362 0.583992 -0.122873
Z 0.130263 0.372342 0.918906

BONE 35
OFFSET 0.271582 18.576471 42.215061
SCALE 1.000000 1.000000 1.000000
X 0.459337 0.774490 -0.434746
Y -0.874599 0.479864 -0.069001
Z 0.155195 0.411987 0.897875

BONE 36
OFFSET 0.659817 19.231552 41.847122
SCALE 1.000000 1.000000 1.000000
X 0.527035 0.500074 -0.687043
Y -0.770032 0.623045 -0.137052
Z 0.359563 0.601313 0.713535

BONE 37
OFFSET 0.748241 14.994770 43.315819
SCALE 1.000000 1.000000 1.000000
X 0.075749 0.823250 -0.562410
Y 0.208384 -0.564693 -0.798559
Z -0.975110 -0.056726 -0.214343

BONE 38
OFFSET 24.969488 -8.149157 26.061544
SCALE 1.000000 1.000000 1.000000
X 0.632320 0.744019 -0.215605
Y -0.660966 0.663319 0.350853
Z 0.404100 -0.079251 0.911242

BONE 39
OFFSET -2.066376 15.049090 44.162727
SCALE 1.000000 1.000000 1.000000
X 0.188651 0.855778 -0.481502
Y -0.979063 0.202077 -0.024353
Z 0.076468 0.476073 0.876075

BONE 40
OFFSET -4.174263 4.885051 50.574005
SCALE 1.000000 1.000000 1.000000
X 0.192082 0.806987 -0.558272
Y -0.976938 0.211295 -0.030622
Z 0.093259 0.551329 0.829058

BONE 41
OFFSET -3.735487 5.979939 51.421902
SCALE 1.000000 1.000000 1.000000
X 0.144339 0.250655 0.957247
Y -0.984824 -0.057820 0.163629
Z 0.096371 -0.966264 0.238426

BONE 42
OFFSET -4.138887 -1.574783 50.991966
SCALE 1.000000 1.000000 1.000000
X -0.019468 0.997196 -0.072253
Y 0.999656 0.018144 -0.018930
Z -0.017565 -0.072597 -0.997207

BONE 43
OFFSET -4.389643 -4.319119 51.127197
SCALE 1.000000 1.000000 1.000000
X -0.131624 0.811471 0.569376
Y 0.985613 0.168565 -0.012392
Z -0.106032 0.559553 -0.821984

BONE 44
OFFSET -3.725564 -10.963524 46.666553
SCALE 1.000000 1.000000 1.000000
X -0.771742 0.474917 0.422928
Y 0.627016 0.679248 0.381409
Z -0.106135 0.559532 -0.821985

BONE 45
OFFSET -3.597631 -10.900830 46.692715
SCALE 1.000000 1.000000 1.000000
X -0.084423 0.848065 0.523123
Y 0.991221 0.125087 -0.042820
Z -0.101750 0.514916 -0.851181

BONE 46
OFFSET -2.858582 -17.973349 42.151577
SCALE 1.000000 1.000000 1.000000
X -0.049258 0.773251 0.632184
Y -0.042559 -0.634002 0.772159
Z 0.997879 0.011130 0.064139

BONE 47
OFFSET -1.717601 -20.101406 40.825306
SCALE 1.000000 1.000000 1.000000
X -0.120165 0.805976 0.579622
Y 0.088593 -0.572818 0.814881
Z 0.988793 0.149271 -0.002571

BONE 48
OFFSET -1.577855 -21.038946 40.150948
SCALE 1.000000 1.000000 1.000000
X -0.145096 0.820811 0.552464
Y 0.084606 -0.546035 0.833479
Z 0.985794 0.167676 0.009782

BONE 49
OFFSET -1.484171 -21.568657 39.794540
SCALE 1.000000 1.000000 1.000000
X -0.237682 0.826115 0.510923
Y 0.077941 -0.508080 0.857776
Z 0.968211 0.243700 0.056373

BONE 50
OFFSET -2.317018 -20.161144 40.735897
SCALE 1.000000 1.000000 1.000000
X -0.106469 0.850902 0.514422
Y -0.080088 -0.523021 0.848549
Z 0.991085 0.049146 0.123832

BONE 51
OFFSET -2.200949 -21.089109 40.174953
SCALE 1.000000 1.000000 1.000000
X -0.110283 0.781116 0.614569
Y -0.066471 -0.622753 0.779589
Z 0.991675 0.045124 0.120600

BONE 52
OFFSET -2.109090 -21.739334 39.663414
SCALE 1.000000 1.000000 1.000000
X -0.109521 0.788089 0.605740
Y -0.067764 -0.613907 0.786464
Z 0.991672 0.045087 0.120639

BONE 53
OFFSET -3.434213 -19.880083 40.684830
SCALE 1.000000 1.000000 1.000000
X -0.107816 0.818522 0.564266
Y -0.095018 -0.573460 0.813704
Z 0.989620 0.034115 0.139602

BONE 54
OFFSET -3.355565 -20.476831 40.273487
SCALE 1.000000 1.000000 1.000000
X -0.114211 0.776616 0.619535
Y -0.087277 -0.629048 0.772451
Z 0.989615 0.034151 0.139625

BONE 55
OFFSET -3.293977 -20.896135 39.939049
SCALE 1.000000 1.000000 1.000000
X -0.069662 0.801378 0.594088
Y -0.064668 -0.597910 0.798951
Z 0.995472 0.017238 0.093475

BONE 56
OFFSET -2.880315 -20.150282 40.747421
SCALE 1.000000 1.000000 1.000000
X -0.102012 0.781280 0.615787
Y -0.123685 -0.624175 0.771432
Z 0.987064 0.002532 0.160306

BONE 57
OFFSET -2.789632 -20.845341 40.199635
SCALE 1.000000 1.000000 1.000000
X -0.135694 0.767116 0.626992
Y -0.121387 -0.640950 0.757923
Z 0.983286 0.026737 0.180091

BONE 58
OFFSET -2.683291 -21.445969 39.708675
SCALE 1.000000 1.000000 1.000000
X -0.113105 0.864882 0.489065
Y -0.142705 -0.501261 0.853447
Z 0.983281 0.026737 0.180118

BONE 59
OFFSET -1.712857 -18.562397 41.591446
SCALE 1.000000 1.000000 1.000000
X -0.605977 0.628001 0.488270
Y 0.666225 0.065265 0.742890
Z 0.434668 0.775471 -0.457939

BONE 60
OFFSET -0.950690 -19.352388 40.977028
SCALE 1.000000 1.000000 1.000000
X -0.460832 0.749910 0.474625
Y 0.721190 0.004753 0.692721
Z 0.517222 0.661523 -0.543018

BONE 61
OFFSET -0.517463 -20.057568 40.530716
SCALE 1.000000 1.000000 1.000000
X -0.279998 0.779449 0.560411
Y 0.802959 -0.129809 0.581727
Z 0.526173 0.612870 -0.589519

BONE 62
OFFSET -5.126215 -20.006580 42.145775
SCALE 1.000000 1.000000 1.000000
X -0.049258 0.773251 0.632184
Y -0.042559 -0.634002 0.772159
Z 0.997879 0.011130 0.064139

BONE 63
OFFSET -10.041180 -26.690880 41.170776
SCALE 1.000000 1.000000 1.000000
X 0.644137 -0.671511 -0.366278
Y 0.549805 0.739375 -0.388636
Z 0.531790 0.048954 0.845459

BONE 64
OFFSET -10.041180 -26.690880 41.170776
SCALE 1.000000 1.000000 1.000000
X 0.644348 -0.671029 -0.366792
Y 0.523737 0.736714 -0.427728
Z 0.557238 0.083503 0.826143

BONE 65
OFFSET -3.074955 -15.902756 43.481087
SCALE 1.000000 1.000000 1.000000
X -0.084431 0.848066 0.523121
Y 0.991220 0.125096 -0.042820
Z -0.101755 0.514913 -0.851182

BONE 66
OFFSET -4.352432 -4.548555 50.966209
SCALE 1.000000 1.000000 1.000000
X -0.131631 0.811470 0.569376
Y 0.985611 0.168574 -0.012392
Z -0.106038 0.559552 -0.821984

BONE 67
OFFSET -3.888006 -5.760384 51.858662
SCALE 1.000000 1.000000 1.000000
X 0.104365 -0.326384 0.939458
Y 0.974575 -0.154756 -0.162031
Z 0.198271 0.932483 0.301934

BONE 68
OFFSET -2.137930 3.539704 53.634155
SCALE 1.000000 1.000000 1.000000
X -0.019311 -0.997191 -0.072369
Y 0.999659 -0.017985 -0.018931
Z 0.017576 -0.072710 0.997198

BONE 69
OFFSET -2.137502 -3.541181 53.633862
SCALE 1.000000 1.000000 1.000000
X 0.022413 -0.997199 0.072567
Y -0.999638 -0.021271 0.016501
Z -0.014910 -0.073028 -0.997261

BONE 70
OFFSET 14.878456 -25.083488 29.456875
SCALE 1.000000 1.000000 1.000000
X 1.000000 -0.000002 0.000086
Y 0.000002 1.000000 0.000003
Z -0.000086 -0.000003 1.000000

BONE 71
OFFSET 9.855204 -25.084299 36.107239
SCALE 1.000000 1.000000 1.000000
X -0.000086 1.000000 0.000132
Y 0.764281 0.000150 -0.644884
Z -0.644884 0.000046 -0.764280

BONE 72
OFFSET -9.675327 0.703931 47.737419
SCALE 1.000000 1.000000 1.000000
X -0.989754 -0.000189 0.142783
Y 0.000191 -1.000000 -0.000000
Z 0.142783 0.000027 0.989754

BONE 73
OFFSET -8.050386 -4.044006 45.869473
SCALE 1.000000 1.000000 1.000000
X -0.006982 0.025916 -0.999639
Y -0.984168 -0.177220 0.002280
Z -0.177094 0.983822 0.026747

BONE 74
OFFSET 9.855204 -25.084299 36.107239
SCALE 1.000000 1.000000 1.000000
X 1.000000 -0.000002 0.000086
Y 0.000002 1.000000 0.000003
Z -0.000086 -0.000003 1.000000

BONE 75
OFFSET -4.135254 -0.001729 53.757359
SCALE 1.000000 1.000000 1.000000
X 0.264608 0.000009 0.964356
Y 0.964356 -0.000000 -0.264608
Z -0.000002 1.000000 -0.000009

BONE 76
OFFSET -3.774027 -0.001729 55.383183
SCALE 1.000000 1.000000 1.000000
X 0.170369 0.000000 0.985380
Y 0.985380 -0.000000 -0.170369
Z 0.000000 1.000000 -0.000001

BONE 77
OFFSET -0.002006 0.000000 -0.000000
SCALE 1.000000 1.000000 1.000000
X -1.000000 0.000000 0.000000
Y 0.000000 -1.000000 0.000000
Z 0.000000 0.000000 1.000000


NUMVERTS 1842
VERT 0
OFFSET -4.364471 0.690813 33.179531
BONES 2
BONE 1 0.496987
BONE 2 0.503013

VERT 1
OFFSET -2.513486 0.313304 32.205132
BONES 2
BONE 2 0.896145
BONE 1 0.103855

VERT 2
OFFSET -5.889005 1.377696 32.734707
BONES 2
BONE 1 0.562034
BONE 2 0.437966

VERT 3
OFFSET -6.635226 0.242251 33.851521
BONES 2
BONE 2 0.250626
BONE 1 0.749374

VERT 4
OFFSET -5.906647 2.711866 32.225060
BONES 2
BONE 1 0.442882
BONE 2 0.557118

VERT 5
OFFSET -5.926457 4.255774 32.459240
BONES 2
BONE 2 0.546696
BONE 1 0.453304

VERT 6
OFFSET -6.889438 1.427815 33.461021
BONES 2
BONE 1 0.708880
BONE 2 0.291120

VERT 7
OFFSET -4.977534 5.786320 33.192646
BONES 2
BONE 2 0.581517
BONE 1 0.418483

VERT 8
OFFSET -6.825074 3.560507 33.614567
BONES 2
BONE 2 0.287140
BONE 1 0.712860

VERT 9
OFFSET -6.152456 4.892708 34.329689
BONES 2
BONE 1 0.727131
BONE 2 0.272869

VERT 10
OFFSET -1.662962 5.934893 33.500919
BONES 2
BONE 1 0.123571
BONE 2 0.876429

VERT 11
OFFSET -2.754478 5.520449 28.656488
BONES 1
BONE 2 1.000000

VERT 12
OFFSET -5.281128 5.493596 35.237110
BONES 2
BONE 1 0.724271
BONE 2 0.275729

VERT 13
OFFSET -3.468534 6.254510 32.933521
BONES 2
BONE 2 0.842617
BONE 1 0.157384

VERT 14
OFFSET -3.994481 5.941432 35.352158
BONES 2
BONE 2 0.412140
BONE 1 0.587859

VERT 15
OFFSET -1.871754 4.992905 37.447701
BONES 2
BONE 1 0.904416
BONE 2 0.095584

VERT 16
OFFSET -0.098703 3.797505 33.027031
BONES 2
BONE 2 0.896887
BONE 1 0.103113

VERT 17
OFFSET -0.589117 4.928565 32.978443
BONES 2
BONE 2 0.904979
BONE 1 0.095021

VERT 18
OFFSET -1.378598 0.749942 32.500652
BONES 2
BONE 2 0.916496
BONE 1 0.083504

VERT 19
OFFSET -0.713073 1.462191 30.640530
BONES 2
BONE 2 0.971031
BONE 1 0.028969

VERT 20
OFFSET -1.446956 1.319565 34.409813
BONES 2
BONE 2 0.022614
BONE 1 0.977386

VERT 21
OFFSET -0.439310 1.999263 34.371243
BONES 2
BONE 1 0.185420
BONE 2 0.814580

VERT 22
OFFSET -0.110530 -0.808462 35.245144
BONES 1
BONE 1 1.000000

VERT 23
OFFSET -1.557855 -1.284933 34.392738
BONES 2
BONE 1 0.902574
BONE 7 0.097426

VERT 24
OFFSET -0.877684 0.473814 34.224083
BONES 1
BONE 1 1.000000

VERT 25
OFFSET -2.017479 0.535258 33.808716
BONES 1
BONE 1 1.000000

VERT 26
OFFSET -3.229807 0.750147 34.049095
BONES 2
BONE 2 0.326005
BONE 1 0.673995

VERT 27
OFFSET -3.594278 -0.672712 34.012634
BONES 2
BONE 1 0.931934
BONE 7 0.068066

VERT 28
OFFSET -2.826293 -0.419566 33.807648
BONES 1
BONE 1 1.000000

VERT 29
OFFSET -0.527629 -2.530277 35.697845
BONES 2
BONE 1 0.999410
BONE 7 0.000590

VERT 30
OFFSET -1.118949 -0.573842 34.044853
BONES 1
BONE 1 1.000000

VERT 31
OFFSET -3.221897 -4.829005 38.328224
BONES 4
BONE 7 0.000981
BONE 15 0.204311
BONE 1 0.779077
BONE 14 0.015631

VERT 32
OFFSET -6.551056 -4.253001 36.279655
BONES 2
BONE 7 0.015004
BONE 1 0.984996

VERT 33
OFFSET -4.931881 -4.813583 37.802181
BONES 1
BONE 1 1.000000

VERT 34
OFFSET -6.737393 -2.359472 37.829391
BONES 1
BONE 1 1.000000

VERT 35
OFFSET -5.928142 -3.943838 38.039131
BONES 1
BONE 1 1.000000

VERT 36
OFFSET -7.356929 -2.712302 35.820213
BONES 2
BONE 1 0.972751
BONE 7 0.027249

VERT 37
OFFSET -6.958496 -0.841902 37.137772
BONES 1
BONE 1 1.000000

VERT 38
OFFSET -6.737396 2.359469 37.829388
BONES 2
BONE 15 0.155526
BONE 1 0.844474

VERT 39
OFFSET -6.958499 0.841902 37.137768
BONES 2
BONE 1 0.779818
BONE 15 0.220182

VERT 40
OFFSET -7.356090 2.711992 35.824986
BONES 3
BONE 2 0.026908
BONE 1 0.816893
BONE 15 0.156198

VERT 41
OFFSET -7.409103 1.110235 34.631031
BONES 2
BONE 1 0.892092
BONE 2 0.107908

VERT 42
OFFSET -6.551104 4.252982 36.278278
BONES 3
BONE 1 0.751305
BONE 15 0.210183
BONE 2 0.038513

VERT 43
OFFSET -6.719999 0.000216 35.312199
BONES 1
BONE 1 1.000000

VERT 44
OFFSET -0.520956 2.658275 35.839664
BONES 1
BONE 1 1.000000

VERT 45
OFFSET -0.104179 0.799717 35.235115
BONES 1
BONE 1 1.000000

VERT 46
OFFSET -1.747896 1.846201 20.984594
BONES 2
BONE 2 0.518476
BONE 3 0.481524

VERT 47
OFFSET -1.722363 3.062147 21.254992
BONES 2
BONE 3 0.288331
BONE 2 0.711669

VERT 48
OFFSET -3.138609 3.965290 18.995619
BONES 2
BONE 3 0.979082
BONE 2 0.020918

VERT 49
OFFSET -2.568273 3.759552 21.718245
BONES 2
BONE 3 0.235411
BONE 2 0.764589

VERT 50
OFFSET -4.582889 3.379646 22.380325
BONES 2
BONE 3 0.134045
BONE 2 0.865955

VERT 51
OFFSET -4.011008 3.872455 20.839621
BONES 2
BONE 3 0.781972
BONE 2 0.218028

VERT 52
OFFSET -3.832714 4.088867 23.647152
BONES 1
BONE 2 1.000000

VERT 53
OFFSET -2.856352 4.071320 23.597597
BONES 2
BONE 2 0.966209
BONE 3 0.033791

VERT 54
OFFSET -1.621925 2.935601 23.055006
BONES 1
BONE 2 1.000000

VERT 55
OFFSET -1.907713 1.252050 21.565247
BONES 2
BONE 3 0.133345
BONE 2 0.866655

VERT 56
OFFSET -1.416820 4.611397 27.669521
BONES 1
BONE 2 1.000000

VERT 57
OFFSET -0.427843 2.951339 28.024166
BONES 2
BONE 2 0.996498
BONE 1 0.003502

VERT 58
OFFSET -4.211847 5.316770 28.089201
BONES 2
BONE 2 0.991793
BONE 1 0.008207

VERT 59
OFFSET -5.231375 4.010180 26.870478
BONES 1
BONE 2 1.000000

VERT 60
OFFSET -4.989189 2.278182 23.048639
BONES 1
BONE 2 1.000000

VERT 61
OFFSET -4.507142 1.319876 21.672466
BONES 2
BONE 2 0.552492
BONE 3 0.425905

VERT 62
OFFSET -4.653549 1.086751 24.663641
BONES 1
BONE 2 1.000000

VERT 63
OFFSET -3.790307 0.709317 23.443577
BONES 2
BONE 3 0.180835
BONE 2 0.819165

VERT 64
OFFSET -5.068266 2.285692 21.408253
BONES 2
BONE 2 0.263900
BONE 3 0.683549

VERT 65
OFFSET -7.406922 2.791916 16.715635
BONES 1
BONE 3 1.000000

VERT 66
OFFSET -6.709082 4.465168 17.234655
BONES 1
BONE 3 1.000000

VERT 67
OFFSET -5.050225 3.280180 20.852821
BONES 1
BONE 3 0.949444

VERT 68
OFFSET -2.798108 2.585158 18.527216
BONES 1
BONE 3 1.000000

VERT 69
OFFSET -2.434745 0.934892 21.146637
BONES 2
BONE 3 0.536072
BONE 2 0.463928

VERT 70
OFFSET -3.102437 0.735606 21.548660
BONES 2
BONE 3 0.519014
BONE 2 0.480986

VERT 71
OFFSET -0.070206 1.998773 0.460195
BONES 2
BONE 4 0.359350
BONE 5 0.640650

VERT 72
OFFSET -0.694440 3.729042 0.103487
BONES 2
BONE 5 0.283827
BONE 4 0.716173

VERT 73
OFFSET 1.264285 2.745692 0.407664
BONES 1
BONE 5 1.000000

VERT 74
OFFSET -3.420057 2.081034 2.700928
BONES 1
BONE 4 1.000000

VERT 75
OFFSET -3.723534 3.951677 2.132204
BONES 1
BONE 4 1.000000

VERT 76
OFFSET -2.069386 3.993116 0.450969
BONES 1
BONE 4 1.000000

VERT 77
OFFSET -4.761960 3.436423 2.349155
BONES 1
BONE 4 1.000000

VERT 78
OFFSET -6.105173 3.764961 2.728842
BONES 1
BONE 4 1.000000

VERT 79
OFFSET -6.680053 3.266906 3.877810
BONES 1
BONE 4 1.000000

VERT 80
OFFSET 1.117481 3.142022 1.696304
BONES 2
BONE 5 0.977710
BONE 4 0.022290

VERT 81
OFFSET 0.437627 3.937187 1.408544
BONES 2
BONE 5 0.858244
BONE 4 0.141756

VERT 82
OFFSET 0.583072 4.000643 0.559021
BONES 2
BONE 5 0.857448
BONE 4 0.142552

VERT 83
OFFSET -2.153166 4.141411 1.681862
BONES 1
BONE 4 1.000000

VERT 84
OFFSET -4.277163 3.905663 5.867810
BONES 2
BONE 4 0.388076
BONE 3 0.611924

VERT 85
OFFSET -3.252497 4.242471 3.471871
BONES 1
BONE 4 1.000000

VERT 86
OFFSET -1.981902 3.690270 2.724683
BONES 1
BONE 4 1.000000

VERT 87
OFFSET -4.185325 3.523399 6.893033
BONES 2
BONE 3 0.855629
BONE 4 0.144371

VERT 88
OFFSET -3.767102 2.966229 5.410812
BONES 2
BONE 4 0.548751
BONE 3 0.451249

VERT 89
OFFSET -5.804737 2.265965 2.554488
BONES 1
BONE 4 1.000000

VERT 90
OFFSET -4.373872 2.081740 5.514454
BONES 2
BONE 3 0.568928
BONE 4 0.431072

VERT 91
OFFSET -1.912526 2.315976 2.324459
BONES 1
BONE 4 1.000000

VERT 92
OFFSET -1.765101 2.921747 2.843446
BONES 1
BONE 4 1.000000

VERT 93
OFFSET -1.725890 1.977029 0.735370
BONES 1
BONE 4 1.000000

VERT 94
OFFSET 1.632352 2.658416 0.928809
BONES 1
BONE 5 1.000000

VERT 95
OFFSET 0.989346 2.383432 1.535695
BONES 2
BONE 5 0.980668
BONE 4 0.019332

VERT 96
OFFSET -7.426938 3.754469 12.764118
BONES 1
BONE 3 1.000000

VERT 97
OFFSET -6.656842 3.245560 7.322131
BONES 2
BONE 3 0.905009
BONE 4 0.094991

VERT 98
OFFSET -7.329604 2.414603 13.710632
BONES 1
BONE 3 1.000000

VERT 99
OFFSET -6.524674 1.699298 14.946668
BONES 1
BONE 3 1.000000

VERT 100
OFFSET -6.216284 2.393959 8.063466
BONES 2
BONE 4 0.036026
BONE 3 0.963974

VERT 101
OFFSET -5.882777 3.990208 7.183129
BONES 2
BONE 4 0.197701
BONE 3 0.802299

VERT 102
OFFSET -6.535121 5.006343 14.441827
BONES 1
BONE 3 1.000000

VERT 103
OFFSET -4.973952 4.104074 8.269131
BONES 2
BONE 3 0.990248
BONE 4 0.009752

VERT 104
OFFSET -5.241249 5.009844 16.310669
BONES 1
BONE 3 1.000000

VERT 105
OFFSET -4.444417 4.637233 15.888469
BONES 1
BONE 3 1.000000

VERT 106
OFFSET -4.103618 4.067643 14.477042
BONES 1
BONE 3 1.000000

VERT 107
OFFSET -3.677360 3.031344 14.682783
BONES 1
BONE 3 1.000000

VERT 108
OFFSET -4.269318 2.115638 13.975161
BONES 1
BONE 3 1.000000

VERT 109
OFFSET -5.800060 4.912601 17.133453
BONES 1
BONE 3 1.000000

VERT 110
OFFSET -7.575925 3.741410 15.673377
BONES 1
BONE 3 1.000000

VERT 111
OFFSET -6.663435 1.875646 17.059233
BONES 1
BONE 3 1.000000

VERT 112
OFFSET -5.098346 1.454969 19.514269
BONES 2
BONE 2 0.009513
BONE 3 0.990487

VERT 113
OFFSET -3.239874 1.871720 18.260319
BONES 2
BONE 3 0.996522
BONE 2 0.003478

VERT 114
OFFSET -3.826199 1.486400 18.349230
BONES 1
BONE 3 1.000000

VERT 115
OFFSET -5.408664 1.457572 15.137230
BONES 1
BONE 3 1.000000

VERT 116
OFFSET -4.233312 2.747339 8.196707
BONES 1
BONE 3 1.000000

VERT 117
OFFSET -5.332994 2.165318 8.602531
BONES 1
BONE 3 1.000000

VERT 118
OFFSET -6.419900 2.540176 3.084448
BONES 1
BONE 4 1.000000

VERT 119
OFFSET 1.264217 -2.745693 0.407533
BONES 1
BONE 10 1.000000

VERT 120
OFFSET 1.632291 -2.658415 0.928676
BONES 1
BONE 10 1.000000

VERT 121
OFFSET -0.633203 -2.075114 0.382449
BONES 2
BONE 9 0.724152
BONE 10 0.275848

VERT 122
OFFSET 0.990183 -2.164567 1.285845
BONES 2
BONE 9 0.066427
BONE 10 0.933573

VERT 123
OFFSET 1.117429 -3.142017 1.696172
BONES 2
BONE 10 0.978135
BONE 9 0.021865

VERT 124
OFFSET -1.912577 -2.315977 2.324371
BONES 1
BONE 9 1.000000

VERT 125
OFFSET 0.672510 -4.027719 1.069139
BONES 2
BONE 10 0.868137
BONE 9 0.131862

VERT 126
OFFSET -1.982580 -3.691018 2.724455
BONES 1
BONE 9 1.000000

VERT 127
OFFSET -3.767056 -2.966239 5.410676
BONES 2
BONE 9 0.548800
BONE 8 0.451200

VERT 128
OFFSET -1.765141 -2.921749 2.843353
BONES 1
BONE 9 1.000000

VERT 129
OFFSET -4.179341 -3.552439 6.300592
BONES 2
BONE 9 0.267186
BONE 8 0.732814

VERT 130
OFFSET -3.309500 -4.241011 3.530025
BONES 1
BONE 9 1.000000

VERT 131
OFFSET -2.607037 -4.173413 1.676256
BONES 1
BONE 9 1.000000

VERT 132
OFFSET -1.930056 -3.915927 0.334684
BONES 1
BONE 9 1.000000

VERT 133
OFFSET -4.954986 -3.976005 6.746538
BONES 2
BONE 8 0.746475
BONE 9 0.253525

VERT 134
OFFSET 0.198285 -3.813921 0.177710
BONES 2
BONE 9 0.291547
BONE 10 0.708453

VERT 135
OFFSET -3.424885 -2.082245 2.699570
BONES 1
BONE 9 1.000000

VERT 136
OFFSET -6.105222 -3.764964 2.728801
BONES 1
BONE 9 1.000000

VERT 137
OFFSET -4.099308 -3.740916 2.276656
BONES 1
BONE 9 1.000000

VERT 138
OFFSET -5.804785 -2.265967 2.554445
BONES 1
BONE 9 1.000000

VERT 139
OFFSET -6.419944 -2.540178 3.084419
BONES 1
BONE 9 1.000000

VERT 140
OFFSET -6.680092 -3.266909 3.877815
BONES 1
BONE 9 1.000000

VERT 141
OFFSET -5.486348 -3.992363 3.435280
BONES 2
BONE 8 0.109335
BONE 9 0.890665

VERT 142
OFFSET -1.933461 -1.959124 0.936006
BONES 1
BONE 9 1.000000

VERT 143
OFFSET -4.373868 -2.081745 5.514409
BONES 2
BONE 9 0.431067
BONE 8 0.568933

VERT 144
OFFSET -5.332968 -2.165325 8.602496
BONES 1
BONE 8 1.000000

VERT 145
OFFSET -6.606398 -2.996859 7.267239
BONES 2
BONE 9 0.091274
BONE 8 0.908726

VERT 146
OFFSET -6.216239 -2.393965 8.063293
BONES 2
BONE 8 0.963955
BONE 9 0.036045

VERT 147
OFFSET -6.257273 -3.830917 7.308354
BONES 2
BONE 9 0.085599
BONE 8 0.914401

VERT 148
OFFSET -7.426918 -3.754460 12.764075
BONES 1
BONE 8 1.000000

VERT 149
OFFSET -7.329582 -2.414603 13.710612
BONES 1
BONE 8 1.000000

VERT 150
OFFSET -6.535104 -5.006341 14.441778
BONES 1
BONE 8 1.000000

VERT 151
OFFSET -4.101665 -4.066682 14.482450
BONES 1
BONE 8 1.000000

VERT 152
OFFSET -4.443384 -4.636790 15.890341
BONES 1
BONE 8 1.000000

VERT 153
OFFSET -5.241415 -5.009821 16.309452
BONES 1
BONE 8 1.000000

VERT 154
OFFSET -5.242377 -3.356982 20.496933
BONES 1
BONE 8 1.000000

VERT 155
OFFSET -5.800155 -4.912496 17.131937
BONES 1
BONE 8 1.000000

VERT 156
OFFSET -4.615757 -1.948375 22.117086
BONES 2
BONE 8 0.165978
BONE 7 0.834022

VERT 157
OFFSET -6.709818 -4.465139 17.231739
BONES 1
BONE 8 1.000000

VERT 158
OFFSET -7.575908 -3.741405 15.673352
BONES 1
BONE 8 1.000000

VERT 159
OFFSET -7.406148 -2.792322 16.723680
BONES 1
BONE 8 1.000000

VERT 160
OFFSET -6.654148 -1.743302 16.373560
BONES 1
BONE 8 1.000000

VERT 161
OFFSET -5.080097 -1.469371 19.830002
BONES 2
BONE 7 0.012030
BONE 8 0.987970

VERT 162
OFFSET -4.068303 -1.012917 22.145428
BONES 2
BONE 7 0.802806
BONE 8 0.194430

VERT 163
OFFSET -3.789963 -4.032125 20.473724
BONES 2
BONE 8 0.887537
BONE 7 0.112463

VERT 164
OFFSET -4.616000 -2.805229 22.152721
BONES 2
BONE 7 0.833642
BONE 8 0.166358

VERT 165
OFFSET -3.913878 -3.696304 22.402794
BONES 2
BONE 7 0.804911
BONE 8 0.193186

VERT 166
OFFSET -3.218564 -4.029716 19.044331
BONES 2
BONE 7 0.023392
BONE 8 0.976608

VERT 167
OFFSET -5.095529 -3.983665 26.837439
BONES 1
BONE 7 1.000000

VERT 168
OFFSET -1.417012 -2.903475 23.098846
BONES 1
BONE 7 1.000000

VERT 169
OFFSET -1.665224 -3.214080 21.394491
BONES 2
BONE 7 0.792593
BONE 8 0.207407

VERT 170
OFFSET -2.651165 -5.502783 28.661194
BONES 1
BONE 7 1.000000

VERT 171
OFFSET -4.095320 -5.286065 28.031782
BONES 1
BONE 7 1.000000

VERT 172
OFFSET -4.965149 -5.780263 33.157169
BONES 2
BONE 7 0.582861
BONE 1 0.417139

VERT 173
OFFSET -1.296029 -4.592765 27.699732
BONES 1
BONE 7 1.000000

VERT 174
OFFSET -1.343907 -1.838511 22.430496
BONES 2
BONE 8 0.014599
BONE 7 0.985401

VERT 175
OFFSET -0.308514 -2.936987 28.091415
BONES 2
BONE 7 0.996500
BONE 1 0.003500

VERT 176
OFFSET -0.562039 -4.926309 33.007900
BONES 2
BONE 7 0.905647
BONE 1 0.094353

VERT 177
OFFSET -1.648272 -5.934152 33.513134
BONES 2
BONE 1 0.123101
BONE 7 0.876899

VERT 178
OFFSET -0.640011 -1.453085 30.679956
BONES 2
BONE 1 0.028677
BONE 7 0.971323

VERT 179
OFFSET -0.071306 -3.795751 33.060509
BONES 2
BONE 7 0.898342
BONE 1 0.101658

VERT 180
OFFSET -2.465413 -0.306786 32.225071
BONES 2
BONE 1 0.103610
BONE 7 0.896390

VERT 181
OFFSET -1.337336 -0.745721 32.536335
BONES 2
BONE 7 0.916538
BONE 1 0.083462

VERT 182
OFFSET -0.435830 -2.007560 34.450363
BONES 2
BONE 7 0.813945
BONE 1 0.186055

VERT 183
OFFSET -0.706452 -3.858336 37.254200
BONES 3
BONE 1 0.883849
BONE 7 0.049234
BONE 15 0.066918

VERT 184
OFFSET -4.001986 -5.940884 35.349781
BONES 2
BONE 7 0.369764
BONE 1 0.630236

VERT 185
OFFSET -1.874745 -4.994377 37.447002
BONES 3
BONE 15 0.445134
BONE 7 0.095607
BONE 1 0.459259

VERT 186
OFFSET -6.151488 -4.891380 34.317062
BONES 2
BONE 1 0.727424
BONE 7 0.272576

VERT 187
OFFSET -5.284443 -5.492748 35.229050
BONES 2
BONE 1 0.725123
BONE 7 0.274877

VERT 188
OFFSET -3.445255 -6.249619 32.923946
BONES 2
BONE 7 0.842344
BONE 1 0.157656

VERT 189
OFFSET -6.882304 -1.424527 33.446110
BONES 2
BONE 7 0.291258
BONE 1 0.708742

VERT 190
OFFSET -6.820615 -3.556447 33.599525
BONES 2
BONE 7 0.286864
BONE 1 0.713136

VERT 191
OFFSET -5.900018 -4.251870 32.427101
BONES 2
BONE 7 0.548196
BONE 1 0.451804

VERT 192
OFFSET -6.041843 -0.236014 33.668373
BONES 2
BONE 7 0.301118
BONE 1 0.698882

VERT 193
OFFSET -6.783562 -0.304250 33.978477
BONES 2
BONE 7 0.229794
BONE 1 0.770206

VERT 194
OFFSET -5.530915 -1.569335 32.393330
BONES 2
BONE 7 0.568956
BONE 1 0.431044

VERT 195
OFFSET -5.993675 -2.912773 32.298584
BONES 2
BONE 7 0.561182
BONE 1 0.438818

VERT 196
OFFSET -4.543262 -0.764288 32.871429
BONES 2
BONE 7 0.518666
BONE 1 0.481334

VERT 197
OFFSET -4.366066 -0.895938 24.754168
BONES 1
BONE 7 1.000000

VERT 198
OFFSET -4.233281 -2.747344 8.196694
BONES 1
BONE 8 1.000000

VERT 199
OFFSET -4.269293 -2.115635 13.975177
BONES 1
BONE 8 1.000000

VERT 200
OFFSET -3.695740 -3.022871 14.594008
BONES 1
BONE 8 1.000000

VERT 201
OFFSET -5.408628 -1.457569 15.137250
BONES 1
BONE 8 1.000000

VERT 202
OFFSET -3.941749 -1.466488 18.397182
BONES 1
BONE 8 1.000000

VERT 203
OFFSET -3.465508 -1.690702 18.149952
BONES 1
BONE 8 1.000000

VERT 204
OFFSET -2.819273 -2.503183 18.558786
BONES 2
BONE 8 0.996273
BONE 7 0.003727

VERT 205
OFFSET -3.046691 -0.678141 21.577089
BONES 2
BONE 7 0.592559
BONE 8 0.407441

VERT 206
OFFSET -1.724269 -1.224398 21.266476
BONES 2
BONE 7 0.762007
BONE 8 0.237993

VERT 207
OFFSET -2.062669 -0.869612 23.117460
BONES 1
BONE 7 1.000000

VERT 208
OFFSET -1.427655 -2.321913 21.210922
BONES 2
BONE 7 0.723603
BONE 8 0.276398

VERT 209
OFFSET -2.633887 -3.922583 23.106716
BONES 2
BONE 8 0.034009
BONE 7 0.965991

VERT 210
OFFSET -2.752127 -3.188034 18.905939
BONES 2
BONE 7 0.009929
BONE 8 0.990071

VERT 211
OFFSET -5.275136 1.322857 32.174667
BONES 2
BONE 2 0.639824
BONE 1 0.360176

VERT 212
OFFSET -5.928146 3.943840 38.039127
BONES 1
BONE 1 1.000000

VERT 213
OFFSET -4.932216 4.812317 37.803898
BONES 2
BONE 15 0.096032
BONE 1 0.903968

VERT 214
OFFSET -6.092884 -0.007947 34.086258
BONES 3
BONE 2 0.066263
BONE 7 0.000062
BONE 1 0.933675

VERT 215
OFFSET -7.408619 -1.109444 34.623436
BONES 2
BONE 7 0.108049
BONE 1 0.891951

VERT 216
OFFSET -5.492931 0.008128 34.046936
BONES 3
BONE 7 0.000708
BONE 1 0.953717
BONE 2 0.045575

VERT 217
OFFSET -0.459650 -2.694549 37.502651
BONES 2
BONE 1 0.436174
BONE 15 0.563826

VERT 218
OFFSET 0.191335 -1.219159 36.633381
BONES 1
BONE 1 1.000000

VERT 219
OFFSET -0.459655 2.694558 37.502666
BONES 1
BONE 1 1.000000

VERT 220
OFFSET 0.292094 0.103354 36.304077
BONES 1
BONE 1 1.000000

VERT 221
OFFSET 0.128046 1.431456 36.687069
BONES 1
BONE 1 1.000000

VERT 222
OFFSET 0.524090 1.317866 41.357513
BONES 2
BONE 1 0.221660
BONE 14 0.778340

VERT 223
OFFSET -1.176701 -4.594600 37.522793
BONES 3
BONE 7 0.038680
BONE 1 0.693967
BONE 15 0.267354

VERT 224
OFFSET -1.176567 4.594124 37.524139
BONES 2
BONE 2 0.040394
BONE 1 0.959606

VERT 225
OFFSET -0.703942 3.855941 37.252258
BONES 2
BONE 1 0.941292
BONE 2 0.058709

VERT 226
OFFSET -2.474487 2.285208 0.541575
BONES 1
BONE 4 1.000000

VERT 227
OFFSET -2.702731 4.193010 0.754989
BONES 1
BONE 4 1.000000

VERT 228
OFFSET -4.056056 4.054049 1.908242
BONES 1
BONE 4 1.000000

VERT 229
OFFSET -5.607803 4.212429 2.993999
BONES 1
BONE 4 1.000000

VERT 230
OFFSET -6.453420 3.910640 3.363226
BONES 1
BONE 4 1.000000

VERT 231
OFFSET -5.899951 3.417587 0.155679
BONES 1
BONE 4 1.000000

VERT 232
OFFSET -6.846406 3.287428 3.514547
BONES 1
BONE 4 1.000000

VERT 233
OFFSET -5.880416 2.014355 3.096782
BONES 1
BONE 4 1.000000

VERT 234
OFFSET -5.977431 2.859181 0.149535
BONES 1
BONE 4 1.000000

VERT 235
OFFSET -4.645329 2.335013 2.122594
BONES 1
BONE 4 1.000000

VERT 236
OFFSET -4.696654 3.881401 2.019828
BONES 1
BONE 4 1.000000

VERT 237
OFFSET -5.000617 2.696319 0.100634
BONES 1
BONE 4 1.000000

VERT 238
OFFSET -4.994418 3.519072 0.093974
BONES 1
BONE 4 1.000000

VERT 239
OFFSET -1.521087 2.001755 0.132893
BONES 2
BONE 5 0.006137
BONE 4 0.993863

VERT 240
OFFSET 2.108494 2.587359 0.139095
BONES 1
BONE 5 1.000000

VERT 241
OFFSET 2.133376 3.588940 0.313325
BONES 1
BONE 5 1.000000

VERT 242
OFFSET 2.335367 3.375751 0.102769
BONES 1
BONE 5 1.000000

VERT 243
OFFSET -2.474557 -2.285204 0.541491
BONES 1
BONE 9 1.000000

VERT 244
OFFSET -4.174127 -2.106578 2.360557
BONES 1
BONE 9 1.000000

VERT 245
OFFSET -6.846335 -2.928537 3.489567
BONES 1
BONE 9 1.000000

VERT 246
OFFSET -6.457063 -2.216528 3.755652
BONES 2
BONE 8 0.056235
BONE 9 0.943765

VERT 247
OFFSET -5.819148 -2.767741 0.135742
BONES 1
BONE 9 1.000000

VERT 248
OFFSET -4.645379 -2.335015 2.122536
BONES 1
BONE 9 1.000000

VERT 249
OFFSET -5.599937 -2.004179 2.998573
BONES 1
BONE 9 1.000000

VERT 250
OFFSET -5.000388 -2.696790 0.099234
BONES 1
BONE 9 1.000000

VERT 251
OFFSET -4.995059 -3.519714 0.095617
BONES 1
BONE 9 1.000000

VERT 252
OFFSET -4.696705 -3.881403 2.019767
BONES 1
BONE 9 1.000000

VERT 253
OFFSET -2.702789 -4.193009 0.754899
BONES 1
BONE 9 1.000000

VERT 254
OFFSET -5.391026 -4.197887 2.831567
BONES 1
BONE 9 1.000000

VERT 255
OFFSET -5.808066 -3.455670 0.139097
BONES 1
BONE 9 1.000000

VERT 256
OFFSET -6.053505 -3.098560 0.178278
BONES 1
BONE 9 1.000000

VERT 257
OFFSET 1.673375 -3.995170 0.243046
BONES 1
BONE 10 1.000000

VERT 258
OFFSET 2.133306 -3.588935 0.313184
BONES 1
BONE 10 1.000000

VERT 259
OFFSET 2.335294 -3.375746 0.102623
BONES 1
BONE 10 1.000000

VERT 260
OFFSET -1.521157 -2.001753 0.132795
BONES 2
BONE 10 0.005879
BONE 9 0.994121

VERT 261
OFFSET 0.294625 18.813009 41.970455
BONES 1
BONE 34 1.000000

VERT 262
OFFSET -0.258534 18.496498 41.867260
BONES 2
BONE 21 0.522876
BONE 34 0.477124

VERT 263
OFFSET -0.317475 18.977987 41.731705
BONES 1
BONE 21 1.000000

VERT 264
OFFSET 0.362291 18.461802 42.068321
BONES 1
BONE 34 1.000000

VERT 265
OFFSET 0.028731 18.202892 41.668167
BONES 2
BONE 34 0.500000
BONE 21 0.500000

VERT 266
OFFSET -0.643063 18.199755 41.534580
BONES 1
BONE 21 1.000000

VERT 267
OFFSET -0.185313 17.784697 41.893795
BONES 2
BONE 34 0.500000
BONE 21 0.500000

VERT 268
OFFSET -0.426259 17.410753 42.495445
BONES 2
BONE 34 0.236678
BONE 21 0.763322

VERT 269
OFFSET -0.720604 17.414225 41.482670
BONES 1
BONE 21 1.000000

VERT 270
OFFSET -1.135390 17.129787 42.577335
BONES 3
BONE 20 0.000340
BONE 39 0.243163
BONE 21 0.756498

VERT 271
OFFSET -2.033914 17.783457 41.754982
BONES 1
BONE 21 1.000000

VERT 272
OFFSET -1.899550 18.950375 41.436604
BONES 1
BONE 21 1.000000

VERT 273
OFFSET -0.970921 19.066065 41.773537
BONES 1
BONE 21 1.000000

VERT 274
OFFSET -1.619948 17.023827 42.413681
BONES 2
BONE 39 0.334632
BONE 21 0.665369

VERT 275
OFFSET -2.448714 18.111362 42.121235
BONES 1
BONE 21 1.000000

VERT 276
OFFSET 0.003369 18.235947 42.316307
BONES 2
BONE 34 0.641695
BONE 21 0.358305

VERT 277
OFFSET -0.190279 18.641685 42.390965
BONES 2
BONE 21 0.160471
BONE 34 0.839529

VERT 278
OFFSET -0.235590 19.042868 42.218960
BONES 1
BONE 21 1.000000

VERT 279
OFFSET 0.374258 18.576826 42.365158
BONES 1
BONE 34 1.000000

VERT 280
OFFSET -1.079753 17.979290 42.907558
BONES 2
BONE 39 0.046979
BONE 21 0.953021

VERT 281
OFFSET -1.935808 17.501638 43.080116
BONES 2
BONE 39 0.382375
BONE 21 0.617625

VERT 282
OFFSET -1.265099 19.287718 42.197296
BONES 1
BONE 21 1.000000

VERT 283
OFFSET -2.252783 19.231398 41.869324
BONES 1
BONE 21 1.000000

VERT 284
OFFSET -1.418758 -4.296368 0.151644
BONES 2
BONE 10 0.003005
BONE 9 0.996995

VERT 285
OFFSET 0.174687 1.833987 0.204689
BONES 2
BONE 4 0.232338
BONE 5 0.767662

VERT 286
OFFSET -4.174087 2.106575 2.360628
BONES 1
BONE 4 1.000000

VERT 287
OFFSET -0.051595 -4.381216 0.187045
BONES 2
BONE 10 0.653411
BONE 9 0.346589

VERT 288
OFFSET -1.418677 4.296370 0.151745
BONES 2
BONE 5 0.003114
BONE 4 0.996886

VERT 289
OFFSET -0.051515 4.381219 0.187164
BONES 2
BONE 5 0.665033
BONE 4 0.334967

VERT 290
OFFSET 1.673446 3.995175 0.243187
BONES 1
BONE 5 1.000000

VERT 291
OFFSET -2.156187 -17.603550 41.780769
BONES 3
BONE 59 0.135406
BONE 46 0.482788
BONE 65 0.381806

VERT 292
OFFSET -4.253955 -14.363259 43.000206
BONES 2
BONE 65 0.779428
BONE 45 0.220572

VERT 293
OFFSET -3.356469 -17.359388 41.788471
BONES 3
BONE 65 0.741350
BONE 46 0.258212
BONE 45 0.000438

VERT 294
OFFSET -3.620169 -19.796658 40.752102
BONES 2
BONE 53 0.379870
BONE 46 0.620130

VERT 295
OFFSET -2.332416 -17.944403 41.406399
BONES 3
BONE 59 0.233393
BONE 46 0.733180
BONE 65 0.033427

VERT 296
OFFSET -3.499864 -17.999533 41.318119
BONES 2
BONE 46 0.916795
BONE 65 0.083205

VERT 297
OFFSET -2.961270 -18.434864 41.070030
BONES 1
BONE 46 1.000000

VERT 298
OFFSET -1.516334 -19.318735 40.821068
BONES 3
BONE 59 0.169583
BONE 46 0.792700
BONE 60 0.037717

VERT 299
OFFSET -1.528364 -18.277082 41.057018
BONES 2
BONE 59 0.840643
BONE 46 0.159357

VERT 300
OFFSET -1.300798 -19.272060 41.289200
BONES 3
BONE 46 0.417631
BONE 59 0.478318
BONE 60 0.104052

VERT 301
OFFSET -1.995040 -20.256840 40.742123
BONES 3
BONE 46 0.206509
BONE 50 0.311608
BONE 47 0.481882

VERT 302
OFFSET -2.403799 -20.044252 41.038078
BONES 3
BONE 56 0.229053
BONE 50 0.399088
BONE 46 0.371858

VERT 303
OFFSET -1.605703 -19.999523 41.099316
BONES 3
BONE 47 0.434404
BONE 46 0.501074
BONE 59 0.064522

VERT 304
OFFSET -3.326747 -17.885979 42.550865
BONES 2
BONE 65 0.754064
BONE 46 0.245936

VERT 305
OFFSET -2.403719 -17.955791 42.576874
BONES 2
BONE 46 0.426940
BONE 65 0.573060

VERT 306
OFFSET -2.058999 -17.681873 42.361095
BONES 4
BONE 59 0.025867
BONE 46 0.332934
BONE 65 0.641158
BONE 45 0.000041

VERT 307
OFFSET -1.243367 -18.782467 41.552063
BONES 3
BONE 60 0.101559
