// Export time: Thu Nov 19 21:48:45 2020

// Exported using Blender v2.90.1
// Export filename: 'E:/blackops3/mod_xmodel/iw4/m4_sopmod_ii/ch_coop_body_gk_m4_sopmod_ii_lod3.XMODEL_EXPORT'
// Source filename: 'E:/blackops3/mod_xmodel/iw4/m4_sopmod_ii/m4_sopmod_ii.blend'
MODEL
VERSION 6

NUMBONES 78
BONE 0 -1 "tag_origin"
BONE 1 0 "j_mainroot"
BONE 2 1 "j_hip_le"
BONE 3 2 "j_knee_le"
BONE 4 3 "j_ankle_le"
BONE 5 4 "j_ball_le"
BONE 6 2 "skirt_1_1"
BONE 7 1 "j_hip_ri"
BONE 8 7 "j_knee_ri"
BONE 9 8 "j_ankle_ri"
BONE 10 9 "j_ball_ri"
BONE 11 7 "skirt_1_4"
BONE 12 1 "tag_stowed_hip_rear"
BONE 13 1 "torso_stabilizer"
BONE 14 13 "j_spinelower"
BONE 15 14 "j_spineupper"
BONE 16 15 "j_spine4"
BONE 17 16 "j_clavicle_le"
BONE 18 17 "j_shoulder_le"
BONE 19 18 "j_elbow_bulge_le"
BONE 20 18 "j_elbow_le"
BONE 21 20 "j_wrist_le"
BONE 22 21 "j_index_le_1"
BONE 23 22 "j_index_le_2"
BONE 24 23 "j_index_le_3"
BONE 25 21 "j_mid_le_1"
BONE 26 25 "j_mid_le_2"
BONE 27 26 "j_mid_le_3"
BONE 28 21 "j_pinky_le_1"
BONE 29 28 "j_pinky_le_2"
BONE 30 29 "j_pinky_le_3"
BONE 31 21 "j_ring_le_1"
BONE 32 31 "j_ring_le_2"
BONE 33 32 "j_ring_le_3"
BONE 34 21 "j_thumb_le_1"
BONE 35 34 "j_thumb_le_2"
BONE 36 35 "j_thumb_le_3"
BONE 37 21 "j_wrist_le1"
BONE 38 37 "tag_weapon_left"
BONE 39 20 "j_wristtwist_le"
BONE 40 18 "j_shouldertwist_le"
BONE 41 40 "tag_reflector_arm_le"
BONE 42 16 "j_clavicle_ri"
BONE 43 42 "j_shoulder_ri"
BONE 44 43 "j_elbow_bulge_ri"
BONE 45 43 "j_elbow_ri"
BONE 46 45 "j_wrist_ri"
BONE 47 46 "j_index_ri_1"
BONE 48 47 "j_index_ri_2"
BONE 49 48 "j_index_ri_3"
BONE 50 46 "j_mid_ri_1"
BONE 51 50 "j_mid_ri_2"
BONE 52 51 "j_mid_ri_3"
BONE 53 46 "j_pinky_ri_1"
BONE 54 53 "j_pinky_ri_2"
BONE 55 54 "j_pinky_ri_3"
BONE 56 46 "j_ring_ri_1"
BONE 57 56 "j_ring_ri_2"
BONE 58 57 "j_ring_ri_3"
BONE 59 46 "j_thumb_ri_1"
BONE 60 59 "j_thumb_ri_2"
BONE 61 60 "j_thumb_ri_3"
BONE 62 46 "j_wrist_ri1"
BONE 63 62 "j_gun"
BONE 64 62 "tag_weapon_right"
BONE 65 45 "j_wristtwist_ri"
BONE 66 43 "j_shouldertwist_ri"
BONE 67 66 "tag_reflector_arm_ri"
BONE 68 16 "j_shoulderraise_le"
BONE 69 16 "j_shoulderraise_ri"
BONE 70 16 "tag_bipod"
BONE 71 16 "tag_inhand"
BONE 72 16 "tag_shield_back"
BONE 73 16 "tag_stowed_back"
BONE 74 16 "tag_weapon_chest"
BONE 75 16 "j_neck"
BONE 76 75 "j_head"
BONE 77 0 "tag_sync"

BONE 0
OFFSET 0.000000 0.000000 0.000000
SCALE 1.000000 1.000000 1.000000
X 1.000000 0.000000 0.000000
Y 0.000000 1.000000 0.000000
Z 0.000000 0.000000 1.000000

BONE 1
OFFSET -3.152210 -0.000291 37.819904
SCALE 1.000000 1.000000 1.000000
X -0.024713 -0.000056 0.999695
Y 0.999695 0.000059 0.024713
Z -0.000061 1.000000 0.000055

BONE 2
OFFSET -3.299106 3.278727 34.842621
SCALE 1.000000 1.000000 1.000000
X -0.013009 -0.055590 -0.998369
Y 0.999908 -0.004527 -0.012777
Z -0.003809 -0.998443 0.055644

BONE 3
OFFSET -3.474360 2.531990 21.432877
SCALE 1.000000 1.000000 1.000000
X -0.132025 0.029810 -0.990798
Y 0.991133 -0.011148 -0.132406
Z -0.014992 -0.999493 -0.028074

BONE 4
OFFSET -5.636589 3.020158 5.207932
SCALE 1.000000 1.000000 1.000000
X 0.007843 0.036345 -0.999309
Y 0.999949 0.006158 0.008071
Z 0.006447 -0.999320 -0.036295

BONE 5
OFFSET -0.331582 3.309585 0.276089
SCALE 1.000000 1.000000 1.000000
X 0.983407 -0.000245 0.181415
Y -0.181301 -0.036856 0.982737
Z 0.006445 -0.999320 -0.036289

BONE 6
OFFSET -2.817404 6.285893 35.285961
SCALE 1.000000 1.000000 1.000000
X -0.036475 0.942132 0.333252
Y 0.980785 0.097703 -0.168865
Z -0.191653 0.320689 -0.927592

BONE 7
OFFSET -3.300126 -3.597496 34.834026
SCALE 1.000000 1.000000 1.000000
X 0.012763 -0.078757 0.996685
Y -0.999918 -0.000133 0.012799
Z -0.000876 -0.996893 -0.078762

BONE 8
OFFSET -3.471890 -2.539622 21.443760
SCALE 1.000000 1.000000 1.000000
X 0.131885 0.032420 0.990610
Y -0.991169 -0.009575 0.132248
Z 0.013774 -0.999428 0.030847

BONE 9
OFFSET -5.631028 -3.070626 5.218025
SCALE 1.000000 1.000000 1.000000
X -0.008476 -0.027065 0.999471
Y -0.999939 0.007349 -0.008270
Z -0.007123 -0.999606 -0.027142

BONE 10
OFFSET -0.323317 -3.050078 0.280731
SCALE 1.000000 1.000000 1.000000
X -0.983293 0.011951 -0.181605
Y 0.181889 0.025477 -0.982866
Z -0.007121 -0.999603 -0.027241

BONE 11
OFFSET -3.263102 -6.258561 35.382057
SCALE 1.000000 1.000000 1.000000
X -0.165495 0.942241 -0.291151
Y 0.967394 0.097696 -0.233651
Z -0.191727 -0.320380 -0.927572

BONE 12
OFFSET -8.276781 -2.306064 32.538326
SCALE 1.000000 1.000000 1.000000
X -0.188048 0.137984 0.972419
Y 0.149137 -0.974590 0.167132
Z 0.970771 0.176452 0.162691

BONE 13
OFFSET -3.152210 -0.000291 37.819901
SCALE 1.000000 1.000000 1.000000
X 1.000000 -0.000000 0.000004
Y 0.000000 1.000000 0.000000
Z -0.000004 -0.000000 1.000000

BONE 14
OFFSET -2.321689 0.000022 40.011215
SCALE 1.000000 1.000000 1.000000
X -0.029886 -0.000054 0.999553
Y 0.999553 0.000059 0.029886
Z -0.000060 1.000000 0.000052

BONE 15
OFFSET -2.323063 -0.000189 43.775990
SCALE 1.000000 1.000000 1.000000
X 0.020430 -0.000062 0.999791
Y 0.999791 0.000062 -0.020430
Z -0.000060 1.000000 0.000063

BONE 16
OFFSET -2.267035 -0.000394 47.387978
SCALE 1.000000 1.000000 1.000000
X 0.046998 -0.000058 0.998895
Y 0.998895 0.000063 -0.046998
Z -0.000060 1.000000 0.000061

BONE 17
OFFSET -4.262136 1.573653 51.095459
SCALE 1.000000 1.000000 1.000000
X 0.022187 0.996979 0.073430
Y -0.999643 0.021028 0.016499
Z 0.014905 -0.073671 0.997136

BONE 18
OFFSET -4.229924 4.651237 50.735752
SCALE 1.000000 1.000000 1.000000
X 0.192166 0.807511 -0.557485
Y -0.976939 0.211291 -0.030622
Z 0.093074 0.550563 0.829588

BONE 19
OFFSET -3.168042 10.762033 46.688110
SCALE 1.000000 1.000000 1.000000
X 0.809908 0.442302 -0.385159
Y -0.579105 0.707307 -0.405225
Z 0.093204 0.551292 0.829089

BONE 20
OFFSET -3.053844 10.699053 46.717163
SCALE 1.000000 1.000000 1.000000
X 0.188632 0.855695 -0.481658
Y -0.979064 0.202070 -0.024354
Z 0.076498 0.476226 0.875989

BONE 21
OFFSET -1.657648 16.849979 43.105492
SCALE 1.000000 1.000000 1.000000
X 0.075827 0.823256 -0.562392
Y 0.208382 -0.564692 -0.798560
Z -0.975104 -0.056659 -0.214387

BONE 22
OFFSET -0.441085 19.376804 41.998322
SCALE 1.000000 1.000000 1.000000
X 0.138111 0.850656 -0.507046
Y 0.076614 -0.519648 -0.850938
Z -0.987449 0.078658 -0.136940

BONE 23
OFFSET -0.290862 20.302996 41.446194
SCALE 1.000000 1.000000 1.000000
X 0.133728 0.878996 -0.457459
Y 0.084336 -0.470084 -0.878583
Z -0.987423 0.078892 -0.136994

BONE 24
OFFSET -0.207815 20.850252 41.161339
SCALE 1.000000 1.000000 1.000000
X 0.373648 0.755032 -0.538636
Y 0.062721 -0.599978 -0.797552
Z -0.925448 0.264178 -0.271526

BONE 25
OFFSET -1.059164 19.379314 41.848289
SCALE 1.000000 1.000000 1.000000
X 0.168731 0.835099 -0.523381
Y 0.221551 -0.549590 -0.805521
Z -0.960440 0.019931 -0.277762

BONE 26
OFFSET -0.877240 20.280468 41.283535
SCALE 1.000000 1.000000 1.000000
X 0.176370 0.862431 -0.474232
Y 0.230157 -0.504618 -0.832099
Z -0.957038 0.037578 -0.287505

BONE 27
OFFSET -0.738737 20.959440 40.910133
SCALE 1.000000 1.000000 1.000000
X 0.253146 0.734620 -0.629328
Y 0.184185 -0.675252 -0.714212
Z -0.949733 0.064853 -0.306253

BONE 28
OFFSET -2.115785 19.038410 41.569706
SCALE 1.000000 1.000000 1.000000
X 0.162075 0.854275 -0.493695
Y 0.256905 -0.519639 -0.814846
Z -0.952750 0.005202 -0.303703

BONE 29
OFFSET -2.008386 19.604994 41.242245
SCALE 1.000000 1.000000 1.000000
X 0.161944 0.855175 -0.492176
Y 0.257205 -0.518153 -0.815698
Z -0.952691 0.005476 -0.303881

BONE 30
OFFSET -1.922902 20.057701 40.981678
SCALE 1.000000 1.000000 1.000000
X 0.236103 0.643063 -0.728382
Y 0.191618 -0.765689 -0.613985
Z -0.952648 0.005362 -0.304018

BONE 31
OFFSET -1.621719 19.352716 41.667095
SCALE 1.000000 1.000000 1.000000
X 0.186458 0.866332 -0.463132
Y 0.281765 -0.498807 -0.819634
Z -0.941192 0.022298 -0.337124

BONE 32
OFFSET -1.471154 20.052818 41.292755
SCALE 1.000000 1.000000 1.000000
X 0.193467 0.815035 -0.545967
Y 0.262735 -0.579243 -0.771651
Z -0.945273 0.005811 -0.326218

BONE 33
OFFSET -1.328363 20.656033 40.888676
SCALE 1.000000 1.000000 1.000000
X 0.195197 0.739669 -0.643883
Y 0.242659 -0.672558 -0.699122
Z -0.950271 -0.019807 -0.310786

BONE 34
OFFSET -0.479754 17.645643 42.699753
SCALE 1.000000 1.000000 1.000000
X 0.582450 0.721216 -0.374777
Y -0.802362 0.583992 -0.122873
Z 0.130263 0.372342 0.918906

BONE 35
OFFSET 0.271582 18.576471 42.215061
SCALE 1.000000 1.000000 1.000000
X 0.459337 0.774490 -0.434746
Y -0.874599 0.479864 -0.069001
Z 0.155195 0.411987 0.897875

BONE 36
OFFSET 0.659817 19.231552 41.847122
SCALE 1.000000 1.000000 1.000000
X 0.527035 0.500074 -0.687043
Y -0.770032 0.623045 -0.137052
Z 0.359563 0.601313 0.713535

BONE 37
OFFSET 0.748241 14.994770 43.315819
SCALE 1.000000 1.000000 1.000000
X 0.075749 0.823250 -0.562410
Y 0.208384 -0.564693 -0.798559
Z -0.975110 -0.056726 -0.214343

BONE 38
OFFSET 24.969488 -8.149157 26.061544
SCALE 1.000000 1.000000 1.000000
X 0.632320 0.744019 -0.215605
Y -0.660966 0.663319 0.350853
Z 0.404100 -0.079251 0.911242

BONE 39
OFFSET -2.066376 15.049090 44.162727
SCALE 1.000000 1.000000 1.000000
X 0.188651 0.855778 -0.481502
Y -0.979063 0.202077 -0.024353
Z 0.076468 0.476073 0.876075

BONE 40
OFFSET -4.174263 4.885051 50.574005
SCALE 1.000000 1.000000 1.000000
X 0.192082 0.806987 -0.558272
Y -0.976938 0.211295 -0.030622
Z 0.093259 0.551329 0.829058

BONE 41
OFFSET -3.735487 5.979939 51.421902
SCALE 1.000000 1.000000 1.000000
X 0.144339 0.250655 0.957247
Y -0.984824 -0.057820 0.163629
Z 0.096371 -0.966264 0.238426

BONE 42
OFFSET -4.138887 -1.574783 50.991966
SCALE 1.000000 1.000000 1.000000
X -0.019468 0.997196 -0.072253
Y 0.999656 0.018144 -0.018930
Z -0.017565 -0.072597 -0.997207

BONE 43
OFFSET -4.389643 -4.319119 51.127197
SCALE 1.000000 1.000000 1.000000
X -0.131624 0.811471 0.569376
Y 0.985613 0.168565 -0.012392
Z -0.106032 0.559553 -0.821984

BONE 44
OFFSET -3.725564 -10.963524 46.666553
SCALE 1.000000 1.000000 1.000000
X -0.771742 0.474917 0.422928
Y 0.627016 0.679248 0.381409
Z -0.106135 0.559532 -0.821985

BONE 45
OFFSET -3.597631 -10.900830 46.692715
SCALE 1.000000 1.000000 1.000000
X -0.084423 0.848065 0.523123
Y 0.991221 0.125087 -0.042820
Z -0.101750 0.514916 -0.851181

BONE 46
OFFSET -2.858582 -17.973349 42.151577
SCALE 1.000000 1.000000 1.000000
X -0.049258 0.773251 0.632184
Y -0.042559 -0.634002 0.772159
Z 0.997879 0.011130 0.064139

BONE 47
OFFSET -1.717601 -20.101406 40.825306
SCALE 1.000000 1.000000 1.000000
X -0.120165 0.805976 0.579622
Y 0.088593 -0.572818 0.814881
Z 0.988793 0.149271 -0.002571

BONE 48
OFFSET -1.577855 -21.038946 40.150948
SCALE 1.000000 1.000000 1.000000
X -0.145096 0.820811 0.552464
Y 0.084606 -0.546035 0.833479
Z 0.985794 0.167676 0.009782

BONE 49
OFFSET -1.484171 -21.568657 39.794540
SCALE 1.000000 1.000000 1.000000
X -0.237682 0.826115 0.510923
Y 0.077941 -0.508080 0.857776
Z 0.968211 0.243700 0.056373

BONE 50
OFFSET -2.317018 -20.161144 40.735897
SCALE 1.000000 1.000000 1.000000
X -0.106469 0.850902 0.514422
Y -0.080088 -0.523021 0.848549
Z 0.991085 0.049146 0.123832

BONE 51
OFFSET -2.200949 -21.089109 40.174953
SCALE 1.000000 1.000000 1.000000
X -0.110283 0.781116 0.614569
Y -0.066471 -0.622753 0.779589
Z 0.991675 0.045124 0.120600

BONE 52
OFFSET -2.109090 -21.739334 39.663414
SCALE 1.000000 1.000000 1.000000
X -0.109521 0.788089 0.605740
Y -0.067764 -0.613907 0.786464
Z 0.991672 0.045087 0.120639

BONE 53
OFFSET -3.434213 -19.880083 40.684830
SCALE 1.000000 1.000000 1.000000
X -0.107816 0.818522 0.564266
Y -0.095018 -0.573460 0.813704
Z 0.989620 0.034115 0.139602

BONE 54
OFFSET -3.355565 -20.476831 40.273487
SCALE 1.000000 1.000000 1.000000
X -0.114211 0.776616 0.619535
Y -0.087277 -0.629048 0.772451
Z 0.989615 0.034151 0.139625

BONE 55
OFFSET -3.293977 -20.896135 39.939049
SCALE 1.000000 1.000000 1.000000
X -0.069662 0.801378 0.594088
Y -0.064668 -0.597910 0.798951
Z 0.995472 0.017238 0.093475

BONE 56
OFFSET -2.880315 -20.150282 40.747421
SCALE 1.000000 1.000000 1.000000
X -0.102012 0.781280 0.615787
Y -0.123685 -0.624175 0.771432
Z 0.987064 0.002532 0.160306

BONE 57
OFFSET -2.789632 -20.845341 40.199635
SCALE 1.000000 1.000000 1.000000
X -0.135694 0.767116 0.626992
Y -0.121387 -0.640950 0.757923
Z 0.983286 0.026737 0.180091

BONE 58
OFFSET -2.683291 -21.445969 39.708675
SCALE 1.000000 1.000000 1.000000
X -0.113105 0.864882 0.489065
Y -0.142705 -0.501261 0.853447
Z 0.983281 0.026737 0.180118

BONE 59
OFFSET -1.712857 -18.562397 41.591446
SCALE 1.000000 1.000000 1.000000
X -0.605977 0.628001 0.488270
Y 0.666225 0.065265 0.742890
Z 0.434668 0.775471 -0.457939

BONE 60
OFFSET -0.950690 -19.352388 40.977028
SCALE 1.000000 1.000000 1.000000
X -0.460832 0.749910 0.474625
Y 0.721190 0.004753 0.692721
Z 0.517222 0.661523 -0.543018

BONE 61
OFFSET -0.517463 -20.057568 40.530716
SCALE 1.000000 1.000000 1.000000
X -0.279998 0.779449 0.560411
Y 0.802959 -0.129809 0.581727
Z 0.526173 0.612870 -0.589519

BONE 62
OFFSET -5.126215 -20.006580 42.145775
SCALE 1.000000 1.000000 1.000000
X -0.049258 0.773251 0.632184
Y -0.042559 -0.634002 0.772159
Z 0.997879 0.011130 0.064139

BONE 63
OFFSET -10.041180 -26.690880 41.170776
SCALE 1.000000 1.000000 1.000000
X 0.644137 -0.671511 -0.366278
Y 0.549805 0.739375 -0.388636
Z 0.531790 0.048954 0.845459

BONE 64
OFFSET -10.041180 -26.690880 41.170776
SCALE 1.000000 1.000000 1.000000
X 0.644348 -0.671029 -0.366792
Y 0.523737 0.736714 -0.427728
Z 0.557238 0.083503 0.826143

BONE 65
OFFSET -3.074955 -15.902756 43.481087
SCALE 1.000000 1.000000 1.000000
X -0.084431 0.848066 0.523121
Y 0.991220 0.125096 -0.042820
Z -0.101755 0.514913 -0.851182

BONE 66
OFFSET -4.352432 -4.548555 50.966209
SCALE 1.000000 1.000000 1.000000
X -0.131631 0.811470 0.569376
Y 0.985611 0.168574 -0.012392
Z -0.106038 0.559552 -0.821984

BONE 67
OFFSET -3.888006 -5.760384 51.858662
SCALE 1.000000 1.000000 1.000000
X 0.104365 -0.326384 0.939458
Y 0.974575 -0.154756 -0.162031
Z 0.198271 0.932483 0.301934

BONE 68
OFFSET -2.137930 3.539704 53.634155
SCALE 1.000000 1.000000 1.000000
X -0.019311 -0.997191 -0.072369
Y 0.999659 -0.017985 -0.018931
Z 0.017576 -0.072710 0.997198

BONE 69
OFFSET -2.137502 -3.541181 53.633862
SCALE 1.000000 1.000000 1.000000
X 0.022413 -0.997199 0.072567
Y -0.999638 -0.021271 0.016501
Z -0.014910 -0.073028 -0.997261

BONE 70
OFFSET 14.878456 -25.083488 29.456875
SCALE 1.000000 1.000000 1.000000
X 1.000000 -0.000002 0.000086
Y 0.000002 1.000000 0.000003
Z -0.000086 -0.000003 1.000000

BONE 71
OFFSET 9.855204 -25.084299 36.107239
SCALE 1.000000 1.000000 1.000000
X -0.000086 1.000000 0.000132
Y 0.764281 0.000150 -0.644884
Z -0.644884 0.000046 -0.764280

BONE 72
OFFSET -9.675327 0.703931 47.737419
SCALE 1.000000 1.000000 1.000000
X -0.989754 -0.000189 0.142783
Y 0.000191 -1.000000 -0.000000
Z 0.142783 0.000027 0.989754

BONE 73
OFFSET -8.050386 -4.044006 45.869473
SCALE 1.000000 1.000000 1.000000
X -0.006982 0.025916 -0.999639
Y -0.984168 -0.177220 0.002280
Z -0.177094 0.983822 0.026747

BONE 74
OFFSET 9.855204 -25.084299 36.107239
SCALE 1.000000 1.000000 1.000000
X 1.000000 -0.000002 0.000086
Y 0.000002 1.000000 0.000003
Z -0.000086 -0.000003 1.000000

BONE 75
OFFSET -4.135254 -0.001729 53.757359
SCALE 1.000000 1.000000 1.000000
X 0.264608 0.000009 0.964356
Y 0.964356 -0.000000 -0.264608
Z -0.000002 1.000000 -0.000009

BONE 76
OFFSET -3.774027 -0.001729 55.383183
SCALE 1.000000 1.000000 1.000000
X 0.170369 0.000000 0.985380
Y 0.985380 -0.000000 -0.170369
Z 0.000000 1.000000 -0.000001

BONE 77
OFFSET -0.002006 0.000000 -0.000000
SCALE 1.000000 1.000000 1.000000
X -1.000000 0.000000 0.000000
Y 0.000000 -1.000000 0.000000
Z 0.000000 0.000000 1.000000


NUMVERTS 990
VERT 0
OFFSET -2.513486 0.313304 32.205132
BONES 2
BONE 2 0.896145
BONE 1 0.103855

VERT 1
OFFSET -5.465807 1.437646 32.431248
BONES 2
BONE 2 0.562096
BONE 1 0.437904

VERT 2
OFFSET -6.748064 0.005957 34.308170
BONES 2
BONE 1 0.832991
BONE 2 0.167009

VERT 3
OFFSET -6.099202 3.758810 32.414627
BONES 2
BONE 2 0.550005
BONE 1 0.449995

VERT 4
OFFSET -6.825074 3.560507 33.614567
BONES 2
BONE 2 0.287140
BONE 1 0.712860

VERT 5
OFFSET -5.471629 5.598774 34.265625
BONES 2
BONE 2 0.386391
BONE 1 0.613609

VERT 6
OFFSET -1.662962 5.934893 33.500919
BONES 2
BONE 1 0.123571
BONE 2 0.876429

VERT 7
OFFSET -1.868565 5.072279 27.786129
BONES 1
BONE 2 1.000000

VERT 8
OFFSET -3.776261 6.237922 34.381420
BONES 2
BONE 1 0.411127
BONE 2 0.588873

VERT 9
OFFSET 0.030619 3.784947 31.435619
BONES 2
BONE 2 0.930187
BONE 1 0.069813

VERT 10
OFFSET -0.863755 1.069334 32.528450
BONES 2
BONE 1 0.077093
BONE 2 0.922907

VERT 11
OFFSET -1.968539 0.814774 33.879829
BONES 2
BONE 1 0.994965
BONE 2 0.005035

VERT 12
OFFSET -0.507088 2.353202 35.582088
BONES 2
BONE 2 0.182036
BONE 1 0.817964

VERT 13
OFFSET -0.877684 0.473814 34.224083
BONES 1
BONE 1 1.000000

VERT 14
OFFSET -4.002199 0.581859 33.987690
BONES 2
BONE 1 0.592735
BONE 2 0.407265

VERT 15
OFFSET -3.594278 -0.672712 34.012634
BONES 2
BONE 1 0.931934
BONE 7 0.068066

VERT 16
OFFSET -1.412479 -0.591124 33.862907
BONES 1
BONE 1 1.000000

VERT 17
OFFSET -0.553917 -2.156391 35.318680
BONES 2
BONE 1 0.899245
BONE 7 0.100755

VERT 18
OFFSET -4.100671 -4.994849 37.891125
BONES 4
BONE 14 0.007183
BONE 1 0.898480
BONE 15 0.093886
BONE 7 0.000451

VERT 19
OFFSET -7.303397 -2.782367 36.703121
BONES 2
BONE 7 0.016563
BONE 1 0.983437

VERT 20
OFFSET -6.425712 -4.276889 37.033047
BONES 3
BONE 7 0.010866
BONE 1 0.968128
BONE 14 0.021007

VERT 21
OFFSET -6.958496 -0.841902 37.137772
BONES 1
BONE 1 1.000000

VERT 22
OFFSET -7.302334 2.781795 36.705536
BONES 3
BONE 2 0.016361
BONE 1 0.827705
BONE 15 0.155935

VERT 23
OFFSET -6.958499 0.841902 37.137768
BONES 2
BONE 1 0.779818
BONE 15 0.220182

VERT 24
OFFSET -7.310826 1.011930 34.110458
BONES 2
BONE 2 0.174137
BONE 1 0.825863

VERT 25
OFFSET -1.782476 1.508163 21.121284
BONES 2
BONE 3 0.342517
BONE 2 0.657483

VERT 26
OFFSET -2.582838 3.801918 20.539869
BONES 2
BONE 2 0.456303
BONE 3 0.543697

VERT 27
OFFSET -4.687097 3.282812 22.331348
BONES 2
BONE 3 0.134045
BONE 2 0.865955

VERT 28
OFFSET -4.624343 3.678615 20.971766
BONES 2
BONE 2 0.103152
BONE 3 0.870210

VERT 29
OFFSET -3.657021 4.133352 22.955956
BONES 3
BONE 1 0.000032
BONE 2 0.978658
BONE 3 0.021310

VERT 30
OFFSET -1.637943 2.818652 21.786909
BONES 2
BONE 3 0.200339
BONE 2 0.799661

VERT 31
OFFSET -4.879317 2.220933 21.826946
BONES 2
BONE 3 0.505578
BONE 2 0.455554

VERT 32
OFFSET -6.709082 4.465168 17.234655
BONES 1
BONE 3 1.000000

VERT 33
OFFSET -2.911325 2.242202 18.343151
BONES 2
BONE 2 0.001542
BONE 3 0.998458

VERT 34
OFFSET -3.108876 0.684520 21.025055
BONES 2
BONE 3 0.520627
BONE 2 0.479373

VERT 35
OFFSET -1.635753 3.936260 0.142469
BONES 2
BONE 4 0.902011
BONE 5 0.097989

VERT 36
OFFSET -3.420057 2.081034 2.700928
BONES 1
BONE 4 1.000000

VERT 37
OFFSET -3.901991 3.915360 2.245283
BONES 1
BONE 4 1.000000

VERT 38
OFFSET -6.105173 3.764961 2.728842
BONES 1
BONE 4 1.000000

VERT 39
OFFSET 0.895449 3.624699 1.681015
BONES 2
BONE 4 0.077001
BONE 5 0.922999

VERT 40
OFFSET 0.583072 4.000643 0.559021
BONES 2
BONE 5 0.857448
BONE 4 0.142552

VERT 41
OFFSET -2.249608 4.115116 2.496191
BONES 1
BONE 4 1.000000

VERT 42
OFFSET -4.011826 3.066090 5.884602
BONES 2
BONE 3 0.578881
BONE 4 0.421119

VERT 43
OFFSET -5.804737 2.265965 2.554488
BONES 1
BONE 4 1.000000

VERT 44
OFFSET -1.862736 2.621564 2.828935
BONES 1
BONE 4 1.000000

VERT 45
OFFSET -1.449263 1.923687 0.555450
BONES 2
BONE 5 0.115137
BONE 4 0.884863

VERT 46
OFFSET 1.642980 2.403220 0.862270
BONES 2
BONE 4 0.003819
BONE 5 0.996181

VERT 47
OFFSET -7.681030 3.812868 14.949092
BONES 1
BONE 3 1.000000

VERT 48
OFFSET -6.656842 3.245560 7.322131
BONES 2
BONE 3 0.905009
BONE 4 0.094991

VERT 49
OFFSET -7.540955 2.533228 16.101702
BONES 1
BONE 3 1.000000

VERT 50
OFFSET -5.676722 2.149792 7.587956
BONES 2
BONE 4 0.115270
BONE 3 0.884730

VERT 51
OFFSET -6.178543 5.213177 15.455004
BONES 1
BONE 3 1.000000

VERT 52
OFFSET -5.280005 4.122121 7.239759
BONES 2
BONE 3 0.784205
BONE 4 0.215795

VERT 53
OFFSET -4.245633 4.430341 15.179500
BONES 1
BONE 3 1.000000

VERT 54
OFFSET -3.672270 2.643541 14.675969
BONES 1
BONE 3 1.000000

VERT 55
OFFSET -6.668790 1.760312 16.583593
BONES 1
BONE 3 1.000000

VERT 56
OFFSET -4.471007 1.290319 21.020868
BONES 2
BONE 3 0.587944
BONE 2 0.397361

VERT 57
OFFSET -4.362941 1.311031 18.172718
BONES 1
BONE 3 1.000000

VERT 58
OFFSET -6.696282 2.871673 3.409520
BONES 1
BONE 4 1.000000

VERT 59
OFFSET 1.555396 -2.672535 0.625826
BONES 1
BONE 10 1.000000

VERT 60
OFFSET -1.456558 -1.974346 0.535118
BONES 2
BONE 10 0.115766
BONE 9 0.884234

VERT 61
OFFSET 0.990183 -2.164567 1.285845
BONES 2
BONE 9 0.066427
BONE 10 0.933573

VERT 62
OFFSET -1.862778 -2.621566 2.828846
BONES 1
BONE 9 1.000000

VERT 63
OFFSET 1.024448 -3.819340 1.452287
BONES 2
BONE 9 0.085372
BONE 10 0.914628

VERT 64
OFFSET -1.982580 -3.691018 2.724455
BONES 1
BONE 9 1.000000

VERT 65
OFFSET -4.357213 -3.805887 6.355082
BONES 2
BONE 8 0.736573
BONE 9 0.263427

VERT 66
OFFSET -2.447131 -4.212618 1.670770
BONES 1
BONE 9 1.000000

VERT 67
OFFSET -1.531409 -4.013256 0.069445
BONES 2
BONE 10 0.136598
BONE 9 0.863402

VERT 68
OFFSET -3.424885 -2.082245 2.699570
BONES 1
BONE 9 1.000000

VERT 69
OFFSET -6.038011 -3.820846 2.783319
BONES 2
BONE 8 0.010867
BONE 9 0.989133

VERT 70
OFFSET -4.099308 -3.740916 2.276656
BONES 1
BONE 9 1.000000

VERT 71
OFFSET -5.804785 -2.265967 2.554445
BONES 1
BONE 9 1.000000

VERT 72
OFFSET -6.696327 -2.871680 3.409503
BONES 1
BONE 9 1.000000

VERT 73
OFFSET -5.676697 -2.149798 7.587976
BONES 2
BONE 8 0.884736
BONE 9 0.115264

VERT 74
OFFSET -6.587552 -3.464470 6.652156
BONES 2
BONE 8 0.911298
BONE 9 0.088702

VERT 75
OFFSET -7.681013 -3.812864 14.949059
BONES 1
BONE 8 1.000000

VERT 76
OFFSET -3.754898 -4.287506 17.796261
BONES 2
BONE 7 0.013379
BONE 8 0.986621

VERT 77
OFFSET -6.178570 -5.213087 15.453791
BONES 1
BONE 8 1.000000

VERT 78
OFFSET -6.709818 -4.465139 17.231739
BONES 1
BONE 8 1.000000

VERT 79
OFFSET -7.406148 -2.792322 16.723680
BONES 1
BONE 8 1.000000

VERT 80
OFFSET -7.148449 -1.973820 15.407059
BONES 1
BONE 8 1.000000

VERT 81
OFFSET -4.237834 -1.163580 21.394890
BONES 2
BONE 8 0.418765
BONE 7 0.579252

VERT 82
OFFSET -3.899718 -3.768170 22.348381
BONES 2
BONE 7 0.804911
BONE 8 0.193186

VERT 83
OFFSET -4.758185 -2.526777 22.087811
BONES 2
BONE 7 0.817907
BONE 8 0.182093

VERT 84
OFFSET -1.528256 -2.959170 22.131203
BONES 2
BONE 8 0.114719
BONE 7 0.885281

VERT 85
OFFSET -1.750315 -5.053157 27.806585
BONES 1
BONE 7 1.000000

VERT 86
OFFSET -1.648272 -5.934152 33.513134
BONES 2
BONE 1 0.123101
BONE 7 0.876899

VERT 87
OFFSET -0.823341 -1.065695 32.567955
BONES 2
BONE 7 0.923040
BONE 1 0.076960

VERT 88
OFFSET 0.084835 -3.777812 31.466368
BONES 2
BONE 7 0.931309
BONE 1 0.068691

VERT 89
OFFSET -2.465413 -0.306786 32.225071
BONES 2
BONE 1 0.103610
BONE 7 0.896390

VERT 90
OFFSET -0.706452 -3.858336 37.254200
BONES 3
BONE 1 0.883849
BONE 7 0.049234
BONE 15 0.066918

VERT 91
OFFSET -3.775831 -6.236520 34.382465
BONES 2
BONE 1 0.437616
BONE 7 0.562384

VERT 92
OFFSET -1.374848 -4.739613 37.663616
BONES 3
BONE 1 0.627234
BONE 7 0.054866
BONE 15 0.317901

VERT 93
OFFSET -5.474238 -5.597237 34.250683
BONES 2
BONE 7 0.386662
BONE 1 0.613338

VERT 94
OFFSET -7.234327 -0.705018 34.069069
BONES 2
BONE 7 0.204353
BONE 1 0.795647

VERT 95
OFFSET -6.820615 -3.556447 33.599525
BONES 2
BONE 7 0.286864
BONE 1 0.713136

VERT 96
OFFSET -6.112763 -3.603526 32.401375
BONES 2
BONE 1 0.445438
BONE 7 0.554562

VERT 97
OFFSET -5.187862 -1.113445 32.478905
BONES 2
BONE 1 0.451320
BONE 7 0.548680

VERT 98
OFFSET -4.158251 -2.812360 6.058744
BONES 2
BONE 9 0.410588
BONE 8 0.589412

VERT 99
OFFSET -3.693483 -2.629414 14.610334
BONES 1
BONE 8 1.000000

VERT 100
OFFSET -5.408628 -1.457569 15.137250
BONES 1
BONE 8 1.000000

VERT 101
OFFSET -3.626019 -1.569019 18.211424
BONES 1
BONE 8 1.000000

VERT 102
OFFSET -2.679396 -2.846757 18.772959
BONES 2
BONE 7 0.007058
BONE 8 0.992942

VERT 103
OFFSET -3.046691 -0.678141 21.577089
BONES 2
BONE 7 0.592559
BONE 8 0.407441

VERT 104
OFFSET -1.507386 -1.386446 21.363174
BONES 2
BONE 7 0.765457
BONE 8 0.234543

VERT 105
OFFSET -2.703538 -3.769942 22.121782
BONES 2
BONE 7 0.692125
BONE 8 0.307875

VERT 106
OFFSET -6.425988 4.276694 37.032711
BONES 4
BONE 2 0.027881
BONE 15 0.152161
BONE 1 0.798933
BONE 14 0.021024

VERT 107
OFFSET -5.941170 -0.016752 34.049683
BONES 3
BONE 2 0.052962
BONE 1 0.904692
BONE 7 0.042346

VERT 108
OFFSET 0.028193 -1.821075 35.953785
BONES 2
BONE 15 0.129504
BONE 1 0.870496

VERT 109
OFFSET 0.145636 0.623410 35.627529
BONES 1
BONE 1 1.000000

VERT 110
OFFSET -0.079114 2.090788 36.588531
BONES 1
BONE 1 1.000000

VERT 111
OFFSET 0.524090 1.317866 41.357513
BONES 2
BONE 1 0.221660
BONE 14 0.778340

VERT 112
OFFSET -1.373826 4.738084 37.665825
BONES 2
BONE 1 0.943963
BONE 2 0.056037

VERT 113
OFFSET -0.703942 3.855941 37.252258
BONES 2
BONE 1 0.941292
BONE 2 0.058709

VERT 114
OFFSET -1.738203 2.018597 0.150093
BONES 2
BONE 5 0.004976
BONE 4 0.995024

VERT 115
OFFSET -1.688752 4.303203 0.144856
BONES 2
BONE 5 0.126304
BONE 4 0.873696

VERT 116
OFFSET -4.626647 3.987310 2.159491
BONES 1
BONE 4 1.000000

VERT 117
OFFSET -5.607803 4.212429 2.993999
BONES 1
BONE 4 1.000000

VERT 118
OFFSET -6.760677 3.639457 3.391638
BONES 1
BONE 4 1.000000

VERT 119
OFFSET -6.088168 3.108730 0.101047
BONES 1
BONE 4 1.000000

VERT 120
OFFSET -5.000617 2.696319 0.100634
BONES 1
BONE 4 1.000000

VERT 121
OFFSET -4.994418 3.519072 0.093974
BONES 1
BONE 4 1.000000

VERT 122
OFFSET 2.108494 2.587359 0.139095
BONES 1
BONE 5 1.000000

VERT 123
OFFSET -6.041803 -2.951278 0.150281
BONES 1
BONE 9 1.000000

VERT 124
OFFSET -4.659949 -2.197213 2.207994
BONES 1
BONE 9 1.000000

VERT 125
OFFSET -6.109447 -1.958773 3.676008
BONES 2
BONE 9 0.953617
BONE 8 0.046383

VERT 126
OFFSET -5.000388 -2.696790 0.099234
BONES 1
BONE 9 1.000000

VERT 127
OFFSET -5.100862 -3.609584 0.049238
BONES 1
BONE 9 1.000000

VERT 128
OFFSET -4.644692 -4.026876 2.125546
BONES 1
BONE 9 1.000000

VERT 129
OFFSET 2.149447 -3.673174 0.168375
BONES 1
BONE 10 1.000000

VERT 130
OFFSET -1.738274 -2.018595 0.149998
BONES 2
BONE 9 0.995233
BONE 10 0.004767

VERT 131
OFFSET 0.294625 18.813009 41.970455
BONES 1
BONE 34 1.000000

VERT 132
OFFSET -0.382841 18.342539 41.675251
BONES 2
BONE 34 0.260497
BONE 21 0.739503

VERT 133
OFFSET 0.362291 18.461802 42.068321
BONES 1
BONE 34 1.000000

VERT 134
OFFSET -0.409101 17.691456 41.612816
BONES 2
BONE 34 0.233645
BONE 21 0.766355

VERT 135
OFFSET -0.426259 17.410753 42.495445
BONES 2
BONE 34 0.236678
BONE 21 0.763322

VERT 136
OFFSET -1.402099 17.045456 42.393112
BONES 3
BONE 21 0.700272
BONE 39 0.299598
BONE 20 0.000130

VERT 137
OFFSET -2.033914 17.783457 41.754982
BONES 1
BONE 21 1.000000

VERT 138
OFFSET -1.899550 18.950375 41.436604
BONES 1
BONE 21 1.000000

VERT 139
OFFSET -0.842989 19.045858 41.742519
BONES 1
BONE 21 1.000000

VERT 140
OFFSET -0.154311 18.512392 42.425842
BONES 2
BONE 21 0.214593
BONE 34 0.785407

VERT 141
OFFSET -0.331822 19.065992 42.207867
BONES 1
BONE 21 1.000000

VERT 142
OFFSET 0.374258 18.576826 42.365158
BONES 1
BONE 34 1.000000

VERT 143
OFFSET -1.935808 17.501638 43.080116
BONES 2
BONE 39 0.382375
BONE 21 0.617625

VERT 144
OFFSET -2.446750 19.207216 41.771133
BONES 1
BONE 21 1.000000

VERT 145
OFFSET -1.024946 -4.353876 0.128831
BONES 2
BONE 9 0.809078
BONE 10 0.190922

VERT 146
OFFSET -4.659900 2.197211 2.208052
BONES 1
BONE 4 1.000000

VERT 147
OFFSET 2.149519 3.673178 0.168518
BONES 1
BONE 5 1.000000

VERT 148
OFFSET -4.253955 -14.363259 43.000206
BONES 2
BONE 65 0.779428
BONE 45 0.220572

VERT 149
OFFSET -3.620169 -19.796658 40.752102
BONES 2
BONE 53 0.379870
BONE 46 0.620130

VERT 150
OFFSET -3.421198 -17.396671 41.763695
BONES 3
BONE 45 0.000407
BONE 65 0.696097
BONE 46 0.303496

VERT 151
OFFSET -2.269432 -17.767773 41.553177
BONES 3
BONE 46 0.619332
BONE 59 0.164984
BONE 65 0.215685

VERT 152
OFFSET -1.184708 -18.372532 41.108486
BONES 3
BONE 60 0.108270
BONE 46 0.201534
BONE 59 0.690195

VERT 153
OFFSET -1.368703 -19.197367 41.507732
BONES 4
BONE 47 0.059950
BONE 46 0.333349
BONE 59 0.518105
BONE 60 0.088596

VERT 154
OFFSET -2.135595 -17.831570 42.554523
BONES 4
BONE 45 0.000023
BONE 59 0.014124
BONE 65 0.610243
BONE 46 0.375610

VERT 155
OFFSET -0.488716 -20.708012 40.231792
BONES 2
BONE 61 0.940434
BONE 60 0.059566

VERT 156
OFFSET -0.071042 -20.271255 40.183121
BONES 3
BONE 59 0.050570
BONE 60 0.091918
BONE 61 0.857512

VERT 157
OFFSET -3.581465 -17.949272 42.353558
BONES 2
BONE 65 0.711042
BONE 46 0.288958

VERT 158
OFFSET -2.411486 -20.140566 40.981945
BONES 4
BONE 50 0.259653
BONE 47 0.149879
BONE 46 0.399957
BONE 56 0.190511

VERT 159
OFFSET -2.605481 -22.285257 39.390129
BONES 3
BONE 57 0.011502
BONE 58 0.985488
BONE 56 0.003010

VERT 160
OFFSET -2.610493 -21.767967 39.241371
BONES 2
BONE 58 0.860690
BONE 57 0.139310

VERT 161
OFFSET -3.153565 -20.213203 40.362900
BONES 6
BONE 55 0.011478
BONE 53 0.699719
BONE 54 0.080879
BONE 57 0.000791
BONE 56 0.180808
BONE 46 0.026325

VERT 162
OFFSET -2.562863 -20.097399 40.285500
BONES 6
BONE 56 0.303620
BONE 57 0.007148
BONE 50 0.404249
BONE 51 0.002830
BONE 46 0.281407
BONE 53 0.000746

VERT 163
OFFSET -1.994973 -20.230656 40.393837
BONES 4
BONE 51 0.007850
BONE 46 0.339859
BONE 50 0.450968
BONE 47 0.201324

VERT 164
OFFSET -1.369033 -19.512650 40.727322
BONES 4
BONE 60 0.021664
BONE 59 0.097409
BONE 47 0.071205
BONE 46 0.809722

VERT 165
OFFSET -2.040610 -22.672398 39.261703
BONES 3
BONE 52 0.990537
BONE 51 0.007285
BONE 50 0.002177

VERT 166
OFFSET -1.975319 -21.768589 39.335121
BONES 3
BONE 50 0.013373
BONE 51 0.272291
BONE 52 0.714335

VERT 167
OFFSET -3.521124 -20.136208 40.191597
BONES 4
BONE 46 0.337065
BONE 53 0.271850
BONE 55 0.129054
BONE 54 0.262030

VERT 168
OFFSET -3.161394 -21.509739 39.581551
BONES 3
BONE 53 0.000177
BONE 55 0.972014
BONE 54 0.027809

VERT 169
OFFSET -1.646815 -15.054842 44.510307
BONES 2
BONE 45 0.254355
BONE 65 0.745645

VERT 170
OFFSET -2.499038 -15.642297 45.132156
BONES 2
BONE 45 0.232992
BONE 65 0.767008

VERT 171
OFFSET -4.763953 -15.282396 44.183197
BONES 2
BONE 65 0.799590
BONE 45 0.200410

VERT 172
OFFSET -1.432094 -21.569439 39.478855
BONES 3
BONE 47 0.033769
BONE 49 0.665003
BONE 48 0.301228

VERT 173
OFFSET -1.426229 -22.349262 39.471489
BONES 3
BONE 49 0.975539
BONE 47 0.006557
BONE 48 0.017904

VERT 174
OFFSET -2.042718 -14.191616 43.309059
BONES 2
BONE 65 0.740588
BONE 45 0.259412

VERT 175
OFFSET -2.100861 19.291252 41.253597
BONES 2
BONE 28 0.968370
BONE 21 0.031630

VERT 176
OFFSET -1.922144 19.376909 41.590397
BONES 3
BONE 28 0.780258
BONE 21 0.063157
BONE 31 0.156586

VERT 177
OFFSET -2.146975 19.092604 41.881447
BONES 1
BONE 21 1.000000

VERT 178
OFFSET -2.096689 18.757463 41.507210
BONES 1
BONE 21 1.000000

VERT 179
OFFSET -0.388645 18.593842 41.829876
BONES 1
BONE 21 1.000000

VERT 180
OFFSET -0.607730 19.541805 41.627419
BONES 2
BONE 21 0.028081
BONE 22 0.971919

VERT 181
OFFSET -0.003549 19.549170 41.858833
BONES 2
BONE 22 0.401650
BONE 21 0.598350

VERT 182
OFFSET -0.717414 19.764206 41.904903
BONES 3
BONE 21 0.129970
BONE 25 0.068382
BONE 22 0.801648

VERT 183
OFFSET -0.259923 18.938154 42.203865
BONES 1
BONE 21 1.000000

VERT 184
OFFSET -1.174574 19.892883 41.778698
BONES 3
BONE 25 0.656759
BONE 21 0.174228
BONE 31 0.169012

VERT 185
OFFSET -1.716263 19.798246 41.692589
BONES 2
BONE 21 0.072400
BONE 31 0.927600

VERT 186
OFFSET -2.305983 19.441465 41.522011
BONES 2
BONE 28 0.908707
BONE 21 0.091293

VERT 187
OFFSET -2.317653 18.185677 42.444618
BONES 1
BONE 21 1.000000

VERT 188
OFFSET 0.296140 18.949156 42.078079
BONES 2
BONE 35 0.944823
BONE 34 0.055177

VERT 189
OFFSET 0.641523 18.683411 42.059883
BONES 2
BONE 34 0.014928
BONE 35 0.985072

VERT 190
OFFSET -0.405577 17.500311 42.603371
BONES 2
BONE 21 0.461185
BONE 34 0.538815

VERT 191
OFFSET -0.143412 18.431412 42.629250
BONES 2
BONE 21 0.212946
BONE 34 0.787054

VERT 192
OFFSET 0.430929 18.738617 41.769352
BONES 2
BONE 35 0.985156
BONE 34 0.014844

VERT 193
OFFSET 1.110111 19.692125 41.222343
BONES 1
BONE 36 1.000000

VERT 194
OFFSET 0.846456 19.069422 41.735149
BONES 1
BONE 36 1.000000

VERT 195
OFFSET 1.086654 19.680199 41.204735
BONES 1
BONE 36 1.000000

VERT 196
OFFSET 0.548975 19.297495 41.567001
BONES 1
BONE 36 1.000000

VERT 197
OFFSET 1.082163 19.688204 41.211304
BONES 1
BONE 36 1.000000

VERT 198
OFFSET 0.642469 19.412878 41.936420
BONES 1
BONE 36 1.000000

VERT 199
OFFSET -0.575593 21.798376 40.115501
BONES 1
BONE 27 1.000000

VERT 200
OFFSET -0.979197 21.059767 40.957394
BONES 1
BONE 27 1.000000

VERT 201
OFFSET -0.560467 21.839155 40.144474
BONES 1
BONE 27 1.000000

VERT 202
OFFSET -0.540075 21.812178 40.137547
BONES 1
BONE 27 1.000000

VERT 203
OFFSET -0.618794 21.046053 41.125351
BONES 1
BONE 27 1.000000

VERT 204
OFFSET -0.524631 20.946491 40.839951
BONES 1
BONE 27 1.000000

VERT 205
OFFSET -0.795054 20.902271 40.722599
BONES 1
BONE 27 1.000000

VERT 206
OFFSET -0.651137 21.250885 40.974262
BONES 2
BONE 27 0.952350
BONE 26 0.047650

VERT 207
OFFSET -0.896629 21.171316 40.779842
BONES 2
BONE 26 0.071584
BONE 27 0.928416

VERT 208
OFFSET -1.154569 20.380798 41.362404
BONES 1
BONE 26 1.000000

VERT 209
OFFSET -0.602547 20.438454 41.427132
BONES 1
BONE 26 1.000000

VERT 210
OFFSET -0.563853 21.052170 40.691170
BONES 2
BONE 27 0.978078
BONE 26 0.021922

VERT 211
OFFSET -1.152949 21.290041 40.050591
BONES 1
BONE 33 1.000000

VERT 212
OFFSET -1.148599 21.283548 40.044445
BONES 1
BONE 33 1.000000

VERT 213
OFFSET -1.279308 20.572123 40.657917
BONES 1
BONE 33 1.000000

VERT 214
OFFSET -1.513360 20.725824 40.866283
BONES 1
BONE 33 1.000000

VERT 215
OFFSET -1.166373 21.334965 40.089115
BONES 1
BONE 33 1.000000

VERT 216
OFFSET -1.131610 20.742664 40.952080
BONES 1
BONE 33 1.000000

VERT 217
OFFSET -1.999976 19.022179 41.318310
BONES 1
BONE 28 1.000000

VERT 218
OFFSET -1.870350 19.719299 40.949970
BONES 2
BONE 28 0.061891
BONE 29 0.938109

VERT 219
OFFSET -2.020159 19.247766 41.710411
BONES 1
BONE 28 1.000000

VERT 220
OFFSET -2.321780 19.123976 41.288490
BONES 1
BONE 28 1.000000

VERT 221
OFFSET -2.133678 19.777428 41.038700
BONES 2
BONE 28 0.004794
BONE 29 0.995206

VERT 222
OFFSET -1.864418 19.833057 41.289761
BONES 2
BONE 28 0.034943
BONE 29 0.965057

VERT 223
OFFSET -2.353699 19.244482 41.649277
BONES 1
BONE 28 1.000000

VERT 224
OFFSET -2.079505 20.124981 40.801289
BONES 2
BONE 29 0.056251
BONE 30 0.943749

VERT 225
OFFSET -1.928706 20.274225 41.014721
BONES 2
BONE 30 0.916173
BONE 29 0.083827

VERT 226
OFFSET -1.760076 20.160236 40.930653
BONES 2
BONE 30 0.956000
BONE 29 0.044000

VERT 227
OFFSET -1.914333 19.531994 40.990726
BONES 1
BONE 29 1.000000

VERT 228
OFFSET -2.223903 19.719940 41.169472
BONES 1
BONE 29 1.000000

VERT 229
OFFSET -1.787954 19.723694 41.325447
BONES 1
BONE 29 1.000000

VERT 230
OFFSET -1.790142 20.001625 40.876476
BONES 1
BONE 30 1.000000

VERT 231
OFFSET -2.089489 20.131657 40.863152
BONES 1
BONE 30 1.000000

VERT 232
OFFSET -1.791965 20.571596 40.232914
BONES 1
BONE 30 1.000000

VERT 233
OFFSET -1.817345 20.602079 40.248112
BONES 1
BONE 30 1.000000

VERT 234
OFFSET -1.789563 20.562155 40.226658
BONES 1
BONE 30 1.000000

VERT 235
OFFSET -0.525263 15.833155 44.193752
BONES 2
BONE 39 0.956450
BONE 20 0.043550

VERT 236
OFFSET -0.893673 16.666435 43.305641
BONES 2
BONE 39 0.742684
BONE 21 0.257316

VERT 237
OFFSET -0.623425 16.794083 42.410721
BONES 2
BONE 21 0.731771
BONE 39 0.268229

VERT 238
OFFSET -1.772344 16.869482 43.341835
BONES 2
BONE 39 0.857845
BONE 21 0.142155

VERT 239
OFFSET -0.211545 17.821413 42.869431
BONES 1
BONE 21 1.000000

VERT 240
OFFSET -1.451072 18.504534 43.492870
BONES 1
BONE 21 1.000000

VERT 241
OFFSET -1.702404 17.042269 43.968880
BONES 2
BONE 39 0.860572
BONE 21 0.139428

VERT 242
OFFSET -0.871167 15.115006 43.832211
BONES 2
BONE 39 0.907758
BONE 20 0.092242

VERT 243
OFFSET -1.366878 15.882409 44.804611
BONES 2
BONE 20 0.078049
BONE 39 0.921951

VERT 244
OFFSET -2.328121 16.138716 44.834141
BONES 2
BONE 39 0.950310
BONE 20 0.049690

VERT 245
OFFSET -2.204985 16.784409 44.939739
BONES 1
BONE 39 1.000000

VERT 246
OFFSET -2.395957 16.900476 43.445980
BONES 2
BONE 39 0.802288
BONE 21 0.197712

VERT 247
OFFSET -2.517104 18.238499 42.699322
BONES 1
BONE 21 1.000000

VERT 248
OFFSET -1.713322 17.171892 41.323761
BONES 1
BONE 21 1.000000

VERT 249
OFFSET -1.847991 16.647884 43.060501
BONES 2
BONE 21 0.150769
BONE 39 0.849231

VERT 250
OFFSET -2.205646 16.370396 42.635788
BONES 2
BONE 39 0.815314
BONE 21 0.184686

VERT 251
OFFSET -1.536518 16.728065 43.137363
BONES 2
BONE 39 0.850496
BONE 21 0.149504

VERT 252
OFFSET -3.266049 15.747589 42.959999
BONES 1
BONE 39 1.000000

VERT 253
OFFSET -3.061366 15.697158 43.896488
BONES 2
BONE 39 0.965884
BONE 20 0.034116

VERT 254
OFFSET -2.269598 14.881808 42.961483
BONES 2
BONE 20 0.063494
BONE 39 0.936506

VERT 255
OFFSET -1.200337 15.039380 42.650364
BONES 2
BONE 39 0.965753
BONE 20 0.034247

VERT 256
OFFSET -1.230754 16.242260 42.677124
BONES 2
BONE 21 0.259346
BONE 39 0.740654

VERT 257
OFFSET -0.418190 17.925989 42.723980
BONES 1
BONE 21 1.000000

VERT 258
OFFSET -0.136542 19.589552 42.306046
BONES 1
BONE 21 1.000000

VERT 259
OFFSET -2.121421 19.820232 41.904625
BONES 1
BONE 21 1.000000

VERT 260
OFFSET -1.078074 18.280270 43.031086
BONES 1
BONE 21 1.000000

VERT 261
OFFSET 0.658026 19.512421 41.763977
BONES 2
BONE 35 0.125497
BONE 36 0.874503

VERT 262
OFFSET 0.655030 19.255285 41.529850
BONES 2
BONE 35 0.154745
BONE 36 0.845255

VERT 263
OFFSET 0.861309 19.200392 41.732632
BONES 2
BONE 36 0.976474
BONE 35 0.023526

VERT 264
OFFSET 0.666804 18.512758 42.037369
BONES 1
BONE 35 1.000000

VERT 265
OFFSET 0.297725 18.730492 42.382069
BONES 1
BONE 35 1.000000

VERT 266
OFFSET 0.155444 18.732603 41.865059
BONES 1
BONE 35 1.000000

VERT 267
OFFSET -1.319975 20.684187 40.596642
BONES 2
BONE 33 0.972183
BONE 32 0.027817

VERT 268
OFFSET -1.118527 20.813620 40.830185
BONES 2
BONE 33 0.980954
BONE 32 0.019046

VERT 269
OFFSET -1.418063 20.853821 40.811653
BONES 2
BONE 32 0.020018
BONE 33 0.979982

VERT 270
OFFSET -1.510957 20.099632 41.528122
BONES 1
BONE 32 1.000000

VERT 271
OFFSET -1.703759 20.176794 41.192635
BONES 1
BONE 32 1.000000

VERT 272
OFFSET -1.191810 20.101736 41.320766
BONES 1
BONE 32 1.000000

VERT 273
OFFSET -1.403142 19.985016 40.964844
BONES 1
BONE 32 1.000000

VERT 274
OFFSET -1.357034 20.376469 41.191238
BONES 2
BONE 31 0.250356
BONE 32 0.749644

VERT 275
OFFSET -1.562039 20.391653 41.166462
BONES 2
BONE 32 0.712757
BONE 31 0.287243

VERT 276
OFFSET -1.282675 20.194422 40.925426
BONES 2
BONE 31 0.260001
BONE 32 0.739999

VERT 277
OFFSET -1.889888 19.556021 41.756359
BONES 1
BONE 31 1.000000

VERT 278
OFFSET -1.537869 19.567154 41.899113
BONES 1
BONE 31 1.000000

VERT 279
OFFSET -1.822428 19.302078 41.431255
BONES 1
BONE 31 1.000000

VERT 280
OFFSET -1.459049 19.249727 41.441532
BONES 1
BONE 31 1.000000

VERT 281
OFFSET -0.355332 20.873892 41.114975
BONES 2
BONE 24 0.923714
BONE 23 0.076286

VERT 282
OFFSET -0.128870 20.820747 41.016933
BONES 2
BONE 23 0.039829
BONE 24 0.960171

VERT 283
OFFSET -0.552685 20.403618 41.532578
BONES 1
BONE 23 1.000000

VERT 284
OFFSET -0.307665 20.319170 41.134529
BONES 1
BONE 23 1.000000

VERT 285
OFFSET -0.076665 20.927332 41.296474
BONES 2
BONE 23 0.137992
BONE 24 0.862008

VERT 286
OFFSET -0.069603 20.457850 41.580791
BONES 1
BONE 23 1.000000

VERT 287
OFFSET -0.100587 20.566818 41.443829
BONES 2
BONE 22 0.030272
BONE 23 0.969728

VERT 288
OFFSET -0.635287 19.439844 41.730309
BONES 1
BONE 22 1.000000

VERT 289
OFFSET -0.303685 20.449041 41.088505
BONES 2
BONE 22 0.028558
BONE 23 0.971442

VERT 290
OFFSET -0.434336 20.601421 41.380592
BONES 2
BONE 23 0.993851
BONE 22 0.006149

VERT 291
OFFSET -0.417202 19.639091 42.277832
BONES 1
BONE 22 1.000000

VERT 292
OFFSET -0.187525 19.356600 41.868988
BONES 1
BONE 22 1.000000

VERT 293
OFFSET -0.036753 20.711609 41.165535
BONES 1
BONE 24 1.000000

VERT 294
OFFSET -0.277631 20.692961 41.076588
BONES 1
BONE 24 1.000000

VERT 295
OFFSET -0.119562 20.762276 41.451168
BONES 1
