// Export time: Tue Nov 17 11:16:36 2020

// Exported using Blender v2.90.1
// Export filename: 'E:/blackops3/mod_xmodel/iw4/m4_sopmod_ii/ch_head_gk_m4_sopmod_ii.XMODEL_EXPORT'
// Source filename: 'E:/blackops3/mod_xmodel/iw4/m4_sopmod_ii/m4_sopmod_ii.blend'
MODEL
VERSION 6

NUMBONES 33
BONE 0 -1 "tag_origin"
BONE 1 0 "j_spineupper"
BONE 2 1 "j_spine4"
BONE 3 2 "j_neck"
BONE 4 3 "j_head"
BONE 5 4 "j_brow_le"
BONE 6 4 "j_brow_ri"
BONE 7 4 "j_browouter_le"
BONE 8 4 "j_browouter_ri"
BONE 9 4 "j_cheek_le"
BONE 10 4 "j_cheek_ri"
BONE 11 4 "j_cheeklower_le"
BONE 12 4 "j_cheeklower_ri"
BONE 13 4 "j_eye_lid_bot_le"
BONE 14 4 "j_eye_lid_bot_ri"
BONE 15 4 "j_eye_lid_top_le"
BONE 16 4 "j_eye_lid_top_ri"
BONE 17 4 "j_eyeball_le"
BONE 18 4 "j_eyeball_ri"
BONE 19 4 "j_head_end"
BONE 20 19 "j_helmet"
BONE 21 4 "j_jaw"
BONE 22 21 "j_chin_skinroll"
BONE 23 21 "j_lip_bot_le"
BONE 24 21 "j_lip_bot_ri"
BONE 25 4 "j_levator_le"
BONE 26 4 "j_levator_ri"
BONE 27 4 "j_lip_top_le"
BONE 28 4 "j_lip_top_ri"
BONE 29 4 "j_mouth_le"
BONE 30 4 "j_mouth_ri"
BONE 31 4 "j_nvg"
BONE 32 4 "tag_eye"

BONE 0
OFFSET 0.000000 0.000000 0.000000
SCALE 1.000000 1.000000 1.000000
X 1.000000 0.000000 0.000000
Y 0.000000 1.000000 0.000000
Z 0.000000 0.000000 1.000000

BONE 1
OFFSET -2.323063 -0.000189 43.775990
SCALE 1.000000 1.000000 1.000000
X 0.020430 -0.000062 0.999791
Y 0.999791 0.000062 -0.020430
Z -0.000060 1.000000 0.000063

BONE 2
OFFSET -2.267035 -0.000394 47.387978
SCALE 1.000000 1.000000 1.000000
X 0.046997 -0.000058 0.998895
Y 0.998895 0.000063 -0.046997
Z -0.000060 1.000000 0.000061

BONE 3
OFFSET -4.135252 -0.001729 53.757359
SCALE 1.000000 1.000000 1.000000
X 0.264606 0.000025 0.964357
Y 0.964357 -0.000000 -0.264606
Z -0.000006 1.000000 -0.000024

BONE 4
OFFSET -3.774026 -0.001729 55.383183
SCALE 1.000000 1.000000 1.000000
X 0.170367 0.000004 0.985381
Y 0.985381 -0.000000 -0.170367
Z -0.000000 1.000000 -0.000004

BONE 5
OFFSET -0.571338 1.439669 59.262814
SCALE 1.000000 1.000000 1.000000
X 0.000649 0.999996 -0.000115
Y -0.998861 0.000642 -0.047710
Z -0.047710 0.000145 0.998861

BONE 6
OFFSET -0.572910 -1.424140 59.232342
SCALE 1.000000 1.000000 1.000000
X 0.000011 1.000000 0.000087
Y 0.998886 -0.000016 0.047192
Z 0.047192 0.000087 -0.998886

BONE 7
OFFSET -0.770334 2.292440 59.438477
SCALE 1.000000 1.000000 1.000000
X 0.000645 0.999999 -0.000131
Y -0.998868 0.000638 -0.047563
Z -0.047563 0.000162 0.998868

BONE 8
OFFSET -0.785073 -2.292438 59.437782
SCALE 1.000000 1.000000 1.000000
X 0.000012 1.000000 0.000067
Y 0.998886 -0.000016 0.047194
Z 0.047194 0.000066 -0.998886

BONE 9
OFFSET -1.916359 1.134168 56.754143
SCALE 1.000000 1.000000 1.000000
X 0.000645 0.999998 -0.000126
Y -0.998868 0.000638 -0.047571
Z -0.047571 0.000157 0.998868

BONE 10
OFFSET -1.928602 -1.092647 56.793694
SCALE 1.000000 1.000000 1.000000
X 0.000024 1.000000 0.000077
Y 0.998893 -0.000028 0.047054
Z 0.047054 0.000076 -0.998893

BONE 11
OFFSET -1.922503 1.018883 56.033684
SCALE 1.000000 1.000000 1.000000
X 0.170243 -0.000002 0.985402
Y 0.985402 -0.000000 -0.170243
Z 0.000001 1.000000 0.000002

BONE 12
OFFSET -1.895454 -1.021270 56.052021
SCALE 1.000000 1.000000 1.000000
X 0.170116 0.000002 0.985424
Y 0.985424 -0.000000 -0.170116
Z -0.000000 1.000000 -0.000002

BONE 13
OFFSET -1.712429 1.681290 57.558128
SCALE 1.000000 1.000000 1.000000
X -0.065603 0.997117 0.038041
Y -0.996954 -0.063887 -0.044727
Z -0.042167 -0.040861 0.998275

BONE 14
OFFSET -1.727139 -1.680350 57.557468
SCALE 1.000000 1.000000 1.000000
X 0.066594 0.997041 -0.038393
Y 0.996929 -0.064899 0.043826
Z 0.041205 -0.041193 -0.998301

BONE 15
OFFSET -1.712429 1.681290 57.875320
SCALE 1.000000 1.000000 1.000000
X -0.065481 0.997130 0.038003
Y -0.996962 -0.063766 -0.044725
Z -0.042174 -0.040816 0.998277

BONE 16
OFFSET -1.727139 -1.680337 57.874676
SCALE 1.000000 1.000000 1.000000
X 0.066553 0.997044 -0.038385
Y 0.996932 -0.064859 0.043827
Z 0.041208 -0.041184 -0.998302

BONE 17
OFFSET -3.944615 1.215199 58.124008
SCALE 1.000000 1.000000 1.000000
X -0.205892 0.978522 -0.010066
Y -0.977359 -0.206139 -0.047701
Z -0.048751 0.000015 0.998810

BONE 18
OFFSET -3.944615 -1.215200 58.124008
SCALE 1.000000 1.000000 1.000000
X 0.207721 0.978139 0.009749
Y 0.977069 -0.207949 0.045754
Z 0.046782 0.000021 -0.998905

BONE 19
OFFSET -3.344870 -0.002018 58.798717
SCALE 1.000000 1.000000 1.000000
X 0.170120 -0.000001 0.985424
Y 0.985423 -0.000000 -0.170120
Z 0.000000 1.000000 0.000001

BONE 20
OFFSET -3.940354 -0.002016 59.545818
SCALE 1.000000 1.000000 1.000000
X 0.995875 -0.000074 0.090735
Y 0.000074 1.000000 0.000000
Z -0.090735 0.000007 0.995875

BONE 21
OFFSET -2.570007 -0.001731 55.343449
SCALE 1.000000 1.000000 1.000000
X 0.000648 0.999997 -0.000099
Y -0.998868 0.000642 -0.047570
Z -0.047570 0.000129 0.998868

BONE 22
OFFSET -1.382266 -0.003013 54.111698
SCALE 1.000000 1.000000 1.000000
X 0.000648 0.999997 -0.000095
Y -0.998862 0.000642 -0.047695
Z -0.047695 0.000126 0.998862

BONE 23
OFFSET -0.665400 0.261555 55.229195
SCALE 1.000000 1.000000 1.000000
X 0.000648 0.999997 -0.000085
Y -0.998861 0.000642 -0.047700
Z -0.047700 0.000116 0.998862

BONE 24
OFFSET -0.680138 -0.261545 55.228489
SCALE 1.000000 1.000000 1.000000
X 0.000660 0.999997 -0.000421
Y 0.998843 -0.000638 0.048088
Z 0.048087 -0.000452 -0.998843

BONE 25
OFFSET -1.413617 0.339673 56.547798
SCALE 1.000000 1.000000 1.000000
X 0.000647 0.999997 -0.000080
Y -0.998861 0.000642 -0.047702
Z -0.047702 0.000111 0.998862

BONE 26
OFFSET -1.398628 -0.330404 56.551216
SCALE 1.000000 1.000000 1.000000
X 0.000010 1.000000 0.000090
Y 0.998887 -0.000015 0.047180
Z 0.047180 0.000090 -0.998887

BONE 27
OFFSET -0.572005 0.238453 55.369507
SCALE 1.000000 1.000000 1.000000
X 0.000645 1.000000 -0.000084
Y -0.998862 0.000641 -0.047697
Z -0.047697 0.000115 0.998862

BONE 28
OFFSET -0.586743 -0.238452 55.368813
SCALE 1.000000 1.000000 1.000000
X 0.000010 1.000000 0.000082
Y 0.998892 -0.000014 0.047058
Z 0.047058 0.000081 -0.998892

BONE 29
OFFSET -0.790672 0.717475 55.300049
SCALE 1.000000 1.000000 1.000000
X 0.000649 1.000000 -0.000113
Y -0.998856 0.000644 -0.047829
Z -0.047829 0.000143 0.998856

BONE 30
OFFSET -0.805411 -0.717475 55.299355
SCALE 1.000000 1.000000 1.000000
X 0.000011 1.000000 0.000089
Y 0.998899 -0.000016 0.046921
Z 0.046921 0.000088 -0.998899

BONE 31
OFFSET -0.496884 -0.002016 58.279514
SCALE 1.000000 1.000000 1.000000
X 0.985410 -0.000008 -0.170200
Y -0.170200 0.000000 -0.985410
Z 0.000008 1.000000 -0.000001

BONE 32
OFFSET -1.675044 -0.001729 56.995167
SCALE 1.000000 1.000000 1.000000
X 0.922560 -0.000061 0.385853
Y 0.000066 1.000000 0.000001
Z -0.385853 0.000024 0.922560


NUMVERTS 3836
VERT 0
OFFSET -1.322392 -1.413385 57.784546
BONES 2
BONE 18 0.500000
BONE 4 0.500000

VERT 1
OFFSET -1.322392 -1.428128 57.802052
BONES 2
BONE 18 0.500000
BONE 4 0.500000

VERT 2
OFFSET -1.322392 -1.413385 57.784546
BONES 2
BONE 18 0.500000
BONE 4 0.500000

VERT 3
OFFSET -1.322392 -1.428128 57.802052
BONES 2
BONE 18 0.500000
BONE 4 0.500000

VERT 4
OFFSET -1.322392 -1.413385 57.784546
BONES 2
BONE 18 0.500000
BONE 4 0.500000

VERT 5
OFFSET -1.322392 -1.450142 57.813690
BONES 2
BONE 18 0.500000
BONE 4 0.500000

VERT 6
OFFSET -1.322392 -1.428128 57.802052
BONES 2
BONE 18 0.500000
BONE 4 0.500000

VERT 7
OFFSET -1.322392 -1.450142 57.813690
BONES 2
BONE 18 0.500000
BONE 4 0.500000

VERT 8
OFFSET -1.322392 -1.428128 57.802052
BONES 2
BONE 18 0.500000
BONE 4 0.500000

VERT 9
OFFSET -1.322392 -1.476196 57.819695
BONES 2
BONE 18 0.500000
BONE 4 0.500000

VERT 10
OFFSET -1.322392 -1.450142 57.813690
BONES 2
BONE 18 0.500000
BONE 4 0.500000

VERT 11
OFFSET -1.322392 -1.476196 57.819695
BONES 2
BONE 18 0.500000
BONE 4 0.500000

VERT 12
OFFSET -1.322392 -1.450142 57.813690
BONES 2
BONE 18 0.500000
BONE 4 0.500000

VERT 13
OFFSET -1.322393 -1.476196 57.817806
BONES 2
BONE 18 0.500000
BONE 4 0.500000

VERT 14
OFFSET -1.322392 -1.503123 57.815449
BONES 2
BONE 18 0.500000
BONE 4 0.500000

VERT 15
OFFSET -1.322392 -1.502181 57.813690
BONES 2
BONE 18 0.500000
BONE 4 0.500000

VERT 16
OFFSET -1.322393 -1.525946 57.803326
BONES 2
BONE 18 0.500000
BONE 4 0.500000

VERT 17
OFFSET -1.322392 -1.524261 57.802052
BONES 2
BONE 18 0.500000
BONE 4 0.500000

VERT 18
OFFSET -1.322392 -1.541227 57.785290
BONES 2
BONE 18 0.500000
BONE 4 0.500000

VERT 19
OFFSET -1.322392 -1.539005 57.784546
BONES 2
BONE 18 0.500000
BONE 4 0.500000

VERT 20
OFFSET -1.322392 -1.546544 57.763947
BONES 2
BONE 18 0.500000
BONE 4 0.500000

VERT 21
OFFSET -1.322392 -1.541227 57.742607
BONES 2
BONE 18 0.500000
BONE 4 0.500000

VERT 22
OFFSET -1.322392 -1.544188 57.763947
BONES 2
BONE 18 0.500000
BONE 4 0.500000

VERT 23
OFFSET -1.322392 -1.419848 57.782398
BONES 2
BONE 18 0.500000
BONE 4 0.500000

VERT 24
OFFSET -1.322392 -1.415202 57.763947
BONES 2
BONE 18 0.500000
BONE 4 0.500000

VERT 25
OFFSET -1.322392 -1.433110 57.798084
BONES 2
BONE 18 0.500000
BONE 4 0.500000

VERT 26
OFFSET -1.322392 -1.452834 57.808582
BONES 2
BONE 18 0.500000
BONE 4 0.500000

VERT 27
OFFSET -1.322392 -1.476196 57.812225
BONES 2
BONE 18 0.500000
BONE 4 0.500000

VERT 28
OFFSET -1.322392 -1.499488 57.808582
BONES 2
BONE 18 0.500000
BONE 4 0.500000

VERT 29
OFFSET -1.322392 -1.519280 57.798084
BONES 2
BONE 18 0.500000
BONE 4 0.500000

VERT 30
OFFSET -1.322392 -1.532474 57.782398
BONES 2
BONE 18 0.500000
BONE 4 0.500000

VERT 31
OFFSET -1.322392 -1.537119 57.763947
BONES 2
BONE 18 0.500000
BONE 4 0.500000

VERT 32
OFFSET -1.322392 -1.532474 57.745499
BONES 2
BONE 18 0.500000
BONE 4 0.500000

VERT 33
OFFSET -1.322392 -1.525946 57.724567
BONES 2
BONE 18 0.500000
BONE 4 0.500000

VERT 34
OFFSET -1.322392 -1.525946 57.724567
BONES 2
BONE 18 0.500000
BONE 4 0.500000

VERT 35
OFFSET -1.322392 -1.525946 57.724567
BONES 2
BONE 18 0.500000
BONE 4 0.500000

VERT 36
OFFSET -1.322392 -1.541227 57.742607
BONES 2
BONE 18 0.500000
BONE 4 0.500000

VERT 37
OFFSET -1.322392 -1.428128 57.802052
BONES 2
BONE 18 0.500000
BONE 4 0.500000

VERT 38
OFFSET -1.322392 -1.428128 57.802052
BONES 2
BONE 18 0.500000
BONE 4 0.500000

VERT 39
OFFSET -1.322392 -1.413385 57.784546
BONES 2
BONE 18 0.500000
BONE 4 0.500000

VERT 40
OFFSET -1.322392 -1.541227 57.742607
BONES 2
BONE 18 0.500000
BONE 4 0.500000

VERT 41
OFFSET -1.322392 -1.541227 57.742607
BONES 2
BONE 18 0.500000
BONE 4 0.500000

VERT 42
OFFSET -1.322392 -1.544188 57.763947
BONES 2
BONE 18 0.500000
BONE 4 0.500000

VERT 43
OFFSET -1.322392 -1.426378 57.763947
BONES 2
BONE 18 0.500000
BONE 4 0.500000

VERT 44
OFFSET -1.322392 -1.430215 57.779022
BONES 2
BONE 18 0.500000
BONE 4 0.500000

VERT 45
OFFSET -1.322392 -1.440986 57.791817
BONES 2
BONE 18 0.500000
BONE 4 0.500000

VERT 46
OFFSET -1.322392 -1.457144 57.800369
BONES 2
BONE 18 0.500000
BONE 4 0.500000

VERT 47
OFFSET -1.322392 -1.476196 57.803326
BONES 2
BONE 18 0.500000
BONE 4 0.500000

VERT 48
OFFSET -1.322392 -1.495246 57.800369
BONES 2
BONE 18 0.500000
BONE 4 0.500000

VERT 49
OFFSET -1.322392 -1.511403 57.791817
BONES 2
BONE 18 0.500000
BONE 4 0.500000

VERT 50
OFFSET -1.322392 -1.522174 57.779022
BONES 2
BONE 18 0.500000
BONE 4 0.500000

VERT 51
OFFSET -1.322392 -1.525946 57.763947
BONES 2
BONE 18 0.500000
BONE 4 0.500000

VERT 52
OFFSET -1.322392 -1.522174 57.748875
BONES 2
BONE 18 0.500000
BONE 4 0.500000

VERT 53
OFFSET -1.322392 -1.440986 57.763947
BONES 2
BONE 18 0.500000
BONE 4 0.500000

VERT 54
OFFSET -1.322392 -1.443680 57.774651
BONES 2
BONE 18 0.500000
BONE 4 0.500000

VERT 55
OFFSET -1.322392 -1.451286 57.783676
BONES 2
BONE 18 0.500000
BONE 4 0.500000

VERT 56
OFFSET -1.322393 -1.459365 57.769470
BONES 2
BONE 18 0.500000
BONE 4 0.500000

VERT 57
OFFSET -1.322392 -1.457952 57.763943
BONES 2
BONE 18 0.500000
BONE 4 0.500000

VERT 58
OFFSET -1.322392 -1.476196 57.763947
BONES 2
BONE 18 0.500000
BONE 4 0.500000

VERT 59
OFFSET -1.322392 -1.459365 57.758423
BONES 2
BONE 18 0.500000
BONE 4 0.500000

VERT 60
OFFSET -1.322392 -1.463269 57.774181
BONES 2
BONE 18 0.500000
BONE 4 0.500000

VERT 61
OFFSET -1.322392 -1.462731 57.789730
BONES 2
BONE 18 0.500000
BONE 4 0.500000

VERT 62
OFFSET -1.322392 -1.476196 57.791817
BONES 2
BONE 18 0.500000
BONE 4 0.500000

VERT 63
OFFSET -1.322392 -1.489659 57.789730
BONES 2
BONE 18 0.500000
BONE 4 0.500000

VERT 64
OFFSET -1.322392 -1.501103 57.783676
BONES 2
BONE 18 0.500000
BONE 4 0.500000

VERT 65
OFFSET -1.322392 -1.508711 57.774651
BONES 2
BONE 18 0.500000
BONE 4 0.500000

VERT 66
OFFSET -1.322392 -1.511403 57.763947
BONES 2
BONE 18 0.500000
BONE 4 0.500000

VERT 67
OFFSET -1.322392 -1.508711 57.753311
BONES 2
BONE 18 0.500000
BONE 4 0.500000

VERT 68
OFFSET -1.322392 -1.469193 57.777283
BONES 2
BONE 18 0.500000
BONE 4 0.500000

VERT 69
OFFSET -1.322392 -1.476196 57.778355
BONES 2
BONE 18 0.500000
BONE 4 0.500000

VERT 70
OFFSET -1.322392 -1.483129 57.777283
BONES 2
BONE 18 0.500000
BONE 4 0.500000

VERT 71
OFFSET -1.322392 -1.489053 57.774178
BONES 2
BONE 18 0.500000
BONE 4 0.500000

VERT 72
OFFSET -1.322392 -1.493026 57.769470
BONES 2
BONE 18 0.500000
BONE 4 0.500000

VERT 73
OFFSET -1.322392 -1.494371 57.763947
BONES 2
BONE 18 0.500000
BONE 4 0.500000

VERT 74
OFFSET -1.322392 -1.493026 57.758423
BONES 2
BONE 18 0.500000
BONE 4 0.500000

VERT 75
OFFSET -1.322392 -1.489053 57.753712
BONES 2
BONE 18 0.500000
BONE 4 0.500000

VERT 76
OFFSET -1.322392 -1.483129 57.750618
BONES 2
BONE 18 0.500000
BONE 4 0.500000

VERT 77
OFFSET -1.322392 -1.476196 57.749538
BONES 2
BONE 18 0.500000
BONE 4 0.500000

VERT 78
OFFSET -1.322392 -1.462731 57.738235
BONES 2
BONE 18 0.500000
BONE 4 0.500000

VERT 79
OFFSET -1.322392 -1.476196 57.736080
BONES 2
BONE 18 0.500000
BONE 4 0.500000

VERT 80
OFFSET -1.322392 -1.489659 57.738235
BONES 2
BONE 18 0.500000
BONE 4 0.500000

VERT 81
OFFSET -1.322392 -1.501103 57.744221
BONES 2
BONE 18 0.500000
BONE 4 0.500000

VERT 82
OFFSET -1.322392 -1.511403 57.736080
BONES 2
BONE 18 0.500000
BONE 4 0.500000

VERT 83
OFFSET -1.322392 -1.495246 57.727531
BONES 2
BONE 18 0.500000
BONE 4 0.500000

VERT 84
OFFSET -1.322392 -1.476196 57.724567
BONES 2
BONE 18 0.500000
BONE 4 0.500000

VERT 85
OFFSET -1.322392 -1.457144 57.727531
BONES 2
BONE 18 0.500000
BONE 4 0.500000

VERT 86
OFFSET -1.322392 -1.440986 57.736080
BONES 2
BONE 18 0.500000
BONE 4 0.500000

VERT 87
OFFSET -1.322392 -1.451286 57.744221
BONES 2
BONE 18 0.500000
BONE 4 0.500000

VERT 88
OFFSET -1.322392 -1.430215 57.748875
BONES 2
BONE 18 0.500000
BONE 4 0.500000

VERT 89
OFFSET -1.322392 -1.443680 57.753311
BONES 2
BONE 18 0.500000
BONE 4 0.500000

VERT 90
OFFSET -1.322392 -1.463269 57.753712
BONES 2
BONE 18 0.500000
BONE 4 0.500000

VERT 91
OFFSET -1.322392 -1.469193 57.750618
BONES 2
BONE 18 0.500000
BONE 4 0.500000

VERT 92
OFFSET -1.322392 -1.519280 57.729820
BONES 2
BONE 18 0.500000
BONE 4 0.500000

VERT 93
OFFSET -1.322392 -1.499488 57.719387
BONES 2
BONE 18 0.500000
BONE 4 0.500000

VERT 94
OFFSET -1.322392 -1.476196 57.715675
BONES 2
BONE 18 0.500000
BONE 4 0.500000

VERT 95
OFFSET -1.322392 -1.452834 57.719383
BONES 2
BONE 18 0.500000
BONE 4 0.500000

VERT 96
OFFSET -1.322392 -1.433110 57.729820
BONES 2
BONE 18 0.500000
BONE 4 0.500000

VERT 97
OFFSET -1.322392 -1.419848 57.745499
BONES 2
BONE 18 0.500000
BONE 4 0.500000

VERT 98
OFFSET -1.322392 -1.503123 57.712452
BONES 2
BONE 18 0.500000
BONE 4 0.500000

VERT 99
OFFSET -1.322392 -1.476196 57.710098
BONES 2
BONE 18 0.500000
BONE 4 0.500000

VERT 100
OFFSET -1.322392 -1.450142 57.714199
BONES 2
BONE 18 0.500000
BONE 4 0.500000

VERT 101
OFFSET -1.322392 -1.428128 57.725914
BONES 2
BONE 18 0.500000
BONE 4 0.500000

VERT 102
OFFSET -1.322392 -1.413385 57.743347
BONES 2
BONE 18 0.500000
BONE 4 0.500000

VERT 103
OFFSET -1.322392 -1.408203 57.763947
BONES 2
BONE 18 0.500000
BONE 4 0.500000

VERT 104
OFFSET -1.322392 -1.413385 57.784546
BONES 2
BONE 18 0.500000
BONE 4 0.500000

VERT 105
OFFSET -1.322392 -1.413385 57.784546
BONES 2
BONE 18 0.500000
BONE 4 0.500000

VERT 106
OFFSET -1.322392 -1.408203 57.763947
BONES 2
BONE 18 0.500000
BONE 4 0.500000

VERT 107
OFFSET -1.322392 -1.503123 57.712452
BONES 2
BONE 18 0.500000
BONE 4 0.500000

VERT 108
OFFSET -1.322392 -1.503123 57.712452
BONES 2
BONE 18 0.500000
BONE 4 0.500000

VERT 109
OFFSET -1.322392 -1.525946 57.724567
BONES 2
BONE 18 0.500000
BONE 4 0.500000

VERT 110
OFFSET -1.322392 -1.476196 57.708206
BONES 2
BONE 18 0.500000
BONE 4 0.500000

VERT 111
OFFSET -1.322392 -1.449267 57.712452
BONES 2
BONE 18 0.500000
BONE 4 0.500000

VERT 112
OFFSET -1.322392 -1.426378 57.724567
BONES 2
BONE 18 0.500000
BONE 4 0.500000

VERT 113
OFFSET -1.322392 -1.411164 57.742607
BONES 2
BONE 18 0.500000
BONE 4 0.500000

VERT 114
OFFSET -1.322392 -1.405779 57.763947
BONES 2
BONE 18 0.500000
BONE 4 0.500000

VERT 115
OFFSET -1.322392 -1.503123 57.712452
BONES 2
BONE 18 0.500000
BONE 4 0.500000

VERT 116
OFFSET -1.322392 -1.476196 57.708206
BONES 2
BONE 18 0.500000
BONE 4 0.500000

VERT 117
OFFSET -1.322392 -1.503123 57.712452
BONES 2
BONE 18 0.500000
BONE 4 0.500000

VERT 118
OFFSET -1.322392 -1.525946 57.724567
BONES 2
BONE 18 0.500000
BONE 4 0.500000

VERT 119
OFFSET -1.322392 -1.503123 57.712452
BONES 2
BONE 18 0.500000
BONE 4 0.500000

VERT 120
OFFSET -1.322392 -1.525946 57.724567
BONES 2
BONE 18 0.500000
BONE 4 0.500000

VERT 121
OFFSET -1.322392 -1.541227 57.742607
BONES 2
BONE 18 0.500000
BONE 4 0.500000

VERT 122
OFFSET -1.322392 -1.525946 57.724567
BONES 2
BONE 18 0.500000
BONE 4 0.500000

VERT 123
OFFSET -1.322392 -1.541227 57.742607
BONES 2
BONE 18 0.500000
BONE 4 0.500000

VERT 124
OFFSET -1.557840 0.656977 55.144199
BONES 3
BONE 4 0.900000
BONE 24 0.050000
BONE 23 0.050000

VERT 125
OFFSET -1.788349 0.669768 55.215595
BONES 3
BONE 4 0.900000
BONE 24 0.050000
BONE 23 0.050000

VERT 126
OFFSET -1.512070 0.656977 55.302319
BONES 3
BONE 4 0.900000
BONE 24 0.050000
BONE 23 0.050000

VERT 127
OFFSET -1.742573 0.669768 55.373707
BONES 3
BONE 4 0.900000
BONE 24 0.050000
BONE 23 0.050000

VERT 128
OFFSET -1.742572 0.614229 55.373707
BONES 3
BONE 4 0.900000
BONE 24 0.050000
BONE 23 0.050000

VERT 129
OFFSET -1.788349 0.614229 55.215595
BONES 3
BONE 4 0.900000
BONE 24 0.050000
BONE 23 0.050000

VERT 130
OFFSET -1.568156 0.602515 55.147446
BONES 3
BONE 4 0.900000
BONE 24 0.050000
BONE 23 0.050000

VERT 131
OFFSET -1.522388 0.602515 55.305546
BONES 3
BONE 4 0.900000
BONE 24 0.050000
BONE 23 0.050000

VERT 132
OFFSET -1.392662 0.619076 55.265194
BONES 3
BONE 4 0.900000
BONE 24 0.050000
BONE 23 0.050000

VERT 133
OFFSET -1.438441 0.619076 55.107166
BONES 3
BONE 4 0.900000
BONE 24 0.050000
BONE 23 0.050000

VERT 134
OFFSET -1.282645 0.557479 55.231049
BONES 3
BONE 4 0.900000
BONE 24 0.050000
BONE 23 0.050000

VERT 135
OFFSET -1.328340 0.557478 55.072948
BONES 3
BONE 4 0.900000
BONE 24 0.050000
BONE 23 0.050000

VERT 136
OFFSET -1.186178 0.474541 55.201073
BONES 3
BONE 4 0.900000
BONE 24 0.050000
BONE 23 0.050000

VERT 137
OFFSET -1.231870 0.474541 55.042961
BONES 3
BONE 4 0.900000
BONE 24 0.050000
BONE 23 0.050000

VERT 138
OFFSET -1.106976 0.373560 55.176430
BONES 3
BONE 4 0.900000
BONE 24 0.050000
BONE 23 0.050000

VERT 139
OFFSET -1.152745 0.373560 55.018322
BONES 3
BONE 4 0.900000
BONE 24 0.050000
BONE 23 0.050000

VERT 140
OFFSET -1.048146 0.258376 55.158131
BONES 3
BONE 4 0.900000
BONE 24 0.050000
BONE 23 0.050000

VERT 141
OFFSET -1.093916 0.258375 55.000095
BONES 3
BONE 4 0.900000
BONE 24 0.050000
BONE 23 0.050000

VERT 142
OFFSET -1.011920 0.133295 55.146908
BONES 3
BONE 4 0.900000
BONE 24 0.050000
BONE 23 0.050000

VERT 143
OFFSET -1.057690 0.133295 54.988796
BONES 3
BONE 4 0.900000
BONE 24 0.050000
BONE 23 0.050000

VERT 144
OFFSET -0.999711 0.000001 55.143059
BONES 3
BONE 4 0.900000
BONE 24 0.050000
BONE 23 0.050000

VERT 145
OFFSET -1.045480 0.000001 54.985039
BONES 3
BONE 4 0.900000
BONE 24 0.050000
BONE 23 0.050000

VERT 146
OFFSET -1.097198 0.237102 55.173386
BONES 3
BONE 4 0.900000
BONE 24 0.050000
BONE 23 0.050000

VERT 147
OFFSET -1.063932 0.122456 55.163090
BONES 3
BONE 4 0.900000
BONE 24 0.050000
BONE 23 0.050000

VERT 148
OFFSET -1.151095 0.342728 55.190174
BONES 3
BONE 4 0.900000
BONE 24 0.050000
BONE 23 0.050000

VERT 149
OFFSET -1.223682 0.435293 55.212681
BONES 3
BONE 4 0.900000
BONE 24 0.050000
BONE 23 0.050000

VERT 150
OFFSET -1.312125 0.511297 55.240154
BONES 3
BONE 4 0.900000
BONE 24 0.050000
BONE 23 0.050000

VERT 151
OFFSET -1.412967 0.567711 55.271530
BONES 3
BONE 4 0.900000
BONE 24 0.050000
BONE 23 0.050000

VERT 152
OFFSET -1.458745 0.567711 55.113506
BONES 3
BONE 4 0.900000
BONE 24 0.050000
BONE 23 0.050000

VERT 153
OFFSET -1.109702 0.122456 55.004993
BONES 3
BONE 4 0.900000
BONE 24 0.050000
BONE 23 0.050000

VERT 154
OFFSET -1.098502 0.000001 55.001488
BONES 3
BONE 4 0.900000
BONE 24 0.050000
BONE 23 0.050000

VERT 155
OFFSET -1.142891 0.237102 55.015297
BONES 3
BONE 4 0.900000
BONE 24 0.050000
BONE 23 0.050000

VERT 156
OFFSET -1.196864 0.342728 55.032074
BONES 3
BONE 4 0.900000
BONE 24 0.050000
BONE 23 0.050000

VERT 157
OFFSET -1.269451 0.435292 55.054585
BONES 3
BONE 4 0.900000
BONE 24 0.050000
BONE 23 0.050000

VERT 158
OFFSET -1.357818 0.511296 55.082142
BONES 3
BONE 4 0.900000
BONE 24 0.050000
BONE 23 0.050000

VERT 159
OFFSET -1.568156 -0.602515 55.147446
BONES 3
BONE 4 0.900000
BONE 24 0.050000
BONE 23 0.050000

VERT 160
OFFSET -1.742572 -0.614229 55.373707
BONES 3
BONE 4 0.900000
BONE 24 0.050000
BONE 23 0.050000

VERT 161
OFFSET -1.522388 -0.602515 55.305546
BONES 3
BONE 4 0.900000
BONE 24 0.050000
BONE 23 0.050000

VERT 162
OFFSET -1.458745 -0.567711 55.113503
BONES 3
BONE 4 0.900000
BONE 24 0.050000
BONE 23 0.050000

VERT 163
OFFSET -1.412967 -0.567711 55.271530
BONES 3
BONE 4 0.900000
BONE 24 0.050000
BONE 23 0.050000

VERT 164
OFFSET -1.357817 -0.511296 55.082142
BONES 3
BONE 4 0.900000
BONE 24 0.050000
BONE 23 0.050000

VERT 165
OFFSET -1.312125 -0.511295 55.240154
BONES 3
BONE 4 0.900000
BONE 24 0.050000
BONE 23 0.050000

VERT 166
OFFSET -1.269451 -0.435292 55.054581
BONES 3
BONE 4 0.900000
BONE 24 0.050000
BONE 23 0.050000

VERT 167
OFFSET -1.223681 -0.435291 55.212677
BONES 3
BONE 4 0.900000
BONE 24 0.050000
BONE 23 0.050000

VERT 168
OFFSET -1.196864 -0.342726 55.032074
BONES 3
BONE 4 0.900000
BONE 24 0.050000
BONE 23 0.050000

VERT 169
OFFSET -1.151095 -0.342726 55.190174
BONES 3
BONE 4 0.900000
BONE 24 0.050000
BONE 23 0.050000

VERT 170
OFFSET -1.142891 -0.237101 55.015297
BONES 3
BONE 4 0.900000
BONE 24 0.050000
BONE 23 0.050000

VERT 171
OFFSET -1.097198 -0.237101 55.173386
BONES 3
BONE 4 0.900000
BONE 24 0.050000
BONE 23 0.050000

VERT 172
OFFSET -1.109702 -0.122454 55.004993
BONES 3
BONE 4 0.900000
BONE 24 0.050000
BONE 23 0.050000

VERT 173
OFFSET -1.063932 -0.122454 55.163090
BONES 3
BONE 4 0.900000
BONE 24 0.050000
BONE 23 0.050000

VERT 174
OFFSET -1.052732 0.000001 55.159592
BONES 3
BONE 4 0.900000
BONE 24 0.050000
BONE 23 0.050000

VERT 175
OFFSET -1.011920 -0.133293 55.146908
BONES 3
BONE 4 0.900000
BONE 24 0.050000
BONE 23 0.050000

VERT 176
OFFSET -1.048146 -0.258374 55.158131
BONES 3
BONE 4 0.900000
BONE 24 0.050000
BONE 23 0.050000

VERT 177
OFFSET -1.106976 -0.373558 55.176430
BONES 3
BONE 4 0.900000
BONE 24 0.050000
BONE 23 0.050000

VERT 178
OFFSET -1.186178 -0.474539 55.201073
BONES 3
BONE 4 0.900000
BONE 24 0.050000
BONE 23 0.050000

VERT 179
OFFSET -1.282645 -0.557478 55.231049
BONES 3
BONE 4 0.900000
BONE 24 0.050000
BONE 23 0.050000

VERT 180
OFFSET -1.392662 -0.619076 55.265194
BONES 3
BONE 4 0.900000
BONE 24 0.050000
BONE 23 0.050000

VERT 181
OFFSET -1.512070 -0.656977 55.302319
BONES 3
BONE 4 0.900000
BONE 24 0.050000
BONE 23 0.050000

VERT 182
OFFSET -1.057690 -0.133293 54.988796
BONES 3
BONE 4 0.900000
BONE 24 0.050000
BONE 23 0.050000

VERT 183
OFFSET -1.093916 -0.258374 55.000095
BONES 3
BONE 4 0.900000
BONE 24 0.050000
BONE 23 0.050000

VERT 184
OFFSET -1.152745 -0.373558 55.018322
BONES 3
BONE 4 0.900000
BONE 24 0.050000
BONE 23 0.050000

VERT 185
OFFSET -1.231871 -0.474539 55.042961
BONES 3
BONE 4 0.900000
BONE 24 0.050000
BONE 23 0.050000

VERT 186
OFFSET -1.328340 -0.557478 55.072948
BONES 3
BONE 4 0.900000
BONE 24 0.050000
BONE 23 0.050000

VERT 187
OFFSET -1.438442 -0.619076 55.107166
BONES 3
BONE 4 0.900000
BONE 24 0.050000
BONE 23 0.050000

VERT 188
OFFSET -1.557840 -0.656977 55.144199
BONES 3
BONE 4 0.900000
BONE 24 0.050000
BONE 23 0.050000

VERT 189
OFFSET -1.788349 -0.669768 55.215595
BONES 3
BONE 4 0.900000
BONE 24 0.050000
BONE 23 0.050000

VERT 190
OFFSET -1.742572 -0.669768 55.373707
BONES 3
BONE 4 0.900000
BONE 24 0.050000
BONE 23 0.050000

VERT 191
OFFSET -1.788349 -0.614229 55.215595
BONES 3
BONE 4 0.900000
BONE 24 0.050000
BONE 23 0.050000

VERT 192
OFFSET -1.162395 -0.362401 55.161366
BONES 3
BONE 4 0.900000
BONE 23 0.050000
BONE 24 0.050000

VERT 193
OFFSET -1.257383 -0.364219 55.194210
BONES 3
BONE 4 0.900000
BONE 23 0.050000
BONE 24 0.050000

VERT 194
OFFSET -1.246951 -0.174511 55.191311
BONES 3
BONE 4 0.900000
BONE 23 0.050000
BONE 24 0.050000

VERT 195
OFFSET -1.509566 -0.167980 55.262272
BONES 3
BONE 4 0.900000
BONE 23 0.050000
BONE 24 0.050000

VERT 196
OFFSET -1.507212 -0.000016 55.261646
BONES 3
BONE 4 0.900000
BONE 23 0.050000
BONE 24 0.050000

VERT 197
OFFSET -1.425212 -0.422767 55.559032
BONES 3
BONE 4 0.900000
BONE 23 0.050000
BONE 24 0.050000

VERT 198
OFFSET -1.279261 -0.527864 55.370003
BONES 3
BONE 4 0.900000
BONE 23 0.050000
BONE 24 0.050000

VERT 199
OFFSET -1.208037 -0.372817 55.479996
BONES 3
BONE 4 0.900000
BONE 23 0.050000
BONE 24 0.050000

VERT 200
OFFSET -1.181179 -0.159005 55.532356
BONES 3
BONE 4 0.900000
BONE 23 0.050000
BONE 24 0.050000

VERT 201
OFFSET -0.993549 -0.159753 55.386944
BONES 3
BONE 4 0.900000
BONE 23 0.050000
BONE 24 0.050000

VERT 202
OFFSET -1.078918 -0.312571 55.369587
BONES 3
BONE 4 0.900000
BONE 23 0.050000
BONE 24 0.050000

VERT 203
OFFSET -1.051250 -0.355256 55.291023
BONES 3
BONE 4 0.900000
BONE 23 0.050000
BONE 24 0.050000

VERT 204
OFFSET -1.086525 -0.360917 55.202095
BONES 3
BONE 4 0.900000
BONE 23 0.050000
BONE 24 0.050000

VERT 205
OFFSET -1.289829 -0.529150 55.257053
BONES 3
BONE 4 0.900000
BONE 23 0.050000
BONE 24 0.050000

VERT 206
OFFSET -1.279665 -0.478393 55.196781
BONES 3
BONE 4 0.900000
BONE 23 0.050000
BONE 24 0.050000

VERT 207
OFFSET -1.527671 -0.572035 55.263779
BONES 3
BONE 4 0.900000
BONE 23 0.050000
BONE 24 0.050000

VERT 208
OFFSET -1.510707 -0.394714 55.262627
BONES 3
BONE 4 0.900000
BONE 23 0.050000
BONE 24 0.050000

VERT 209
OFFSET -1.715094 -0.163805 55.317810
BONES 3
BONE 4 0.900000
BONE 23 0.050000
BONE 24 0.050000

VERT 210
OFFSET -1.708566 -0.000015 55.315979
BONES 3
BONE 4 0.900000
BONE 23 0.050000
BONE 24 0.050000

VERT 211
OFFSET -1.408384 -0.168023 55.640800
BONES 3
BONE 4 0.900000
BONE 23 0.050000
BONE 24 0.050000

VERT 212
OFFSET -1.923521 -0.000014 55.374004
BONES 3
BONE 4 0.900000
BONE 23 0.050000
BONE 24 0.050000

VERT 213
OFFSET -1.720548 0.583314 55.315746
BONES 3
BONE 4 0.900000
BONE 23 0.050000
BONE 24 0.050000

VERT 214
OFFSET -1.939077 0.587556 55.374783
BONES 3
BONE 4 0.900000
BONE 23 0.050000
BONE 24 0.050000

VERT 215
OFFSET -1.721836 0.635490 55.373573
BONES 3
BONE 4 0.900000
BONE 23 0.050000
BONE 24 0.050000

VERT 216
OFFSET -1.718324 0.399665 55.318657
BONES 3
BONE 4 0.900000
BONE 23 0.050000
BONE 24 0.050000

VERT 217
OFFSET -1.936182 0.398858 55.377407
BONES 3
BONE 4 0.900000
BONE 23 0.050000
BONE 24 0.050000

VERT 218
OFFSET -1.931938 0.155697 55.376282
BONES 3
BONE 4 0.900000
BONE 23 0.050000
BONE 24 0.050000

VERT 219
OFFSET -2.209968 0.156642 55.451344
BONES 3
BONE 4 0.900000
BONE 23 0.050000
BONE 24 0.050000

VERT 220
OFFSET -2.210035 -0.000012 55.451435
BONES 3
BONE 4 0.900000
BONE 23 0.050000
BONE 24 0.050000

VERT 221
OFFSET -1.931934 -0.155725 55.376301
BONES 3
BONE 4 0.900000
BONE 23 0.050000
BONE 24 0.050000

VERT 222
OFFSET -1.718315 -0.399695 55.318707
BONES 3
BONE 4 0.900000
BONE 23 0.050000
BONE 24 0.050000

VERT 223
OFFSET -1.720534 -0.583344 55.315819
BONES 3
BONE 4 0.900000
BONE 23 0.050000
BONE 24 0.050000

VERT 224
OFFSET -1.535412 -0.621377 55.323353
BONES 3
BONE 4 0.900000
BONE 23 0.050000
BONE 24 0.050000

VERT 225
OFFSET -1.500204 -0.609521 55.437859
BONES 3
BONE 4 0.900000
BONE 23 0.050000
BONE 24 0.050000

VERT 226
OFFSET -1.535426 0.621353 55.323277
BONES 3
BONE 4 0.900000
BONE 23 0.050000
BONE 24 0.050000

VERT 227
OFFSET -2.209906 0.563658 55.447887
BONES 3
BONE 4 0.900000
BONE 23 0.050000
BONE 24 0.050000

VERT 228
OFFSET -1.940627 0.641954 55.432667
BONES 3
BONE 4 0.900000
BONE 23 0.050000
BONE 24 0.050000

VERT 229
OFFSET -2.209897 0.385126 55.451328
BONES 3
BONE 4 0.900000
BONE 23 0.050000
BONE 24 0.050000

VERT 230
OFFSET -2.458850 0.153288 55.518532
BONES 3
BONE 4 0.900000
BONE 23 0.050000
BONE 24 0.050000

VERT 231
OFFSET -2.462149 0.000000 55.519493
BONES 3
BONE 4 0.900000
BONE 23 0.050000
BONE 24 0.050000

VERT 232
OFFSET -2.209965 -0.156666 55.451359
BONES 3
BONE 4 0.900000
BONE 23 0.050000
BONE 24 0.050000

VERT 233
OFFSET -1.936173 -0.398886 55.377457
BONES 3
BONE 4 0.900000
BONE 23 0.050000
BONE 24 0.050000

VERT 234
OFFSET -1.939064 -0.587584 55.374855
BONES 3
BONE 4 0.900000
BONE 23 0.050000
BONE 24 0.050000

VERT 235
OFFSET -1.721822 -0.635514 55.373650
BONES 3
BONE 4 0.900000
BONE 23 0.050000
BONE 24 0.050000

VERT 236
OFFSET -1.690115 -0.633217 55.488495
BONES 3
BONE 4 0.900000
BONE 23 0.050000
BONE 24 0.050000

VERT 237
OFFSET -1.633096 -0.444712 55.631393
BONES 3
BONE 4 0.900000
BONE 23 0.050000
BONE 24 0.050000

VERT 238
OFFSET -2.457773 0.346160 55.518265
BONES 3
BONE 4 0.900000
BONE 23 0.050000
BONE 24 0.050000

VERT 239
OFFSET -2.457032 0.500121 55.514565
BONES 3
BONE 4 0.900000
BONE 23 0.050000
BONE 24 0.050000

VERT 240
OFFSET -2.456898 0.539100 55.572128
BONES 3
BONE 4 0.900000
BONE 23 0.050000
BONE 24 0.050000

VERT 241
OFFSET -2.458850 -0.153288 55.518532
BONES 3
BONE 4 0.900000
BONE 23 0.050000
BONE 24 0.050000

VERT 242
OFFSET -2.209888 -0.385150 55.451378
BONES 3
BONE 4 0.900000
BONE 23 0.050000
BONE 24 0.050000

VERT 243
OFFSET -2.209893 -0.563684 55.447956
BONES 3
BONE 4 0.900000
BONE 23 0.050000
BONE 24 0.050000

VERT 244
OFFSET -1.940612 -0.641975 55.432743
BONES 3
BONE 4 0.900000
BONE 23 0.050000
BONE 24 0.050000

VERT 245
OFFSET -1.899480 -0.638467 55.548401
BONES 3
BONE 4 0.900000
BONE 23 0.050000
BONE 24 0.050000

VERT 246
OFFSET -1.856061 -0.467465 55.698116
BONES 3
BONE 4 0.900000
BONE 23 0.050000
BONE 24 0.050000

VERT 247
OFFSET -1.610950 -0.171725 55.695396
BONES 3
BONE 4 0.900000
BONE 23 0.050000
BONE 24 0.050000

VERT 248
OFFSET -1.826307 -0.173406 55.769920
BONES 3
BONE 4 0.900000
BONE 23 0.050000
BONE 24 0.050000

VERT 249
OFFSET -2.126282 -0.455952 55.756207
BONES 3
BONE 4 0.900000
BONE 23 0.050000
BONE 24 0.050000

VERT 250
OFFSET -2.108178 -0.182629 55.815838
BONES 3
BONE 4 0.900000
BONE 23 0.050000
BONE 24 0.050000

VERT 251
OFFSET -2.451444 -0.445457 55.738274
BONES 3
BONE 4 0.900000
BONE 23 0.050000
BONE 24 0.050000

VERT 252
OFFSET -2.450704 -0.183111 55.781219
BONES 3
BONE 4 0.900000
BONE 23 0.050000
BONE 24 0.050000

VERT 253
OFFSET -2.448819 0.000000 55.789833
BONES 3
BONE 4 0.900000
BONE 23 0.050000
BONE 24 0.050000

VERT 254
OFFSET -2.210094 -0.613565 55.505524
BONES 3
BONE 4 0.900000
BONE 23 0.050000
BONE 24 0.050000

VERT 255
OFFSET -2.107168 0.000011 55.819935
BONES 3
BONE 4 0.900000
BONE 23 0.050000
BONE 24 0.050000

VERT 256
OFFSET -2.108182 0.182649 55.815815
BONES 3
BONE 4 0.900000
BONE 23 0.050000
BONE 24 0.050000

VERT 257
OFFSET -2.450704 0.183111 55.781219
BONES 3
BONE 4 0.900000
BONE 23 0.050000
BONE 24 0.050000

VERT 258
OFFSET -2.451444 0.445457 55.738270
BONES 3
BONE 4 0.900000
BONE 23 0.050000
BONE 24 0.050000

VERT 259
OFFSET -2.457773 -0.346160 55.518265
BONES 3
BONE 4 0.900000
BONE 23 0.050000
BONE 24 0.050000

VERT 260
OFFSET -2.457032 -0.500121 55.514565
BONES 3
BONE 4 0.900000
BONE 23 0.050000
BONE 24 0.050000

VERT 261
OFFSET -2.456898 -0.539100 55.572128
BONES 3
BONE 4 0.900000
BONE 23 0.050000
BONE 24 0.050000

VERT 262
OFFSET -2.173001 -0.625339 55.621452
BONES 3
BONE 4 0.900000
BONE 23 0.050000
BONE 24 0.050000

VERT 263
OFFSET -2.454743 -0.540109 55.655872
BONES 3
BONE 4 0.900000
BONE 23 0.050000
BONE 24 0.050000

VERT 264
OFFSET -1.612771 0.000007 55.663956
BONES 3
BONE 4 0.900000
BONE 23 0.050000
BONE 24 0.050000

VERT 265
OFFSET -1.814662 0.000009 55.735191
BONES 3
BONE 4 0.900000
BONE 23 0.050000
BONE 24 0.050000

VERT 266
OFFSET -1.826311 0.173428 55.769905
BONES 3
BONE 4 0.900000
BONE 23 0.050000
BONE 24 0.050000

VERT 267
OFFSET -2.126293 0.455966 55.756153
BONES 3
BONE 4 0.900000
BONE 23 0.050000
BONE 24 0.050000

VERT 268
OFFSET -2.173015 0.625335 55.621376
BONES 3
BONE 4 0.900000
BONE 23 0.050000
BONE 24 0.050000

VERT 269
OFFSET -2.454744 0.540109 55.655872
BONES 3
BONE 4 0.900000
BONE 23 0.050000
BONE 24 0.050000

VERT 270
OFFSET -2.210108 0.613547 55.505447
BONES 3
BONE 4 0.900000
BONE 23 0.050000
BONE 24 0.050000

VERT 271
OFFSET -1.899494 0.638461 55.548321
BONES 3
BONE 4 0.900000
BONE 23 0.050000
BONE 24 0.050000

VERT 272
OFFSET -1.856070 0.467477 55.698059
BONES 3
BONE 4 0.900000
BONE 23 0.050000
BONE 24 0.050000

VERT 273
OFFSET -1.610954 0.171743 55.695381
BONES 3
BONE 4 0.900000
BONE 23 0.050000
BONE 24 0.050000

VERT 274
OFFSET -1.633106 0.444722 55.631340
BONES 3
BONE 4 0.900000
BONE 23 0.050000
BONE 24 0.050000

VERT 275
OFFSET -1.425221 0.422773 55.558979
BONES 3
BONE 4 0.900000
BONE 23 0.050000
BONE 24 0.050000

VERT 276
OFFSET -1.690128 0.633209 55.488419
BONES 3
BONE 4 0.900000
BONE 23 0.050000
BONE 24 0.050000

VERT 277
OFFSET -1.500219 0.609511 55.437794
BONES 3
BONE 4 0.900000
BONE 23 0.050000
BONE 24 0.050000

VERT 278
OFFSET -1.279273 0.527851 55.369942
BONES 3
BONE 4 0.900000
BONE 23 0.050000
BONE 24 0.050000

VERT 279
OFFSET -1.208046 0.372821 55.479946
BONES 3
BONE 4 0.900000
BONE 23 0.050000
BONE 24 0.050000

VERT 280
OFFSET -1.051257 0.355240 55.290981
BONES 3
BONE 4 0.900000
BONE 23 0.050000
BONE 24 0.050000

VERT 281
OFFSET -1.078925 0.312562 55.369541
BONES 3
BONE 4 0.900000
BONE 23 0.050000
BONE 24 0.050000

VERT 282
OFFSET -0.993553 0.159749 55.386925
BONES 3
BONE 4 0.900000
BONE 23 0.050000
BONE 24 0.050000

VERT 283
OFFSET -1.181183 0.159015 55.532341
BONES 3
BONE 4 0.900000
BONE 23 0.050000
BONE 24 0.050000

VERT 284
OFFSET -1.408388 0.168039 55.640781
BONES 3
BONE 4 0.900000
BONE 23 0.050000
BONE 24 0.050000

VERT 285
OFFSET -1.190203 0.000004 55.520233
BONES 3
BONE 4 0.900000
BONE 23 0.050000
BONE 24 0.050000

VERT 286
OFFSET -0.985884 -0.000002 55.386265
BONES 3
BONE 4 0.900000
BONE 23 0.050000
BONE 24 0.050000

VERT 287
OFFSET -1.411079 0.000005 55.594078
BONES 3
BONE 4 0.900000
BONE 23 0.050000
BONE 24 0.050000

VERT 288
OFFSET -0.933905 -0.000008 55.267303
BONES 3
BONE 4 0.900000
BONE 23 0.050000
BONE 24 0.050000

VERT 289
OFFSET -0.956200 0.169168 55.275574
BONES 3
BONE 4 0.900000
BONE 23 0.050000
BONE 24 0.050000

VERT 290
OFFSET -1.086533 0.360889 55.202061
BONES 3
BONE 4 0.900000
BONE 23 0.050000
BONE 24 0.050000

VERT 291
OFFSET -1.289841 0.529122 55.256992
BONES 3
BONE 4 0.900000
BONE 23 0.050000
BONE 24 0.050000

VERT 292
OFFSET -1.162403 0.362367 55.161324
BONES 3
BONE 4 0.900000
BONE 23 0.050000
BONE 24 0.050000

VERT 293
OFFSET -1.007687 -0.174239 55.167076
BONES 3
BONE 4 0.900000
BONE 23 0.050000
BONE 24 0.050000

VERT 294
OFFSET -1.114061 -0.174376 55.148300
BONES 3
BONE 4 0.900000
BONE 23 0.050000
BONE 24 0.050000

VERT 295
OFFSET -1.240490 -0.000017 55.189625
BONES 3
BONE 4 0.900000
BONE 23 0.050000
BONE 24 0.050000

VERT 296
OFFSET -1.246956 0.174477 55.191296
BONES 3
BONE 4 0.900000
BONE 23 0.050000
BONE 24 0.050000

VERT 297
OFFSET -1.114066 0.174342 55.148281
BONES 3
BONE 4 0.900000
BONE 23 0.050000
BONE 24 0.050000

VERT 298
OFFSET -1.007691 0.174209 55.167057
BONES 3
BONE 4 0.900000
BONE 23 0.050000
BONE 24 0.050000

VERT 299
OFFSET -0.983185 -0.000015 55.160404
BONES 3
BONE 4 0.900000
BONE 23 0.050000
BONE 24 0.050000

VERT 300
OFFSET -0.956195 -0.169184 55.275600
BONES 3
BONE 4 0.900000
BONE 23 0.050000
BONE 24 0.050000

VERT 301
OFFSET -1.097569 -0.000017 55.143845
BONES 3
BONE 4 0.900000
BONE 23 0.050000
BONE 24 0.050000

VERT 302
OFFSET -1.715098 0.163775 55.317791
BONES 3
BONE 4 0.900000
BONE 23 0.050000
BONE 24 0.050000

VERT 303
OFFSET -1.510716 0.394682 55.262566
BONES 3
BONE 4 0.900000
BONE 23 0.050000
BONE 24 0.050000

VERT 304
OFFSET -1.527685 0.572003 55.263706
BONES 3
BONE 4 0.900000
BONE 23 0.050000
BONE 24 0.050000

VERT 305
OFFSET -1.279676 0.478361 55.196724
BONES 3
BONE 4 0.900000
BONE 23 0.050000
BONE 24 0.050000

VERT 306
OFFSET -1.257391 0.364185 55.194168
BONES 3
BONE 4 0.900000
BONE 23 0.050000
BONE 24 0.050000

VERT 307
OFFSET -1.509570 0.167948 55.262253
BONES 3
BONE 4 0.900000
BONE 23 0.050000
BONE 24 0.050000

VERT 308
OFFSET -1.355379 1.798457 57.803329
BONES 2
BONE 17 0.500000
BONE 4 0.500000

VERT 309
OFFSET -1.355379 1.783175 57.785294
BONES 2
BONE 17 0.500000
BONE 4 0.500000

VERT 310
OFFSET -1.355379 1.785398 57.784546
BONES 2
BONE 17 0.500000
BONE 4 0.500000

VERT 311
OFFSET -1.355379 1.780213 57.763947
BONES 2
BONE 17 0.500000
BONE 4 0.500000

VERT 312
OFFSET -1.355379 1.787282 57.763947
BONES 2
BONE 17 0.500000
BONE 4 0.500000

VERT 313
OFFSET -1.355379 1.791927 57.745499
BONES 2
BONE 17 0.500000
BONE 4 0.500000

VERT 314
OFFSET -1.355379 1.802227 57.748878
BONES 2
BONE 17 0.500000
BONE 4 0.500000

VERT 315
OFFSET -1.355379 1.783175 57.742607
BONES 2
BONE 17 0.500000
BONE 4 0.500000

VERT 316
OFFSET -1.355379 1.777858 57.763947
BONES 2
BONE 17 0.500000
BONE 4 0.500000

VERT 317
OFFSET -1.355379 1.783175 57.742607
BONES 2
BONE 17 0.500000
BONE 4 0.500000

VERT 318
OFFSET -1.355379 1.783175 57.742607
BONES 2
BONE 17 0.500000
BONE 4 0.500000

VERT 319
OFFSET -1.355379 1.777858 57.763947
BONES 2
BONE 17 0.500000
BONE 4 0.500000

VERT 320
OFFSET -1.355379 1.815691 57.753311
BONES 2
BONE 17 0.500000
BONE 4 0.500000

VERT 321
OFFSET -1.355379 1.798457 57.763947
BONES 2
BONE 17 0.500000
BONE 4 0.500000

VERT 322
OFFSET -1.355379 1.791927 57.782402
BONES 2
BONE 17 0.500000
BONE 4 0.500000

VERT 323
OFFSET -1.355379 1.800140 57.802055
BONES 2
BONE 17 0.500000
BONE 4 0.500000

VERT 324
OFFSET -1.355379 1.821280 57.815453
BONES 2
BONE 17 0.500000
BONE 4 0.500000

VERT 325
OFFSET -1.355379 1.848207 57.819695
BONES 2
BONE 17 0.500000
BONE 4 0.500000

VERT 326
OFFSET -1.355379 1.822222 57.813690
BONES 2
BONE 17 0.500000
BONE 4 0.500000

VERT 327
OFFSET -1.355378 1.805122 57.798088
BONES 2
BONE 17 0.500000
BONE 4 0.500000

VERT 328
OFFSET -1.355379 1.802227 57.779022
BONES 2
BONE 17 0.500000
BONE 4 0.500000

VERT 329
OFFSET -1.355379 1.812999 57.763947
BONES 2
BONE 17 0.500000
BONE 4 0.500000

VERT 330
OFFSET -1.355379 1.831378 57.758423
BONES 2
BONE 17 0.500000
BONE 4 0.500000

VERT 331
OFFSET -1.355379 1.835349 57.753716
BONES 2
BONE 17 0.500000
BONE 4 0.500000

VERT 332
OFFSET -1.355379 1.823298 57.744225
BONES 2
BONE 17 0.500000
BONE 4 0.500000

VERT 333
OFFSET -1.355379 1.812999 57.736084
BONES 2
BONE 17 0.500000
BONE 4 0.500000

VERT 334
OFFSET -1.355379 1.805122 57.729820
BONES 2
BONE 17 0.500000
BONE 4 0.500000

VERT 335
OFFSET -1.355379 1.798457 57.724571
BONES 2
BONE 17 0.500000
BONE 4 0.500000

VERT 336
OFFSET -1.355379 1.829155 57.727531
BONES 2
BONE 17 0.500000
BONE 4 0.500000

VERT 337
OFFSET -1.355379 1.824914 57.719391
BONES 2
BONE 17 0.500000
BONE 4 0.500000

VERT 338
OFFSET -1.355379 1.821280 57.712456
BONES 2
BONE 17 0.500000
BONE 4 0.500000

VERT 339
OFFSET -1.355379 1.874259 57.813690
BONES 2
BONE 17 0.500000
BONE 4 0.500000

VERT 340
OFFSET -1.355379 1.848207 57.817810
BONES 2
BONE 17 0.500000
BONE 4 0.500000

VERT 341
OFFSET -1.355379 1.874259 57.813690
BONES 2
BONE 17 0.500000
BONE 4 0.500000

VERT 342
OFFSET -1.355379 1.874259 57.813690
BONES 2
BONE 17 0.500000
BONE 4 0.500000

VERT 343
OFFSET -1.355379 1.848207 57.817810
BONES 2
BONE 17 0.500000
BONE 4 0.500000

VERT 344
OFFSET -1.355379 1.824914 57.808586
BONES 2
BONE 17 0.500000
BONE 4 0.500000

VERT 345
OFFSET -1.355379 1.812999 57.791817
BONES 2
BONE 17 0.500000
BONE 4 0.500000

