// Export time: Tue Nov 17 11:17:05 2020

// Exported using Blender v2.90.1
// Export filename: 'E:/blackops3/mod_xmodel/iw4/m4_sopmod_ii/ch_head_gk_m4_sopmod_ii_lod2.XMODEL_EXPORT'
// Source filename: 'E:/blackops3/mod_xmodel/iw4/m4_sopmod_ii/m4_sopmod_ii.blend'
MODEL
VERSION 6

NUMBONES 33
BONE 0 -1 "tag_origin"
BONE 1 0 "j_spineupper"
BONE 2 1 "j_spine4"
BONE 3 2 "j_neck"
BONE 4 3 "j_head"
BONE 5 4 "j_brow_le"
BONE 6 4 "j_brow_ri"
BONE 7 4 "j_browouter_le"
BONE 8 4 "j_browouter_ri"
BONE 9 4 "j_cheek_le"
BONE 10 4 "j_cheek_ri"
BONE 11 4 "j_cheeklower_le"
BONE 12 4 "j_cheeklower_ri"
BONE 13 4 "j_eye_lid_bot_le"
BONE 14 4 "j_eye_lid_bot_ri"
BONE 15 4 "j_eye_lid_top_le"
BONE 16 4 "j_eye_lid_top_ri"
BONE 17 4 "j_eyeball_le"
BONE 18 4 "j_eyeball_ri"
BONE 19 4 "j_head_end"
BONE 20 19 "j_helmet"
BONE 21 4 "j_jaw"
BONE 22 21 "j_chin_skinroll"
BONE 23 21 "j_lip_bot_le"
BONE 24 21 "j_lip_bot_ri"
BONE 25 4 "j_levator_le"
BONE 26 4 "j_levator_ri"
BONE 27 4 "j_lip_top_le"
BONE 28 4 "j_lip_top_ri"
BONE 29 4 "j_mouth_le"
BONE 30 4 "j_mouth_ri"
BONE 31 4 "j_nvg"
BONE 32 4 "tag_eye"

BONE 0
OFFSET 0.000000 0.000000 0.000000
SCALE 1.000000 1.000000 1.000000
X 1.000000 0.000000 0.000000
Y 0.000000 1.000000 0.000000
Z 0.000000 0.000000 1.000000

BONE 1
OFFSET -2.323063 -0.000189 43.775990
SCALE 1.000000 1.000000 1.000000
X 0.020430 -0.000062 0.999791
Y 0.999791 0.000062 -0.020430
Z -0.000060 1.000000 0.000063

BONE 2
OFFSET -2.267035 -0.000394 47.387978
SCALE 1.000000 1.000000 1.000000
X 0.046997 -0.000058 0.998895
Y 0.998895 0.000063 -0.046997
Z -0.000060 1.000000 0.000061

BONE 3
OFFSET -4.135252 -0.001729 53.757359
SCALE 1.000000 1.000000 1.000000
X 0.264606 0.000025 0.964357
Y 0.964357 -0.000000 -0.264606
Z -0.000006 1.000000 -0.000024

BONE 4
OFFSET -3.774026 -0.001729 55.383183
SCALE 1.000000 1.000000 1.000000
X 0.170367 0.000004 0.985381
Y 0.985381 -0.000000 -0.170367
Z -0.000000 1.000000 -0.000004

BONE 5
OFFSET -0.571338 1.439669 59.262814
SCALE 1.000000 1.000000 1.000000
X 0.000649 0.999996 -0.000115
Y -0.998861 0.000642 -0.047710
Z -0.047710 0.000145 0.998861

BONE 6
OFFSET -0.572910 -1.424140 59.232342
SCALE 1.000000 1.000000 1.000000
X 0.000011 1.000000 0.000087
Y 0.998886 -0.000016 0.047192
Z 0.047192 0.000087 -0.998886

BONE 7
OFFSET -0.770334 2.292440 59.438477
SCALE 1.000000 1.000000 1.000000
X 0.000645 0.999999 -0.000131
Y -0.998868 0.000638 -0.047563
Z -0.047563 0.000162 0.998868

BONE 8
OFFSET -0.785073 -2.292438 59.437782
SCALE 1.000000 1.000000 1.000000
X 0.000012 1.000000 0.000067
Y 0.998886 -0.000016 0.047194
Z 0.047194 0.000066 -0.998886

BONE 9
OFFSET -1.916359 1.134168 56.754143
SCALE 1.000000 1.000000 1.000000
X 0.000645 0.999998 -0.000126
Y -0.998868 0.000638 -0.047571
Z -0.047571 0.000157 0.998868

BONE 10
OFFSET -1.928602 -1.092647 56.793694
SCALE 1.000000 1.000000 1.000000
X 0.000024 1.000000 0.000077
Y 0.998893 -0.000028 0.047054
Z 0.047054 0.000076 -0.998893

BONE 11
OFFSET -1.922503 1.018883 56.033684
SCALE 1.000000 1.000000 1.000000
X 0.170243 -0.000002 0.985402
Y 0.985402 -0.000000 -0.170243
Z 0.000001 1.000000 0.000002

BONE 12
OFFSET -1.895454 -1.021270 56.052021
SCALE 1.000000 1.000000 1.000000
X 0.170116 0.000002 0.985424
Y 0.985424 -0.000000 -0.170116
Z -0.000000 1.000000 -0.000002

BONE 13
OFFSET -1.712429 1.681290 57.558128
SCALE 1.000000 1.000000 1.000000
X -0.065603 0.997117 0.038041
Y -0.996954 -0.063887 -0.044727
Z -0.042167 -0.040861 0.998275

BONE 14
OFFSET -1.727139 -1.680350 57.557468
SCALE 1.000000 1.000000 1.000000
X 0.066594 0.997041 -0.038393
Y 0.996929 -0.064899 0.043826
Z 0.041205 -0.041193 -0.998301

BONE 15
OFFSET -1.712429 1.681290 57.875320
SCALE 1.000000 1.000000 1.000000
X -0.065481 0.997130 0.038003
Y -0.996962 -0.063766 -0.044725
Z -0.042174 -0.040816 0.998277

BONE 16
OFFSET -1.727139 -1.680337 57.874676
SCALE 1.000000 1.000000 1.000000
X 0.066553 0.997044 -0.038385
Y 0.996932 -0.064859 0.043827
Z 0.041208 -0.041184 -0.998302

BONE 17
OFFSET -3.944615 1.215199 58.124008
SCALE 1.000000 1.000000 1.000000
X -0.205892 0.978522 -0.010066
Y -0.977359 -0.206139 -0.047701
Z -0.048751 0.000015 0.998810

BONE 18
OFFSET -3.944615 -1.215200 58.124008
SCALE 1.000000 1.000000 1.000000
X 0.207721 0.978139 0.009749
Y 0.977069 -0.207949 0.045754
Z 0.046782 0.000021 -0.998905

BONE 19
OFFSET -3.344870 -0.002018 58.798717
SCALE 1.000000 1.000000 1.000000
X 0.170120 -0.000001 0.985424
Y 0.985423 -0.000000 -0.170120
Z 0.000000 1.000000 0.000001

BONE 20
OFFSET -3.940354 -0.002016 59.545818
SCALE 1.000000 1.000000 1.000000
X 0.995875 -0.000074 0.090735
Y 0.000074 1.000000 0.000000
Z -0.090735 0.000007 0.995875

BONE 21
OFFSET -2.570007 -0.001731 55.343449
SCALE 1.000000 1.000000 1.000000
X 0.000648 0.999997 -0.000099
Y -0.998868 0.000642 -0.047570
Z -0.047570 0.000129 0.998868

BONE 22
OFFSET -1.382266 -0.003013 54.111698
SCALE 1.000000 1.000000 1.000000
X 0.000648 0.999997 -0.000095
Y -0.998862 0.000642 -0.047695
Z -0.047695 0.000126 0.998862

BONE 23
OFFSET -0.665400 0.261555 55.229195
SCALE 1.000000 1.000000 1.000000
X 0.000648 0.999997 -0.000085
Y -0.998861 0.000642 -0.047700
Z -0.047700 0.000116 0.998862

BONE 24
OFFSET -0.680138 -0.261545 55.228489
SCALE 1.000000 1.000000 1.000000
X 0.000660 0.999997 -0.000421
Y 0.998843 -0.000638 0.048088
Z 0.048087 -0.000452 -0.998843

BONE 25
OFFSET -1.413617 0.339673 56.547798
SCALE 1.000000 1.000000 1.000000
X 0.000647 0.999997 -0.000080
Y -0.998861 0.000642 -0.047702
Z -0.047702 0.000111 0.998862

BONE 26
OFFSET -1.398628 -0.330404 56.551216
SCALE 1.000000 1.000000 1.000000
X 0.000010 1.000000 0.000090
Y 0.998887 -0.000015 0.047180
Z 0.047180 0.000090 -0.998887

BONE 27
OFFSET -0.572005 0.238453 55.369507
SCALE 1.000000 1.000000 1.000000
X 0.000645 1.000000 -0.000084
Y -0.998862 0.000641 -0.047697
Z -0.047697 0.000115 0.998862

BONE 28
OFFSET -0.586743 -0.238452 55.368813
SCALE 1.000000 1.000000 1.000000
X 0.000010 1.000000 0.000082
Y 0.998892 -0.000014 0.047058
Z 0.047058 0.000081 -0.998892

BONE 29
OFFSET -0.790672 0.717475 55.300049
SCALE 1.000000 1.000000 1.000000
X 0.000649 1.000000 -0.000113
Y -0.998856 0.000644 -0.047829
Z -0.047829 0.000143 0.998856

BONE 30
OFFSET -0.805411 -0.717475 55.299355
SCALE 1.000000 1.000000 1.000000
X 0.000011 1.000000 0.000089
Y 0.998899 -0.000016 0.046921
Z 0.046921 0.000088 -0.998899

BONE 31
OFFSET -0.496884 -0.002016 58.279514
SCALE 1.000000 1.000000 1.000000
X 0.985410 -0.000008 -0.170200
Y -0.170200 0.000000 -0.985410
Z 0.000008 1.000000 -0.000001

BONE 32
OFFSET -1.675044 -0.001729 56.995167
SCALE 1.000000 1.000000 1.000000
X 0.922560 -0.000061 0.385853
Y 0.000066 1.000000 0.000001
Z -0.385853 0.000024 0.922560


NUMVERTS 1349
VERT 0
OFFSET -1.322392 -1.413385 57.784546
BONES 2
BONE 18 0.500000
BONE 4 0.500000

VERT 1
OFFSET -1.322392 -1.428128 57.802052
BONES 2
BONE 18 0.500000
BONE 4 0.500000

VERT 2
OFFSET -1.322392 -1.420757 57.793297
BONES 2
BONE 4 0.500000
BONE 18 0.500000

VERT 3
OFFSET -1.322392 -1.413385 57.784546
BONES 2
BONE 18 0.500000
BONE 4 0.500000

VERT 4
OFFSET -1.322392 -1.450142 57.813690
BONES 2
BONE 18 0.500000
BONE 4 0.500000

VERT 5
OFFSET -1.322392 -1.439135 57.807869
BONES 2
BONE 4 0.500000
BONE 18 0.500000

VERT 6
OFFSET -1.322392 -1.428128 57.802052
BONES 2
BONE 18 0.500000
BONE 4 0.500000

VERT 7
OFFSET -1.322392 -1.476196 57.819695
BONES 2
BONE 18 0.500000
BONE 4 0.500000

VERT 8
OFFSET -1.322392 -1.450142 57.813690
BONES 2
BONE 18 0.500000
BONE 4 0.500000

VERT 9
OFFSET -1.322392 -1.464881 57.821480
BONES 2
BONE 4 0.500000
BONE 18 0.500000

VERT 10
OFFSET -1.322392 -1.503118 57.815453
BONES 2
BONE 4 0.500000
BONE 18 0.500000

VERT 11
OFFSET -1.322393 -1.525946 57.803326
BONES 2
BONE 18 0.500000
BONE 4 0.500000

VERT 12
OFFSET -1.322392 -1.543397 57.781578
BONES 2
BONE 4 0.500000
BONE 18 0.500000

VERT 13
OFFSET -1.322392 -1.541227 57.742607
BONES 2
BONE 18 0.500000
BONE 4 0.500000

VERT 14
OFFSET -1.322392 -1.546545 57.763947
BONES 2
BONE 18 0.500000
BONE 4 0.500000

VERT 15
OFFSET -1.322392 -1.415202 57.763947
BONES 2
BONE 18 0.500000
BONE 4 0.500000

VERT 16
OFFSET -1.322392 -1.525946 57.724567
BONES 2
BONE 18 0.500000
BONE 4 0.500000

VERT 17
OFFSET -1.322392 -1.525946 57.724567
BONES 2
BONE 4 0.500000
BONE 18 0.500000

VERT 18
OFFSET -1.322392 -1.541227 57.742607
BONES 2
BONE 18 0.500000
BONE 4 0.500000

VERT 19
OFFSET -1.322392 -1.428128 57.802052
BONES 2
BONE 4 0.500000
BONE 18 0.500000

VERT 20
OFFSET -1.322392 -1.413385 57.784546
BONES 2
BONE 18 0.500000
BONE 4 0.500000

VERT 21
OFFSET -1.322392 -1.541227 57.742607
BONES 2
BONE 4 0.500000
BONE 18 0.500000

VERT 22
OFFSET -1.322392 -1.544188 57.763947
BONES 2
BONE 18 0.500000
BONE 4 0.500000

VERT 23
OFFSET -1.322392 -1.503119 57.712448
BONES 2
BONE 18 0.500000
BONE 4 0.500000

VERT 24
OFFSET -1.322392 -1.503123 57.712452
BONES 2
BONE 18 0.500000
BONE 4 0.500000

VERT 25
OFFSET -1.322392 -1.514534 57.718510
BONES 2
BONE 4 0.500000
BONE 18 0.500000

VERT 26
OFFSET -1.322392 -1.473291 57.709030
BONES 2
BONE 4 0.500000
BONE 18 0.500000

VERT 27
OFFSET -1.322392 -1.449272 57.712448
BONES 2
BONE 18 0.500000
BONE 4 0.500000

VERT 28
OFFSET -1.322392 -1.426378 57.724567
BONES 2
BONE 18 0.500000
BONE 4 0.500000

VERT 29
OFFSET -1.322392 -1.411164 57.742607
BONES 2
BONE 18 0.500000
BONE 4 0.500000

VERT 30
OFFSET -1.322392 -1.407232 57.766102
BONES 2
BONE 4 0.500000
BONE 18 0.500000

VERT 31
OFFSET -1.322392 -1.476196 57.708206
BONES 2
BONE 18 0.500000
BONE 4 0.500000

VERT 32
OFFSET -1.322392 -1.503123 57.712452
BONES 2
BONE 4 0.500000
BONE 18 0.500000

VERT 33
OFFSET -1.322392 -1.503123 57.712452
BONES 2
BONE 18 0.500000
BONE 4 0.500000

VERT 34
OFFSET -1.322392 -1.525946 57.724567
BONES 2
BONE 4 0.500000
BONE 18 0.500000

VERT 35
OFFSET -1.322392 -1.525946 57.724567
BONES 2
BONE 18 0.500000
BONE 4 0.500000

VERT 36
OFFSET -1.322392 -1.541227 57.742607
BONES 2
BONE 4 0.500000
BONE 18 0.500000

VERT 37
OFFSET -1.788349 0.669768 55.215595
BONES 3
BONE 4 0.900000
BONE 24 0.050000
BONE 23 0.050000

VERT 38
OFFSET -1.742573 0.669768 55.373707
BONES 3
BONE 4 0.900000
BONE 24 0.050000
BONE 23 0.050000

VERT 39
OFFSET -1.742572 0.614229 55.373707
BONES 3
BONE 4 0.900000
BONE 24 0.050000
BONE 23 0.050000

VERT 40
OFFSET -1.788349 0.614229 55.215595
BONES 3
BONE 4 0.900000
BONE 24 0.050000
BONE 23 0.050000

VERT 41
OFFSET -1.479394 0.585157 55.119930
BONES 3
BONE 23 0.050000
BONE 24 0.050000
BONE 4 0.900000

VERT 42
OFFSET -1.404951 0.573067 55.269047
BONES 3
BONE 23 0.050000
BONE 24 0.050000
BONE 4 0.900000

VERT 43
OFFSET -1.414846 0.637875 55.272129
BONES 3
BONE 4 0.900000
BONE 24 0.050000
BONE 23 0.050000

VERT 44
OFFSET -1.429024 0.624585 55.104263
BONES 3
BONE 4 0.900000
BONE 24 0.050000
BONE 23 0.050000

VERT 45
OFFSET -1.149166 0.436792 55.189552
BONES 3
BONE 23 0.050000
BONE 24 0.050000
BONE 4 0.900000

VERT 46
OFFSET -1.180639 0.418581 55.027000
BONES 3
BONE 23 0.050000
BONE 24 0.050000
BONE 4 0.900000

VERT 47
OFFSET -1.027635 0.208367 55.151772
BONES 3
BONE 23 0.050000
BONE 24 0.050000
BONE 4 0.900000

VERT 48
OFFSET -1.066833 0.185556 54.991653
BONES 3
BONE 23 0.050000
BONE 24 0.050000
BONE 4 0.900000

VERT 49
OFFSET -1.072339 0.170360 55.165688
BONES 3
BONE 23 0.050000
BONE 24 0.050000
BONE 4 0.900000

VERT 50
OFFSET -1.176794 0.384145 55.198139
BONES 3
BONE 23 0.050000
BONE 24 0.050000
BONE 4 0.900000

VERT 51
OFFSET -1.101035 0.124595 55.002323
BONES 3
BONE 4 0.900000
BONE 24 0.050000
BONE 23 0.050000

VERT 52
OFFSET -1.235654 0.400822 55.044083
BONES 3
BONE 23 0.050000
BONE 24 0.050000
BONE 4 0.900000

VERT 53
OFFSET -1.742572 -0.614229 55.373707
BONES 3
BONE 4 0.900000
BONE 24 0.050000
BONE 23 0.050000

VERT 54
OFFSET -1.404951 -0.573067 55.269047
BONES 3
BONE 23 0.050000
BONE 24 0.050000
BONE 4 0.900000

VERT 55
OFFSET -1.479400 -0.585158 55.119930
BONES 3
BONE 4 0.900000
BONE 24 0.050000
BONE 23 0.050000

VERT 56
OFFSET -1.176798 -0.384149 55.198139
BONES 3
BONE 23 0.050000
BONE 24 0.050000
BONE 4 0.900000

VERT 57
OFFSET -1.235675 -0.400846 55.044090
BONES 3
BONE 23 0.050000
BONE 24 0.050000
BONE 4 0.900000

VERT 58
OFFSET -1.058619 -0.123884 55.161423
BONES 3
BONE 23 0.050000
BONE 24 0.050000
BONE 4 0.900000

VERT 59
OFFSET -1.124035 -0.191048 55.009438
BONES 3
BONE 23 0.050000
BONE 24 0.050000
BONE 4 0.900000

VERT 60
OFFSET -1.002501 -0.135788 55.143948
BONES 3
BONE 4 0.900000
BONE 24 0.050000
BONE 23 0.050000

VERT 61
OFFSET -1.149166 -0.436790 55.189556
BONES 3
BONE 23 0.050000
BONE 24 0.050000
BONE 4 0.900000

VERT 62
OFFSET -1.414847 -0.637874 55.272129
BONES 3
BONE 23 0.050000
BONE 24 0.050000
BONE 4 0.900000

VERT 63
OFFSET -1.051887 -0.134828 54.986980
BONES 3
BONE 23 0.050000
BONE 24 0.050000
BONE 4 0.900000

VERT 64
OFFSET -1.180638 -0.418578 55.027000
BONES 3
BONE 23 0.050000
BONE 24 0.050000
BONE 4 0.900000

VERT 65
OFFSET -1.429024 -0.624584 55.104259
BONES 3
BONE 23 0.050000
BONE 24 0.050000
BONE 4 0.900000

VERT 66
OFFSET -1.788349 -0.669768 55.215595
BONES 3
BONE 4 0.900000
BONE 24 0.050000
BONE 23 0.050000

VERT 67
OFFSET -1.742572 -0.669768 55.373707
BONES 3
BONE 4 0.900000
BONE 24 0.050000
BONE 23 0.050000

VERT 68
OFFSET -1.788349 -0.614229 55.215595
BONES 3
BONE 4 0.900000
BONE 24 0.050000
BONE 23 0.050000

VERT 69
OFFSET -1.129846 -0.325338 55.152222
BONES 3
BONE 24 0.050000
BONE 23 0.050000
BONE 4 0.900000

VERT 70
OFFSET -1.479930 -0.439210 55.576614
BONES 3
BONE 24 0.050000
BONE 23 0.050000
BONE 4 0.900000

VERT 71
OFFSET -1.279261 -0.527864 55.370003
BONES 3
BONE 4 0.900000
BONE 23 0.050000
BONE 24 0.050000

VERT 72
OFFSET -1.208037 -0.372817 55.479996
BONES 3
BONE 4 0.900000
BONE 23 0.050000
BONE 24 0.050000

VERT 73
OFFSET -1.190652 -0.151090 55.529140
BONES 3
BONE 24 0.050000
BONE 23 0.050000
BONE 4 0.900000

VERT 74
OFFSET -0.993549 -0.159753 55.386944
BONES 3
BONE 4 0.900000
BONE 23 0.050000
BONE 24 0.050000

VERT 75
OFFSET -1.050725 -0.354728 55.292667
BONES 3
BONE 24 0.050000
BONE 23 0.050000
BONE 4 0.900000

VERT 76
OFFSET -1.086525 -0.360917 55.202095
BONES 3
BONE 4 0.900000
BONE 23 0.050000
BONE 24 0.050000

VERT 77
OFFSET -1.289829 -0.529150 55.257053
BONES 3
BONE 4 0.900000
BONE 23 0.050000
BONE 24 0.050000

VERT 78
OFFSET -1.279772 -0.479900 55.199196
BONES 3
BONE 4 0.900000
BONE 23 0.050000
BONE 24 0.050000

VERT 79
OFFSET -1.533003 -0.573590 55.265221
BONES 3
BONE 24 0.050000
BONE 23 0.050000
BONE 4 0.900000

VERT 80
OFFSET -1.408384 -0.168023 55.640800
BONES 3
BONE 4 0.900000
BONE 23 0.050000
BONE 24 0.050000

VERT 81
OFFSET -1.533027 0.573560 55.265148
BONES 3
BONE 24 0.050000
BONE 23 0.050000
BONE 4 0.900000

VERT 82
OFFSET -2.121609 0.582546 55.424099
BONES 3
BONE 24 0.050000
BONE 23 0.050000
BONE 4 0.900000

VERT 83
OFFSET -1.907529 0.643630 55.423885
BONES 3
BONE 24 0.050000
BONE 23 0.050000
BONE 4 0.900000

VERT 84
OFFSET -1.268058 0.472610 55.196941
BONES 3
BONE 24 0.050000
BONE 23 0.050000
BONE 4 0.900000

VERT 85
OFFSET -2.461332 0.000000 55.519253
BONES 3
BONE 24 0.050000
BONE 23 0.050000
BONE 4 0.900000

VERT 86
OFFSET -1.535412 -0.621377 55.323353
BONES 3
BONE 4 0.900000
BONE 23 0.050000
BONE 24 0.050000

VERT 87
OFFSET -1.500204 -0.609521 55.437859
BONES 3
BONE 4 0.900000
BONE 23 0.050000
BONE 24 0.050000

VERT 88
OFFSET -1.535426 0.621353 55.323277
BONES 3
BONE 4 0.900000
BONE 23 0.050000
BONE 24 0.050000

VERT 89
OFFSET -2.121541 -0.582582 55.424164
BONES 3
BONE 24 0.050000
BONE 23 0.050000
BONE 4 0.900000

VERT 90
OFFSET -1.907508 -0.643651 55.423962
BONES 3
BONE 24 0.050000
BONE 23 0.050000
BONE 4 0.900000

VERT 91
OFFSET -1.836063 -0.641785 55.529202
BONES 3
BONE 24 0.050000
BONE 23 0.050000
BONE 4 0.900000

VERT 92
OFFSET -2.456841 0.500674 55.516300
BONES 3
BONE 4 0.900000
BONE 23 0.050000
BONE 24 0.050000

VERT 93
OFFSET -2.456898 0.539100 55.572128
BONES 3
BONE 4 0.900000
BONE 23 0.050000
BONE 24 0.050000

VERT 94
OFFSET -1.810942 -0.175345 55.762890
BONES 3
BONE 24 0.050000
BONE 23 0.050000
BONE 4 0.900000

VERT 95
OFFSET -2.031811 -0.458638 55.748692
BONES 3
BONE 24 0.050000
BONE 23 0.050000
BONE 4 0.900000

VERT 96
OFFSET -2.451444 -0.445457 55.738274
BONES 3
BONE 4 0.900000
BONE 23 0.050000
BONE 24 0.050000

VERT 97
OFFSET -2.210094 -0.613565 55.505524
BONES 3
BONE 4 0.900000
BONE 23 0.050000
BONE 24 0.050000

VERT 98
OFFSET -2.112627 -0.094888 55.823235
BONES 3
BONE 24 0.050000
BONE 23 0.050000
BONE 4 0.900000

VERT 99
OFFSET -2.108182 0.182649 55.815815
BONES 3
BONE 4 0.900000
BONE 23 0.050000
BONE 24 0.050000

VERT 100
OFFSET -2.449099 -0.000003 55.795052
BONES 3
BONE 24 0.050000
BONE 23 0.050000
BONE 4 0.900000

VERT 101
OFFSET -2.451444 0.445457 55.738270
BONES 3
BONE 4 0.900000
BONE 23 0.050000
BONE 24 0.050000

VERT 102
OFFSET -2.456835 -0.500672 55.516323
BONES 3
BONE 4 0.900000
BONE 23 0.050000
BONE 24 0.050000

VERT 103
OFFSET -2.456898 -0.539100 55.572128
BONES 3
BONE 4 0.900000
BONE 23 0.050000
BONE 24 0.050000

VERT 104
OFFSET -2.173001 -0.625339 55.621452
BONES 3
BONE 4 0.900000
BONE 23 0.050000
BONE 24 0.050000

VERT 105
OFFSET -2.454743 -0.540109 55.655872
BONES 3
BONE 4 0.900000
BONE 23 0.050000
BONE 24 0.050000

VERT 106
OFFSET -1.526077 0.000007 55.637886
BONES 3
BONE 4 0.900000
BONE 23 0.050000
BONE 24 0.050000

VERT 107
OFFSET -1.810977 0.175361 55.762886
BONES 3
BONE 24 0.050000
BONE 23 0.050000
BONE 4 0.900000

VERT 108
OFFSET -2.031781 0.458655 55.748627
BONES 3
BONE 24 0.050000
BONE 23 0.050000
BONE 4 0.900000

VERT 109
OFFSET -2.173015 0.625335 55.621376
BONES 3
BONE 4 0.900000
BONE 23 0.050000
BONE 24 0.050000

VERT 110
OFFSET -2.454744 0.540109 55.655872
BONES 3
BONE 4 0.900000
BONE 23 0.050000
BONE 24 0.050000

VERT 111
OFFSET -2.210108 0.613547 55.505447
BONES 3
BONE 4 0.900000
BONE 23 0.050000
BONE 24 0.050000

VERT 112
OFFSET -1.836082 0.641779 55.529121
BONES 3
BONE 24 0.050000
BONE 23 0.050000
BONE 4 0.900000

VERT 113
OFFSET -1.479947 0.439225 55.576557
BONES 3
BONE 24 0.050000
BONE 23 0.050000
BONE 4 0.900000

VERT 114
OFFSET -1.500219 0.609511 55.437794
BONES 3
BONE 4 0.900000
BONE 23 0.050000
BONE 24 0.050000

VERT 115
OFFSET -1.279273 0.527851 55.369942
BONES 3
BONE 4 0.900000
BONE 23 0.050000
BONE 24 0.050000

VERT 116
OFFSET -1.208046 0.372821 55.479946
BONES 3
BONE 4 0.900000
BONE 23 0.050000
BONE 24 0.050000

VERT 117
OFFSET -1.050735 0.354715 55.292622
BONES 3
BONE 24 0.050000
BONE 23 0.050000
BONE 4 0.900000

VERT 118
OFFSET -1.181183 0.159015 55.532341
BONES 3
BONE 4 0.900000
BONE 23 0.050000
BONE 24 0.050000

VERT 119
OFFSET -1.408388 0.168039 55.640781
BONES 3
BONE 4 0.900000
BONE 23 0.050000
BONE 24 0.050000

VERT 120
OFFSET -0.989312 0.151369 55.386539
BONES 3
BONE 24 0.050000
BONE 23 0.050000
BONE 4 0.900000

VERT 121
OFFSET -0.936029 0.107832 55.271843
BONES 3
BONE 24 0.050000
BONE 23 0.050000
BONE 4 0.900000

VERT 122
OFFSET -1.086533 0.360889 55.202061
BONES 3
BONE 4 0.900000
BONE 23 0.050000
BONE 24 0.050000

VERT 123
OFFSET -1.289841 0.529122 55.256992
BONES 3
BONE 4 0.900000
BONE 23 0.050000
BONE 24 0.050000

VERT 124
OFFSET -1.149180 0.348196 55.157524
BONES 3
BONE 24 0.050000
BONE 23 0.050000
BONE 4 0.900000

VERT 125
OFFSET -0.982213 -0.086145 55.160133
BONES 3
BONE 24 0.050000
BONE 23 0.050000
BONE 4 0.900000

VERT 126
OFFSET -1.007691 0.174209 55.167057
BONES 3
BONE 4 0.900000
BONE 23 0.050000
BONE 24 0.050000

VERT 127
OFFSET -0.956195 -0.169184 55.275600
BONES 3
BONE 4 0.900000
BONE 23 0.050000
BONE 24 0.050000

VERT 128
OFFSET -1.355379 1.783175 57.785294
BONES 2
BONE 17 0.500000
BONE 4 0.500000

VERT 129
OFFSET -1.355379 1.777858 57.763947
BONES 2
BONE 17 0.500000
BONE 4 0.500000

VERT 130
OFFSET -1.355379 1.791927 57.745499
BONES 2
BONE 17 0.500000
BONE 4 0.500000

VERT 131
OFFSET -1.355379 1.783175 57.742607
BONES 2
BONE 17 0.500000
BONE 4 0.500000

VERT 132
OFFSET -1.355379 1.783175 57.742607
BONES 2
BONE 17 0.500000
BONE 4 0.500000

VERT 133
OFFSET -1.355379 1.780517 57.753277
BONES 2
BONE 4 0.500000
BONE 17 0.500000

VERT 134
OFFSET -1.355379 1.798457 57.803329
BONES 2
BONE 17 0.500000
BONE 4 0.500000

VERT 135
OFFSET -1.355379 1.821280 57.815453
BONES 2
BONE 17 0.500000
BONE 4 0.500000

VERT 136
OFFSET -1.355379 1.848207 57.819695
BONES 2
BONE 17 0.500000
BONE 4 0.500000

VERT 137
OFFSET -1.355379 1.798457 57.724571
BONES 2
BONE 17 0.500000
BONE 4 0.500000

VERT 138
OFFSET -1.355379 1.874259 57.813690
BONES 2
BONE 17 0.500000
BONE 4 0.500000

VERT 139
OFFSET -1.355379 1.848207 57.817810
BONES 2
BONE 17 0.500000
BONE 4 0.500000

VERT 140
OFFSET -1.355379 1.874259 57.813690
BONES 2
BONE 17 0.500000
BONE 4 0.500000

VERT 141
OFFSET -1.355379 1.874259 57.813690
BONES 2
BONE 17 0.500000
BONE 4 0.500000

VERT 142
OFFSET -1.355379 1.848207 57.817810
BONES 2
BONE 17 0.500000
BONE 4 0.500000

VERT 143
OFFSET -1.355379 1.913239 57.742607
BONES 2
BONE 17 0.500000
BONE 4 0.500000

VERT 144
OFFSET -1.355379 1.911016 57.784546
BONES 2
BONE 17 0.500000
BONE 4 0.500000

VERT 145
OFFSET -1.355379 1.896273 57.802055
BONES 2
BONE 17 0.500000
BONE 4 0.500000

VERT 146
OFFSET -1.355379 1.918623 57.763947
BONES 2
BONE 17 0.500000
BONE 4 0.500000

VERT 147
OFFSET -1.355379 1.911016 57.784546
BONES 2
BONE 17 0.500000
BONE 4 0.500000

VERT 148
OFFSET -1.355379 1.917410 57.759140
BONES 2
BONE 17 0.500000
BONE 4 0.500000

VERT 149
OFFSET -1.355379 1.897956 57.724571
BONES 2
BONE 17 0.500000
BONE 4 0.500000

VERT 150
OFFSET -1.355379 1.875135 57.712456
BONES 2
BONE 17 0.500000
BONE 4 0.500000

VERT 151
OFFSET -1.355379 1.848207 57.708206
BONES 2
BONE 17 0.500000
BONE 4 0.500000

VERT 152
OFFSET -1.355379 1.821280 57.712456
BONES 2
BONE 4 0.500000
BONE 17 0.500000

VERT 153
OFFSET -1.355379 1.848207 57.710098
BONES 2
BONE 17 0.500000
BONE 4 0.500000

VERT 154
OFFSET -1.355379 1.911016 57.784546
BONES 2
BONE 4 0.500000
BONE 17 0.500000

VERT 155
OFFSET -1.355379 1.896273 57.802055
BONES 2
BONE 17 0.500000
BONE 4 0.500000

VERT 156
OFFSET -1.355379 1.911016 57.784546
BONES 2
BONE 17 0.500000
BONE 4 0.500000

VERT 157
OFFSET -1.355379 1.896273 57.802055
BONES 2
BONE 4 0.500000
BONE 17 0.500000

VERT 158
OFFSET -1.355379 1.896273 57.802055
BONES 2
BONE 4 0.500000
BONE 17 0.500000

VERT 159
OFFSET -1.355379 1.874259 57.813690
BONES 2
BONE 17 0.500000
BONE 4 0.500000

VERT 160
OFFSET -1.355379 1.896273 57.802055
BONES 2
BONE 17 0.500000
BONE 4 0.500000

VERT 161
OFFSET -1.355379 1.874259 57.813690
BONES 2
BONE 4 0.500000
BONE 17 0.500000

VERT 162
OFFSET -0.516720 -0.911985 59.040203
BONES 3
BONE 4 0.856152
BONE 6 0.143848
BONE 8 0.000000

VERT 163
OFFSET -0.705620 -1.436072 58.805202
BONES 1
BONE 4 1.000000

VERT 164
OFFSET -0.676672 -0.825209 58.546551
BONES 1
BONE 4 1.000000

VERT 165
OFFSET -0.487466 -0.432270 58.984184
BONES 2
BONE 6 0.089461
BONE 4 0.910539

VERT 166
OFFSET -0.409545 -0.950896 59.627445
BONES 3
BONE 4 0.866466
BONE 6 0.133534
BONE 8 0.000000

VERT 167
OFFSET -0.513690 -1.510326 59.608257
BONES 3
BONE 4 0.720656
BONE 6 0.138867
BONE 8 0.140476

VERT 168
OFFSET -0.641447 -1.653547 59.057285
BONES 3
BONE 8 0.147018
BONE 6 0.111519
BONE 4 0.741463

VERT 169
OFFSET -0.926733 -2.183089 58.791538
BONES 1
BONE 4 1.000000

VERT 170
OFFSET -1.130754 -2.674441 58.494236
BONES 1
BONE 4 1.000000

VERT 171
OFFSET -0.945367 -2.118938 58.618828
BONES 1
BONE 4 1.000000

VERT 172
OFFSET -0.871362 -1.407124 58.589367
BONES 1
BONE 4 1.000000

VERT 173
OFFSET -0.842144 -0.998154 58.339008
BONES 1
BONE 4 1.000000

VERT 174
OFFSET -0.782163 -0.644589 58.105618
BONES 1
BONE 4 1.000000

VERT 175
OFFSET -0.733612 -0.334885 57.915836
BONES 1
BONE 4 1.000000

VERT 176
OFFSET -0.824911 -0.312734 57.388191
BONES 1
BONE 4 1.000000

VERT 177
OFFSET -1.290363 -2.872607 58.131317
BONES 1
BONE 4 1.000000

VERT 178
OFFSET -1.278919 -2.689595 57.962116
BONES 1
BONE 4 1.000000

VERT 179
OFFSET -0.915995 -2.444663 58.930275
BONES 3
BONE 4 0.880226
BONE 8 0.119739
BONE 6 0.000036

VERT 180
OFFSET -0.674047 -2.083961 59.575813
BONES 3
BONE 4 0.773177
BONE 8 0.159782
BONE 6 0.067041

VERT 181
OFFSET -1.512789 -3.110325 58.377308
BONES 1
BONE 4 1.000000

VERT 182
OFFSET -1.474936 -2.761461 57.380798
BONES 1
BONE 4 1.000000

VERT 183
OFFSET -1.155184 -2.878340 58.682938
BONES 3
BONE 4 0.913327
BONE 8 0.086673
BONE 6 0.000000

VERT 184
OFFSET -0.908253 -2.629591 59.550095
BONES 3
BONE 4 0.829354
BONE 8 0.169089
BONE 6 0.001557

VERT 185
OFFSET -1.196922 -3.077742 59.512997
BONES 3
BONE 4 0.903674
BONE 8 0.096326
BONE 6 0.000000

VERT 186
OFFSET -0.847801 -0.553005 57.735886
BONES 1
BONE 4 1.000000

VERT 187
OFFSET -0.937336 -0.644052 57.412582
BONES 1
BONE 4 1.000000

VERT 188
OFFSET -0.843087 -0.564227 57.060448
BONES 1
BONE 4 1.000000

VERT 189
OFFSET -1.007349 -0.898929 57.225655
BONES 1
BONE 4 1.000000

VERT 190
OFFSET -0.943867 -1.127384 56.896004
BONES 1
BONE 4 1.000000

VERT 191
OFFSET -1.074736 -1.408785 56.984325
BONES 1
BONE 4 1.000000

VERT 192
OFFSET -1.117355 -1.794389 56.878189
BONES 1
BONE 4 1.000000

VERT 193
OFFSET -1.284641 -2.169749 56.845024
BONES 1
BONE 4 1.000000

VERT 194
OFFSET -1.294401 -2.097284 57.005360
BONES 1
BONE 4 1.000000

VERT 195
OFFSET -1.546448 -2.630160 56.907951
BONES 1
BONE 4 1.000000

VERT 196
OFFSET -1.411607 -2.379566 57.177563
BONES 1
BONE 4 1.000000

VERT 197
OFFSET -1.408802 -2.497120 57.421406
BONES 1
BONE 4 1.000000

VERT 198
OFFSET -0.830685 -1.244644 56.459660
BONES 1
BONE 4 1.000000

VERT 199
OFFSET -0.970143 -1.683887 56.429291
BONES 1
BONE 4 1.000000

VERT 200
OFFSET -1.256299 -2.185336 56.551022
BONES 1
BONE 4 1.000000

VERT 201
OFFSET -1.539177 -2.539500 56.564106
BONES 1
BONE 4 1.000000

VERT 202
OFFSET -1.202442 -2.128978 56.237011
BONES 1
BONE 4 1.000000

VERT 203
OFFSET -1.522819 -2.441823 56.204098
BONES 1
BONE 4 1.000000

VERT 204
OFFSET -2.034452 -2.562170 56.204006
BONES 1
BONE 4 1.000000

VERT 205
OFFSET -1.878105 -2.724356 56.711575
BONES 1
BONE 4 1.000000

VERT 206
OFFSET -1.725485 -2.894239 57.364326
BONES 1
BONE 4 1.000000

VERT 207
OFFSET -1.487746 -2.292830 55.884979
BONES 1
BONE 4 1.000000

VERT 208
OFFSET -1.144883 -1.996287 55.961521
BONES 1
BONE 4 1.000000

VERT 209
OFFSET -0.876613 -1.559196 56.043060
BONES 1
BONE 4 1.000000

VERT 210
OFFSET -1.142191 -1.815409 55.656776
BONES 1
BONE 4 1.000000

VERT 211
OFFSET -2.862457 -2.629791 56.903656
BONES 1
BONE 4 1.000000

VERT 212
OFFSET -2.625321 -2.878340 57.712379
BONES 1
BONE 4 1.000000

VERT 213
OFFSET -2.467119 -3.108709 58.443008
BONES 1
BONE 4 1.000000

VERT 214
OFFSET -0.406791 -0.193006 55.692581
BONES 7
BONE 4 0.881311
BONE 28 0.104289
BONE 27 0.014400
BONE 30 0.000000
BONE 29 0.000000
BONE 24 0.000000
BONE 23 0.000000

VERT 215
OFFSET -0.613678 -0.551562 55.438725
BONES 3
BONE 28 0.136422
BONE 30 0.101608
BONE 4 0.761970

VERT 216
OFFSET -0.641038 -0.842717 55.666992
BONES 3
BONE 30 0.018198
BONE 28 0.025187
BONE 4 0.956616

VERT 217
OFFSET -0.743726 -0.827565 55.382233
BONES 7
BONE 4 0.863891
BONE 30 0.117589
BONE 24 0.000000
BONE 29 0.000000
BONE 23 0.000000
BONE 28 0.018520
BONE 27 0.000000

VERT 218
OFFSET -0.865102 -1.112078 55.313644
BONES 5
BONE 4 0.999584
BONE 30 0.000416
BONE 24 0.000000
BONE 28 0.000000
BONE 27 0.000000

VERT 219
OFFSET -0.849550 -1.282347 55.530422
BONES 4
BONE 4 1.000000
BONE 30 0.000000
BONE 24 0.000000
BONE 28 0.000000

VERT 220
OFFSET -1.187295 -1.612897 55.366352
BONES 1
BONE 4 1.000000

VERT 221
OFFSET -1.560217 -1.743255 55.178356
BONES 1
BONE 4 1.000000

VERT 222
OFFSET -0.849147 -1.418193 55.754215
BONES 1
BONE 4 1.000000

VERT 223
OFFSET -0.705175 -1.063504 56.055702
BONES 1
BONE 4 1.000000

VERT 224
OFFSET -1.507038 -0.790573 54.482563
BONES 1
BONE 4 1.000000

VERT 225
OFFSET -1.217442 -1.332562 55.074974
BONES 1
BONE 4 1.000000

VERT 226
OFFSET -0.913729 -0.248478 54.911636
BONES 7
BONE 4 0.848354
BONE 30 0.023948
BONE 24 0.099707
BONE 23 0.027991
BONE 29 0.000000
BONE 28 0.000000
BONE 27 0.000000

VERT 227
OFFSET -0.804309 -0.562971 55.153214
BONES 4
BONE 4 0.733611
BONE 30 0.097798
BONE 24 0.154869
BONE 23 0.013722

VERT 228
OFFSET -0.911051 -0.826015 55.099812
BONES 3
BONE 30 0.018360
BONE 24 0.030428
BONE 4 0.951212

VERT 229
OFFSET -1.276222 -0.660360 54.591885
BONES 1
BONE 4 1.000000

VERT 230
OFFSET -1.349015 -0.218804 54.212444
BONES 1
BONE 4 1.000000

VERT 231
OFFSET -1.304588 -0.016465 54.137985
BONES 1
BONE 4 1.000000

VERT 232
OFFSET -0.651516 -0.257371 55.202732
BONES 4
BONE 23 0.044606
BONE 24 0.210399
BONE 30 0.065626
BONE 4 0.679369

VERT 233
OFFSET -1.319811 0.087911 54.154289
BONES 1
BONE 4 1.000000

VERT 234
OFFSET -1.181640 0.275542 54.491665
BONES 1
BONE 4 1.000000

VERT 235
OFFSET -1.507629 0.793515 54.485031
BONES 1
BONE 4 1.000000

VERT 236
OFFSET -1.277413 0.661336 54.590988
BONES 1
BONE 4 1.000000

VERT 237
OFFSET -0.904852 0.157296 54.901745
BONES 4
BONE 29 0.008741
BONE 4 0.857392
BONE 24 0.049610
BONE 23 0.084256

VERT 238
OFFSET -0.630436 0.183632 55.197968
BONES 4
BONE 29 0.035205
BONE 23 0.181693
BONE 24 0.066932
BONE 4 0.716170

VERT 239
OFFSET -0.636595 -0.246654 55.276127
BONES 7
BONE 4 0.686881
BONE 30 0.063448
BONE 24 0.205739
BONE 23 0.043932
BONE 29 0.000000
BONE 28 0.000000
BONE 27 0.000000

VERT 240
OFFSET -0.752103 -0.614079 55.264061
BONES 4
BONE 28 0.000000
BONE 24 0.132678
BONE 30 0.113485
BONE 4 0.753837

VERT 241
OFFSET -0.745552 -0.684077 55.283154
BONES 4
BONE 4 0.756942
BONE 30 0.193002
BONE 28 0.004545
BONE 24 0.045512

VERT 242
OFFSET -0.699086 -0.642135 55.346928
BONES 3
BONE 28 0.130109
BONE 30 0.111870
BONE 4 0.758021

VERT 243
OFFSET -0.626326 0.000001 55.315609
BONES 5
BONE 29 0.011775
BONE 4 0.739058
BONE 30 0.016035
BONE 28 0.117625
BONE 27 0.115507

VERT 244
OFFSET -0.737351 0.000000 55.320805
BONES 4
BONE 4 0.779135
BONE 30 0.001149
BONE 28 0.115065
BONE 27 0.104651

VERT 245
OFFSET -0.735268 -0.364182 55.305008
BONES 4
BONE 27 0.010455
BONE 28 0.191914
BONE 30 0.081471
BONE 4 0.716160

VERT 246
OFFSET -0.747383 -0.682118 55.312088
BONES 4
BONE 24 0.000386
BONE 28 0.048736
BONE 30 0.190852
BONE 4 0.760025

VERT 247
OFFSET -0.814248 -0.669516 55.307865
BONES 4
BONE 4 0.771482
BONE 30 0.157439
BONE 28 0.068506
BONE 24 0.002573

VERT 248
OFFSET -0.787378 -0.606465 55.289387
BONES 7
BONE 4 0.770357
BONE 30 0.116499
BONE 24 0.113142
BONE 28 0.000001
BONE 29 0.000000
BONE 23 0.000000
BONE 27 0.000000

VERT 249
OFFSET -0.693566 -0.313910 55.296989
BONES 4
BONE 23 0.034460
BONE 24 0.186204
BONE 30 0.071351
BONE 4 0.707985

VERT 250
OFFSET -0.631399 0.212356 55.282425
BONES 4
BONE 29 0.040795
BONE 23 0.188647
BONE 24 0.060003
BONE 4 0.710554

VERT 251
OFFSET -0.676161 0.000008 55.309166
BONES 3
BONE 23 0.107787
BONE 24 0.116931
BONE 4 0.775283

VERT 252
OFFSET -0.787378 0.606467 55.289387
BONES 6
BONE 4 0.817317
BONE 29 0.109824
BONE 23 0.072859
BONE 27 0.000000
BONE 24 0.000000
BONE 28 0.000000

VERT 253
OFFSET -0.693567 0.313910 55.296989
BONES 4
BONE 24 0.033923
BONE 23 0.181310
BONE 29 0.054111
BONE 4 0.730657

VERT 254
OFFSET -0.752104 0.614069 55.264076
BONES 3
BONE 23 0.121453
BONE 29 0.115295
BONE 4 0.763252

VERT 255
OFFSET -0.740370 0.209375 55.105934
BONES 4
BONE 24 0.066044
BONE 23 0.172133
BONE 29 0.042477
BONE 4 0.719345

VERT 256
OFFSET -0.745469 0.683851 55.283279
BONES 4
BONE 27 0.002405
BONE 23 0.043370
BONE 29 0.194095
BONE 4 0.760130

VERT 257
OFFSET -0.743727 0.825714 55.382690
BONES 6
BONE 4 0.861355
BONE 29 0.120650
BONE 24 0.000000
BONE 23 0.000000
BONE 28 0.000000
BONE 27 0.017995

VERT 258
OFFSET -0.804148 0.562718 55.153305
BONES 4
BONE 24 0.016148
BONE 23 0.157104
BONE 29 0.087972
BONE 4 0.738776

VERT 259
OFFSET -0.910427 0.824291 55.100658
BONES 3
BONE 29 0.025576
BONE 23 0.042415
BONE 4 0.932009

VERT 260
OFFSET -0.865102 1.105512 55.314148
BONES 4
BONE 4 0.987704
BONE 29 0.012296
BONE 23 0.000000
BONE 27 0.000000

VERT 261
OFFSET -0.849551 1.271361 55.521412
BONES 1
BONE 4 1.000000

VERT 262
OFFSET -0.849147 1.402571 55.735466
BONES 1
BONE 4 1.000000

VERT 263
OFFSET -0.876614 1.541015 56.021965
BONES 1
BONE 4 1.000000

VERT 264
OFFSET -0.830063 1.234417 56.432262
BONES 1
BONE 4 1.000000

VERT 265
OFFSET -1.219182 1.317551 55.069004
BONES 1
BONE 4 1.000000

VERT 266
OFFSET -1.187296 1.595132 55.367931
BONES 1
BONE 4 1.000000

VERT 267
OFFSET -1.142192 1.791617 55.668213
BONES 1
BONE 4 1.000000

VERT 268
OFFSET -1.144884 1.974012 55.989971
BONES 1
BONE 4 1.000000

VERT 269
OFFSET -1.202443 2.111532 56.271370
BONES 1
BONE 4 1.000000

VERT 270
OFFSET -0.974604 1.676688 56.416286
BONES 1
BONE 4 1.000000

VERT 271
OFFSET -1.256300 2.172638 56.584904
BONES 1
BONE 4 1.000000

VERT 272
OFFSET -1.284642 2.172492 56.864937
BONES 1
BONE 4 1.000000

VERT 273
OFFSET -1.123917 1.823413 56.852345
BONES 1
BONE 4 1.000000

VERT 274
OFFSET -1.539178 2.527094 56.601822
BONES 1
BONE 4 1.000000

VERT 275
OFFSET -1.546449 2.627486 56.943554
BONES 1
BONE 4 1.000000

VERT 276
OFFSET -1.522820 2.423151 56.245132
BONES 1
BONE 4 1.000000

VERT 277
OFFSET -1.487747 2.268740 55.920734
BONES 1
BONE 4 1.000000

VERT 278
OFFSET -2.034453 2.553967 56.241634
BONES 1
BONE 4 1.000000

VERT 279
OFFSET -0.948492 1.145038 56.865368
BONES 1
BONE 4 1.000000

VERT 280
OFFSET -1.074737 1.415189 56.953506
BONES 1
BONE 4 1.000000

VERT 281
OFFSET -1.188104 1.461197 57.087307
BONES 1
BONE 4 1.000000

VERT 282
OFFSET -1.217388 1.777308 57.064835
BONES 1
BONE 4 1.000000

VERT 283
OFFSET -1.294402 2.117055 57.011768
BONES 1
BONE 4 1.000000

VERT 284
OFFSET -1.309548 2.042032 57.165596
BONES 1
BONE 4 1.000000

VERT 285
OFFSET -1.423188 2.425562 57.255405
BONES 1
BONE 4 1.000000

VERT 286
OFFSET -1.388718 2.228391 57.280998
BONES 1
BONE 4 1.000000

VERT 287
OFFSET -1.398008 2.328565 57.406364
BONES 1
BONE 4 1.000000

VERT 288
OFFSET -1.371820 2.590173 57.654724
BONES 1
BONE 4 1.000000

VERT 289
OFFSET -1.375186 2.447650 57.659660
BONES 1
BONE 4 1.000000

VERT 290
OFFSET -1.257909 2.717577 58.068874
BONES 1
BONE 4 1.000000

VERT 291
OFFSET -1.260271 2.539801 57.933865
BONES 1
BONE 4 1.000000

VERT 292
OFFSET -1.154710 1.245221 57.190590
BONES 1
BONE 4 1.000000

VERT 293
OFFSET -1.128169 1.116234 57.312935
BONES 1
BONE 4 1.000000

VERT 294
OFFSET -1.093587 1.026939 57.497158
BONES 1
BONE 4 1.000000

VERT 295
OFFSET -1.476732 2.759790 57.402348
BONES 1
BONE 4 1.000000

VERT 296
OFFSET -1.255153 2.885597 58.290413
BONES 1
BONE 4 1.000000

VERT 297
OFFSET -0.926508 2.183008 58.791893
BONES 1
BONE 4 1.000000

VERT 298
OFFSET -0.939474 2.103947 58.625340
BONES 1
BONE 4 1.000000

VERT 299
OFFSET -0.705621 1.436074 58.805199
BONES 1
BONE 4 1.000000

VERT 300
OFFSET -0.871363 1.407126 58.589367
BONES 1
BONE 4 1.000000

VERT 301
OFFSET -0.676673 0.825211 58.546551
BONES 1
BONE 4 1.000000

VERT 302
OFFSET -0.487466 0.432270 58.984184
BONES 1
BONE 4 1.000000

VERT 303
OFFSET -0.732534 0.333829 57.919449
BONES 1
BONE 4 1.000000

VERT 304
OFFSET -0.782163 0.644591 58.105610
BONES 1
BONE 4 1.000000

VERT 305
OFFSET -0.847801 0.552705 57.724602
BONES 1
BONE 4 1.000000

VERT 306
OFFSET -0.928861 0.616757 57.388794
BONES 1
BONE 4 1.000000

VERT 307
OFFSET -0.824911 0.312726 57.382580
BONES 1
BONE 4 1.000000

VERT 308
OFFSET -0.732751 -0.000213 57.722134
BONES 1
BONE 4 1.000000

VERT 309
OFFSET -0.472565 0.000001 58.921844
BONES 1
BONE 4 1.000000

VERT 310
OFFSET -0.516721 0.911987 59.040203
BONES 4
BONE 4 0.874144
BONE 5 0.125856
BONE 7 0.000000
BONE 6 0.000000

VERT 311
OFFSET -0.641446 1.653545 59.057289
BONES 3
BONE 7 0.117116
BONE 5 0.127836
BONE 4 0.755048

VERT 312
OFFSET -0.842145 0.998156 58.339008
BONES 1
BONE 4 1.000000

VERT 313
OFFSET -0.906558 0.768899 58.049187
BONES 1
BONE 4 1.000000

VERT 314
OFFSET -0.843087 0.563538 57.041435
BONES 1
BONE 4 1.000000

VERT 315
OFFSET -0.766644 0.061042 57.081680
BONES 1
BONE 4 1.000000

VERT 316
OFFSET -0.644695 0.491438 56.342293
BONES 1
BONE 4 1.000000

VERT 317
OFFSET -0.706178 1.061150 56.046143
BONES 1
BONE 4 1.000000

VERT 318
OFFSET -0.569970 0.461009 56.100742
BONES 1
BONE 4 1.000000

VERT 319
OFFSET -0.670130 0.970710 55.810146
BONES 1
BONE 4 1.000000

VERT 320
OFFSET -1.174303 2.452075 58.175915
BONES 1
BONE 4 1.000000

VERT 321
OFFSET -1.088404 2.162323 58.334229
BONES 1
BONE 4 1.000000

VERT 322
OFFSET -0.995972 1.834744 58.408062
BONES 1
BONE 4 1.000000

VERT 323
OFFSET -0.967361 1.444893 58.364449
BONES 1
BONE 4 1.000000

VERT 324
OFFSET -0.991194 1.178368 58.200371
BONES 1
BONE 4 1.000000

VERT 325
OFFSET -1.029296 1.049323 57.993347
BONES 1
BONE 4 1.000000

VERT 326
OFFSET -1.059522 1.009497 57.701790
BONES 1
BONE 4 1.000000

VERT 327
OFFSET -0.640292 0.837980 55.666721
BONES 3
BONE 29 0.018781
BONE 27 0.022898
BONE 4 0.958321

VERT 328
OFFSET -0.699018 0.641874 55.347023
BONES 4
BONE 28 0.000057
BONE 27 0.133087
BONE 29 0.111324
BONE 4 0.755532

VERT 329
OFFSET -0.747383 0.681703 55.312168
BONES 5
BONE 23 0.003095
BONE 28 0.000000
BONE 27 0.053833
BONE 29 0.188614
BONE 4 0.754458

VERT 330
OFFSET -0.523660 0.413891 55.735744
BONES 4
BONE 29 0.009398
BONE 28 0.000332
BONE 27 0.060528
BONE 4 0.929742

VERT 331
OFFSET -0.614240 0.552808 55.438301
BONES 4
BONE 28 0.006832
BONE 27 0.139082
BONE 29 0.090440
BONE 4 0.763646

VERT 332
OFFSET -0.487314 0.071357 55.374012
BONES 4
BONE 4 0.762378
BONE 29 0.007544
BONE 28 0.050578
BONE 27 0.179500

VERT 333
OFFSET -0.443394 -0.074661 55.479977
BONES 4
BONE 30 0.040330
BONE 27 0.046944
BONE 28 0.185781
BONE 4 0.726945

VERT 334
OFFSET -0.350170 0.206068 55.945370
BONES 1
BONE 4 1.000000

VERT 335
OFFSET -0.368750 0.210511 56.177494
BONES 1
BONE 4 1.000000

VERT 336
OFFSET -0.482590 0.234477 56.426579
BONES 1
BONE 4 1.000000

VERT 337
OFFSET -0.365918 0.051768 56.520676
BONES 1
BONE 4 1.000000

VERT 338
OFFSET -0.503951 -0.093854 55.364632
BONES 4
BONE 27 0.046553
BONE 28 0.182500
BONE 30 0.016762
BONE 4 0.754185

VERT 339
OFFSET -0.735269 0.364206 55.305004
BONES 4
BONE 27 0.205807
BONE 28 0.010974
BONE 29 0.059758
BONE 4 0.723460

VERT 340
OFFSET -0.814237 0.669334 55.307945
BONES 4
BONE 23 0.002808
BONE 27 0.069823
BONE 29 0.157498
BONE 4 0.769871

VERT 341
OFFSET -1.355379 1.821280 57.712456
BONES 2
BONE 17 0.500000
BONE 4 0.500000

VERT 342
OFFSET -0.947107 -0.411293 55.820793
BONES 1
BONE 4 1.000000

VERT 343
OFFSET -0.793204 0.383726 55.640678
BONES 1
BONE 4 1.000000

VERT 344
OFFSET -0.795179 -0.389427 55.634590
BONES 1
BONE 4 1.000000

VERT 345
OFFSET -0.947099 0.408971 55.825470
BONES 1
BONE 4 1.000000

VERT 346
OFFSET -1.355529 -0.767920 55.798470
BONES 1
BONE 4 1.000000

VERT 347
OFFSET -1.328010 -0.444314 55.932514
BONES 1
BONE 4 1.000000

VERT 348
OFFSET -0.988432 -0.701274 55.716877
BONES 1
BONE 4 1.000000

VERT 349
OFFSET -0.820738 -0.661890 55.604393
BONES 1
BONE 4 1.000000

VERT 350
OFFSET -0.978401 -0.613824 55.131805
BONES 1
BONE 4 1.000000

VERT 351
OFFSET -0.898429 -0.723038 55.383141
BONES 1
BONE 4 1.000000

VERT 352
OFFSET -0.857427 -0.691646 55.508461
BONES 1
BONE 4 1.000000

VERT 353
OFFSET -0.820738 0.661892 55.604393
BONES 1
BONE 4 1.000000

VERT 354
OFFSET -0.988433 0.701275 55.716877
BONES 1
BONE 4 1.000000

VERT 355
OFFSET -1.327995 0.444313 55.932507
BONES 1
BONE 4 1.000000

VERT 356
OFFSET -1.782931 0.464512 55.969879
BONES 1
BONE 4 1.000000

VERT 357
OFFSET -1.782943 -0.464509 55.969879
BONES 1
BONE 4 1.000000

VERT 358
OFFSET -1.789811 -0.810467 55.846001
BONES 1
BONE 4 1.000000

VERT 359
OFFSET -1.438197 -0.850186 55.396233
BONES 1
BONE 4 1.000000

VERT 360
OFFSET -1.224860 -0.629174 54.991306
BONES 1
BONE 4 1.000000

VERT 361
OFFSET -0.982979 -0.345284 54.974815
BONES 1
BONE 4 1.000000

VERT 362
OFFSET -1.513192 -0.719854 54.985924
BONES 1
BONE 4 1.000000

VERT 363
OFFSET -1.789812 0.810467 55.846001
BONES 1
BONE 4 1.000000

VERT 364
OFFSET -1.810478 -0.919391 55.474464
BONES 1
BONE 4 1.000000

VERT 365
OFFSET -1.829262 -0.798484 55.100903
BONES 1
BONE 4 1.000000

VERT 366
OFFSET -1.517771 -0.405873 54.827316
BONES 1
BONE 4 1.000000

VERT 367
OFFSET -1.231793 -0.351276 54.821934
BONES 1
BONE 4 1.000000

VERT 368
OFFSET -1.830406 -0.454882 54.970974
BONES 1
BONE 4 1.000000

VERT 369
OFFSET -1.510041 0.385627 54.818119
BONES 1
BONE 4 1.000000

VERT 370
OFFSET -1.513194 0.719854 54.985924
BONES 1
BONE 4 1.000000

VERT 371
OFFSET -1.829263 0.798484 55.100903
BONES 1
BONE 4 1.000000

VERT 372
