// Export time: Wed Oct 21 18:50:08 2020

// Exported using Blender v2.90.1
// Export filename: 'E:/blackops3/mod_xmodel/iw4/m4_sopmod_ii/ch_viewhands_gk_m4_sopmod_ii.XMODEL_EXPORT'
// Source filename: 'E:/blackops3/mod_xmodel/iw4/m4_sopmod_ii/m4_sopmod_ii_vm.blend'
MODEL
VERSION 6

NUMBONES 66
BONE 0 -1 "tag_origin"
BONE 1 0 "tag_sync"
BONE 2 0 "tag_view"
BONE 3 2 "tag_ads"
BONE 4 3 "tag_torso"
BONE 5 4 "j_shoulder_le"
BONE 6 5 "j_elbow_le"
BONE 7 6 "j_sleave_reshape_bottom_le_1"
BONE 8 6 "j_sleave_reshape_bottom_le_2"
BONE 9 6 "j_sleave_reshape_top_le_1"
BONE 10 6 "j_sleave_reshape_top_le_2"
BONE 11 6 "j_sleave_reshape_top_le_3"
BONE 12 6 "j_wrist_le"
BONE 13 12 "j_index_le_0"
BONE 14 13 "j_index_le_1"
BONE 15 14 "j_index_le_2"
BONE 16 12 "j_mid_le_0"
BONE 17 16 "j_mid_le_1"
BONE 18 17 "j_mid_le_2"
BONE 19 12 "j_pinkypalm_le"
BONE 20 19 "j_pinky_le_0"
BONE 21 20 "j_pinky_le_1"
BONE 22 21 "j_pinky_le_2"
BONE 23 12 "j_ringpalm_le"
BONE 24 23 "j_ring_le_0"
BONE 25 24 "j_ring_le_1"
BONE 26 25 "j_ring_le_2"
BONE 27 12 "j_thumb_le_0"
BONE 28 27 "j_thumb_le_1"
BONE 29 28 "j_thumb_le_2"
BONE 30 12 "j_webbing_le"
BONE 31 12 "tag_knife_attach"
BONE 32 12 "tag_weapon_left"
BONE 33 6 "j_wristtwist_le"
BONE 34 4 "j_shoulder_ri"
BONE 35 34 "j_elbow_ri"
BONE 36 35 "j_sleave_reshape_top_ri_1"
BONE 37 35 "j_sleave_reshape_top_ri_2"
BONE 38 35 "j_sleave_reshape_top_ri_3"
BONE 39 35 "j_wrist_ri"
BONE 40 39 "j_index_ri_0"
BONE 41 40 "j_index_ri_1"
BONE 42 41 "j_index_ri_2"
BONE 43 39 "j_mid_ri_0"
BONE 44 43 "j_mid_ri_1"
BONE 45 44 "j_mid_ri_2"
BONE 46 39 "j_pinkypalm_ri"
BONE 47 46 "j_pinky_ri_0"
BONE 48 47 "j_pinky_ri_1"
BONE 49 48 "j_pinky_ri_2"
BONE 50 39 "j_ringpalm_ri"
BONE 51 50 "j_ring_ri_0"
BONE 52 51 "j_ring_ri_1"
BONE 53 52 "j_ring_ri_2"
BONE 54 39 "j_thumb_ri_0"
BONE 55 54 "j_thumb_ri_1"
BONE 56 55 "j_thumb_ri_2"
BONE 57 39 "j_webbing_ri"
BONE 58 39 "tag_weapon_right"
BONE 59 35 "j_wristtwist_ri"
BONE 60 4 "tag_weapon"
BONE 61 2 "tag_cambone"
BONE 62 61 "tag_camera"
BONE 63 62 "tag_gasmask"
BONE 64 62 "tag_gasmask2"
BONE 65 62 "tag_player"

BONE 0
OFFSET 0.000000 0.000000 0.000000
SCALE 1.000000 1.000000 1.000000
X 1.000000 0.000000 0.000000
Y 0.000000 1.000000 0.000000
Z 0.000000 0.000000 1.000000

BONE 1
OFFSET 0.000000 0.000000 0.000000
SCALE 1.000000 1.000000 1.000000
X -1.000000 0.000000 0.000000
Y 0.000000 -1.000000 0.000000
Z 0.000000 0.000000 1.000000

BONE 2
OFFSET 0.000000 0.000000 59.999878
SCALE 1.000000 1.000000 1.000000
X 1.000000 0.000000 0.000000
Y 0.000000 1.000000 0.000000
Z 0.000000 0.000000 1.000000

BONE 3
OFFSET 0.000000 0.000000 59.999878
SCALE 1.000000 1.000000 1.000000
X 1.000000 0.000000 0.000000
Y 0.000000 1.000000 0.000000
Z 0.000000 0.000000 1.000000

BONE 4
OFFSET -4.631825 0.000000 58.622925
SCALE 1.000000 1.000000 1.000000
X 1.000000 0.000000 0.000000
Y 0.000000 1.000000 0.000000
Z 0.000000 0.000000 1.000000

BONE 5
OFFSET -3.506023 7.937274 56.812973
SCALE 1.000000 1.000000 1.000000
X 0.472945 0.011169 -0.881021
Y 0.446826 -0.864842 0.228898
Z -0.759388 -0.501919 -0.414013

BONE 6
OFFSET 2.214777 8.071105 46.159027
SCALE 1.000000 1.000000 1.000000
X 0.999978 -0.002791 0.005973
Y -0.006012 -0.014000 0.999883
Z -0.002707 -0.999898 -0.014016

BONE 7
OFFSET 12.124463 8.954909 45.174290
SCALE 1.000000 1.000000 1.000000
X 1.000000 -0.000003 0.000005
Y 0.000003 1.000000 -0.000302
Z -0.000006 0.000302 0.999999

BONE 8
OFFSET 11.738594 7.332065 44.949814
SCALE 1.000000 1.000000 1.000000
X 1.000000 0.000003 0.000005
Y -0.000003 1.000000 -0.000303
Z -0.000006 0.000303 0.999999

BONE 9
OFFSET 12.633780 8.807507 47.714695
SCALE 1.000000 1.000000 1.000000
X 1.000000 0.000008 0.000005
Y -0.000008 1.000000 -0.000302
Z -0.000006 0.000302 0.999999

BONE 10
OFFSET 12.529325 7.480321 47.911331
SCALE 1.000000 1.000000 1.000000
X 1.000000 0.000003 0.000005
Y -0.000003 1.000000 -0.000302
Z -0.000006 0.000302 0.999999

BONE 11
OFFSET 12.149410 6.888658 46.941299
SCALE 1.000000 1.000000 1.000000
X 1.000000 -0.000003 0.000005
Y 0.000003 1.000000 -0.000302
Z -0.000006 0.000303 0.999999

BONE 12
OFFSET 13.784297 8.038947 46.227501
SCALE 1.000000 1.000000 1.000000
X 0.996699 -0.023020 0.077851
Y -0.077670 0.008662 0.996941
Z -0.023624 -0.999697 0.006846

BONE 13
OFFSET 17.617733 8.327334 47.279938
SCALE 1.000000 1.000000 1.000000
X 0.770398 -0.621767 0.141042
Y -0.611707 -0.783202 -0.111394
Z 0.179726 -0.000459 -0.983716

BONE 14
OFFSET 18.973940 7.232815 47.528202
SCALE 1.000000 1.000000 1.000000
X 0.426096 -0.903304 0.049834
Y -0.880202 -0.426665 -0.207848
Z 0.209013 0.044699 -0.976890

BONE 15
OFFSET 19.479258 6.132238 47.648102
SCALE 1.000000 1.000000 1.000000
X 0.139915 -0.988398 0.059097
Y -0.965344 -0.149445 -0.213957
Z 0.220307 -0.027113 -0.975053

BONE 16
OFFSET 17.591476 8.141093 46.191448
SCALE 1.000000 1.000000 1.000000
X 0.786589 -0.616937 0.025790
Y -0.616628 -0.787012 -0.019537
Z 0.032350 -0.000536 -0.999476

BONE 17
OFFSET 19.127935 6.936082 46.241768
SCALE 1.000000 1.000000 1.000000
X 0.028255 -0.999546 -0.010483
Y -0.999559 -0.028348 0.008851
Z -0.009144 0.010228 -0.999905

BONE 18
OFFSET 19.169182 5.476373 46.226456
SCALE 1.000000 1.000000 1.000000
X -0.530149 -0.847899 0.003104
Y -0.845611 0.528981 0.071564
Z -0.062321 0.035315 -0.997430

BONE 19
OFFSET 14.705996 7.808183 45.227348
SCALE 1.000000 1.000000 1.000000
X 0.860597 -0.066810 -0.504885
Y -0.090729 -0.995612 -0.022905
Z -0.501139 0.065519 -0.862882

BONE 20
OFFSET 16.701145 7.526505 44.215675
SCALE 1.000000 1.000000 1.000000
X 0.856292 -0.436659 -0.275848
Y -0.415494 -0.899627 0.134299
Z -0.306803 -0.000387 -0.951772

BONE 21
OFFSET 17.913340 6.908494 43.825142
SCALE 1.000000 1.000000 1.000000
X 0.129600 -0.991002 -0.033439
Y -0.958716 -0.133844 0.250897
Z -0.253115 -0.000458 -0.967435

BONE 22
OFFSET 18.028244 6.030082 43.795486
SCALE 1.000000 1.000000 1.000000
X -0.508496 -0.843972 0.170711
Y -0.800343 0.536387 0.267842
Z -0.317619 -0.000431 -0.948218

BONE 23
OFFSET 14.876869 7.948464 45.905972
SCALE 1.000000 1.000000 1.000000
X 0.972232 -0.030596 -0.232012
Y -0.040601 -0.998434 -0.038470
Z -0.230472 0.046821 -0.971951

BONE 24
OFFSET 17.366528 7.898151 45.160259
SCALE 1.000000 1.000000 1.000000
X 0.831796 -0.508878 -0.221716
Y -0.491579 -0.860838 0.131557
Z -0.257808 -0.000438 -0.966195

BONE 25
OFFSET 18.782507 7.032079 44.782749
SCALE 1.000000 1.000000 1.000000
X 0.018860 -0.999819 0.002448
Y -0.972635 -0.017780 0.231658
Z -0.231572 -0.006750 -0.972794

BONE 26
OFFSET 18.808640 5.646797 44.786110
SCALE 1.000000 1.000000 1.000000
X -0.560764 -0.817120 0.133636
Y -0.795048 0.576467 0.188637
Z -0.231176 -0.000467 -0.972911

BONE 27
OFFSET 14.147945 7.626542 47.227299
SCALE 1.000000 1.000000 1.000000
X 0.614115 -0.475325 0.630022
Y -0.500840 0.382229 0.776569
Z -0.609936 -0.792443 -0.003329

BONE 28
OFFSET 15.388931 6.595095 48.664013
SCALE 1.000000 1.000000 1.000000
X 0.914605 -0.402884 0.034397
Y -0.079048 -0.094726 0.992359
Z -0.396547 -0.910336 -0.118484

BONE 29
OFFSET 16.825531 5.848554 48.646923
SCALE 1.000000 1.000000 1.000000
X 0.780329 -0.439752 -0.444640
Y 0.353920 -0.275646 0.893733
Z -0.515584 -0.854773 -0.059457

BONE 30
OFFSET 16.720488 7.446053 48.053772
SCALE 1.000000 1.000000 1.000000
X 0.946254 -0.301272 -0.117640
Y 0.309130 0.949423 0.055092
Z 0.095092 -0.088497 0.991526

BONE 31
OFFSET 16.492071 6.448713 45.911648
SCALE 1.000000 1.000000 1.000000
X -0.281236 0.000229 -0.959638
Y 0.023725 0.999696 -0.006714
Z 0.959345 -0.024655 -0.281156

BONE 32
OFFSET 10.527629 0.000051 51.873215
SCALE 1.000000 1.000000 1.000000
X 0.000182 -1.000000 0.000246
Y 1.000000 0.000182 0.000001
Z -0.000001 0.000246 0.999999

BONE 33
OFFSET 10.719042 8.047467 46.209358
SCALE 1.000000 1.000000 1.000000
X 0.999978 -0.002790 0.005957
Y -0.005996 -0.014005 0.999883
Z -0.002706 -0.999898 -0.014022

BONE 34
OFFSET -3.506025 -7.937268 56.812973
SCALE 1.000000 1.000000 1.000000
X -0.472997 0.011758 0.880984
Y -0.447265 -0.864695 -0.228595
Z 0.759096 -0.502158 0.414257

BONE 35
OFFSET 2.213812 -8.079960 46.159515
SCALE 1.000000 1.000000 1.000000
X -0.999980 -0.002284 -0.005884
Y 0.005916 -0.014541 -0.999876
Z 0.002198 -0.999891 0.014554

BONE 36
OFFSET 12.632690 -8.821078 47.715439
SCALE 1.000000 1.000000 1.000000
X -1.000000 0.000454 0.000034
Y 0.000454 0.999999 -0.000302
Z -0.000034 -0.000303 -0.999999

BONE 37
OFFSET 12.528914 -7.493718 47.911316
SCALE 1.000000 1.000000 1.000000
X -1.000000 0.000498 0.000034
Y 0.000497 0.999999 -0.000302
Z -0.000035 -0.000303 -0.999999

BONE 38
OFFSET 12.149213 -6.902361 46.940983
SCALE 1.000000 1.000000 1.000000
X -1.000000 0.000503 0.000034
Y 0.000503 0.999999 -0.000302
Z -0.000035 -0.000303 -0.999999

BONE 39
OFFSET 13.783486 -8.053933 46.227898
SCALE 1.000000 1.000000 1.000000
X -0.996716 -0.022549 -0.077766
Y 0.077601 0.008085 -0.996951
Z 0.023110 -0.999712 -0.006309

BONE 40
OFFSET 17.616829 -8.343825 47.280422
SCALE 1.000000 1.000000 1.000000
X -0.770682 -0.621497 -0.140674
Y 0.611347 -0.783415 0.111869
Z -0.179733 0.000215 0.983714

BONE 41
OFFSET 18.973583 -7.249909 47.528034
SCALE 1.000000 1.000000 1.000000
X -0.426587 -0.903101 -0.049298
Y 0.879996 -0.427026 0.207980
Z -0.208878 0.045340 0.976889

BONE 42
OFFSET 19.479437 -6.149568 47.647289
SCALE 1.000000 1.000000 1.000000
X -0.140457 -0.988355 -0.058531
Y 0.965280 -0.149848 0.213960
Z -0.220239 -0.026446 0.975086

BONE 43
OFFSET 17.590559 -8.158133 46.191841
SCALE 1.000000 1.000000 1.000000
X -0.786904 -0.616552 -0.025402
Y 0.616228 -0.787314 0.019991
Z -0.032324 0.000078 0.999476

BONE 44
OFFSET 19.127653 -6.953895 46.241489
SCALE 1.000000 1.000000 1.000000
X -0.028781 -0.999524 0.011041
Y 0.999543 -0.028880 -0.008873
Z 0.009188 0.010782 0.999898

BONE 45
OFFSET 19.169659 -5.494211 46.225315
SCALE 1.000000 1.000000 1.000000
X 0.529715 -0.848171 -0.002675
Y 0.845878 0.528509 -0.071888
Z 0.062387 0.035818 0.997408

BONE 46
OFFSET 14.705197 -7.824217 45.227608
SCALE 1.000000 1.000000 1.000000
X -0.860616 -0.066104 0.504945
Y 0.090270 -0.995639 0.023509
Z 0.501189 0.065814 0.862830

BONE 47
OFFSET 16.700331 -7.544147 44.215816
SCALE 1.000000 1.000000 1.000000
X -0.856494 -0.436076 0.276141
Y 0.415027 -0.899909 -0.133846
Z 0.306870 -0.000031 0.951750

BONE 48
OFFSET 17.912775 -6.927029 43.824959
SCALE 1.000000 1.000000 1.000000
X -0.130118 -0.990914 0.034004
Y 0.958626 -0.134488 -0.250896
Z 0.253190 -0.000049 0.967415

BONE 49
OFFSET 18.028088 -6.048684 43.794804
SCALE 1.000000 1.000000 1.000000
X 0.508034 -0.844342 -0.170254
Y 0.800633 0.535803 -0.268144
Z 0.317629 -0.000084 0.948214

BONE 50
OFFSET 14.876054 -7.964232 45.906311
SCALE 1.000000 1.000000 1.000000
X -0.972146 -0.029910 0.232458
Y 0.040062 -0.998432 0.039074
Z 0.230926 0.047299 0.971820

BONE 51
OFFSET 17.365585 -7.915647 45.160572
SCALE 1.000000 1.000000 1.000000
X -0.832054 -0.508308 0.222056
Y 0.491116 -0.861175 -0.131083
Z 0.257860 -0.000012 0.966181

BONE 52
OFFSET 18.781870 -7.050598 44.782570
SCALE 1.000000 1.000000 1.000000
X -0.019347 -0.999810 -0.001872
Y 0.972622 -0.018388 -0.231662
Z 0.231585 -0.006302 0.972793

BONE 53
OFFSET 18.808681 -5.665335 44.785133
SCALE 1.000000 1.000000 1.000000
X 0.560365 -0.817464 -0.133198
Y 0.795326 0.575978 -0.188958
Z 0.231186 -0.000050 0.972908

BONE 54
OFFSET 14.147421 -7.641216 47.227375
SCALE 1.000000 1.000000 1.000000
X -0.614371 -0.475356 -0.629749
Y 0.501012 0.381556 -0.776788
Z 0.609537 -0.792748 0.003741

BONE 55
OFFSET 15.389072 -6.609695 48.663418
SCALE 1.000000 1.000000 1.000000
X -0.914816 -0.402430 -0.034074
Y 0.078904 -0.095349 -0.992311
Z 0.396088 -0.910471 0.118979

BONE 56
OFFSET 16.826050 -5.863911 48.645885
SCALE 1.000000 1.000000 1.000000
X -0.780518 -0.439098 0.444953
Y -0.354150 -0.275946 -0.893549
Z 0.515140 -0.855012 0.059873

BONE 57
OFFSET 16.719723 -7.429388 48.053761
SCALE 1.000000 1.000000 1.000000
X -0.946394 -0.300745 0.117861
Y -0.308665 0.949547 -0.055546
Z -0.095209 -0.088948 -0.991474

BONE 58
OFFSET 10.531308 -0.010291 51.868797
SCALE 1.000000 1.000000 1.000000
X -0.000637 -0.999999 0.000091
Y 0.998879 -0.000640 -0.047319
Z 0.047319 0.000061 0.998879

BONE 59
OFFSET 10.718169 -8.060826 46.209774
SCALE 1.000000 1.000000 1.000000
X -0.999980 -0.002280 -0.005884
Y 0.005916 -0.014540 -0.999876
Z 0.002194 -0.999891 0.014552

BONE 60
OFFSET 10.527947 0.000000 51.870216
SCALE 1.000000 1.000000 1.000000
X 1.000000 0.000000 0.000000
Y 0.000000 1.000000 0.000000
Z 0.000000 0.000000 1.000000

BONE 61
OFFSET 0.000000 0.000000 59.999878
SCALE 1.000000 1.000000 1.000000
X 1.000000 0.000000 0.000000
Y 0.000000 1.000000 0.000000
Z 0.000000 0.000000 1.000000

BONE 62
OFFSET 0.000000 0.000000 59.999878
SCALE 1.000000 1.000000 1.000000
X 1.000000 0.000000 0.000000
Y 0.000000 1.000000 0.000000
Z 0.000000 0.000000 1.000000

BONE 63
OFFSET 1.540439 0.000000 64.135620
SCALE 1.000000 1.000000 1.000000
X 1.000000 0.000000 0.000000
Y 0.000000 1.000000 0.000000
Z 0.000000 0.000000 1.000000

BONE 64
OFFSET -4.631825 0.000000 58.622925
SCALE 1.000000 1.000000 1.000000
X 1.000000 0.000000 0.000000
Y 0.000000 1.000000 0.000000
Z 0.000000 0.000000 1.000000

BONE 65
OFFSET 0.000000 0.000000 59.999878
SCALE 1.000000 1.000000 1.000000
X 1.000000 0.000000 0.000000
Y 0.000000 1.000000 0.000000
Z 0.000000 0.000000 1.000000


NUMVERTS 4860
VERT 0
OFFSET 15.938948 6.472422 47.977806
BONES 3
BONE 27 1.000000
BONE 5 0.000000
BONE 34 0.000000

VERT 1
OFFSET 15.836027 6.078482 48.356728
BONES 3
BONE 27 1.000000
BONE 5 0.000000
BONE 34 0.000000

VERT 2
OFFSET 15.763636 6.332232 48.005493
BONES 3
BONE 27 1.000000
BONE 5 0.000000
BONE 34 0.000000

VERT 3
OFFSET 16.017653 6.148818 48.307381
BONES 3
BONE 27 1.000000
BONE 5 0.000000
BONE 34 0.000000

VERT 4
OFFSET 16.125891 6.279967 48.305916
BONES 3
BONE 27 1.000000
BONE 5 0.000000
BONE 34 0.000000

VERT 5
OFFSET 16.033060 6.646414 48.027267
BONES 3
BONE 27 1.000000
BONE 5 0.000000
BONE 34 0.000000

VERT 6
OFFSET 15.989397 6.859278 47.830490
BONES 3
BONE 27 1.000000
BONE 5 0.000000
BONE 34 0.000000

VERT 7
OFFSET 15.715176 6.539364 47.754223
BONES 4
BONE 12 0.500000
BONE 27 0.500000
BONE 5 0.000000
BONE 34 0.000000

VERT 8
OFFSET 15.221041 6.576838 47.636589
BONES 3
BONE 27 1.000000
BONE 5 0.000000
BONE 34 0.000000

VERT 9
OFFSET 15.654970 6.581915 47.614220
BONES 3
BONE 27 1.000000
BONE 5 0.000000
BONE 34 0.000000

VERT 10
OFFSET 16.492611 7.093469 47.193691
BONES 3
BONE 12 1.000000
BONE 5 0.000000
BONE 34 0.000000

VERT 11
OFFSET 16.596149 7.183122 47.500938
BONES 3
BONE 12 1.000000
BONE 5 0.000000
BONE 34 0.000000

VERT 12
OFFSET 17.149860 7.573853 46.885700
BONES 3
BONE 12 1.000000
BONE 5 0.000000
BONE 34 0.000000

VERT 13
OFFSET 17.240057 7.488366 47.295090
BONES 3
BONE 12 1.000000
BONE 5 0.000000
BONE 34 0.000000

VERT 14
OFFSET 17.287518 7.529511 47.600109
BONES 3
BONE 12 1.000000
BONE 5 0.000000
BONE 34 0.000000

VERT 15
OFFSET 16.414394 7.241213 47.671928
BONES 4
BONE 12 0.750000
BONE 27 0.250000
BONE 5 0.000000
BONE 34 0.000000

VERT 16
OFFSET 15.859163 6.743727 47.723671
BONES 3
BONE 27 1.000000
BONE 5 0.000000
BONE 34 0.000000

VERT 17
OFFSET 15.890463 6.434162 48.050446
BONES 4
BONE 12 0.500000
BONE 27 0.500000
BONE 5 0.000000
BONE 34 0.000000

VERT 18
OFFSET 15.657393 6.111052 48.450226
BONES 3
BONE 27 1.000000
BONE 5 0.000000
BONE 34 0.000000

VERT 19
OFFSET 15.496004 6.219164 48.565502
BONES 3
BONE 27 1.000000
BONE 5 0.000000
BONE 34 0.000000

VERT 20
OFFSET 15.469961 6.575821 47.921375
BONES 4
BONE 12 0.500000
BONE 27 0.500000
BONE 5 0.000000
BONE 34 0.000000

VERT 21
OFFSET 15.195316 6.594702 47.702831
BONES 4
BONE 12 0.500000
BONE 27 0.500000
BONE 5 0.000000
BONE 34 0.000000

VERT 22
OFFSET 16.164738 6.559243 47.190800
BONES 3
BONE 12 1.000000
BONE 5 0.000000
BONE 34 0.000000

VERT 23
OFFSET 16.118494 6.904290 46.650654
BONES 3
BONE 12 1.000000
BONE 5 0.000000
BONE 34 0.000000

VERT 24
OFFSET 14.954141 6.612989 47.430820
BONES 4
BONE 12 0.500000
BONE 27 0.500000
BONE 5 0.000000
BONE 34 0.000000

VERT 25
OFFSET 14.820531 6.874899 47.909634
BONES 4
BONE 12 0.500000
BONE 27 0.500000
BONE 5 0.000000
BONE 34 0.000000

VERT 26
OFFSET 15.249058 6.758793 48.090614
BONES 4
BONE 12 0.500000
BONE 27 0.500000
BONE 5 0.000000
BONE 34 0.000000

VERT 27
OFFSET 15.489515 6.624750 48.271141
BONES 4
BONE 12 0.500000
BONE 27 0.500000
BONE 5 0.000000
BONE 34 0.000000

VERT 28
OFFSET 15.137021 6.991899 48.176125
BONES 4
BONE 12 0.500000
BONE 27 0.500000
BONE 5 0.000000
BONE 34 0.000000

VERT 29
OFFSET 15.225832 6.973860 48.431709
BONES 3
BONE 27 1.000000
BONE 5 0.000000
BONE 34 0.000000

VERT 30
OFFSET 15.487856 6.581675 48.718918
BONES 3
BONE 27 1.000000
BONE 5 0.000000
BONE 34 0.000000

VERT 31
OFFSET 15.435167 6.397910 48.655434
BONES 3
BONE 27 1.000000
BONE 5 0.000000
BONE 34 0.000000

VERT 32
OFFSET 15.681017 6.489681 48.170876
BONES 4
BONE 12 0.500000
BONE 27 0.500000
BONE 5 0.000000
BONE 34 0.000000

VERT 33
OFFSET 15.342007 6.284944 46.989933
BONES 3
BONE 12 1.000000
BONE 5 0.000000
BONE 34 0.000000

VERT 34
OFFSET 14.687984 7.234030 48.049919
BONES 4
BONE 12 0.500000
BONE 27 0.500000
BONE 5 0.000000
BONE 34 0.000000

VERT 35
OFFSET 14.280876 7.417913 47.839767
BONES 4
BONE 12 0.500000
BONE 27 0.500000
BONE 5 0.000000
BONE 34 0.000000

VERT 36
OFFSET 14.460366 6.946165 47.686596
BONES 4
BONE 12 0.500000
BONE 27 0.500000
BONE 5 0.000000
BONE 34 0.000000

VERT 37
OFFSET 14.632801 6.391374 47.396481
BONES 3
BONE 12 1.000000
BONE 5 0.000000
BONE 34 0.000000

VERT 38
OFFSET 15.149617 6.450814 46.519569
BONES 3
BONE 12 1.000000
BONE 5 0.000000
BONE 34 0.000000

VERT 39
OFFSET 16.001011 7.102281 46.158684
BONES 3
BONE 12 1.000000
BONE 5 0.000000
BONE 34 0.000000

VERT 40
OFFSET 14.434393 6.612771 46.956917
BONES 3
BONE 12 1.000000
BONE 5 0.000000
BONE 34 0.000000

VERT 41
OFFSET 14.359810 6.911927 46.397442
BONES 3
BONE 12 1.000000
BONE 5 0.000000
BONE 34 0.000000

VERT 42
OFFSET 13.909388 7.732046 47.122215
BONES 4
BONE 12 0.920018
BONE 33 0.079983
BONE 5 0.000000
BONE 34 0.000000

VERT 43
OFFSET 14.263233 7.036836 47.558445
BONES 3
BONE 12 1.000000
BONE 5 0.000000
BONE 34 0.000000

VERT 44
OFFSET 13.837681 7.415383 46.588867
BONES 3
BONE 12 1.000000
BONE 5 0.000000
BONE 34 0.000000

VERT 45
OFFSET 17.090891 7.661500 46.379433
BONES 3
BONE 12 1.000000
BONE 5 0.000000
BONE 34 0.000000

VERT 46
OFFSET 17.010704 7.530290 45.925667
BONES 3
BONE 12 1.000000
BONE 5 0.000000
BONE 34 0.000000

VERT 47
OFFSET 15.827162 7.099252 45.725292
BONES 3
BONE 12 1.000000
BONE 5 0.000000
BONE 34 0.000000

VERT 48
OFFSET 14.988963 6.731408 46.013680
BONES 3
BONE 12 1.000000
BONE 5 0.000000
BONE 34 0.000000

VERT 49
OFFSET 14.862074 6.900903 45.524185
BONES 3
BONE 12 1.000000
BONE 5 0.000000
BONE 34 0.000000

VERT 50
OFFSET 15.663496 7.008126 45.319447
BONES 3
BONE 12 1.000000
BONE 5 0.000000
BONE 34 0.000000

VERT 51
OFFSET 16.824205 7.149552 45.144955
BONES 3
BONE 12 1.000000
BONE 5 0.000000
BONE 34 0.000000

VERT 52
OFFSET 15.595634 7.022447 44.900299
BONES 3
BONE 12 1.000000
BONE 5 0.000000
BONE 34 0.000000

VERT 53
OFFSET 16.760468 7.137338 44.742088
BONES 3
BONE 12 1.000000
BONE 5 0.000000
BONE 34 0.000000

VERT 54
OFFSET 16.737232 7.267159 44.398090
BONES 3
BONE 12 1.000000
BONE 5 0.000000
BONE 34 0.000000

VERT 55
OFFSET 14.817502 7.002030 45.067955
BONES 3
BONE 12 1.000000
BONE 5 0.000000
BONE 34 0.000000

VERT 56
OFFSET 16.924942 7.305627 45.527538
BONES 3
BONE 12 1.000000
BONE 5 0.000000
BONE 34 0.000000

VERT 57
OFFSET 15.708437 7.883485 44.305561
BONES 3
BONE 12 1.000000
BONE 5 0.000000
BONE 34 0.000000

VERT 58
OFFSET 16.763557 7.705209 44.219086
BONES 3
BONE 12 1.000000
BONE 5 0.000000
BONE 34 0.000000

VERT 59
OFFSET 15.634562 7.506951 44.318443
BONES 3
BONE 12 1.000000
BONE 5 0.000000
BONE 34 0.000000

VERT 60
OFFSET 16.753002 7.565492 44.189915
BONES 3
BONE 12 1.000000
BONE 5 0.000000
BONE 34 0.000000

VERT 61
OFFSET 15.592994 7.167161 44.543121
BONES 3
BONE 12 1.000000
BONE 5 0.000000
BONE 34 0.000000

VERT 62
OFFSET 14.836639 7.163110 44.699295
BONES 3
BONE 12 1.000000
BONE 5 0.000000
BONE 34 0.000000

VERT 63
OFFSET 14.239303 7.106439 45.304466
BONES 3
BONE 12 1.000000
BONE 5 0.000000
BONE 34 0.000000

VERT 64
OFFSET 14.277596 7.020776 45.811867
BONES 3
BONE 12 1.000000
BONE 5 0.000000
BONE 34 0.000000

VERT 65
OFFSET 13.797596 7.304551 46.132973
BONES 3
BONE 12 1.000000
BONE 5 0.000000
BONE 34 0.000000

VERT 66
OFFSET 13.546293 7.627151 46.659012
BONES 4
BONE 12 0.830079
BONE 33 0.169921
BONE 5 0.000000
BONE 34 0.000000

VERT 67
OFFSET 13.616401 7.924116 47.078854
BONES 4
BONE 12 0.920055
BONE 33 0.079945
BONE 5 0.000000
BONE 34 0.000000

VERT 68
OFFSET 13.098466 8.237343 47.205730
BONES 4
BONE 33 0.609296
BONE 12 0.390704
BONE 5 0.000000
BONE 34 0.000000

VERT 69
OFFSET 13.063349 7.935807 46.978809
BONES 4
BONE 33 0.619358
BONE 12 0.380642
BONE 5 0.000000
BONE 34 0.000000

VERT 70
OFFSET 14.247723 7.268846 44.922077
BONES 3
BONE 12 1.000000
BONE 5 0.000000
BONE 34 0.000000

VERT 71
OFFSET 13.520779 7.500404 46.256699
BONES 4
BONE 12 0.800064
BONE 33 0.199936
BONE 5 0.000000
BONE 34 0.000000

VERT 72
OFFSET 13.028125 7.716892 46.639473
BONES 4
BONE 33 0.629437
BONE 12 0.370563
BONE 5 0.000000
BONE 34 0.000000

VERT 73
OFFSET 13.508078 7.519279 45.800655
BONES 4
BONE 12 0.760050
BONE 33 0.239951
BONE 5 0.000000
BONE 34 0.000000

VERT 74
OFFSET 13.774248 7.311646 45.620026
BONES 3
BONE 12 1.000000
BONE 5 0.000000
BONE 34 0.000000

VERT 75
OFFSET 13.786776 7.486672 45.181763
BONES 3
BONE 12 1.000000
BONE 5 0.000000
BONE 34 0.000000

VERT 76
OFFSET 14.293719 7.603471 44.711304
BONES 3
BONE 12 1.000000
BONE 5 0.000000
BONE 34 0.000000

VERT 77
OFFSET 14.896620 7.506188 44.470428
BONES 3
BONE 12 1.000000
BONE 5 0.000000
BONE 34 0.000000

VERT 78
OFFSET 14.979059 7.888093 44.447617
BONES 3
BONE 12 1.000000
BONE 5 0.000000
BONE 34 0.000000

VERT 79
OFFSET 13.526487 7.685457 45.406178
BONES 4
BONE 12 0.720034
BONE 33 0.279966
BONE 5 0.000000
BONE 34 0.000000

VERT 80
OFFSET 14.361389 7.983361 44.715054
BONES 3
BONE 12 1.000000
BONE 5 0.000000
BONE 34 0.000000

VERT 81
OFFSET 13.895933 8.073678 44.957527
BONES 3
BONE 12 1.000000
BONE 5 0.000000
BONE 34 0.000000

VERT 82
OFFSET 13.829919 7.741723 44.982002
BONES 3
BONE 12 1.000000
BONE 5 0.000000
BONE 34 0.000000

VERT 83
OFFSET 13.556676 7.917998 45.229015
BONES 4
BONE 12 0.700029
BONE 33 0.299971
BONE 5 0.000000
BONE 34 0.000000

VERT 84
OFFSET 12.980933 7.777482 45.772964
BONES 4
BONE 33 0.649598
BONE 12 0.350402
BONE 5 0.000000
BONE 34 0.000000

VERT 85
OFFSET 12.999039 7.676382 46.194328
BONES 4
BONE 33 0.639525
BONE 12 0.360475
BONE 5 0.000000
BONE 34 0.000000

VERT 86
OFFSET 12.977273 7.982852 45.503300
BONES 4
BONE 33 0.649636
BONE 12 0.350364
BONE 5 0.000000
BONE 34 0.000000

VERT 87
OFFSET 13.591990 8.181416 45.192150
BONES 4
BONE 12 0.700027
BONE 33 0.299973
BONE 5 0.000000
BONE 34 0.000000

VERT 88
OFFSET 12.962074 8.244016 45.338696
BONES 4
BONE 12 0.700323
BONE 33 0.299677
BONE 5 0.000000
BONE 34 0.000000

VERT 89
OFFSET 15.950937 6.708701 48.591660
BONES 3
BONE 27 1.000000
BONE 5 0.000000
BONE 34 0.000000

VERT 90
OFFSET 15.988504 6.867648 48.131802
BONES 3
BONE 27 1.000000
BONE 5 0.000000
BONE 34 0.000000

VERT 91
OFFSET 15.869704 7.154501 48.266914
BONES 4
BONE 12 0.500000
BONE 27 0.500000
BONE 5 0.000000
BONE 34 0.000000

VERT 92
OFFSET 16.103792 6.501399 48.438969
BONES 3
BONE 27 1.000000
BONE 5 0.000000
BONE 34 0.000000

VERT 93
OFFSET 14.971460 7.539782 48.036644
BONES 4
BONE 12 0.500000
BONE 27 0.500000
BONE 5 0.000000
BONE 34 0.000000

VERT 94
OFFSET 14.974215 8.076572 47.788601
BONES 4
BONE 12 0.500000
BONE 27 0.500000
BONE 5 0.000000
BONE 34 0.000000

VERT 95
OFFSET 14.576211 7.821987 47.849590
BONES 4
BONE 12 0.500000
BONE 27 0.500000
BONE 5 0.000000
BONE 34 0.000000

VERT 96
OFFSET 15.365610 7.758905 47.952286
BONES 4
BONE 12 0.500000
BONE 27 0.500000
BONE 5 0.000000
BONE 34 0.000000

VERT 97
OFFSET 15.719445 7.980814 47.748165
BONES 4
BONE 12 0.500000
BONE 27 0.500000
BONE 5 0.000000
BONE 34 0.000000

VERT 98
OFFSET 15.751105 7.413689 48.041206
BONES 4
BONE 12 0.500000
BONE 27 0.500000
BONE 5 0.000000
BONE 34 0.000000

VERT 99
OFFSET 16.139612 7.791457 47.843742
BONES 4
BONE 12 0.750000
BONE 27 0.250000
BONE 5 0.000000
BONE 34 0.000000

VERT 100
OFFSET 16.283688 7.539413 47.793228
BONES 4
BONE 12 0.750000
BONE 27 0.250000
BONE 5 0.000000
BONE 34 0.000000

VERT 101
OFFSET 17.190063 8.014054 47.697723
BONES 3
BONE 12 1.000000
BONE 5 0.000000
BONE 34 0.000000

VERT 102
OFFSET 17.260241 7.826501 47.717087
BONES 3
BONE 12 1.000000
BONE 5 0.000000
BONE 34 0.000000

VERT 103
OFFSET 15.941141 7.133700 47.912018
BONES 3
BONE 27 1.000000
BONE 5 0.000000
BONE 34 0.000000

VERT 104
OFFSET 15.493513 7.115618 48.374290
BONES 3
BONE 27 1.000000
BONE 5 0.000000
BONE 34 0.000000

VERT 105
OFFSET 15.702593 6.722888 48.697121
BONES 3
BONE 27 1.000000
BONE 5 0.000000
BONE 34 0.000000

VERT 106
OFFSET 14.305573 7.614495 47.626408
BONES 3
BONE 12 1.000000
BONE 5 0.000000
BONE 34 0.000000

VERT 107
OFFSET 15.392129 7.261715 48.151688
BONES 4
BONE 12 0.500000
BONE 27 0.500000
BONE 5 0.000000
BONE 34 0.000000

VERT 108
OFFSET 14.661619 8.764619 46.525108
BONES 3
BONE 12 1.000000
BONE 5 0.000000
BONE 34 0.000000

VERT 109
OFFSET 15.310981 8.620530 46.445084
BONES 3
BONE 12 1.000000
BONE 5 0.000000
BONE 34 0.000000

VERT 110
OFFSET 15.272409 8.615930 46.009655
BONES 3
BONE 12 1.000000
BONE 5 0.000000
BONE 34 0.000000

VERT 111
OFFSET 16.052753 8.584992 46.372719
BONES 3
BONE 12 1.000000
BONE 5 0.000000
BONE 34 0.000000

VERT 112
OFFSET 15.323178 8.540444 46.873474
BONES 3
BONE 12 1.000000
BONE 5 0.000000
BONE 34 0.000000

VERT 113
OFFSET 14.673922 8.676805 46.925617
BONES 3
BONE 12 1.000000
BONE 5 0.000000
BONE 34 0.000000

VERT 114
OFFSET 14.133314 8.801774 47.034435
BONES 3
BONE 12 1.000000
BONE 5 0.000000
BONE 34 0.000000

VERT 115
OFFSET 14.657532 8.495019 47.281975
BONES 3
BONE 12 1.000000
BONE 5 0.000000
BONE 34 0.000000

VERT 116
OFFSET 14.101709 8.589730 47.329086
BONES 3
BONE 12 1.000000
BONE 5 0.000000
BONE 34 0.000000

VERT 117
OFFSET 13.719967 8.674925 47.341637
BONES 4
BONE 12 0.750165
BONE 33 0.249835
BONE 5 0.000000
BONE 34 0.000000

VERT 118
OFFSET 14.080713 8.450341 47.447746
BONES 3
BONE 12 1.000000
BONE 5 0.000000
BONE 34 0.000000

VERT 119
OFFSET 13.667542 8.333848 47.392094
BONES 4
BONE 12 0.750173
BONE 33 0.249828
BONE 5 0.000000
BONE 34 0.000000

VERT 120
OFFSET 14.013704 8.128449 47.446957
BONES 3
BONE 12 1.000000
BONE 5 0.000000
BONE 34 0.000000

VERT 121
OFFSET 15.310743 8.391572 47.299068
BONES 3
BONE 12 1.000000
BONE 5 0.000000
BONE 34 0.000000

VERT 122
OFFSET 13.725018 8.909613 47.098896
BONES 4
BONE 12 0.670167
BONE 33 0.329833
BONE 5 0.000000
BONE 34 0.000000

VERT 123
OFFSET 13.147741 8.519452 47.329956
BONES 4
BONE 12 0.560760
BONE 33 0.439240
BONE 5 0.000000
BONE 34 0.000000

VERT 124
OFFSET 13.171148 8.786809 47.286766
BONES 4
BONE 12 0.560754
BONE 33 0.439246
BONE 5 0.000000
BONE 34 0.000000

VERT 125
OFFSET 13.199615 9.018230 47.068970
BONES 4
BONE 12 0.670633
BONE 33 0.329367
BONE 5 0.000000
BONE 34 0.000000

VERT 126
OFFSET 13.751731 9.065994 46.718742
BONES 4
BONE 12 0.710117
BONE 33 0.289883
BONE 5 0.000000
BONE 34 0.000000

VERT 127
OFFSET 14.147615 8.941194 46.633408
BONES 3
BONE 12 1.000000
BONE 5 0.000000
BONE 34 0.000000

VERT 128
OFFSET 13.733853 9.022566 46.140766
BONES 4
BONE 12 0.710073
BONE 33 0.289928
BONE 5 0.000000
BONE 34 0.000000

VERT 129
OFFSET 14.097807 8.837899 45.959038
BONES 3
BONE 12 1.000000
BONE 5 0.000000
BONE 34 0.000000

VERT 130
OFFSET 13.189531 9.145352 46.673141
BONES 4
BONE 12 0.710519
BONE 33 0.289481
BONE 5 0.000000
BONE 34 0.000000

VERT 131
OFFSET 13.136016 9.096743 46.120960
BONES 4
BONE 12 0.710431
BONE 33 0.289569
BONE 5 0.000000
BONE 34 0.000000

VERT 132
OFFSET 13.067757 8.901689 45.620857
BONES 4
BONE 12 0.700366
BONE 33 0.299634
BONE 5 0.000000
BONE 34 0.000000

VERT 133
OFFSET 14.440540 8.288079 44.967621
BONES 3
BONE 12 1.000000
BONE 5 0.000000
BONE 34 0.000000

VERT 134
OFFSET 14.515239 8.516038 45.339523
BONES 3
BONE 12 1.000000
BONE 5 0.000000
BONE 34 0.000000

VERT 135
OFFSET 15.155448 8.378060 45.121037
BONES 3
BONE 12 1.000000
BONE 5 0.000000
BONE 34 0.000000

VERT 136
OFFSET 14.046648 8.668427 45.520035
BONES 3
BONE 12 1.000000
BONE 5 0.000000
BONE 34 0.000000

VERT 137
OFFSET 13.976568 8.390840 45.170109
BONES 3
BONE 12 1.000000
BONE 5 0.000000
BONE 34 0.000000

VERT 138
OFFSET 13.646533 8.521209 45.359379
BONES 4
BONE 12 0.700033
BONE 33 0.299967
BONE 5 0.000000
BONE 34 0.000000

VERT 139
OFFSET 13.008128 8.589533 45.375786
BONES 4
BONE 12 0.700331
BONE 33 0.299669
BONE 5 0.000000
BONE 34 0.000000

VERT 140
OFFSET 13.691902 8.805653 45.714775
BONES 4
BONE 12 0.700050
BONE 33 0.299950
BONE 5 0.000000
BONE 34 0.000000

VERT 141
OFFSET 14.577703 8.678666 45.742714
BONES 3
BONE 12 1.000000
BONE 5 0.000000
BONE 34 0.000000

VERT 142
OFFSET 14.616535 8.747277 46.140057
BONES 3
BONE 12 1.000000
BONE 5 0.000000
BONE 34 0.000000

VERT 143
OFFSET 16.021042 8.580659 45.921425
BONES 3
BONE 12 1.000000
BONE 5 0.000000
BONE 34 0.000000

VERT 144
OFFSET 14.604509 8.257646 47.544365
BONES 3
BONE 12 1.000000
BONE 5 0.000000
BONE 34 0.000000

VERT 145
OFFSET 15.275898 8.191407 47.644211
BONES 3
BONE 12 1.000000
BONE 5 0.000000
BONE 34 0.000000

VERT 146
OFFSET 16.058535 8.413674 47.306114
BONES 3
BONE 12 1.000000
BONE 5 0.000000
BONE 34 0.000000

VERT 147
OFFSET 16.067375 8.528352 46.830376
BONES 3
BONE 12 1.000000
BONE 5 0.000000
BONE 34 0.000000

VERT 148
OFFSET 17.125853 8.328912 46.815968
BONES 3
BONE 12 1.000000
BONE 5 0.000000
BONE 34 0.000000

VERT 149
OFFSET 17.108891 8.353753 46.345222
BONES 3
BONE 12 1.000000
BONE 5 0.000000
BONE 34 0.000000

VERT 150
OFFSET 17.075548 8.327516 45.881271
BONES 3
BONE 12 1.000000
BONE 5 0.000000
BONE 34 0.000000

VERT 151
OFFSET 15.971620 8.489747 45.464481
BONES 3
BONE 12 1.000000
BONE 5 0.000000
BONE 34 0.000000

VERT 152
OFFSET 15.224632 8.535874 45.563522
BONES 3
BONE 12 1.000000
BONE 5 0.000000
BONE 34 0.000000

VERT 153
OFFSET 17.109423 8.255456 47.301083
BONES 3
BONE 12 1.000000
BONE 5 0.000000
BONE 34 0.000000

VERT 154
OFFSET 17.027328 8.236726 45.419334
BONES 3
BONE 12 1.000000
BONE 5 0.000000
BONE 34 0.000000

VERT 155
OFFSET 16.957232 8.101068 44.962761
BONES 3
BONE 12 1.000000
BONE 5 0.000000
BONE 34 0.000000

VERT 156
OFFSET 15.900978 8.338784 45.013592
BONES 3
BONE 12 1.000000
BONE 5 0.000000
BONE 34 0.000000

VERT 157
OFFSET 15.804641 8.148316 44.582676
BONES 3
BONE 12 1.000000
BONE 5 0.000000
BONE 34 0.000000

VERT 158
OFFSET 16.857409 7.935578 44.515789
BONES 3
BONE 12 1.000000
BONE 5 0.000000
BONE 34 0.000000

VERT 159
OFFSET 15.069322 8.171159 44.704887
BONES 3
BONE 12 1.000000
BONE 5 0.000000
BONE 34 0.000000

VERT 160
OFFSET 15.968278 8.206780 47.705261
BONES 3
BONE 12 1.000000
BONE 5 0.000000
BONE 34 0.000000

VERT 161
OFFSET 15.219429 7.961198 47.905621
BONES 3
BONE 12 1.000000
BONE 5 0.000000
BONE 34 0.000000

VERT 162
OFFSET 14.525501 7.939065 47.767529
BONES 3
BONE 12 1.000000
BONE 5 0.000000
BONE 34 0.000000

VERT 163
OFFSET 9.951602 -7.543335 47.091560
BONES 4
BONE 59 0.912782
BONE 35 0.087218
BONE 5 0.000000
BONE 34 0.000000

VERT 164
OFFSET 9.970800 -7.885513 47.654259
BONES 4
BONE 59 0.910047
BONE 35 0.089953
BONE 5 0.000000
BONE 34 0.000000

VERT 165
OFFSET 10.858959 -7.953331 47.427662
BONES 3
BONE 59 1.000000
BONE 5 0.000000
BONE 34 0.000000

VERT 166
OFFSET 12.013824 -7.757992 45.620186
BONES 3
BONE 59 1.000000
BONE 5 0.000000
BONE 34 0.000000

VERT 167
OFFSET 12.001175 -7.810631 46.196499
BONES 3
BONE 59 1.000000
BONE 5 0.000000
BONE 34 0.000000

VERT 168
OFFSET 12.324303 -7.803687 46.184486
BONES 4
BONE 59 0.798877
BONE 39 0.201124
BONE 5 0.000000
BONE 34 0.000000

VERT 169
OFFSET 11.618412 -7.754712 46.218262
BONES 3
BONE 59 1.000000
BONE 5 0.000000
BONE 34 0.000000

VERT 170
OFFSET 11.634865 -7.700814 45.610390
BONES 3
BONE 59 1.000000
BONE 5 0.000000
BONE 34 0.000000

VERT 171
OFFSET 10.851229 -7.618199 46.264713
BONES 3
BONE 59 1.000000
BONE 5 0.000000
BONE 34 0.000000

VERT 172
OFFSET 10.876011 -7.559914 45.573730
BONES 3
BONE 59 1.000000
BONE 5 0.000000
BONE 34 0.000000

VERT 173
OFFSET 9.952455 -7.462933 46.315887
BONES 4
BONE 59 0.917884
BONE 35 0.082116
BONE 5 0.000000
BONE 34 0.000000

VERT 174
OFFSET 10.847233 -7.678658 46.938126
BONES 3
BONE 59 1.000000
BONE 5 0.000000
BONE 34 0.000000

VERT 175
OFFSET 11.611506 -7.794171 46.809319
BONES 3
BONE 59 1.000000
BONE 5 0.000000
BONE 34 0.000000

VERT 176
OFFSET 11.616547 -8.008561 47.241467
BONES 3
BONE 59 1.000000
BONE 5 0.000000
BONE 34 0.000000

VERT 177
OFFSET 11.992735 -7.840523 46.756359
BONES 3
BONE 59 1.000000
BONE 5 0.000000
BONE 34 0.000000

VERT 178
OFFSET 11.994591 -8.028760 47.167065
BONES 3
BONE 59 1.000000
BONE 5 0.000000
BONE 34 0.000000

VERT 179
OFFSET 12.321780 -8.024253 47.292122
BONES 4
BONE 59 0.798600
BONE 39 0.201400
BONE 5 0.000000
BONE 34 0.000000

VERT 180
OFFSET 12.315042 -7.828808 46.822510
BONES 4
BONE 59 0.798718
BONE 39 0.201282
BONE 5 0.000000
BONE 34 0.000000

VERT 181
OFFSET 12.659817 -8.029173 47.221291
BONES 4
BONE 59 0.563998
BONE 39 0.436002
BONE 5 0.000000
BONE 34 0.000000

VERT 182
OFFSET 12.625603 -7.854866 46.788853
BONES 4
BONE 59 0.564073
BONE 39 0.435927
BONE 5 0.000000
BONE 34 0.000000

VERT 183
OFFSET 12.982177 -7.805787 46.919266
BONES 4
BONE 39 0.735778
BONE 59 0.264222
BONE 5 0.000000
BONE 34 0.000000

VERT 184
OFFSET 9.986654 -7.402366 45.521473
BONES 4
BONE 59 0.924398
BONE 35 0.075602
BONE 5 0.000000
BONE 34 0.000000

VERT 185
OFFSET 12.997111 -8.163821 47.387398
BONES 5
BONE 39 0.588601
BONE 59 0.215198
BONE 54 0.196201
BONE 5 0.000000
BONE 34 0.000000

VERT 186
OFFSET 12.984587 -7.993909 47.152054
BONES 5
BONE 39 0.588574
BONE 59 0.215234
BONE 54 0.196192
BONE 5 0.000000
BONE 34 0.000000

VERT 187
OFFSET 12.982533 -7.760053 46.452343
BONES 4
BONE 39 0.735714
BONE 59 0.264286
BONE 5 0.000000
BONE 34 0.000000

VERT 188
OFFSET 12.979579 -7.765380 46.691135
BONES 4
BONE 39 0.735747
BONE 59 0.264253
BONE 5 0.000000
BONE 34 0.000000

VERT 189
OFFSET 12.647864 -7.788844 46.233772
BONES 4
BONE 59 0.564254
BONE 39 0.435746
BONE 5 0.000000
BONE 34 0.000000

VERT 190
OFFSET 12.330756 -7.741383 45.526928
BONES 4
BONE 59 0.799022
BONE 39 0.200978
BONE 5 0.000000
BONE 34 0.000000

VERT 191
OFFSET 12.037132 -7.861634 45.339321
BONES 3
BONE 59 1.000000
BONE 5 0.000000
BONE 34 0.000000

VERT 192
OFFSET 11.654505 -7.802563 45.296246
BONES 3
BONE 59 1.000000
BONE 5 0.000000
BONE 34 0.000000

VERT 193
OFFSET 10.888662 -7.660790 45.181675
BONES 3
BONE 59 1.000000
BONE 5 0.000000
BONE 34 0.000000

VERT 194
OFFSET 9.991973 -7.506219 45.038136
BONES 4
BONE 59 0.927273
BONE 35 0.072727
BONE 5 0.000000
BONE 34 0.000000

VERT 195
OFFSET 10.915918 -8.261899 44.786175
BONES 3
BONE 59 1.000000
BONE 5 0.000000
BONE 34 0.000000

VERT 196
OFFSET 10.033888 -8.236253 44.577755
BONES 4
BONE 59 0.931492
BONE 35 0.068508
BONE 5 0.000000
BONE 34 0.000000

VERT 197
OFFSET 12.625330 -7.709859 45.630817
BONES 4
BONE 59 0.564361
BONE 39 0.435639
BONE 5 0.000000
BONE 34 0.000000

VERT 198
OFFSET 12.366961 -7.867283 45.227623
BONES 4
BONE 59 0.799125
BONE 39 0.200875
BONE 5 0.000000
BONE 34 0.000000

VERT 199
OFFSET 12.642353 -7.816444 45.287033
BONES 4
BONE 59 0.564442
BONE 39 0.435558
BONE 5 0.000000
BONE 34 0.000000

VERT 200
OFFSET 12.385858 -8.355353 44.869705
BONES 4
BONE 59 0.799182
BONE 39 0.200818
BONE 5 0.000000
BONE 34 0.000000

VERT 201
OFFSET 12.045197 -8.311421 45.021385
BONES 3
BONE 59 1.000000
BONE 5 0.000000
BONE 34 0.000000

VERT 202
OFFSET 11.668617 -8.296952 44.956440
BONES 3
BONE 59 1.000000
BONE 5 0.000000
BONE 34 0.000000

VERT 203
OFFSET 13.567239 -8.021539 44.662880
BONES 3
BONE 39 1.000000
BONE 5 0.000000
BONE 34 0.000000

VERT 204
OFFSET 13.075738 -8.199123 44.874767
BONES 4
BONE 39 0.735526
BONE 59 0.264474
BONE 5 0.000000
BONE 34 0.000000

VERT 205
OFFSET 13.024753 -7.877506 44.938786
BONES 4
BONE 39 0.735539
BONE 59 0.264461
BONE 5 0.000000
BONE 34 0.000000

VERT 206
OFFSET 12.734095 -8.311444 44.993217
BONES 4
BONE 59 0.564565
BONE 39 0.435435
BONE 5 0.000000
BONE 34 0.000000

VERT 207
OFFSET 12.976224 -7.654221 45.814926
BONES 4
BONE 39 0.735636
BONE 59 0.264364
BONE 5 0.000000
BONE 34 0.000000

VERT 208
OFFSET 12.976047 -7.619585 45.481701
BONES 4
BONE 39 0.735599
BONE 59 0.264401
BONE 5 0.000000
BONE 34 0.000000

VERT 209
OFFSET 12.975704 -7.588752 45.204182
BONES 4
BONE 39 0.735570
BONE 59 0.264430
BONE 5 0.000000
BONE 34 0.000000

VERT 210
OFFSET 13.483037 -7.721948 44.711712
BONES 3
BONE 39 1.000000
BONE 5 0.000000
BONE 34 0.000000

VERT 211
OFFSET 14.282322 -7.575708 44.512356
BONES 3
BONE 39 1.000000
BONE 5 0.000000
BONE 34 0.000000

VERT 212
OFFSET 14.335600 -7.894075 44.469299
BONES 3
BONE 39 1.000000
BONE 5 0.000000
BONE 34 0.000000

VERT 213
OFFSET 15.088985 -7.464067 44.408508
BONES 3
BONE 39 1.000000
BONE 5 0.000000
BONE 34 0.000000

VERT 214
OFFSET 15.078499 -7.775850 44.305004
BONES 3
BONE 39 1.000000
BONE 5 0.000000
BONE 34 0.000000

VERT 215
OFFSET 15.819702 -7.321626 44.350998
BONES 3
BONE 39 1.000000
BONE 5 0.000000
BONE 34 0.000000

VERT 216
OFFSET 15.080180 -7.276933 44.694355
BONES 3
BONE 39 1.000000
BONE 5 0.000000
BONE 34 0.000000

VERT 217
OFFSET 15.883090 -7.208658 44.666092
BONES 3
BONE 39 1.000000
BONE 5 0.000000
BONE 34 0.000000

VERT 218
OFFSET 15.883115 -7.246988 45.035259
BONES 3
BONE 39 1.000000
BONE 5 0.000000
BONE 34 0.000000

VERT 219
OFFSET 16.249777 -7.325067 44.993591
BONES 3
BONE 39 1.000000
BONE 5 0.000000
BONE 34 0.000000

VERT 220
OFFSET 16.264418 -7.342073 45.168388
BONES 3
BONE 39 1.000000
BONE 5 0.000000
BONE 34 0.000000

VERT 221
OFFSET 16.323599 -7.308282 44.992111
BONES 3
BONE 39 1.000000
BONE 5 0.000000
BONE 34 0.000000

VERT 222
OFFSET 15.870202 -7.740045 44.185020
BONES 3
BONE 39 1.000000
BONE 5 0.000000
BONE 34 0.000000

VERT 223
OFFSET 13.436885 -7.372446 45.698952
BONES 3
BONE 39 1.000000
BONE 5 0.000000
BONE 34 0.000000

VERT 224
OFFSET 13.415131 -7.440904 46.044216
BONES 3
BONE 39 1.000000
BONE 5 0.000000
BONE 34 0.000000

VERT 225
OFFSET 14.118989 -7.362260 45.948021
BONES 3
BONE 39 1.000000
BONE 5 0.000000
BONE 34 0.000000

VERT 226
OFFSET 12.980592 -7.716830 46.153542
BONES 4
BONE 39 0.735674
BONE 59 0.264326
BONE 5 0.000000
BONE 34 0.000000

VERT 227
OFFSET 13.459294 -7.398477 45.305161
BONES 3
BONE 39 1.000000
BONE 5 0.000000
BONE 34 0.000000

VERT 228
OFFSET 13.463682 -7.428949 44.984119
BONES 3
BONE 39 1.000000
BONE 5 0.000000
BONE 34 0.000000

VERT 229
OFFSET 14.230175 -7.351976 44.781822
BONES 3
BONE 39 1.000000
BONE 5 0.000000
BONE 34 0.000000

VERT 230
OFFSET 15.146521 -7.309648 45.080223
BONES 3
BONE 39 1.000000
BONE 5 0.000000
BONE 34 0.000000

VERT 231
OFFSET 15.148023 -7.359003 45.546471
BONES 3
BONE 39 1.000000
BONE 5 0.000000
BONE 34 0.000000

VERT 232
OFFSET 15.993472 -7.355577 45.539089
BONES 3
BONE 39 1.000000
BONE 5 0.000000
BONE 34 0.000000

VERT 233
OFFSET 16.096029 -7.493661 45.996254
BONES 3
BONE 39 1.000000
BONE 5 0.000000
BONE 34 0.000000

VERT 234
OFFSET 16.344328 -7.491212 45.915291
BONES 3
BONE 39 1.000000
BONE 5 0.000000
BONE 34 0.000000

VERT 235
OFFSET 14.181468 -7.272874 45.618778
BONES 3
BONE 39 1.000000
BONE 5 0.000000
BONE 34 0.000000

VERT 236
OFFSET 14.209016 -7.275018 45.157295
BONES 3
BONE 39 1.000000
BONE 5 0.000000
BONE 34 0.000000

VERT 237
OFFSET 15.074231 -7.510149 45.905769
BONES 3
BONE 39 1.000000
BONE 5 0.000000
BONE 34 0.000000

VERT 238
OFFSET 16.942043 -8.114015 47.920063
BONES 4
BONE 39 0.750000
BONE 40 0.250000
BONE 5 0.000000
BONE 34 0.000000

VERT 239
OFFSET 17.175966 -7.577501 47.897396
BONES 3
BONE 39 1.000000
BONE 5 0.000000
BONE 34 0.000000

VERT 240
OFFSET 16.938570 -7.571390 47.883636
BONES 3
BONE 39 1.000000
BONE 5 0.000000
BONE 34 0.000000

VERT 241
OFFSET 16.790663 -7.598489 47.907757
BONES 3
BONE 39 1.000000
BONE 5 0.000000
BONE 34 0.000000

VERT 242
OFFSET 16.793112 -7.524072 47.506493
BONES 3
BONE 39 1.000000
BONE 5 0.000000
BONE 34 0.000000

VERT 243
OFFSET 16.658567 -7.545839 47.509987
BONES 3
